638081000000,638100000000,6308689702,126,2056235282,0.000000,0.000000,0.000000,0.000000,0.000000,0.000000,0.000000,0.000000,0.000000,0.000000,0.000000,0.000000,0.000000,0.000000,0.000000,0,0
638100000000,638116000000,6308689702,126,2056235282,0.000000,0.000000,0.000000,0.000000,0.000000,0.000000,0.000000,0.000000,0.000000,0.000000,0.000000,0.000000,0.000000,0.000000,0.000000,0,0
638116000000,638400000000,6308689702,126,2056235282,0.063110,0.014790,0.015960,0.000246,0.000364,0.015660,0.001680,0.000000,0.158900,0.056210,0.917900,0.000784,0.000000,0.000000,0.027800,0,0
638400000000,638700000000,6308689702,126,2056235282,0.067020,0.015780,0.017060,0.000305,0.000428,0.016110,0.000050,0.000000,0.184100,0.002857,0.933400,0.000851,0.000000,0.000000,0.126000,0,0
638700000000,639000000000,6308689702,126,2056235282,0.067020,0.016050,0.017030,0.000409,0.000534,0.016170,0.000041,0.000001,0.148700,0.002499,0.925100,0.000813,0.000000,0.000000,0.003723,0,0
639000000000,639300000000,6308689702,126,2056235282,0.069700,0.016140,0.017030,0.000478,0.000603,0.016270,0.000043,0.000001,0.181200,0.002857,0.925400,0.000830,0.000000,0.000000,0.070430,0,0
639300000000,639600000000,6308689702,126,2056235282,0.069090,0.016270,0.017150,0.000513,0.000638,0.016510,0.000040,0.000001,0.179000,0.002213,0.918400,0.000819,0.000000,0.000000,0.040830,0,0
639600000000,639607000000,6308689702,126,2056235282,0.035580,0.016300,0.016750,0.000508,0.000616,0.016330,0.005806,0.000001,0.100800,0.023770,0.966800,0.000912,0.000000,0.000000,0.080080,0,0
639607000000,639624000000,6308689702,126,2056235282,0.000835,0.000000,0.000000,0.000000,0.000000,0.000000,0.000021,0.000001,0.014210,0.000286,0.966800,0.000912,0.000000,0.000000,0.000000,0,0
639624000000,639625000000,6308689702,126,2056235282,0.000000,0.000000,0.000000,0.000000,0.000000,0.000000,0.000000,0.000001,0.000000,0.000000,0.966800,0.000912,0.000000,0.000000,0.000000,0,0
