638080000000,638100000000,6308689702,130,336021534,0.000000,0.000000,0.000000,0.000000,0.000000,0.000000,0.000000,0.000000,0.000000,0.000000,0.000000,0.000000,0.000000,0.000000,0.000000,0,0
638100000000,638106000000,6308689702,130,336021534,0.000000,0.000000,0.000000,0.000000,0.000000,0.000000,0.000000,0.000000,0.000000,0.000000,0.000000,0.000000,0.000000,0.000000,0.000000,0,0
638106000000,638400000000,6308689702,130,336021534,0.070560,0.015030,0.016420,0.000190,0.000300,0.015750,0.001419,0.000000,0.147500,0.055480,0.970200,0.000761,0.000000,0.000000,0.031190,0,0
638400000000,638700000000,6308689702,130,336021534,0.077510,0.015870,0.017240,0.000303,0.000423,0.016110,0.000018,0.000000,0.228300,0.001072,0.995600,0.000797,0.000000,0.000000,0.072020,0,0
638700000000,639000000000,6308689702,130,336021534,0.068120,0.016140,0.017240,0.000384,0.000505,0.016360,0.000015,0.000001,0.165800,0.000643,1.000000,0.000916,0.000000,0.000000,0.045530,0,0
639000000000,639300000000,6308689702,130,336021534,0.077760,0.016200,0.017240,0.000457,0.000578,0.016300,0.000029,0.000001,0.212400,0.004288,0.976000,0.000802,0.000000,0.000000,0.044860,0,0
639300000000,639600000000,6308689702,130,336021534,0.078120,0.016390,0.017210,0.000489,0.000610,0.016600,0.000009,0.000001,0.187500,0.000286,1.004000,0.000893,0.000000,0.000000,0.108400,0,0
639600000000,639900000000,6308689702,130,336021534,0.074830,0.016450,0.017360,0.000420,0.000540,0.016880,0.000014,0.000001,0.169200,0.000857,1.051000,0.000977,0.000000,0.000000,0.100100,0,0
639900000000,640200000000,6308689702,130,336021534,0.076900,0.016420,0.017210,0.000356,0.000473,0.016690,0.000020,0.000001,0.155800,0.002785,1.010000,0.000859,0.000000,0.000000,0.044070,0,0
640200000000,640390000000,6308689702,130,336021534,0.074460,0.016390,0.017210,0.000367,0.000480,0.016510,0.000329,0.000002,0.170400,0.048950,0.939600,0.000713,0.000000,0.000000,0.043400,0,0
640390000000,640404000000,6308689702,130,336021534,0.000619,0.000000,0.000000,0.000000,0.000000,0.000000,0.000020,0.000002,0.008667,0.000286,1.118000,0.001002,0.000000,0.000000,0.000000,0,0
640404000000,640405000000,6308689702,130,336021534,0.000000,0.000000,0.000000,0.000000,0.000000,0.000000,0.000000,0.000002,0.000000,0.000000,1.118000,0.001002,0.000000,0.000000,0.000000,0,0
