638075000000,638100000000,6308689702,133,1436350303,0.000000,0.000000,0.000000,0.000000,0.000000,0.000000,0.000000,0.000000,0.000000,0.000000,0.000000,0.000000,0.000000,0.000000,0.000000,0,0
638100000000,638102000000,6308689702,133,1436350303,0.000000,0.000000,0.000000,0.000000,0.000000,0.000000,0.000000,0.000000,0.000000,0.000000,0.000000,0.000000,0.000000,0.000000,0.000000,0,0
638102000000,638400000000,6308689702,133,1436350303,0.068970,0.014940,0.016390,0.000162,0.000269,0.015660,0.001665,0.000000,0.158900,0.052000,0.973600,0.000771,0.000000,0.000000,0.005333,0,0
638400000000,638700000000,6308689702,133,1436350303,0.069950,0.015960,0.017330,0.000143,0.000252,0.016360,0.000039,0.000000,0.173800,0.003284,1.039000,0.000914,0.000000,0.000000,0.025600,0,0
638700000000,639000000000,6308689702,133,1436350303,0.073120,0.016170,0.017270,0.000233,0.000342,0.016480,0.000019,0.000001,0.192100,0.001215,1.028000,0.000946,0.000000,0.000000,0.059200,0,0
639000000000,639300000000,6308689702,133,1436350303,0.075810,0.016170,0.017300,0.000307,0.000417,0.016390,0.000009,0.000001,0.154500,0.000428,1.025000,0.000908,0.000000,0.000000,0.005409,0,0
639300000000,639600000000,6308689702,133,1436350303,0.078610,0.016330,0.017270,0.000382,0.000493,0.016750,0.000011,0.000001,0.174800,0.000643,1.041000,0.000929,0.000000,0.000000,0.067750,0,0
639600000000,639900000000,6308689702,133,1436350303,0.076780,0.016360,0.017240,0.000454,0.000565,0.016600,0.000012,0.000001,0.177700,0.000929,1.021000,0.000908,0.000000,0.000000,0.099980,0,0
639900000000,640200000000,6308689702,133,1436350303,0.058840,0.016270,0.017270,0.000512,0.000622,0.016450,0.000010,0.000001,0.164600,0.000857,1.050000,0.000980,0.000000,0.000000,0.079350,0,0
640200000000,640500000000,6308689702,133,1436350303,0.075680,0.016450,0.017400,0.000547,0.000656,0.016850,0.000010,0.000002,0.158900,0.000857,0.979700,0.000826,0.000000,0.000000,0.128900,0,0
640500000000,640536000000,6308689702,133,1436350303,0.071780,0.016480,0.017240,0.000483,0.000591,0.016600,0.001287,0.000002,0.133300,0.037170,1.051000,0.000924,0.000000,0.000000,0.065310,0,0
640536000000,640550000000,6308689702,133,1436350303,0.001158,0.000000,0.000000,0.000000,0.000000,0.000000,0.000035,0.000002,0.016200,0.000500,1.051000,0.000924,0.000000,0.000000,0.000000,0,0
640550000000,640551000000,6308689702,133,1436350303,0.000000,0.000000,0.000000,0.000000,0.000000,0.000000,0.000000,0.000002,0.000000,0.000000,1.051000,0.000924,0.000000,0.000000,0.000000,0,0
