638079000000,638099000000,6308689702,135,646159655,0.000000,0.000000,0.000000,0.000000,0.000000,0.000000,0.000000,0.000000,0.000000,0.000000,0.000000,0.000000,0.000000,0.000000,0.000000,0,0
638099000000,638100000000,6308689702,135,646159655,0.001991,0.000000,0.001923,0.000000,0.000000,0.000000,0.007141,0.000000,0.015060,0.007141,0.000000,0.000000,0.000000,0.000000,0.015060,0,0
638100000000,638400000000,6308689702,135,646159655,0.085690,0.014950,0.016480,0.000222,0.000340,0.015690,0.001282,0.000000,0.200200,0.065310,0.975900,0.000749,0.000000,0.000000,0.127200,0,0
638400000000,638700000000,6308689702,135,646159655,0.088620,0.015930,0.017240,0.000347,0.000471,0.016140,0.000030,0.000001,0.208300,0.002644,0.990800,0.000801,0.000000,0.000000,0.157500,0,0
638700000000,639000000000,6308689702,135,646159655,0.090700,0.016200,0.017240,0.000451,0.000575,0.016360,0.000026,0.000001,0.220000,0.002144,0.988400,0.000808,0.000000,0.000000,0.129600,0,0
639000000000,639300000000,6308689702,135,646159655,0.083740,0.016270,0.017240,0.000539,0.000664,0.016390,0.000011,0.000001,0.233900,0.000786,0.946300,0.000790,0.000000,0.000000,0.073120,0,0
639300000000,639600000000,6308689702,135,646159655,0.097050,0.016450,0.017360,0.000510,0.000633,0.016820,0.000055,0.000001,0.218500,0.005646,0.999900,0.000860,0.000000,0.000000,0.157500,0,0
639600000000,639900000000,6308689702,135,646159655,0.090820,0.016540,0.017360,0.000507,0.000629,0.016750,0.000015,0.000001,0.223600,0.001999,1.025000,0.000902,0.000000,0.000000,0.124000,0,0
639900000000,640018000000,6308689702,135,646159655,0.099490,0.016510,0.017210,0.000500,0.000621,0.016600,0.000361,0.000002,0.194800,0.023280,1.040000,0.000909,0.000000,0.000000,0.073240,0,0
640018000000,640029000000,6308689702,135,646159655,0.001274,0.000000,0.000000,0.000000,0.000000,0.000000,0.000051,0.000002,0.014020,0.000571,0.994700,0.000805,0.000000,0.000000,0.000000,0,0
640029000000,640031000000,6308689702,135,646159655,0.000000,0.000000,0.000000,0.000000,0.000000,0.000000,0.000000,0.000002,0.000000,0.000000,0.994700,0.000805,0.000000,0.000000,0.000000,0,0
