638080000000,638100000000,6308689702,186,294887209,0.000000,0.000000,0.000000,0.000000,0.000000,0.000000,0.000000,0.000000,0.000000,0.000000,0.000000,0.000000,0.000000,0.000000,0.000000,0,0
638100000000,638113000000,6308689702,186,294887209,0.000000,0.000000,0.000000,0.000000,0.000000,0.000000,0.000000,0.000000,0.000000,0.000000,0.000000,0.000000,0.000000,0.000000,0.000000,0,0
638113000000,638400000000,6308689702,186,294887209,0.069460,0.014430,0.015080,0.000188,0.000301,0.015410,0.001888,0.000000,0.160400,0.057430,0.966500,0.000767,0.000000,0.000000,0.028470,0,0
638400000000,638700000000,6308689702,186,294887209,0.076290,0.015690,0.017150,0.000165,0.000279,0.016050,0.000049,0.000001,0.153100,0.004356,1.042000,0.000909,0.000000,0.000000,0.036070,0,0
638700000000,639000000000,6308689702,186,294887209,0.071040,0.016020,0.017180,0.000270,0.000385,0.016270,0.000027,0.000001,0.177500,0.001286,1.027000,0.000929,0.000000,0.000000,0.047970,0,0
639000000000,639300000000,6308689702,186,294887209,0.081910,0.016140,0.017180,0.000355,0.000470,0.016540,0.000026,0.000001,0.197300,0.001358,1.011000,0.000859,0.000000,0.000000,0.041560,0,0
639300000000,639600000000,6308689702,186,294887209,0.079470,0.016080,0.017180,0.000443,0.000559,0.016270,0.000012,0.000001,0.161400,0.000643,1.050000,0.000942,0.000000,0.000000,0.130600,0,0
639600000000,639899000000,6308689702,186,294887209,0.072390,0.016170,0.017180,0.000526,0.000642,0.016390,0.000205,0.000001,0.168700,0.036870,1.013000,0.000895,0.000000,0.000000,0.119300,0,0
639899000000,639900000000,6308689702,186,294887209,0.012880,0.000000,0.000000,0.000000,0.000000,0.000000,0.000000,0.000002,0.012880,0.000000,0.900200,0.000745,0.000000,0.000000,0.000000,0,0
639900000000,639912000000,6308689702,186,294887209,0.000000,0.000000,0.000000,0.000000,0.000000,0.000000,0.000011,0.000002,0.000000,0.000072,0.900200,0.000745,0.000000,0.000000,0.000000,0,0
639912000000,639913000000,6308689702,186,294887209,0.000000,0.000000,0.000000,0.000000,0.000000,0.000000,0.000000,0.000002,0.000000,0.000000,0.900200,0.000745,0.000000,0.000000,0.000000,0,0
