638079000000,638100000000,6308689702,193,6565385,0.000000,0.000000,0.000000,0.000000,0.000000,0.000000,0.000000,0.000000,0.000000,0.000000,0.000000,0.000000,0.000000,0.000000,0.000000,0,0
638100000000,638106000000,6308689702,193,6565385,0.000000,0.000000,0.000000,0.000000,0.000000,0.000000,0.000000,0.000000,0.000000,0.000000,0.000000,0.000000,0.000000,0.000000,0.000000,0,0
638106000000,638400000000,6308689702,193,6565385,0.068970,0.014860,0.016140,0.000190,0.000300,0.015440,0.000811,0.000000,0.165800,0.051270,1.023000,0.000800,0.000000,0.000000,0.092900,0,0
638400000000,638700000000,6308689702,193,6565385,0.072140,0.015690,0.019260,0.000232,0.000334,0.015960,0.000357,0.000000,0.176800,0.030060,1.072000,0.000902,0.000000,0.000000,0.036380,0,0
638700000000,639000000000,6308689702,193,6565385,0.077030,0.015930,0.019230,0.000323,0.000429,0.016240,0.000012,0.000001,0.165300,0.001072,1.147000,0.001032,0.000000,0.000000,0.140600,0,0
639000000000,639300000000,6308689702,193,6565385,0.081910,0.016080,0.019230,0.000407,0.000514,0.016300,0.000010,0.000001,0.180700,0.000643,1.048000,0.000848,0.000000,0.000000,0.141600,0,0
639300000000,639600000000,6308689702,193,6565385,0.082150,0.016110,0.019200,0.000487,0.000594,0.016390,0.000013,0.000001,0.215300,0.001215,1.041000,0.000834,0.000000,0.000000,0.098140,0,0
639600000000,639900000000,6308689702,193,6565385,0.081300,0.016270,0.019200,0.000564,0.000670,0.016450,0.000011,0.000001,0.169400,0.001215,1.056000,0.000874,0.000000,0.000000,0.043700,0,0
639900000000,640200000000,6308689702,193,6565385,0.077880,0.016300,0.019200,0.000632,0.000739,0.016780,0.000009,0.000002,0.195800,0.000571,1.069000,0.000886,0.000000,0.000000,0.006279,0,0
640200000000,640500000000,6308689702,193,6565385,0.078370,0.016390,0.019230,0.000645,0.000751,0.016750,0.000007,0.000002,0.188500,0.000286,1.053000,0.000861,0.000000,0.000000,0.099850,0,0
640500000000,640800000000,6308689702,193,6565385,0.083010,0.016360,0.019200,0.000719,0.000825,0.016600,0.000008,0.000002,0.195600,0.000286,1.047000,0.000859,0.000000,0.000000,0.080930,0,0
640800000000,641100000000,6308689702,193,6565385,0.080570,0.016420,0.019200,0.000704,0.000811,0.016570,0.000010,0.000002,0.230700,0.001143,1.067000,0.000903,0.000000,0.000000,0.138400,0,0
641100000000,641108000000,6308689702,193,6565385,0.063110,0.016330,0.018980,0.000180,0.000274,0.016390,0.004402,0.000002,0.134000,0.030430,1.079000,0.000910,0.000000,0.000000,0.114000,0,0
641108000000,641120000000,6308689702,193,6565385,0.001503,0.000000,0.000000,0.000000,0.000000,0.000000,0.000006,0.000002,0.018040,0.000072,1.079000,0.000910,0.000000,0.000000,0.000000,0,0
641120000000,641122000000,6308689702,193,6565385,0.000000,0.000000,0.000000,0.000000,0.000000,0.000000,0.000000,0.000002,0.000000,0.000000,1.079000,0.000910,0.000000,0.000000,0.000000,0,0
