638079000000,638100000000,6308689702,195,38749194,0.000000,0.000000,0.000000,0.000000,0.000000,0.000000,0.000000,0.000000,0.000000,0.000000,0.000000,0.000000,0.000000,0.000000,0.000000,0,0
638100000000,638114000000,6308689702,195,38749194,0.000000,0.000000,0.000000,0.000000,0.000000,0.000000,0.000000,0.000000,0.000000,0.000000,0.000000,0.000000,0.000000,0.000000,0.000000,0,0
638114000000,638400000000,6308689702,195,38749194,0.066650,0.014920,0.016570,0.000291,0.000409,0.015870,0.001493,0.000000,0.158900,0.057130,1.018000,0.000853,0.000000,0.000000,0.062870,0,0
638400000000,638700000000,6308689702,195,38749194,0.073360,0.015930,0.017210,0.000436,0.000560,0.016240,0.000031,0.000000,0.173800,0.001785,0.960100,0.000754,0.000000,0.000000,0.086430,0,0
638700000000,639000000000,6308689702,195,38749194,0.076420,0.016300,0.017180,0.000542,0.000668,0.016510,0.000025,0.000001,0.191900,0.002071,1.054000,0.000935,0.000000,0.000000,0.075810,0,0
639000000000,639300000000,6308689702,195,38749194,0.081670,0.016480,0.017430,0.000512,0.000638,0.016660,0.000015,0.000001,0.184100,0.000857,1.041000,0.000910,0.000000,0.000000,0.039370,0,0
639300000000,639600000000,6308689702,195,38749194,0.081180,0.016540,0.017270,0.000417,0.000543,0.016720,0.000011,0.000001,0.181400,0.000571,1.018000,0.000869,0.000000,0.000000,0.103800,0,0
639600000000,639900000000,6308689702,195,38749194,0.069820,0.016570,0.017300,0.000403,0.000527,0.016750,0.000021,0.000001,0.185300,0.002357,1.108000,0.001076,0.000000,0.000000,0.078370,0,0
639900000000,640200000000,6308689702,195,38749194,0.073360,0.016600,0.017150,0.000389,0.000513,0.016750,0.000021,0.000002,0.164100,0.001143,1.054000,0.000933,0.000000,0.000000,0.066890,0,0
640200000000,640500000000,6308689702,195,38749194,0.076540,0.016540,0.017150,0.000400,0.000516,0.016750,0.000018,0.000002,0.189500,0.001572,1.018000,0.000875,0.000000,0.000000,0.130400,0,0
640500000000,640800000000,6308689702,195,38749194,0.077030,0.016630,0.017360,0.000309,0.000410,0.017030,0.000547,0.000002,0.162400,0.027650,1.032000,0.000898,0.000000,0.000000,0.078740,0,0
640800000000,641100000000,6308689702,195,38749194,0.078120,0.016540,0.017150,0.000329,0.000434,0.016750,0.000027,0.000002,0.189700,0.003216,1.105000,0.001022,0.000000,0.000000,0.066650,0,0
641100000000,641136000000,6308689702,195,38749194,0.046140,0.016450,0.017090,0.000378,0.000481,0.016600,0.000931,0.000002,0.130100,0.022430,1.016000,0.000840,0.000000,0.000000,0.099610,0,0
641136000000,641145000000,6308689702,195,38749194,0.001375,0.000000,0.000000,0.000000,0.000000,0.000000,0.000072,0.000002,0.012370,0.000571,0.990100,0.000796,0.000000,0.000000,0.000000,0,0
641145000000,641146000000,6308689702,195,38749194,0.000000,0.000000,0.000000,0.000000,0.000000,0.000000,0.000000,0.000002,0.000000,0.000000,0.990100,0.000796,0.000000,0.000000,0.000000,0,0
