638079000000,638100000000,6308689702,197,32062422,0.000000,0.000000,0.000000,0.000000,0.000000,0.000000,0.000000,0.000000,0.000000,0.000000,0.000000,0.000000,0.000000,0.000000,0.000000,0,0
638100000000,638114000000,6308689702,197,32062422,0.000000,0.000000,0.000000,0.000000,0.000000,0.000000,0.000000,0.000000,0.000000,0.000000,0.000000,0.000000,0.000000,0.000000,0.000000,0,0
638114000000,638400000000,6308689702,197,32062422,0.065430,0.014790,0.015720,0.000293,0.000409,0.015690,0.001343,0.000000,0.162400,0.060790,0.987400,0.000775,0.000000,0.000000,0.041630,0,0
638400000000,638700000000,6308689702,197,32062422,0.073970,0.015810,0.016940,0.000378,0.000504,0.016080,0.000016,0.000000,0.159400,0.000929,1.041000,0.000896,0.000000,0.000000,0.052430,0,0
638700000000,639000000000,6308689702,197,32062422,0.078000,0.016110,0.016940,0.000472,0.000600,0.016300,0.000012,0.000001,0.170400,0.000428,1.049000,0.000914,0.000000,0.000000,0.135300,0,0
639000000000,639300000000,6308689702,197,32062422,0.080080,0.016050,0.016940,0.000556,0.000684,0.016200,0.000021,0.000001,0.176800,0.002857,1.036000,0.000895,0.000000,0.000000,0.003849,0,0
639300000000,639600000000,6308689702,197,32062422,0.082640,0.016080,0.017090,0.000598,0.000726,0.016450,0.000020,0.000001,0.184100,0.002857,0.972500,0.000795,0.000000,0.000000,0.035160,0,0
639600000000,639900000000,6308689702,197,32062422,0.079350,0.016200,0.016970,0.000482,0.000608,0.016480,0.000026,0.000001,0.175500,0.002644,1.035000,0.000892,0.000000,0.000000,0.043580,0,0
639900000000,640200000000,6308689702,197,32062422,0.071660,0.016300,0.017270,0.000303,0.000428,0.016720,0.000013,0.000002,0.184800,0.000999,1.010000,0.000825,0.000000,0.000000,0.056700,0,0
640200000000,640500000000,6308689702,197,32062422,0.064210,0.016270,0.017090,0.000278,0.000402,0.016600,0.000045,0.000002,0.173600,0.008286,1.079000,0.000967,0.000000,0.000000,0.104600,0,0
640500000000,640800000000,6308689702,197,32062422,0.082890,0.016300,0.017150,0.000315,0.000433,0.016970,0.000036,0.000002,0.187000,0.002430,1.010000,0.000808,0.000000,0.000000,0.108300,0,0
640800000000,641100000000,6308689702,197,32062422,0.080200,0.016300,0.017270,0.000253,0.000365,0.016660,0.000015,0.000002,0.195100,0.000857,1.036000,0.000868,0.000000,0.000000,0.036380,0,0
641100000000,641137000000,6308689702,197,32062422,0.080320,0.016170,0.017210,0.000276,0.000382,0.016360,0.001410,0.000002,0.167500,0.044620,1.040000,0.000858,0.000000,0.000000,0.137200,0,0
641137000000,641150000000,6308689702,197,32062422,0.001045,0.000000,0.000000,0.000000,0.000000,0.000000,0.000055,0.000002,0.013600,0.000643,1.040000,0.000858,0.000000,0.000000,0.000000,0,0
641150000000,641151000000,6308689702,197,32062422,0.000000,0.000000,0.000000,0.000000,0.000000,0.000000,0.000000,0.000002,0.000000,0.000000,1.040000,0.000858,0.000000,0.000000,0.000000,0,0
