638082000000,638100000000,6308689702,202,564444332,0.000000,0.000000,0.000000,0.000000,0.000000,0.000000,0.000000,0.000000,0.000000,0.000000,0.000000,0.000000,0.000000,0.000000,0.000000,0,0
638100000000,638117000000,6308689702,202,564444332,0.000000,0.000000,0.000000,0.000000,0.000000,0.000000,0.000000,0.000000,0.000000,0.000000,0.000000,0.000000,0.000000,0.000000,0.000000,0,0
638117000000,638400000000,6308689702,202,564444332,0.048770,0.013000,0.013960,0.000178,0.000293,0.014570,0.001272,0.000000,0.097410,0.053100,1.056000,0.000947,0.000000,0.000000,0.067990,0,0
638400000000,638700000000,6308689702,202,564444332,0.048100,0.014680,0.015410,0.000191,0.000310,0.015000,0.000030,0.000000,0.117700,0.002430,1.130000,0.001117,0.000000,0.000000,0.030550,0,0
638700000000,639000000000,6308689702,202,564444332,0.051940,0.014820,0.015370,0.000193,0.000312,0.015050,0.000018,0.000001,0.117600,0.000999,1.163000,0.001181,0.000000,0.000000,0.075070,0,0
639000000000,639300000000,6308689702,202,564444332,0.055480,0.014920,0.015300,0.000247,0.000367,0.015080,0.000010,0.000001,0.107900,0.000500,1.156000,0.001152,0.000000,0.000000,0.047610,0,0
639300000000,639600000000,6308689702,202,564444332,0.056400,0.015030,0.015720,0.000155,0.000274,0.015500,0.000042,0.000001,0.124000,0.004074,1.110000,0.001067,0.000000,0.000000,0.088010,0,0
639600000000,639900000000,6308689702,202,564444332,0.056820,0.015150,0.015900,0.000094,0.000203,0.015500,0.000128,0.000001,0.105500,0.014280,1.152000,0.001140,0.000000,0.000000,0.070680,0,0
639900000000,640200000000,6308689702,202,564444332,0.054930,0.015230,0.016200,0.000117,0.000218,0.015550,0.000421,0.000002,0.109500,0.033450,1.187000,0.001207,0.000000,0.000000,0.077640,0,0
640200000000,640500000000,6308689702,202,564444332,0.051390,0.015230,0.016420,0.000123,0.000223,0.015500,0.000235,0.000002,0.107500,0.034060,1.214000,0.001214,0.000000,0.000000,0.066770,0,0
640500000000,640800000000,6308689702,202,564444332,0.050230,0.015240,0.016110,0.000130,0.000231,0.015660,0.000306,0.000002,0.117800,0.028560,1.115000,0.001066,0.000000,0.000000,0.048710,0,0
640800000000,640860000000,6308689702,202,564444332,0.023990,0.014980,0.015370,0.000105,0.000208,0.015240,0.000996,0.000002,0.105800,0.040280,1.121000,0.001087,0.000000,0.000000,0.003120,0,0
640860000000,640872000000,6308689702,202,564444332,0.001116,0.000000,0.000000,0.000000,0.000000,0.000000,0.000016,0.000002,0.013380,0.000215,1.112000,0.001086,0.000000,0.000000,0.000000,0,0
640872000000,640874000000,6308689702,202,564444332,0.000000,0.000000,0.000000,0.000000,0.000000,0.000000,0.000000,0.000002,0.000000,0.000000,1.112000,0.001086,0.000000,0.000000,0.000000,0,0
