638075000000,638100000000,6308689702,203,4802506677,0.000000,0.000000,0.000000,0.000000,0.000000,0.000000,0.000000,0.000000,0.000000,0.000000,0.000000,0.000000,0.000000,0.000000,0.000000,0,0
638100000000,638108000000,6308689702,203,4802506677,0.000000,0.000000,0.000000,0.000000,0.000000,0.000000,0.000000,0.000000,0.000000,0.000000,0.000000,0.000000,0.000000,0.000000,0.000000,0,0
638108000000,638400000000,6308689702,203,4802506677,0.045100,0.013410,0.014240,0.000178,0.000296,0.014770,0.001543,0.000000,0.100500,0.062260,1.008000,0.000000,0.000000,0.000000,0.100500,0,0
638400000000,638700000000,6308689702,203,4802506677,0.046140,0.015000,0.016300,0.000186,0.000303,0.015320,0.000013,0.000001,0.120700,0.000786,1.053000,0.000000,0.000000,0.000000,0.047790,0,0
638700000000,639000000000,6308689702,203,4802506677,0.046510,0.015260,0.016660,0.000109,0.000220,0.015530,0.000058,0.000001,0.126200,0.007072,1.046000,0.000000,0.000000,0.000000,0.021610,0,0
639000000000,639300000000,6308689702,203,4802506677,0.052550,0.015430,0.017060,0.000189,0.000298,0.015560,0.000031,0.000001,0.099850,0.002930,1.046000,0.000000,0.000000,0.000000,0.062500,0,0
639300000000,639600000000,6308689702,203,4802506677,0.050540,0.015490,0.017060,0.000266,0.000373,0.015840,0.000017,0.000001,0.099370,0.001642,1.039000,0.000000,0.000000,0.000000,0.015690,0,0
639600000000,639809000000,6308689702,203,4802506677,0.045290,0.015620,0.017060,0.000321,0.000428,0.015900,0.000245,0.000001,0.097900,0.036990,1.071000,0.000000,0.000000,0.000000,0.066650,0,0
639809000000,639819000000,6308689702,203,4802506677,0.000755,0.000000,0.000000,0.000000,0.000000,0.000000,0.000072,0.000002,0.007553,0.000428,1.161000,0.000000,0.000000,0.000000,0.000000,0,0
639819000000,639820000000,6308689702,203,4802506677,0.000000,0.000000,0.000000,0.000000,0.000000,0.000000,0.000000,0.000002,0.000000,0.000000,1.161000,0.000000,0.000000,0.000000,0.000000,0,0
