638074000000,638100000000,6308689702,206,3938707383,0.000000,0.000000,0.000000,0.000000,0.000000,0.000000,0.000000,0.000000,0.000000,0.000000,0.000000,0.000000,0.000000,0.000000,0.000000,0,0
638100000000,638107000000,6308689702,206,3938707383,0.000000,0.000000,0.000000,0.000000,0.000000,0.000000,0.000000,0.000000,0.000000,0.000000,0.000000,0.000000,0.000000,0.000000,0.000000,0,0
638107000000,638400000000,6308689702,206,3938707383,0.044620,0.013810,0.014540,0.000249,0.000363,0.014770,0.001497,0.000000,0.105500,0.059570,1.090000,0.000994,0.000000,0.000000,0.063350,0,0
638400000000,638700000000,6308689702,206,3938707383,0.049870,0.014860,0.015440,0.000183,0.000298,0.015060,0.000020,0.000001,0.104200,0.001143,1.133000,0.001125,0.000000,0.000000,0.085570,0,0
638700000000,639000000000,6308689702,206,3938707383,0.048340,0.015170,0.015690,0.000133,0.000237,0.015520,0.000443,0.000001,0.106000,0.042240,1.127000,0.001121,0.000000,0.000000,0.041930,0,0
639000000000,639300000000,6308689702,206,3938707383,0.054810,0.015260,0.016940,0.000191,0.000291,0.015470,0.000085,0.000001,0.115800,0.008850,1.122000,0.001107,0.000000,0.000000,0.068360,0,0
639300000000,639600000000,6308689702,206,3938707383,0.047910,0.015270,0.016940,0.000178,0.000276,0.015500,0.000437,0.000001,0.111100,0.043270,1.107000,0.001040,0.000000,0.000000,0.045780,0,0
639600000000,639900000000,6308689702,206,3938707383,0.053100,0.015350,0.017210,0.000244,0.000343,0.015610,0.000423,0.000002,0.106300,0.041690,1.070000,0.000993,0.000000,0.000000,0.061950,0,0
639900000000,640200000000,6308689702,206,3938707383,0.049130,0.015340,0.016910,0.000256,0.000360,0.015520,0.000095,0.000002,0.152800,0.006142,1.114000,0.001098,0.000000,0.000000,0.073000,0,0
640200000000,640500000000,6308689702,206,3938707383,0.056400,0.015370,0.017120,0.000134,0.000231,0.015490,0.000240,0.000002,0.127000,0.014360,1.138000,0.001116,0.000000,0.000000,0.066890,0,0
640500000000,640786000000,6308689702,206,3938707383,0.051700,0.015370,0.017210,0.000175,0.000278,0.015430,0.000213,0.000002,0.113200,0.035640,1.090000,0.001028,0.000000,0.000000,0.066770,0,0
640786000000,640800000000,6308689702,206,3938707383,0.000876,0.000039,0.000000,0.000028,0.000028,0.000549,0.000026,0.000003,0.012270,0.000357,1.166000,0.001203,0.000000,0.000000,0.000000,0,0
640800000000,640801000000,6308689702,206,3938707383,0.000000,0.000000,0.000000,0.000000,0.000000,0.000000,0.000000,0.000003,0.000000,0.000000,1.833000,0.002542,0.000000,0.000000,0.000000,0,0
640801000000,640803000000,6308689702,206,3938707383,0.000000,0.000000,0.000000,0.000000,0.000000,0.000000,0.000000,0.000003,0.000000,0.000000,1.833000,0.002542,0.000000,0.000000,0.000000,0,0
