638080000000,638100000000,6308689702,207,5489339178,0.000000,0.000000,0.000000,0.000000,0.000000,0.000000,0.000000,0.000000,0.000000,0.000000,0.000000,0.000000,0.000000,0.000000,0.000000,0,0
638100000000,638114000000,6308689702,207,5489339178,0.000000,0.000000,0.000000,0.000000,0.000000,0.000000,0.000000,0.000000,0.000000,0.000000,0.000000,0.000000,0.000000,0.000000,0.000000,0,0
638114000000,638400000000,6308689702,207,5489339178,0.048580,0.013840,0.014820,0.000202,0.000330,0.014500,0.000958,0.000000,0.114000,0.040530,1.111000,0.000938,0.000000,0.000000,0.055180,0,0
638400000000,638700000000,6308689702,207,5489339178,0.050290,0.014710,0.015340,0.000310,0.000437,0.014980,0.000037,0.000000,0.133100,0.002785,1.172000,0.001058,0.000000,0.000000,0.054990,0,0
638700000000,639000000000,6308689702,207,5489339178,0.054870,0.014950,0.015430,0.000133,0.000245,0.015060,0.000061,0.000001,0.204600,0.002930,1.131000,0.001065,0.000000,0.000000,0.016880,0,0
639000000000,639300000000,6308689702,207,5489339178,0.054320,0.015080,0.015620,0.000174,0.000283,0.015460,0.000107,0.000001,0.179200,0.010860,1.131000,0.001048,0.000000,0.000000,0.029110,0,0
639300000000,639600000000,6308689702,207,5489339178,0.053100,0.015260,0.016020,0.000102,0.000204,0.015500,0.000234,0.000001,0.116700,0.018800,1.143000,0.001030,0.000000,0.000000,0.034670,0,0
639600000000,639900000000,6308689702,207,5489339178,0.050050,0.015350,0.016780,0.000194,0.000288,0.015620,0.000410,0.000002,0.116900,0.032710,1.183000,0.001088,0.000000,0.000000,0.012730,0,0
639900000000,640163000000,6308689702,207,5489339178,0.051030,0.015300,0.016600,0.000200,0.000302,0.015560,0.000301,0.000002,0.116600,0.055300,1.176000,0.001108,0.000000,0.000000,0.069460,0,0
640163000000,640174000000,6308689702,207,5489339178,0.000974,0.000000,0.000000,0.000000,0.000000,0.000000,0.000039,0.000002,0.010710,0.000428,1.158000,0.001037,0.000000,0.000000,0.000000,0,0
640174000000,640175000000,6308689702,207,5489339178,0.000000,0.000000,0.000000,0.000000,0.000000,0.000000,0.000000,0.000002,0.000000,0.000000,1.158000,0.001037,0.000000,0.000000,0.000000,0,0
