124341000000,124367000000,6266469130,18,3828835,0.000000,0.000000,0.000000,0.000000,0.000000,0.000000,0.000000,0.000000,0.000000,0.000000,0.000000,0.000000,0.000000,0.000000,0.000000,0,0
124367000000,124389000000,6266469130,18,3828835,0.002556,0.002201,0.003872,0.001112,0.001753,0.002831,0.019320,0.000000,0.017400,0.072270,0.000000,0.000000,0.000000,0.000000,0.000000,0,0
124389000000,124391000000,6266469130,18,3828835,0.000276,0.002880,0.003872,0.001492,0.002338,0.002880,0.012070,0.000000,0.003815,0.017270,0.000000,0.000000,0.000000,0.000000,0.003815,0,0
124391000000,124410000000,6266469130,18,3828835,0.001795,0.000000,0.000000,0.000000,0.000000,0.000000,0.000173,0.000000,0.034120,0.002571,1.018000,0.000281,0.000000,0.000000,0.000000,1,0
124410000000,124411000000,6266469130,18,3828835,0.000000,0.000000,0.000000,0.000000,0.000000,0.000000,0.000000,0.000000,0.000000,0.000000,1.018000,0.000281,0.000000,0.000000,0.000000,0,0
124429000000,124446000000,6266469130,18,4302064293,0.000000,0.000000,0.000000,0.000000,0.000000,0.000000,0.000000,0.000000,0.000000,0.000000,0.000000,0.000000,0.000000,0.000000,0.000000,0,0
124446000000,124481000000,6266469130,18,4302064293,0.001768,0.002361,0.003876,0.001171,0.001875,0.002857,0.013520,0.000000,0.019900,0.057130,1.135000,0.001707,0.000000,0.000000,0.000080,0,0
124481000000,124493000000,6266469130,18,4302064293,0.000214,0.000000,0.000000,0.000000,0.000000,0.000000,0.000011,0.000000,0.002560,0.000072,1.135000,0.001707,0.000000,0.000000,0.000000,0,0
124493000000,124494000000,6266469130,18,4302064293,0.000000,0.000000,0.000000,0.000000,0.000000,0.000000,0.000000,0.000000,0.000000,0.000000,1.135000,0.001707,0.000000,0.000000,0.000000,0,0
124494000000,124500000000,6266469130,18,4302064293,0.000000,0.000000,0.000000,0.000000,0.000000,0.000000,0.000000,0.000000,0.000000,0.000000,0.000000,0.000000,0.000000,0.000000,0.000000,0,0
