124339000000,124365000000,6266469130,23,2010662170,0.000000,0.000000,0.000000,0.000000,0.000000,0.000000,0.000000,0.000000,0.000000,0.000000,0.000000,0.000000,0.000000,0.000000,0.000000,0,0
124365000000,124385000000,6266469130,23,2010662170,0.003139,0.001867,0.003872,0.000990,0.001535,0.002903,0.027920,0.000000,0.019170,0.069090,0.000000,0.000000,0.000000,0.000000,0.000011,0,0
124385000000,124388000000,6266469130,23,2010662170,0.007706,0.002975,0.003872,0.001486,0.002335,0.003010,0.006569,0.000000,0.052860,0.018160,0.000000,0.000000,0.000000,0.000000,0.052860,0,0
124388000000,124407000000,6266469130,23,2010662170,0.000554,0.000000,0.000000,0.000000,0.000000,0.000000,0.000019,0.000000,0.010530,0.000286,0.000000,0.000000,0.000000,0.000000,0.000000,1,0
124407000000,124409000000,6266469130,23,2010662170,0.000000,0.000000,0.000000,0.000000,0.000000,0.000000,0.000035,0.000000,0.000000,0.000072,0.000000,0.000000,0.000000,0.000000,0.000000,0,0
124435000000,124452000000,6266469130,23,7776381,0.000000,0.000000,0.000000,0.000000,0.000000,0.000000,0.000004,0.000000,0.000000,0.000072,0.000000,0.000000,0.000000,0.000000,0.000000,0,0
124452000000,124491000000,6266469130,23,7776381,0.001789,0.002117,0.003880,0.001106,0.001717,0.002888,0.013900,0.000000,0.028350,0.041020,1.165000,0.001622,0.000000,0.000000,0.000033,0,0
124491000000,124500000000,6266469130,23,7776381,0.000304,0.000000,0.000000,0.000000,0.000000,0.000000,0.000024,0.000000,0.002735,0.000215,1.165000,0.001622,0.000000,0.000000,0.000000,0,0
124500000000,124511000000,6266469130,23,7776381,0.000000,0.000000,0.000000,0.000000,0.000000,0.000000,0.000019,0.000000,0.000000,0.000143,1.165000,0.001622,0.000000,0.000000,0.000000,0,0
124511000000,124512000000,6266469130,23,7776381,0.000000,0.000000,0.000000,0.000000,0.000000,0.000000,0.000000,0.000000,0.000000,0.000000,1.165000,0.001622,0.000000,0.000000,0.000000,0,0
