124343000000,124371000000,6266469130,529,207929667,0.000000,0.000000,0.000000,0.000000,0.000000,0.000000,0.000000,0.000000,0.000000,0.000000,0.000000,0.000000,0.000000,0.000000,0.000000,0,0
124371000000,124392000000,6266469130,529,207929667,0.002922,0.002048,0.003880,0.001019,0.001591,0.002934,0.027980,0.000000,0.030820,0.057740,0.865000,0.000939,0.000000,0.000000,0.000016,0,0
124392000000,124394000000,6266469130,529,207929667,0.000604,0.003002,0.003876,0.001503,0.002357,0.003002,0.013500,0.000000,0.006371,0.017910,0.865000,0.000939,0.000000,0.000000,0.006371,0,0
124394000000,124412000000,6266469130,529,207929667,0.001730,0.000000,0.000000,0.000000,0.000000,0.000000,0.000004,0.000000,0.031130,0.000072,0.865000,0.000939,0.000000,0.000000,0.000000,1,0
124412000000,124414000000,6266469130,529,207929667,0.000000,0.000000,0.000000,0.000000,0.000000,0.000000,0.000000,0.000000,0.000000,0.000000,0.865000,0.000939,0.000000,0.000000,0.000000,0,0
124494000000,124500000000,6266469130,529,1094137,0.000000,0.000000,0.000000,0.000000,0.000000,0.000000,0.000000,0.000000,0.000000,0.000000,0.000000,0.000000,0.000000,0.000000,0.000000,0,0
124500000000,124593000000,6266469130,529,1094137,0.000000,0.000000,0.000000,0.000000,0.000000,0.000000,0.000000,0.000000,0.000000,0.000000,0.000000,0.000000,0.000000,0.000000,0.000000,0,0
124593000000,124718000000,6266469130,529,1094137,0.000590,0.002213,0.003876,0.001030,0.001823,0.002621,0.003914,0.000000,0.029510,0.054930,1.203000,0.001216,0.000000,0.000000,0.000013,0,0
124718000000,124739000000,6266469130,529,1094137,0.000143,0.000000,0.000000,0.000000,0.000000,0.000000,0.000000,0.000000,0.003006,0.000000,2.257000,0.007304,0.000000,0.000000,0.000000,0,0
124739000000,124740000000,6266469130,529,1094137,0.000000,0.000000,0.000000,0.000000,0.000000,0.000000,0.000000,0.000000,0.000000,0.000000,2.257000,0.007304,0.000000,0.000000,0.000000,0,0
