124339000000,124366000000,6266469130,532,3689260641,0.000000,0.000000,0.000000,0.000000,0.000000,0.000000,0.000000,0.000000,0.000000,0.000000,0.000000,0.000000,0.000000,0.000000,0.000000,0,0
124366000000,124379000000,6266469130,532,3689260641,0.002548,0.001059,0.003883,0.000652,0.000924,0.002331,0.039120,0.000000,0.011830,0.051640,0.000000,0.000000,0.000000,0.000000,0.002132,1,0
124379000000,124388000000,6266469130,532,3689260641,0.002666,0.002773,0.003876,0.001389,0.002228,0.002865,0.003277,0.000000,0.031130,0.024930,1.226000,0.001495,0.000000,0.000000,0.000015,0,0
124388000000,124390000000,6266469130,532,3689260641,0.000586,0.002865,0.003876,0.001478,0.002327,0.002865,0.016300,0.000000,0.006737,0.024140,1.226000,0.001495,0.000000,0.000000,0.000043,0,0
124390000000,124422000000,6266469130,532,3689260641,0.000670,0.000095,0.000000,0.000000,0.000000,0.003044,0.000051,0.000000,0.031740,0.001286,1.226000,0.001495,0.000000,0.000000,0.000000,0,0
124485000000,124500000000,6266469130,532,351634534,0.000000,0.000000,0.000000,0.000000,0.000000,0.000000,0.000000,0.000000,0.000000,0.000000,0.000000,0.000000,0.000000,0.000000,0.000000,0,0
124500000000,124575000000,6266469130,532,351634534,0.000000,0.000000,0.000000,0.000000,0.000000,0.000000,0.000000,0.000000,0.000000,0.000000,0.000000,0.000000,0.000000,0.000000,0.000000,0,0
124575000000,124718000000,6266469130,532,351634534,0.000541,0.002369,0.003868,0.001293,0.002068,0.002983,0.004471,0.000000,0.017430,0.061340,1.190000,0.002682,0.000000,0.000000,0.001579,0,0
124718000000,124739000000,6266469130,532,351634534,0.000079,0.000000,0.000000,0.000000,0.000000,0.000000,0.000004,0.000000,0.001654,0.000072,2.239000,0.008253,0.000000,0.000000,0.000000,0,0
124739000000,124740000000,6266469130,532,351634534,0.000000,0.000000,0.000000,0.000000,0.000000,0.000000,0.000000,0.000000,0.000000,0.000000,2.239000,0.008253,0.000000,0.000000,0.000000,0,0
