124342000000,124369000000,6266469130,534,1325603,0.000000,0.000000,0.000000,0.000000,0.000000,0.000000,0.000000,0.000000,0.000000,0.000000,0.000000,0.000000,0.000000,0.000000,0.000000,0,0
124369000000,124390000000,6266469130,534,1325603,0.002563,0.001709,0.003815,0.000752,0.001232,0.002468,0.017700,0.000000,0.028930,0.057370,0.000000,0.000000,0.000000,0.000000,0.003601,0,0
124390000000,124392000000,6266469130,534,1325603,0.000031,0.002472,0.003815,0.000967,0.001751,0.002472,0.001143,0.000000,0.000237,0.002213,0.000000,0.000000,0.000000,0.000000,0.000237,0,0
124392000000,124411000000,6266469130,534,1325603,0.001745,0.000000,0.000000,0.000000,0.000000,0.000000,0.000004,0.000000,0.033140,0.000072,0.000000,0.000000,0.000000,0.000000,0.000000,1,0
124411000000,124413000000,6266469130,534,1325603,0.000000,0.000000,0.000000,0.000000,0.000000,0.000000,0.000035,0.000000,0.000000,0.000072,0.000000,0.000000,0.000000,0.000000,0.000000,0,0
124494000000,124500000000,6266469130,534,1434777820,0.000000,0.000000,0.000000,0.000000,0.000000,0.000000,0.000000,0.000000,0.000000,0.000000,0.000000,0.000000,0.000000,0.000000,0.000000,0,0
124500000000,124576000000,6266469130,534,1434777820,0.000000,0.000000,0.000000,0.000000,0.000000,0.000000,0.000000,0.000000,0.000000,0.000000,0.000000,0.000000,0.000000,0.000000,0.000000,0,0
124576000000,124671000000,6266469130,534,1434777820,0.000709,0.002583,0.003868,0.001278,0.002064,0.002880,0.006172,0.000000,0.033200,0.059080,2.142000,0.007855,0.000000,0.000000,0.000047,0,0
124671000000,124693000000,6266469130,534,1434777820,0.000112,0.000000,0.000000,0.000000,0.000000,0.000000,0.000000,0.000000,0.002445,0.000000,2.142000,0.007855,0.000000,0.000000,0.000000,0,0
124693000000,124694000000,6266469130,534,1434777820,0.000000,0.000000,0.000000,0.000000,0.000000,0.000000,0.000000,0.000000,0.000000,0.000000,2.142000,0.007855,0.000000,0.000000,0.000000,0,0
