124342000000,124369000000,6266469130,551,5568138632,0.000000,0.000000,0.000000,0.000000,0.000000,0.000000,0.000000,0.000000,0.000000,0.000000,0.000000,0.000000,0.000000,0.000000,0.000000,0,0
124369000000,124380000000,6266469130,551,5568138632,0.005562,0.001600,0.003868,0.000880,0.001322,0.002865,0.042300,0.000000,0.012850,0.069340,0.000000,0.000000,0.000000,0.000000,0.000000,1,0
124380000000,124390000000,6266469130,551,5568138632,0.000048,0.002861,0.003868,0.001366,0.002216,0.002865,0.000021,0.000000,0.000111,0.000215,0.000000,0.000000,0.000000,0.000000,0.000035,0,0
124390000000,124392000000,6266469130,551,5568138632,0.007156,0.002884,0.003872,0.001921,0.002346,0.002907,0.012150,0.000000,0.049130,0.023010,0.000000,0.000000,0.000000,0.000000,0.049130,0,0
124392000000,124425000000,6266469130,551,5568138632,0.000607,0.000075,0.000000,0.000000,0.000000,0.002487,0.000015,0.000000,0.020050,0.000286,0.000000,0.000000,0.000000,0.000000,0.000000,0,0
124495000000,124500000000,6266469130,551,1981982005,0.000000,0.000000,0.000000,0.000000,0.000000,0.000000,0.000000,0.000000,0.000000,0.000000,0.000000,0.000000,0.000000,0.000000,0.000000,0,0
124500000000,124555000000,6266469130,551,1981982005,0.000000,0.000000,0.000000,0.000000,0.000000,0.000000,0.000000,0.000000,0.000000,0.000000,0.000000,0.000000,0.000000,0.000000,0.000000,0,0
124555000000,124581000000,6266469130,551,1981982005,0.002155,0.002499,0.003876,0.001204,0.001915,0.002972,0.016420,0.000000,0.016690,0.075680,0.000000,0.000000,0.000000,0.000000,0.005020,0,0
124581000000,124623000000,6266469130,551,1981982005,0.000062,0.000000,0.000000,0.000000,0.000000,0.000000,0.000011,0.000000,0.002602,0.000215,0.000000,0.000000,0.000000,0.000000,0.000000,0,0
124623000000,124624000000,6266469130,551,1981982005,0.000000,0.000000,0.000000,0.000000,0.000000,0.000000,0.000000,0.000000,0.000000,0.000000,0.000000,0.000000,0.000000,0.000000,0.000000,0,0
