124341000000,124369000000,6266469130,569,1437107365,0.000000,0.000000,0.000000,0.000000,0.000000,0.000000,0.000000,0.000000,0.000000,0.000000,0.000000,0.000000,0.000000,0.000000,0.000000,0,0
124369000000,124389000000,6266469130,569,1437107365,0.001753,0.001118,0.003883,0.000664,0.000947,0.002163,0.022670,0.000000,0.005814,0.034300,0.000000,0.000000,0.000000,0.000000,0.004456,0,0
124389000000,124390000000,6266469130,569,1437107365,0.000000,0.002163,0.003876,0.001957,0.001957,0.002163,0.014500,0.000000,0.000000,0.014500,0.000000,0.000000,0.000000,0.000000,0.000000,0,0
124390000000,124410000000,6266469130,569,1437107365,0.000133,0.000000,0.000000,0.000000,0.000000,0.000000,0.000004,0.000000,0.002670,0.000072,0.000000,0.000000,0.000000,0.000000,0.000000,1,0
124410000000,124411000000,6266469130,569,1437107365,0.000000,0.000000,0.000000,0.000000,0.000000,0.000000,0.000000,0.000000,0.000000,0.000000,0.000000,0.000000,0.000000,0.000000,0.000000,0,0
124494000000,124500000000,6266469130,569,317346424,0.000000,0.000000,0.000000,0.000000,0.000000,0.000000,0.000000,0.000000,0.000000,0.000000,0.000000,0.000000,0.000000,0.000000,0.000000,0,0
124500000000,124534000000,6266469130,569,317346424,0.000000,0.000000,0.000000,0.000000,0.000000,0.000000,0.000000,0.000000,0.000000,0.000000,0.000000,0.000000,0.000000,0.000000,0.000000,0,0
124534000000,124571000000,6266469130,569,317346424,0.001545,0.002583,0.003876,0.001253,0.002007,0.002918,0.011570,0.000000,0.017850,0.075070,2.284000,0.007593,0.000000,0.000000,0.000008,0,0
124571000000,124624000000,6266469130,569,317346424,0.000055,0.000000,0.000000,0.000000,0.000000,0.000000,0.000004,0.000000,0.002934,0.000143,2.284000,0.007593,0.000000,0.000000,0.000000,0,0
124624000000,124625000000,6266469130,569,317346424,0.000000,0.000000,0.000000,0.000000,0.000000,0.000000,0.000000,0.000000,0.000000,0.000000,2.284000,0.007593,0.000000,0.000000,0.000000,0,0
