124338000000,124364000000,6266469130,632,351647935,0.000000,0.000000,0.000000,0.000000,0.000000,0.000000,0.000000,0.000000,0.000000,0.000000,0.000000,0.000000,0.000000,0.000000,0.000000,0,0
124364000000,124386000000,6266469130,632,351647935,0.002804,0.002216,0.003876,0.001106,0.001745,0.002888,0.020510,0.000000,0.019840,0.064330,1.227000,0.001277,0.000000,0.000000,0.000597,0,0
124386000000,124388000000,6266469130,632,351647935,0.000945,0.002888,0.003876,0.001469,0.002316,0.002888,0.009857,0.000000,0.008667,0.014360,1.227000,0.001277,0.000000,0.000000,0.008667,0,0
124388000000,124407000000,6266469130,632,351647935,0.001684,0.000000,0.000000,0.000000,0.000000,0.000000,0.000041,0.000000,0.031980,0.000643,1.227000,0.001277,0.000000,0.000000,0.000000,1,0
124407000000,124408000000,6266469130,632,351647935,0.000000,0.000000,0.000000,0.000000,0.000000,0.000000,0.000000,0.000000,0.000000,0.000000,1.227000,0.001277,0.000000,0.000000,0.000000,0,0
124497000000,124500000000,6266469130,632,3914505044,0.000000,0.000000,0.000000,0.000000,0.000000,0.000000,0.000000,0.000000,0.000000,0.000000,0.000000,0.000000,0.000000,0.000000,0.000000,0,0
124500000000,124703000000,6266469130,632,3914505044,0.000000,0.000000,0.000000,0.000000,0.000000,0.000000,0.000000,0.000000,0.000000,0.000000,0.000000,0.000000,0.000000,0.000000,0.000000,0,0
124703000000,124773000000,6266469130,632,3914505044,0.000423,0.001013,0.003883,0.000605,0.000885,0.001871,0.006340,0.000000,0.002766,0.018800,1.818000,0.004301,0.000000,0.000000,0.000590,0,0
124773000000,124774000000,6266469130,632,3914505044,0.000000,0.001871,0.003883,0.001085,0.001665,0.001871,0.002785,0.000000,0.000000,0.002785,1.818000,0.004301,0.000000,0.000000,0.000000,0,0
124774000000,124792000000,6266469130,632,3914505044,0.000022,0.000188,0.000000,0.000000,0.000000,0.001692,0.000000,0.000000,0.000200,0.000000,1.818000,0.004301,0.000000,0.000000,0.000000,0,0
124792000000,124794000000,6266469130,632,3914505044,0.000000,0.000000,0.000000,0.000000,0.000000,0.000000,0.000000,0.000000,0.000000,0.000000,1.818000,0.004301,0.000000,0.000000,0.000000,0,0
124794000000,124800000000,6266469130,632,3914505044,0.000000,0.000000,0.000000,0.000000,0.000000,0.000000,0.000000,0.000000,0.000000,0.000000,0.000000,0.000000,0.000000,0.000000,0.000000,0,0
