124341000000,124369000000,6266469130,633,5781934,0.000000,0.000000,0.000000,0.000000,0.000000,0.000000,0.000000,0.000000,0.000000,0.000000,0.000000,0.000000,0.000000,0.000000,0.000000,0,0
124369000000,124389000000,6266469130,633,5781934,0.002922,0.002048,0.003872,0.001074,0.001675,0.002827,0.026640,0.000000,0.020600,0.061100,0.000000,0.000000,0.000000,0.000000,0.007828,0,0
124389000000,124391000000,6266469130,633,5781934,0.001511,0.002827,0.003872,0.001482,0.002331,0.002827,0.023070,0.000000,0.009583,0.039120,0.000000,0.000000,0.000000,0.000000,0.009583,0,0
124391000000,124410000000,6266469130,633,5781934,0.001554,0.000000,0.000000,0.000000,0.000000,0.000000,0.000079,0.000000,0.029510,0.001358,0.000000,0.000000,0.000000,0.000000,0.000000,1,0
124410000000,124411000000,6266469130,633,5781934,0.000000,0.000000,0.000000,0.000000,0.000000,0.000000,0.000000,0.000000,0.000000,0.000000,0.000000,0.000000,0.000000,0.000000,0.000000,0,0
124496000000,124500000000,6266469130,633,351613871,0.000000,0.000000,0.000000,0.000000,0.000000,0.000000,0.000000,0.000000,0.000000,0.000000,0.000000,0.000000,0.000000,0.000000,0.000000,0,0
124500000000,124576000000,6266469130,633,351613871,0.000000,0.000000,0.000000,0.000000,0.000000,0.000000,0.000000,0.000000,0.000000,0.000000,0.000000,0.000000,0.000000,0.000000,0.000000,0,0
124576000000,124662000000,6266469130,633,351613871,0.000606,0.002178,0.003880,0.000937,0.001623,0.002422,0.005432,0.000000,0.017330,0.061280,2.113000,0.007293,0.000000,0.000000,0.000132,0,0
124662000000,124674000000,6266469130,633,351613871,0.000232,0.000000,0.000000,0.000000,0.000000,0.000000,0.000006,0.000000,0.002785,0.000072,2.113000,0.007293,0.000000,0.000000,0.000000,0,0
124674000000,124675000000,6266469130,633,351613871,0.000000,0.000000,0.000000,0.000000,0.000000,0.000000,0.000000,0.000000,0.000000,0.000000,2.113000,0.007293,0.000000,0.000000,0.000000,0,0
