124343000000,124369000000,6266469130,802,3207579968,0.000000,0.000000,0.000000,0.000000,0.000000,0.000000,0.000000,0.000000,0.000000,0.000000,0.000000,0.000000,0.000000,0.000000,0.000000,0,0
124369000000,124391000000,6266469130,802,3207579968,0.000901,0.000774,0.003880,0.000478,0.000662,0.001429,0.018490,0.000000,0.004433,0.035710,0.736900,0.000369,0.000000,0.000000,0.000004,1,0
124391000000,124392000000,6266469130,802,3207579968,0.000000,0.001429,0.003880,0.001276,0.001278,0.001429,0.011510,0.000000,0.000000,0.011510,0.736900,0.000369,0.000000,0.000000,0.000000,0,0
124392000000,124411000000,6266469130,802,3207579968,0.000027,0.000070,0.000000,0.000000,0.000000,0.001328,0.000000,0.000000,0.000507,0.000000,0.736900,0.000369,0.000000,0.000000,0.000000,0,0
124411000000,124412000000,6266469130,802,3207579968,0.000000,0.000000,0.000000,0.000000,0.000000,0.000000,0.000000,0.000000,0.000000,0.000000,0.736900,0.000369,0.000000,0.000000,0.000000,0,0
124499000000,124500000000,6266469130,802,2790332731,0.000000,0.000000,0.000000,0.000000,0.000000,0.000000,0.000000,0.000000,0.000000,0.000000,0.000000,0.000000,0.000000,0.000000,0.000000,0,0
124500000000,124518000000,6266469130,802,2790332731,0.000000,0.000000,0.000000,0.000000,0.000000,0.000000,0.000000,0.000000,0.000000,0.000000,0.000000,0.000000,0.000000,0.000000,0.000000,0,0
124518000000,124561000000,6266469130,802,2790332731,0.001162,0.002754,0.003700,0.001261,0.002026,0.003044,0.009323,0.000000,0.019380,0.079830,0.000000,0.000000,0.000000,0.000000,0.000029,0,0
124561000000,124578000000,6266469130,802,2790332731,0.000128,0.000000,0.000000,0.000000,0.000000,0.000000,0.000168,0.000000,0.002174,0.002857,3.460000,0.014190,0.000000,0.000000,0.000000,0,0
124578000000,124579000000,6266469130,802,2790332731,0.000000,0.000000,0.000000,0.000000,0.000000,0.000000,0.000000,0.000000,0.000000,0.000000,3.460000,0.014190,0.000000,0.000000,0.000000,0,0
