124345000000,124371000000,6266469130,85,13272411,0.000000,0.000000,0.000000,0.000000,0.000000,0.000000,0.000000,0.000000,0.000000,0.000000,0.000000,0.000000,0.000000,0.000000,0.000000,0,0
124371000000,124392000000,6266469130,85,13272411,0.003014,0.002182,0.003693,0.001091,0.001713,0.002869,0.022460,0.000000,0.039980,0.062190,0.000000,0.000000,0.000000,0.000000,0.000013,0,0
124392000000,124394000000,6266469130,85,13272411,0.001345,0.002865,0.003693,0.001474,0.002312,0.002865,0.012150,0.000000,0.008377,0.016080,0.000000,0.000000,0.000000,0.000000,0.008377,0,0
124394000000,124412000000,6266469130,85,13272411,0.001780,0.000000,0.000000,0.000000,0.000000,0.000000,0.000031,0.000000,0.032040,0.000428,0.000000,0.000000,0.000000,0.000000,0.000000,1,0
124412000000,124414000000,6266469130,85,13272411,0.000000,0.000000,0.000000,0.000000,0.000000,0.000000,0.000000,0.000000,0.000000,0.000000,0.000000,0.000000,0.000000,0.000000,0.000000,0,0
124448000000,124500000000,6266469130,85,16918865,0.000000,0.000000,0.000000,0.000000,0.000000,0.000000,0.000000,0.000000,0.000000,0.000000,0.000000,0.000000,0.000000,0.000000,0.000000,0,0
124500000000,124625000000,6266469130,85,16918865,0.000000,0.000000,0.000000,0.000000,0.000000,0.000000,0.000000,0.000000,0.000000,0.000000,0.000000,0.000000,0.000000,0.000000,0.000000,0,0
124625000000,124718000000,6266469130,85,16918865,0.000711,0.002354,0.003857,0.001177,0.001867,0.002876,0.011860,0.000000,0.043700,0.052800,1.562000,0.002999,0.000000,0.000000,0.000014,0,0
124718000000,124729000000,6266469130,85,16918865,0.000212,0.000000,0.000000,0.000000,0.000000,0.000000,0.000000,0.000000,0.002323,0.000000,31.490000,0.129400,0.000000,0.000000,0.000000,0,0
124729000000,124730000000,6266469130,85,16918865,0.000000,0.000000,0.000000,0.000000,0.000000,0.000000,0.000000,0.000000,0.000000,0.000000,31.490000,0.129400,0.000000,0.000000,0.000000,0,0
