179237000000,179400000000,6274140245,0,182859408,0.000000,0.000000,0.000000,0.000000,0.000000,0.000000,0.000000,0.000000,0.000000,0.000000,0.000000,0.000000,0.000000,0.000000,0.000000,0,0
179400000000,179631000000,6274140245,0,182859408,0.000000,0.000000,0.000000,0.000000,0.000000,0.000000,0.000000,0.000000,0.000000,0.000000,0.000000,0.000000,0.000000,0.000000,0.000000,0,0
179631000000,179700000000,6274140245,0,182859408,0.002098,0.004951,0.006393,0.000457,0.003990,0.010740,0.023250,0.000000,0.016420,0.051700,33.420000,0.157300,0.000000,0.000000,0.001026,0,0
179700000000,179777000000,6274140245,0,182859408,0.003258,0.019230,0.020170,0.000055,0.017490,0.028350,0.028290,0.000000,0.015120,0.053530,34.820000,0.165100,0.000000,0.000000,0.000235,0,0
179777000000,180000000000,6274140245,0,182859408,0.022830,0.047180,0.049130,0.000210,0.044620,0.061650,0.025730,0.000000,0.203900,0.069700,0.922000,0.000348,0.000000,0.000000,0.006592,0,0
180000000000,180300000000,6274140245,0,182859408,0.012040,0.061650,0.061650,0.000051,0.055730,0.061650,0.019170,0.000000,0.187700,0.050600,0.938200,0.000359,0.000000,0.000000,0.000353,0,0
180300000000,180600000000,6274140245,0,182859408,0.071900,0.061950,0.062500,0.000159,0.055850,0.062870,0.020420,0.000000,0.319300,0.054500,1.372000,0.000717,0.000000,0.000000,0.162600,0,0
180600000000,180900000000,6274140245,0,182859408,0.186500,0.062260,0.063600,0.000379,0.056150,0.062380,0.000005,0.000000,0.300800,0.000643,1.408000,0.000762,0.000000,0.000000,0.187000,0,0
180900000000,181200000000,6274140245,0,182859408,0.186500,0.062320,0.063600,0.000378,0.056150,0.062380,0.000002,0.000000,0.281200,0.000072,1.367000,0.000667,0.000000,0.000000,0.188200,0,0
181200000000,181302000000,6274140245,0,182859408,0.184300,0.062260,0.063600,0.000924,0.056150,0.062380,0.000001,0.000000,0.189500,0.000072,1.433000,0.000731,0.000000,0.000000,0.186000,0,0
181302000000,181328000000,6274140245,0,182859408,0.000567,0.000000,0.000000,0.000000,0.000000,0.000000,0.000000,0.000000,0.007370,0.000000,1.302000,0.000633,0.000000,0.000000,0.000000,0,1
181328000000,181329000000,6274140245,0,182859408,0.000000,0.000000,0.000000,0.000000,0.000000,0.000000,0.000000,0.000000,0.000000,0.000000,1.302000,0.000633,0.000000,0.000000,0.000000,0,0
181363000000,181500000000,6274140245,0,1272058,0.000000,0.000000,0.000000,0.000000,0.000000,0.000000,0.000000,0.000000,0.000000,0.000000,0.000000,0.000000,0.000000,0.000000,0.000000,0,0
181500000000,181614000000,6274140245,0,1272058,0.000000,0.000000,0.000000,0.000000,0.000000,0.000000,0.000000,0.000000,0.000000,0.000000,0.000000,0.000000,0.000000,0.000000,0.000000,0,0
181614000000,181790000000,6274140245,0,1272058,0.006424,0.033020,0.034610,0.000164,0.032100,0.054200,0.039920,0.000000,0.062740,0.134000,1.342000,0.001785,0.000000,0.000000,0.002644,0,0
181790000000,181800000000,6274140245,0,1272058,0.009094,0.056460,0.057860,0.000134,0.054990,0.057560,0.038510,0.000000,0.030300,0.082150,37.550000,0.178600,0.000000,0.000000,0.000298,0,0
181800000000,182100000000,6274140245,0,1272058,0.172900,0.060970,0.061710,0.000569,0.056340,0.061710,0.001850,0.000000,0.368200,0.103000,1.330000,0.000720,0.000000,0.000000,0.187500,0,0
182100000000,182400000000,6274140245,0,1272058,0.180700,0.060850,0.061710,0.000389,0.056150,0.060970,0.000006,0.000000,0.367700,0.000714,1.316000,0.000714,0.000000,0.000000,0.187700,0,0
182400000000,182485000000,6274140245,0,1272058,0.180200,0.060910,0.061710,0.000391,0.056150,0.060910,0.000022,0.000000,0.353500,0.001429,1.322000,0.000707,0.000000,0.000000,0.186000,0,0
182485000000,182700000000,6274140245,0,1272058,0.180400,0.060910,0.061710,0.000391,0.056150,0.060970,0.000003,0.000000,0.366200,0.000072,1.290000,0.000661,0.000000,0.000000,0.179900,0,0
182700000000,183000000000,6274140245,0,1272058,0.180400,0.060910,0.061710,0.000391,0.056150,0.060970,0.000004,0.000000,0.359900,0.000072,1.307000,0.000709,0.000000,0.000000,0.162800,0,0
183000000000,183300000000,6274140245,0,1272058,0.179900,0.060970,0.061770,0.000392,0.056150,0.061040,0.000004,0.000000,0.190700,0.000143,1.316000,0.000706,0.000000,0.000000,0.170200,0,0
183300000000,183600000000,6274140245,0,1272058,0.181200,0.060970,0.061770,0.000390,0.056150,0.061040,0.000003,0.000000,0.189200,0.000072,1.358000,0.000736,0.000000,0.000000,0.180700,0,0
183600000000,183900000000,6274140245,0,1272058,0.117600,0.060790,0.061830,0.000390,0.056150,0.060970,0.000006,0.000000,0.190900,0.000571,1.428000,0.000836,0.000000,0.000000,0.166700,0,0
183900000000,183931000000,6274140245,0,1272058,0.001631,0.059570,0.061650,0.002182,0.056150,0.059810,0.003441,0.000000,0.038510,0.047000,1.483000,0.001022,0.000000,0.000000,0.000135,0,0
183931000000,183950000000,6274140245,0,1272058,0.000154,0.000000,0.000000,0.000000,0.000000,0.000000,0.000037,0.000000,0.002930,0.000571,3.013000,0.010650,0.000000,0.000000,0.000000,0,0
183950000000,183951000000,6274140245,0,1272058,0.000000,0.000000,0.000000,0.000000,0.000000,0.000000,0.000000,0.000000,0.000000,0.000000,3.013000,0.010650,0.000000,0.000000,0.000000,0,0
190694000000,190800000000,6274140245,0,4820294844,0.000000,0.000000,0.000000,0.000000,0.000000,0.000000,0.000000,0.000000,0.000000,0.000000,0.000000,0.000000,0.000000,0.000000,0.000000,0,0
190800000000,190916000000,6274140245,0,4820294844,0.000000,0.000000,0.000000,0.000000,0.000000,0.000000,0.000000,0.000000,0.000000,0.000000,0.000000,0.000000,0.000000,0.000000,0.000000,0,0
190916000000,190988000000,6274140245,0,4820294844,0.000664,0.001757,0.003880,0.000717,0.001291,0.001928,0.004883,0.000000,0.018710,0.052190,25.250000,0.000000,0.000000,0.000000,0.000475,0,0
190988000000,191005000000,6274140245,0,4820294844,0.000143,0.000000,0.000000,0.000000,0.000000,0.000000,0.000004,0.000000,0.002426,0.000072,25.250000,0.000000,0.000000,0.000000,0.000000,0,0
191005000000,191006000000,6274140245,0,4820294844,0.000000,0.000000,0.000000,0.000000,0.000000,0.000000,0.000000,0.000000,0.000000,0.000000,25.250000,0.000000,0.000000,0.000000,0.000000,0,0
