179228000000,179400000000,6274140245,1,478267624,0.000000,0.000000,0.000000,0.000000,0.000000,0.000000,0.000000,0.000000,0.000000,0.000000,0.000000,0.000000,0.000000,0.000000,0.000000,0,0
179400000000,179443000000,6274140245,1,478267624,0.000000,0.000000,0.000000,0.000000,0.000000,0.000000,0.000000,0.000000,0.000000,0.000000,0.000000,0.000000,0.000000,0.000000,0.000000,0,0
179443000000,179582000000,6274140245,1,478267624,0.039180,0.039430,0.041020,0.000249,0.037480,0.061460,0.046570,0.000000,0.362800,0.141600,0.926600,0.000488,0.000000,0.000000,0.008972,0,0
179582000000,179700000000,6274140245,1,478267624,0.186300,0.061100,0.061460,0.000255,0.055970,0.061280,0.000549,0.000000,0.205800,0.030360,1.364000,0.000691,0.000000,0.000000,0.183800,0,0
179700000000,179821000000,6274140245,1,478267624,0.186300,0.061160,0.061460,0.000298,0.056030,0.061220,0.000085,0.000000,0.205300,0.005783,1.407000,0.000730,0.000000,0.000000,0.187300,0,0
179821000000,180000000000,6274140245,1,478267624,0.185500,0.061160,0.061460,0.000218,0.055970,0.061340,0.000234,0.000000,0.191200,0.034000,1.427000,0.000701,0.000000,0.000000,0.184300,0,0
180000000000,180300000000,6274140245,1,478267624,0.185500,0.061160,0.061520,0.000205,0.055970,0.061280,0.000019,0.000000,0.192600,0.002857,1.433000,0.000726,0.000000,0.000000,0.187000,0,0
180300000000,180600000000,6274140245,1,478267624,0.186500,0.061280,0.061520,0.000177,0.055970,0.061280,0.000004,0.000000,0.194800,0.000286,1.421000,0.000728,0.000000,0.000000,0.186000,0,0
180600000000,180900000000,6274140245,1,478267624,0.186500,0.061220,0.061520,0.000138,0.055910,0.061280,0.000025,0.000000,0.206300,0.004570,1.418000,0.000710,0.000000,0.000000,0.187000,0,0
180900000000,181200000000,6274140245,1,478267624,0.186500,0.061280,0.061520,0.000107,0.055850,0.061340,0.000053,0.000000,0.206300,0.005211,1.440000,0.000773,0.000000,0.000000,0.187300,0,0
181200000000,181500000000,6274140245,1,478267624,0.186500,0.061220,0.061520,0.000110,0.055910,0.061280,0.000004,0.000000,0.375500,0.000143,1.394000,0.000736,0.000000,0.000000,0.182600,0,0
181500000000,181800000000,6274140245,1,478267624,0.186300,0.061220,0.061520,0.000095,0.055850,0.061280,0.000004,0.000000,0.199200,0.000286,1.416000,0.000746,0.000000,0.000000,0.189000,0,0
181800000000,182100000000,6274140245,1,478267624,0.186300,0.061160,0.061520,0.000080,0.055850,0.061280,0.000007,0.000000,0.198500,0.000786,1.463000,0.000787,0.000000,0.000000,0.187000,0,0
182100000000,182400000000,6274140245,1,478267624,0.186300,0.061220,0.061520,0.000079,0.055850,0.061280,0.000004,0.000000,0.373500,0.000143,1.419000,0.000721,0.000000,0.000000,0.189000,0,0
182400000000,182700000000,6274140245,1,478267624,0.186000,0.061280,0.061520,0.000080,0.055850,0.061340,0.000027,0.000000,0.197500,0.006783,1.436000,0.000748,0.000000,0.000000,0.187500,0,0
182700000000,183000000000,6274140245,1,478267624,0.186500,0.061280,0.061520,0.000101,0.055850,0.061280,0.000012,0.000000,0.374500,0.001572,1.409000,0.000729,0.000000,0.000000,0.186300,0,0
183000000000,183300000000,6274140245,1,478267624,0.186500,0.061220,0.061520,0.000084,0.055850,0.061280,0.000006,0.000000,0.375000,0.000786,1.465000,0.000754,0.000000,0.000000,0.186500,0,0
183300000000,183600000000,6274140245,1,478267624,0.186800,0.061220,0.061520,0.000083,0.055850,0.061280,0.000006,0.000000,0.206100,0.000643,1.360000,0.000727,0.000000,0.000000,0.187500,0,0
183600000000,183900000000,6274140245,1,478267624,0.184300,0.061220,0.061520,0.000078,0.055850,0.061340,0.000004,0.000000,0.197300,0.000143,1.400000,0.000722,0.000000,0.000000,0.187500,0,0
183900000000,184200000000,6274140245,1,478267624,0.079220,0.060730,0.061520,0.000101,0.055850,0.061280,0.000052,0.000000,0.137500,0.010930,1.388000,0.000638,0.000000,0.000000,0.063110,0,0
184200000000,184471000000,6274140245,1,478267624,0.100200,0.060490,0.061520,0.000104,0.055850,0.060670,0.000009,0.000000,0.137500,0.000929,1.402000,0.000696,0.000000,0.000000,0.125700,0,0
184471000000,184500000000,6274140245,1,478267624,0.071780,0.060550,0.061520,0.000106,0.055850,0.060670,0.000012,0.000000,0.126500,0.000286,1.448000,0.000806,0.000000,0.000000,0.064450,0,0
184500000000,184800000000,6274140245,1,478267624,0.095460,0.060420,0.061520,0.000107,0.055850,0.060670,0.000014,0.000000,0.137200,0.000500,1.428000,0.000751,0.000000,0.000000,0.062620,0,0
184800000000,185100000000,6274140245,1,478267624,0.050230,0.060120,0.061520,0.000109,0.055910,0.060420,0.000031,0.000000,0.068970,0.002930,1.442000,0.000751,0.000000,0.000000,0.000114,0,0
185100000000,185400000000,6274140245,1,478267624,0.058230,0.060000,0.061520,0.000125,0.055910,0.060060,0.000016,0.000000,0.071900,0.000714,1.461000,0.000774,0.000000,0.000000,0.061830,0,0
185400000000,185700000000,6274140245,1,478267624,0.063600,0.060060,0.061580,0.000133,0.055910,0.060360,0.000009,0.000000,0.128400,0.000714,1.470000,0.000764,0.000000,0.000000,0.063110,0,0
185700000000,186000000000,6274140245,1,478267624,0.166000,0.060850,0.061830,0.000090,0.055850,0.061100,0.000013,0.000000,0.205600,0.001215,1.365000,0.000669,0.000000,0.000000,0.125000,0,0
186000000000,186300000000,6274140245,1,478267624,0.057920,0.060000,0.061950,0.000058,0.055850,0.061040,0.000034,0.000000,0.227800,0.005997,1.412000,0.000646,0.000000,0.000000,0.000221,0,0
186300000000,186600000000,6274140245,1,478267624,0.088260,0.060120,0.062010,0.000062,0.055850,0.060360,0.000005,0.000000,0.247300,0.000357,1.439000,0.000746,0.000000,0.000000,0.065800,0,0
186600000000,186900000000,6274140245,1,478267624,0.003139,0.059450,0.060490,0.000039,0.055790,0.060060,0.000004,0.000000,0.063110,0.000643,1.409000,0.000793,0.000000,0.000000,0.000106,0,0
186900000000,187200000000,6274140245,1,478267624,0.000189,0.059330,0.060120,0.000031,0.055790,0.059390,0.000009,0.000000,0.004707,0.001928,2.653000,0.009650,0.000000,0.000000,0.000078,0,0
187200000000,187500000000,6274140245,1,478267624,0.027130,0.059450,0.060120,0.000039,0.055790,0.059630,0.000097,0.000000,0.066890,0.015080,1.497000,0.000755,0.000000,0.000000,0.000099,0,0
187500000000,187800000000,6274140245,1,478267624,0.052490,0.059810,0.060120,0.000052,0.055790,0.060120,0.016510,0.000000,0.130100,0.069820,1.310000,0.000588,0.000000,0.000000,0.062620,0,0
187800000000,187936000000,6274140245,1,478267624,0.008041,0.060120,0.060120,0.000048,0.055660,0.060120,0.054260,0.000000,0.025630,0.070310,10.920000,0.046300,0.000000,0.000000,0.007332,0,0
187936000000,188100000000,6274140245,1,478267624,0.009064,0.060120,0.060120,0.000043,0.055660,0.060120,0.056640,0.000000,0.023470,0.071410,11.760000,0.048640,0.000000,0.000000,0.013490,0,0
188100000000,188400000000,6274140245,1,478267624,0.008850,0.060120,0.060120,0.000045,0.055660,0.060120,0.055360,0.000000,0.036440,0.072880,10.590000,0.042550,0.000000,0.000000,0.014760,0,0
188400000000,188700000000,6274140245,1,478267624,0.048280,0.060300,0.060550,0.000122,0.055790,0.061100,0.043640,0.000000,0.191900,0.072390,1.296000,0.000657,0.000000,0.000000,0.007133,0,0
188700000000,188949000000,6274140245,1,478267624,0.117300,0.060550,0.062010,0.000360,0.056090,0.060850,0.000004,0.000000,0.131300,0.000215,1.368000,0.000686,0.000000,0.000000,0.123900,0,0
188949000000,189000000000,6274140245,1,478267624,0.061770,0.060060,0.062010,0.000351,0.056090,0.060180,0.000024,0.000000,0.123300,0.000857,1.482000,0.000827,0.000000,0.000000,0.062440,0,0
189000000000,189300000000,6274140245,1,478267624,0.066770,0.059940,0.060790,0.000165,0.055910,0.060180,0.005196,0.000000,0.248800,0.065920,1.348000,0.000658,0.000000,0.000000,0.009369,0,0
189300000000,189600000000,6274140245,1,478267624,0.011730,0.060120,0.060120,0.000048,0.055660,0.060120,0.051090,0.000000,0.128700,0.071530,1.455000,0.000887,0.000000,0.000000,0.000814,0,0
189600000000,189900000000,6274140245,1,478267624,0.007797,0.060120,0.060120,0.000051,0.055660,0.060120,0.055480,0.000000,0.061400,0.072390,1.791000,0.001502,0.000000,0.000000,0.013000,0,0
189900000000,190200000000,6274140245,1,478267624,0.008835,0.060120,0.060120,0.000051,0.055660,0.060120,0.060490,0.000000,0.052730,0.079100,21.300000,0.089020,0.000000,0.000000,0.013520,0,0
190200000000,190342000000,6274140245,1,478267624,0.008881,0.060120,0.060120,0.000049,0.055660,0.060120,0.061710,0.000000,0.016360,0.072140,18.330000,0.076070,0.000000,0.000000,0.008163,0,0
190342000000,190500000000,6274140245,1,478267624,0.009125,0.060120,0.060120,0.000049,0.055660,0.060120,0.060610,0.000000,0.032410,0.073120,9.678000,0.037390,0.000000,0.000000,0.011170,0,0
190500000000,190800000000,6274140245,1,478267624,0.014630,0.060120,0.060180,0.000057,0.055730,0.060850,0.056950,0.000000,0.187000,0.075560,17.250000,0.071130,0.000000,0.000000,0.006889,0,0
190800000000,190901000000,6274140245,1,478267624,0.180200,0.061160,0.061950,0.000351,0.056090,0.061220,0.000314,0.000000,0.364700,0.018710,1.442000,0.000811,0.000000,0.000000,0.187500,0,0
190901000000,191100000000,6274140245,1,478267624,0.139900,0.060910,0.061950,0.000357,0.056090,0.061040,0.000025,0.000000,0.249500,0.003716,1.427000,0.000761,0.000000,0.000000,0.188000,0,0
191100000000,191400000000,6274140245,1,478267624,0.000195,0.059570,0.060670,0.000162,0.055910,0.060670,0.000087,0.000000,0.004288,0.022000,1.320000,0.000634,0.000000,0.000000,0.000019,0,0
191400000000,191700000000,6274140245,1,478267624,0.000161,0.059270,0.060120,0.000085,0.055850,0.059330,0.000001,0.000000,0.004463,0.000286,2.457000,0.008256,0.000000,0.000000,0.000053,0,0
191700000000,192000000000,6274140245,1,478267624,0.000152,0.059270,0.060120,0.000075,0.055850,0.059270,0.000000,0.000000,0.004135,0.000000,2.401000,0.008047,0.000000,0.000000,0.000250,0,0
192000000000,192300000000,6274140245,1,478267624,0.046810,0.059570,0.060120,0.000063,0.055790,0.060120,0.003967,0.000000,0.248800,0.071530,1.365000,0.000733,0.000000,0.000000,0.000083,0,0
192300000000,192600000000,6274140245,1,478267624,0.006744,0.060120,0.060120,0.000048,0.055660,0.060120,0.052490,0.000000,0.025270,0.079470,1.341000,0.000730,0.000000,0.000000,0.000454,0,0
192600000000,192900000000,6274140245,1,478267624,0.007965,0.060120,0.060120,0.000049,0.055660,0.060120,0.058650,0.000000,0.036560,0.078860,24.990000,0.103200,0.000000,0.000000,0.001572,0,0
192900000000,193131000000,6274140245,1,478267624,0.122300,0.060550,0.061950,0.000585,0.056090,0.061100,0.003330,0.000000,0.215100,0.065190,1.389000,0.000708,0.000000,0.000000,0.126000,0,0
193131000000,193147000000,6274140245,1,478267624,0.001633,0.000000,0.000000,0.000000,0.000000,0.000000,0.000000,0.000000,0.026120,0.000000,1.394000,0.000805,0.000000,0.000000,0.000000,0,0
193147000000,193148000000,6274140245,1,478267624,0.000000,0.000000,0.000000,0.000000,0.000000,0.000000,0.000000,0.000000,0.000000,0.000000,1.394000,0.000805,0.000000,0.000000,0.000000,0,0
