179234000000,179400000000,6274140245,10,1093696,0.000000,0.000000,0.000000,0.000000,0.000000,0.000000,0.000000,0.000000,0.000000,0.000000,0.000000,0.000000,0.000000,0.000000,0.000000,0,0
179400000000,179459000000,6274140245,10,1093696,0.000000,0.000000,0.000000,0.000000,0.000000,0.000000,0.000000,0.000000,0.000000,0.000000,0.000000,0.000000,0.000000,0.000000,0.000000,0,0
179459000000,179590000000,6274140245,10,1093696,0.036680,0.039370,0.040470,0.000266,0.037170,0.060970,0.045530,0.000000,0.188200,0.174100,1.146000,0.001875,0.000000,0.000000,0.056760,0,0
179590000000,179700000000,6274140245,10,1093696,0.059330,0.060970,0.060970,0.000072,0.055730,0.060970,0.045720,0.000000,0.189000,0.071530,1.357000,0.000726,0.000000,0.000000,0.004448,0,0
179700000000,179857000000,6274140245,10,1093696,0.011090,0.060970,0.060970,0.000035,0.055660,0.060970,0.063230,0.000000,0.023190,0.071410,18.090000,0.072460,0.000000,0.000000,0.021970,0,0
179857000000,180000000000,6274140245,10,1093696,0.012390,0.060970,0.060970,0.000035,0.055660,0.060970,0.061220,0.000000,0.024840,0.071530,20.250000,0.081430,0.000000,0.000000,0.016750,0,0
180000000000,180132000000,6274140245,10,1093696,0.010410,0.060970,0.060970,0.000036,0.055660,0.060970,0.063230,0.000000,0.028200,0.071530,15.870000,0.064540,0.000000,0.000000,0.009613,0,0
180132000000,180300000000,6274140245,10,1093696,0.013090,0.060970,0.060970,0.000037,0.055660,0.060970,0.062260,0.000000,0.027310,0.071410,14.500000,0.058690,0.000000,0.000000,0.021730,0,0
180300000000,180600000000,6274140245,10,1093696,0.038570,0.061040,0.061280,0.000077,0.055730,0.061520,0.051330,0.000000,0.188500,0.073360,1.419000,0.000900,0.000000,0.000000,0.006546,0,0
180600000000,180900000000,6274140245,10,1093696,0.187000,0.061400,0.062990,0.000346,0.056090,0.061580,0.000245,0.000000,0.193400,0.012070,1.366000,0.000721,0.000000,0.000000,0.187500,0,0
180900000000,181200000000,6274140245,10,1093696,0.187000,0.061400,0.062990,0.000390,0.056150,0.061460,0.000004,0.000000,0.192600,0.000072,1.427000,0.000755,0.000000,0.000000,0.187000,0,0
181200000000,181500000000,6274140245,10,1093696,0.186500,0.061400,0.062990,0.000389,0.056150,0.061460,0.000020,0.000000,0.375000,0.001358,1.348000,0.000665,0.000000,0.000000,0.186000,0,0
181500000000,181615000000,6274140245,10,1093696,0.187300,0.061460,0.062990,0.000389,0.056150,0.061520,0.000005,0.000000,0.189500,0.000072,1.320000,0.000638,0.000000,0.000000,0.186500,0,0
181615000000,181800000000,6274140245,10,1093696,0.186500,0.061400,0.062990,0.000370,0.056150,0.061460,0.000084,0.000000,0.206300,0.008926,1.420000,0.000777,0.000000,0.000000,0.187700,0,0
181800000000,182100000000,6274140245,10,1093696,0.186800,0.061460,0.062990,0.000376,0.056150,0.061460,0.000111,0.000000,0.194300,0.014710,1.318000,0.000682,0.000000,0.000000,0.187500,0,0
182100000000,182400000000,6274140245,10,1093696,0.186800,0.061340,0.062990,0.000378,0.056150,0.061460,0.000006,0.000000,0.374000,0.000714,1.372000,0.000746,0.000000,0.000000,0.187300,0,0
182400000000,182700000000,6274140245,10,1093696,0.187000,0.061460,0.062990,0.000378,0.056150,0.061520,0.000010,0.000000,0.202400,0.001429,1.402000,0.000749,0.000000,0.000000,0.187700,0,0
182700000000,183000000000,6274140245,10,1093696,0.187000,0.061460,0.062990,0.000378,0.056150,0.061520,0.000008,0.000000,0.375000,0.000786,1.442000,0.000830,0.000000,0.000000,0.188700,0,0
183000000000,183300000000,6274140245,10,1093696,0.187000,0.061460,0.062990,0.000378,0.056150,0.061520,0.000004,0.000000,0.206800,0.000286,1.435000,0.000749,0.000000,0.000000,0.186500,0,0
183300000000,183600000000,6274140245,10,1093696,0.187000,0.061460,0.062990,0.000383,0.056150,0.061580,0.000025,0.000000,0.205800,0.003857,1.421000,0.000766,0.000000,0.000000,0.187000,0,0
183600000000,183900000000,6274140245,10,1093696,0.168900,0.061400,0.062990,0.000412,0.056150,0.061520,0.000010,0.000000,0.197800,0.001215,1.378000,0.000722,0.000000,0.000000,0.187500,0,0
183900000000,183970000000,6274140245,10,1093696,0.041930,0.061100,0.062990,0.001890,0.056210,0.061400,0.000895,0.000000,0.125500,0.027860,1.381000,0.000633,0.000000,0.000000,0.122100,0,0
183970000000,183988000000,6274140245,10,1093696,0.000153,0.000000,0.000000,0.000000,0.000000,0.000000,0.000016,0.000000,0.002747,0.000286,1.394000,0.000678,0.000000,0.000000,0.000000,0,0
183988000000,183989000000,6274140245,10,1093696,0.000000,0.000000,0.000000,0.000000,0.000000,0.000000,0.000000,0.000000,0.000000,0.000000,3.619000,0.009418,0.000000,0.000000,0.000000,0,0
190704000000,190800000000,6274140245,10,4820115846,0.000000,0.000000,0.000000,0.000000,0.000000,0.000000,0.000000,0.000000,0.000000,0.000000,0.000000,0.000000,0.000000,0.000000,0.000000,0,0
190800000000,190911000000,6274140245,10,4820115846,0.000000,0.000000,0.000000,0.000000,0.000000,0.000000,0.000000,0.000000,0.000000,0.000000,0.000000,0.000000,0.000000,0.000000,0.000000,0,0
190911000000,190958000000,6274140245,10,4820115846,0.000885,0.001745,0.003815,0.000718,0.001265,0.001987,0.007240,0.000000,0.014420,0.066770,0.873100,0.000000,0.000000,0.000000,0.000054,0,0
190958000000,190970000000,6274140245,10,4820115846,0.000237,0.000129,0.000000,0.000000,0.000000,0.001545,0.000000,0.000000,0.002850,0.000000,0.873100,0.000000,0.000000,0.000000,0.000000,0,0
190970000000,190971000000,6274140245,10,4820115846,0.000000,0.000000,0.000000,0.000000,0.000000,0.000000,0.000000,0.000000,0.000000,0.000000,0.873100,0.000000,0.000000,0.000000,0.000000,0,0
