179237000000,179400000000,6274140245,100,431038818,0.000000,0.000000,0.000000,0.000000,0.000000,0.000000,0.000000,0.000000,0.000000,0.000000,0.000000,0.000000,0.000000,0.000000,0.000000,0,0
179400000000,179700000000,6274140245,100,431038818,0.000000,0.000000,0.000000,0.000000,0.000000,0.000000,0.000000,0.000000,0.000000,0.000000,0.000000,0.000000,0.000000,0.000000,0.000000,0,0
179700000000,179755000000,6274140245,100,431038818,0.000000,0.000000,0.000000,0.000000,0.000000,0.000000,0.000000,0.000000,0.000000,0.000000,0.000000,0.000000,0.000000,0.000000,0.000000,0,0
179755000000,179898000000,6274140245,100,431038818,0.003345,0.016540,0.017760,0.000163,0.015690,0.031490,0.027830,0.000000,0.016270,0.097660,1.372000,0.003063,0.000000,0.000000,0.006012,0,0
179898000000,180000000000,6274140245,100,431038818,0.005722,0.046630,0.050110,0.000033,0.045290,0.054870,0.032230,0.000000,0.063230,0.149900,8.625000,0.039060,0.000000,0.000000,0.001671,0,0
180000000000,180300000000,6274140245,100,431038818,0.072880,0.060000,0.060670,0.000189,0.055790,0.061710,0.012510,0.000000,0.188700,0.117600,1.409000,0.000760,0.000000,0.000000,0.002266,0,0
180300000000,180600000000,6274140245,100,431038818,0.184100,0.061520,0.063110,0.000357,0.056090,0.061770,0.000242,0.000000,0.196500,0.020720,1.346000,0.000739,0.000000,0.000000,0.182100,0,0
180600000000,180900000000,6274140245,100,431038818,0.185100,0.061520,0.063110,0.000366,0.056150,0.061580,0.000008,0.000000,0.191700,0.000571,1.343000,0.000736,0.000000,0.000000,0.185800,0,0
180900000000,181081000000,6274140245,100,431038818,0.185300,0.061460,0.063110,0.000360,0.056090,0.061580,0.000005,0.000000,0.189000,0.000357,1.390000,0.000766,0.000000,0.000000,0.187500,0,0
181081000000,181200000000,6274140245,100,431038818,0.183800,0.061580,0.063110,0.000354,0.056090,0.061580,0.000003,0.000000,0.202400,0.000072,1.367000,0.000706,0.000000,0.000000,0.187000,0,0
181200000000,181325000000,6274140245,100,431038818,0.184300,0.061520,0.063110,0.000798,0.056090,0.061650,0.000005,0.000000,0.188700,0.000215,1.379000,0.000700,0.000000,0.000000,0.069950,0,0
181325000000,181347000000,6274140245,100,431038818,0.000670,0.002609,0.000000,0.002548,0.002548,0.057370,0.000016,0.000000,0.014760,0.000357,1.417000,0.000780,0.000000,0.000000,0.000000,0,1
181347000000,181348000000,6274140245,100,431038818,0.000000,0.000000,0.000000,0.000000,0.000000,0.000000,0.000000,0.000000,0.000000,0.000000,1.417000,0.000780,0.000000,0.000000,0.000000,0,0
181365000000,181500000000,6274140245,100,334007055,0.000000,0.000000,0.000000,0.000000,0.000000,0.000000,0.000000,0.000000,0.000000,0.000000,0.000000,0.000000,0.000000,0.000000,0.000000,0,0
181500000000,181702000000,6274140245,100,334007055,0.000000,0.000000,0.000000,0.000000,0.000000,0.000000,0.000000,0.000000,0.000000,0.000000,0.000000,0.000000,0.000000,0.000000,0.000000,0,0
181702000000,181800000000,6274140245,100,334007055,0.002296,0.012600,0.013720,0.000184,0.011310,0.024810,0.033330,0.000000,0.013280,0.104500,2.757000,0.009692,0.000000,0.000000,0.000320,0,0
181800000000,181848000000,6274140245,100,334007055,0.002445,0.027890,0.028290,0.000003,0.025760,0.031250,0.037350,0.000000,0.009628,0.057860,4.729000,0.019900,0.000000,0.000000,0.002979,0,0
181848000000,181946000000,6274140245,100,334007055,0.004463,0.052430,0.053220,0.000632,0.049010,0.056210,0.029080,0.000000,0.062740,0.059390,0.887100,0.000537,0.000000,0.000000,0.001427,0,0
181946000000,181964000000,6274140245,100,334007055,0.001831,0.000000,0.000000,0.000000,0.000000,0.000000,0.000000,0.000000,0.032960,0.000000,0.827300,0.000229,0.000000,0.000000,0.000000,0,1
181964000000,181965000000,6274140245,100,334007055,0.000000,0.000000,0.000000,0.000000,0.000000,0.000000,0.000000,0.000000,0.000000,0.000000,0.827300,0.000229,0.000000,0.000000,0.000000,0,0
182000000000,182100000000,6274140245,100,336047565,0.000000,0.000000,0.000000,0.000000,0.000000,0.000000,0.000000,0.000000,0.000000,0.000000,0.000000,0.000000,0.000000,0.000000,0.000000,0,0
182100000000,182186000000,6274140245,100,336047565,0.000000,0.000000,0.000000,0.000000,0.000000,0.000000,0.000000,0.000000,0.000000,0.000000,0.000000,0.000000,0.000000,0.000000,0.000000,0,0
182186000000,182352000000,6274140245,100,336047565,0.025600,0.035460,0.036500,0.000262,0.034360,0.060180,0.048710,0.000000,0.187500,0.096560,0.777900,0.000203,0.000000,0.000000,0.007324,0,0
182352000000,182400000000,6274140245,100,336047565,0.185100,0.060120,0.060180,0.000217,0.055970,0.060180,0.001259,0.000000,0.376000,0.021420,1.297000,0.000739,0.000000,0.000000,0.183100,0,0
182400000000,182490000000,6274140245,100,336047565,0.130100,0.060120,0.060120,0.000044,0.055730,0.060180,0.010930,0.000000,0.375500,0.049990,1.360000,0.000794,0.000000,0.000000,0.187700,0,0
182490000000,182700000000,6274140245,100,336047565,0.121100,0.060060,0.060120,0.000075,0.055730,0.060180,0.012560,0.000000,0.370600,0.060490,1.328000,0.000736,0.000000,0.000000,0.186300,0,0
182700000000,183000000000,6274140245,100,336047565,0.178700,0.060120,0.060120,0.000067,0.055790,0.060180,0.004288,0.000000,0.385300,0.059880,1.331000,0.000735,0.000000,0.000000,0.188200,0,0
183000000000,183300000000,6274140245,100,336047565,0.138400,0.060060,0.060120,0.000093,0.055790,0.060180,0.017270,0.000000,0.375500,0.064330,1.312000,0.000696,0.000000,0.000000,0.187700,0,0
183300000000,183600000000,6274140245,100,336047565,0.183100,0.060240,0.061220,0.000216,0.055970,0.060550,0.003132,0.000000,1.119000,0.051880,1.308000,0.000678,0.000000,0.000000,0.187000,0,0
183600000000,183900000000,6274140245,100,336047565,0.102200,0.059940,0.061950,0.000334,0.056090,0.060240,0.000023,0.000000,1.312000,0.001499,1.321000,0.000724,0.000000,0.000000,0.187000,0,0
183900000000,183931000000,6274140245,100,336047565,0.001493,0.058840,0.060120,0.003704,0.055850,0.059080,0.004219,0.000000,0.037290,0.045470,3.047000,0.011520,0.000000,0.000000,0.000127,0,0
183931000000,183945000000,6274140245,100,336047565,0.000191,0.000000,0.000000,0.000000,0.000000,0.000000,0.000051,0.000000,0.002670,0.000643,3.361000,0.010990,0.000000,0.000000,0.000000,0,0
183945000000,183946000000,6274140245,100,336047565,0.000000,0.000000,0.000000,0.000000,0.000000,0.000000,0.000000,0.000000,0.000000,0.000000,3.361000,0.010990,0.000000,0.000000,0.000000,0,0
