179231000000,179400000000,6274140245,101,1439722967,0.000000,0.000000,0.000000,0.000000,0.000000,0.000000,0.000000,0.000000,0.000000,0.000000,0.000000,0.000000,0.000000,0.000000,0.000000,0,0
179400000000,179676000000,6274140245,101,1439722967,0.000000,0.000000,0.000000,0.000000,0.000000,0.000000,0.000000,0.000000,0.000000,0.000000,0.000000,0.000000,0.000000,0.000000,0.000000,0,0
179676000000,179700000000,6274140245,101,1439722967,0.000234,0.000249,0.003883,0.000189,0.000218,0.000423,0.006088,0.000000,0.002213,0.014860,0.000000,0.000000,0.000000,0.000000,0.000000,0,0
179700000000,179792000000,6274140245,101,1439722967,0.002838,0.006966,0.008957,0.000384,0.006653,0.019740,0.018070,0.000000,0.010650,0.061340,1.293000,0.001836,0.000000,0.000000,0.007515,0,0
179792000000,180000000000,6274140245,101,1439722967,0.004356,0.035340,0.038020,0.000051,0.035460,0.054440,0.025630,0.000000,0.062740,0.081050,1.057000,0.002352,0.000000,0.000000,0.004822,0,0
180000000000,180300000000,6274140245,101,1439722967,0.121300,0.059570,0.059880,0.000506,0.056090,0.060240,0.003296,0.000000,0.187700,0.061400,1.345000,0.000741,0.000000,0.000000,0.183600,0,0
180300000000,180600000000,6274140245,101,1439722967,0.053590,0.060240,0.060240,0.000047,0.055730,0.060300,0.014330,0.000000,0.187500,0.048830,1.352000,0.000734,0.000000,0.000000,0.001030,0,0
180600000000,180900000000,6274140245,101,1439722967,0.142100,0.060240,0.060240,0.000060,0.055790,0.060300,0.011150,0.000000,0.257300,0.057370,1.344000,0.000705,0.000000,0.000000,0.181400,0,0
180900000000,181050000000,6274140245,101,1439722967,0.110700,0.060420,0.061160,0.000195,0.055910,0.060670,0.011990,0.000000,0.191900,0.050600,1.363000,0.000759,0.000000,0.000000,0.001936,0,0
181050000000,181200000000,6274140245,101,1439722967,0.179700,0.060420,0.062010,0.000372,0.056090,0.060610,0.000149,0.000000,0.188200,0.014220,1.333000,0.000715,0.000000,0.000000,0.176000,0,0
181200000000,181500000000,6274140245,101,1439722967,0.184300,0.060300,0.062010,0.000379,0.056150,0.060420,0.000010,0.000000,0.375000,0.001928,1.358000,0.000731,0.000000,0.000000,0.187700,0,0
181500000000,181800000000,6274140245,101,1439722967,0.187300,0.060360,0.062010,0.000376,0.056150,0.060420,0.000007,0.000000,0.192600,0.000929,1.362000,0.000726,0.000000,0.000000,0.186500,0,0
181800000000,182100000000,6274140245,101,1439722967,0.187300,0.060360,0.062010,0.000373,0.056150,0.060420,0.000004,0.000000,0.375500,0.000072,1.341000,0.000679,0.000000,0.000000,0.187500,0,0
182100000000,182400000000,6274140245,101,1439722967,0.187000,0.060360,0.062010,0.000372,0.056150,0.060420,0.000006,0.000000,0.376000,0.000500,1.301000,0.000633,0.000000,0.000000,0.187500,0,0
182400000000,182700000000,6274140245,101,1439722967,0.185800,0.060360,0.062010,0.000363,0.056150,0.060420,0.000005,0.000000,0.375500,0.000072,1.403000,0.000754,0.000000,0.000000,0.187500,0,0
182700000000,183000000000,6274140245,101,1439722967,0.184300,0.060360,0.062010,0.000358,0.056090,0.060420,0.000041,0.000000,0.355500,0.002857,1.385000,0.000742,0.000000,0.000000,0.186300,0,0
183000000000,183300000000,6274140245,101,1439722967,0.184300,0.060300,0.062010,0.000359,0.056090,0.060360,0.000041,0.000000,0.374500,0.005287,1.334000,0.000696,0.000000,0.000000,0.186000,0,0
183300000000,183600000000,6274140245,101,1439722967,0.184800,0.060360,0.062010,0.000366,0.056150,0.060420,0.000028,0.000000,0.373000,0.005859,1.414000,0.000776,0.000000,0.000000,0.186500,0,0
183600000000,183900000000,6274140245,101,1439722967,0.179000,0.060300,0.062010,0.000400,0.056150,0.060360,0.000005,0.000000,0.202600,0.000357,1.388000,0.000742,0.000000,0.000000,0.187700,0,0
183900000000,184000000000,6274140245,101,1439722967,0.111900,0.060240,0.062010,0.000970,0.056150,0.060300,0.000795,0.000000,0.128400,0.032780,1.408000,0.000723,0.000000,0.000000,0.125500,0,0
184000000000,184022000000,6274140245,101,1439722967,0.000419,0.000000,0.000000,0.000000,0.000000,0.000000,0.000010,0.000000,0.009216,0.000143,1.471000,0.000859,0.000000,0.000000,0.000000,0,0
184022000000,184024000000,6274140245,101,1439722967,0.000000,0.000000,0.000000,0.000000,0.000000,0.000000,0.000000,0.000000,0.000000,0.000000,1.471000,0.000859,0.000000,0.000000,0.000000,0,0
