179233000000,179400000000,6274140245,102,38663475,0.000000,0.000000,0.000000,0.000000,0.000000,0.000000,0.000000,0.000000,0.000000,0.000000,0.000000,0.000000,0.000000,0.000000,0.000000,0,0
179400000000,179487000000,6274140245,102,38663475,0.000000,0.000000,0.000000,0.000000,0.000000,0.000000,0.000000,0.000000,0.000000,0.000000,0.000000,0.000000,0.000000,0.000000,0.000000,0,0
179487000000,179588000000,6274140245,102,38663475,0.005318,0.021120,0.022520,0.000224,0.020510,0.038450,0.057310,0.000000,0.039060,0.114300,3.013000,0.011560,0.000000,0.000000,0.005318,0,0
179588000000,179700000000,6274140245,102,38663475,0.049500,0.055360,0.056270,0.000234,0.053340,0.060180,0.029970,0.000000,0.189500,0.064330,0.921800,0.000311,0.000000,0.000000,0.000882,0,0
179700000000,180000000000,6274140245,102,38663475,0.183300,0.060670,0.061830,0.000370,0.056090,0.060910,0.000222,0.000000,0.369600,0.017850,1.315000,0.000716,0.000000,0.000000,0.187700,0,0
180000000000,180240000000,6274140245,102,38663475,0.182600,0.060670,0.061830,0.000395,0.056150,0.060670,0.000010,0.000000,0.358400,0.000571,1.336000,0.000730,0.000000,0.000000,0.188200,0,0
180240000000,180300000000,6274140245,102,38663475,0.184100,0.060670,0.061830,0.000394,0.056150,0.060670,0.000010,0.000000,0.206500,0.000500,1.181000,0.000551,0.000000,0.000000,0.186800,0,0
180300000000,180600000000,6274140245,102,38663475,0.181400,0.060550,0.061830,0.000394,0.056150,0.060670,0.000008,0.000000,0.373500,0.000643,1.279000,0.000678,0.000000,0.000000,0.176500,0,0
180600000000,180748000000,6274140245,102,38663475,0.175300,0.060610,0.061830,0.000395,0.056150,0.060670,0.000010,0.000000,0.195300,0.000571,1.333000,0.000688,0.000000,0.000000,0.169700,0,0
180748000000,180770000000,6274140245,102,38663475,0.001625,0.005135,0.000000,0.005104,0.005104,0.056460,0.000000,0.000000,0.017880,0.000000,1.310000,0.000662,0.000000,0.000000,0.000000,0,1
180770000000,180771000000,6274140245,102,38663475,0.000000,0.000000,0.000000,0.000000,0.000000,0.000000,0.000000,0.000000,0.000000,0.000000,1.310000,0.000662,0.000000,0.000000,0.000000,0,0
180788000000,180900000000,6274140245,102,5015626000,0.000000,0.000000,0.000000,0.000000,0.000000,0.000000,0.000000,0.000000,0.000000,0.000000,0.000000,0.000000,0.000000,0.000000,0.000000,0,0
180900000000,181052000000,6274140245,102,5015626000,0.000000,0.000000,0.000000,0.000000,0.000000,0.000000,0.000000,0.000000,0.000000,0.000000,0.000000,0.000000,0.000000,0.000000,0.000000,0,0
181052000000,181193000000,6274140245,102,5015626000,0.003220,0.016240,0.017880,0.000153,0.015750,0.027100,0.026490,0.000000,0.026550,0.108800,7.279000,0.000000,0.000000,0.000000,0.000328,0,0
181193000000,181200000000,6274140245,102,5015626000,0.009399,0.027310,0.031070,0.000001,0.026400,0.027310,0.039370,0.000000,0.010970,0.039370,4.116000,0.000000,0.000000,0.000000,0.000010,0,0
181200000000,181290000000,6274140245,102,5015626000,0.005241,0.049620,0.050540,0.000688,0.046630,0.056150,0.024660,0.000000,0.064090,0.067870,0.682100,0.000000,0.000000,0.000000,0.045170,0,0
181290000000,181305000000,6274140245,102,5015626000,0.003532,0.007393,0.003735,0.003498,0.003498,0.055420,0.000010,0.000000,0.026490,0.000072,0.672200,0.000000,0.000000,0.000000,0.000000,0,1
181305000000,181306000000,6274140245,102,5015626000,0.000000,0.000000,0.000000,0.000000,0.000000,0.000000,0.000000,0.000000,0.000000,0.000000,0.672200,0.000000,0.000000,0.000000,0.000000,0,0
181327000000,181500000000,6274140245,102,1335149,0.000000,0.000000,0.000000,0.000000,0.000000,0.000000,0.000000,0.000000,0.000000,0.000000,0.000000,0.000000,0.000000,0.000000,0.000000,0,0
181500000000,181531000000,6274140245,102,1335149,0.000000,0.000000,0.000000,0.000000,0.000000,0.000000,0.000000,0.000000,0.000000,0.000000,0.000000,0.000000,0.000000,0.000000,0.000000,0,0
181531000000,181742000000,6274140245,102,1335149,0.005508,0.031740,0.033020,0.000160,0.030210,0.058720,0.040280,0.000000,0.062620,0.121500,0.787000,0.000261,0.000000,0.000000,0.000215,0,0
181742000000,181800000000,6274140245,102,1335149,0.118700,0.061040,0.061220,0.000678,0.056400,0.061220,0.013150,0.000000,0.188200,0.061650,1.082000,0.000488,0.000000,0.000000,0.187700,0,0
181800000000,182100000000,6274140245,102,1335149,0.168000,0.061710,0.063110,0.000315,0.056030,0.061950,0.004913,0.000000,0.206300,0.057740,1.393000,0.000793,0.000000,0.000000,0.186300,0,0
182100000000,182234000000,6274140245,102,1335149,0.186800,0.061580,0.063110,0.000388,0.056150,0.061770,0.000012,0.000000,0.367700,0.001072,1.316000,0.000712,0.000000,0.000000,0.185500,0,0
182234000000,182400000000,6274140245,102,1335149,0.186800,0.061770,0.063110,0.000388,0.056150,0.061770,0.000005,0.000000,0.375000,0.000357,1.425000,0.000776,0.000000,0.000000,0.187300,0,0
182400000000,182700000000,6274140245,102,1335149,0.186500,0.061770,0.063110,0.000389,0.056150,0.061830,0.000005,0.000000,0.209000,0.000286,1.363000,0.000731,0.000000,0.000000,0.186500,0,0
182700000000,183000000000,6274140245,102,1335149,0.187000,0.061770,0.063110,0.000389,0.056150,0.061830,0.000004,0.000000,0.374500,0.000215,1.368000,0.000733,0.000000,0.000000,0.186800,0,0
183000000000,183300000000,6274140245,102,1335149,0.187000,0.061710,0.063110,0.000389,0.056150,0.061830,0.000004,0.000000,0.192100,0.000072,1.357000,0.000715,0.000000,0.000000,0.185500,0,0
183300000000,183600000000,6274140245,102,1335149,0.187300,0.061770,0.063110,0.000390,0.056150,0.061890,0.000003,0.000000,0.196500,0.000143,1.313000,0.000646,0.000000,0.000000,0.186300,0,0
183600000000,183900000000,6274140245,102,1335149,0.142300,0.061770,0.063110,0.000389,0.056150,0.061890,0.000012,0.000000,0.190900,0.001572,1.361000,0.000705,0.000000,0.000000,0.124100,0,0
183900000000,183961000000,6274140245,102,1335149,0.063230,0.061400,0.063110,0.002224,0.056150,0.061710,0.001444,0.000000,0.125500,0.035100,1.167000,0.000411,0.000000,0.000000,0.062500,0,0
183961000000,183980000000,6274140245,102,1335149,0.000108,0.000000,0.000000,0.000000,0.000000,0.000000,0.000304,0.000000,0.002045,0.003502,1.289000,0.000486,0.000000,0.000000,0.000000,0,0
183980000000,183981000000,6274140245,102,1335149,0.000000,0.000000,0.000000,0.000000,0.000000,0.000000,0.000000,0.000000,0.000000,0.000000,1.289000,0.000486,0.000000,0.000000,0.000000,0,0
