179235000000,179400000000,6274140245,103,564469055,0.000000,0.000000,0.000000,0.000000,0.000000,0.000000,0.000000,0.000000,0.000000,0.000000,0.000000,0.000000,0.000000,0.000000,0.000000,0,0
179400000000,179610000000,6274140245,103,564469055,0.000000,0.000000,0.000000,0.000000,0.000000,0.000000,0.000000,0.000000,0.000000,0.000000,0.000000,0.000000,0.000000,0.000000,0.000000,0,0
179610000000,179700000000,6274140245,103,564469055,0.006500,0.020510,0.021580,0.000130,0.019930,0.053040,0.050480,0.000000,0.016200,0.071900,1.095000,0.001720,0.000000,0.000000,0.004707,0,0
179700000000,179727000000,6274140245,103,564469055,0.013810,0.053100,0.054320,0.000218,0.051940,0.053410,0.043950,0.000000,0.062870,0.052310,17.950000,0.087830,0.000000,0.000000,0.062500,0,0
179727000000,180000000000,6274140245,103,564469055,0.167700,0.060550,0.061650,0.000898,0.056580,0.062010,0.005028,0.000000,0.198000,0.113400,1.330000,0.000777,0.000000,0.000000,0.187300,0,0
180000000000,180216000000,6274140245,103,564469055,0.183600,0.060490,0.062070,0.000322,0.056090,0.060550,0.000132,0.000000,0.196000,0.018490,1.360000,0.000764,0.000000,0.000000,0.186800,0,0
180216000000,180300000000,6274140245,103,564469055,0.187300,0.060550,0.062070,0.000327,0.056090,0.060610,0.000010,0.000000,0.189500,0.000643,1.379000,0.000795,0.000000,0.000000,0.186500,0,0
180300000000,180600000000,6274140245,103,564469055,0.187300,0.060550,0.062070,0.000328,0.056090,0.060610,0.000008,0.000000,0.318800,0.001143,1.337000,0.000781,0.000000,0.000000,0.187300,0,0
180600000000,180900000000,6274140245,103,564469055,0.187000,0.060490,0.062070,0.000328,0.056090,0.060610,0.000003,0.000000,0.206500,0.000072,1.327000,0.000695,0.000000,0.000000,0.187000,0,0
180900000000,181200000000,6274140245,103,564469055,0.187300,0.060610,0.062070,0.000329,0.056090,0.060670,0.000004,0.000000,0.207000,0.000143,1.350000,0.000736,0.000000,0.000000,0.188500,0,0
181200000000,181500000000,6274140245,103,564469055,0.187300,0.060550,0.062070,0.000329,0.056090,0.060670,0.000004,0.000000,0.206100,0.000286,1.298000,0.000726,0.000000,0.000000,0.187500,0,0
181500000000,181800000000,6274140245,103,564469055,0.187000,0.060550,0.062070,0.000329,0.056090,0.060670,0.000007,0.000000,0.206300,0.000857,1.337000,0.000722,0.000000,0.000000,0.187000,0,0
181800000000,182100000000,6274140245,103,564469055,0.187300,0.060610,0.062070,0.000330,0.056090,0.060670,0.000003,0.000000,0.206500,0.000072,1.339000,0.000740,0.000000,0.000000,0.189000,0,0
182100000000,182400000000,6274140245,103,564469055,0.187300,0.060670,0.062070,0.000330,0.056090,0.060670,0.000004,0.000000,0.206300,0.000072,1.344000,0.000736,0.000000,0.000000,0.187300,0,0
182400000000,182700000000,6274140245,103,564469055,0.187300,0.060610,0.062070,0.000337,0.056090,0.060670,0.000044,0.000000,0.319300,0.005287,1.297000,0.000675,0.000000,0.000000,0.187700,0,0
182700000000,183000000000,6274140245,103,564469055,0.187000,0.060610,0.062070,0.000368,0.056150,0.060670,0.000004,0.000000,0.204600,0.000143,1.266000,0.000672,0.000000,0.000000,0.188500,0,0
183000000000,183300000000,6274140245,103,564469055,0.187000,0.060610,0.062070,0.000365,0.056150,0.060730,0.000003,0.000000,0.211900,0.000286,1.291000,0.000670,0.000000,0.000000,0.187700,0,0
183300000000,183600000000,6274140245,103,564469055,0.187000,0.060610,0.062070,0.000333,0.056090,0.060730,0.000004,0.000000,0.206500,0.000143,1.324000,0.000702,0.000000,0.000000,0.187000,0,0
183600000000,183900000000,6274140245,103,564469055,0.137500,0.060550,0.062070,0.000318,0.056090,0.060670,0.000006,0.000000,0.201200,0.000215,1.324000,0.000654,0.000000,0.000000,0.187300,0,0
183900000000,183962000000,6274140245,103,564469055,0.057560,0.060240,0.062070,0.002995,0.056090,0.060360,0.002407,0.000000,0.071170,0.052430,1.388000,0.000717,0.000000,0.000000,0.062190,0,0
183962000000,183981000000,6274140245,103,564469055,0.000112,0.000000,0.000000,0.000000,0.000000,0.000000,0.000109,0.000000,0.002136,0.001715,1.286000,0.000588,0.000000,0.000000,0.000000,0,0
183981000000,183983000000,6274140245,103,564469055,0.000000,0.000000,0.000000,0.000000,0.000000,0.000000,0.000000,0.000000,0.000000,0.000000,1.286000,0.000588,0.000000,0.000000,0.000000,0,0
