179241000000,179400000000,6274140245,104,549346378,0.000000,0.000000,0.000000,0.000000,0.000000,0.000000,0.000000,0.000000,0.000000,0.000000,0.000000,0.000000,0.000000,0.000000,0.000000,0,0
179400000000,179446000000,6274140245,104,549346378,0.000000,0.000000,0.000000,0.000000,0.000000,0.000000,0.000000,0.000000,0.000000,0.000000,0.000000,0.000000,0.000000,0.000000,0.000000,0,0
179446000000,179605000000,6274140245,104,549346378,0.008499,0.033450,0.034240,0.000204,0.032410,0.053340,0.044620,0.000000,0.066040,0.093380,0.756500,0.000744,0.000000,0.000000,0.007584,0,0
179605000000,179612000000,6274140245,104,549346378,0.009735,0.053830,0.054200,0.004532,0.052120,0.054440,0.037170,0.000000,0.037900,0.063720,0.526900,0.000178,0.000000,0.000000,0.002415,0,0
179612000000,179637000000,6274140245,104,549346378,0.011310,0.000000,0.000000,0.002102,0.002102,0.000000,0.000000,0.000000,0.141400,0.000000,0.526900,0.000178,0.000000,0.000000,0.000000,0,1
179637000000,179638000000,6274140245,104,549346378,0.000000,0.000000,0.000000,0.000000,0.000000,0.000000,0.000000,0.000000,0.000000,0.000000,0.526900,0.000178,0.000000,0.000000,0.000000,0,0
179655000000,179700000000,6274140245,104,549346378,0.005608,0.009369,0.010710,0.000271,0.008667,0.019320,0.043270,0.000000,0.017330,0.066410,27.360000,0.132000,0.000000,0.000000,0.003220,0,0
179700000000,179804000000,6274140245,104,549346378,0.008224,0.040530,0.041260,0.000080,0.039370,0.054870,0.044920,0.000000,0.062620,0.086180,29.400000,0.142800,0.000000,0.000000,0.008118,0,0
179804000000,179805000000,6274140245,104,549346378,0.047420,0.054140,0.000000,0.000000,0.000000,0.054140,0.000000,0.000000,0.047420,0.000000,0.000000,0.000000,0.000000,0.000000,0.000001,0,0
179805000000,179825000000,6274140245,104,549346378,0.000000,0.002708,0.000000,0.002628,0.002628,0.054140,0.000000,0.000000,0.000000,0.000000,30.100000,0.141700,0.000000,0.000000,0.000000,0,1
179825000000,179826000000,6274140245,104,549346378,0.000000,0.000000,0.000000,0.000000,0.000000,0.000000,0.000000,0.000000,0.000000,0.000000,25.810000,0.108300,0.000000,0.000000,0.000000,0,0
179833000000,179944000000,6274140245,104,4820101410,0.027530,0.024170,0.025850,0.002918,0.023130,0.056340,0.030000,0.000000,0.186300,0.159200,0.833400,0.000000,0.000000,0.000000,0.055420,0,0
179944000000,179968000000,6274140245,104,4820101410,0.004166,0.000000,0.000000,0.000000,0.000000,0.000000,0.000000,0.000000,0.025020,0.000000,0.854800,0.000000,0.000000,0.000000,0.000000,0,1
179968000000,179973000000,6274140245,104,4820101410,0.000000,0.000000,0.000000,0.000000,0.000000,0.000000,0.000000,0.000000,0.000000,0.000000,15.860000,0.000000,0.000000,0.000000,0.000000,0,0
179989000000,180000000000,6274140245,104,4820101410,0.005013,0.000857,0.003887,0.000410,0.000657,0.002350,0.034180,0.000000,0.042180,0.111900,0.000000,0.000000,0.000000,0.000000,0.000672,0,0
180000000000,180300000000,6274140245,104,4820101410,0.012660,0.046750,0.047360,0.000116,0.043580,0.060300,0.038270,0.000000,0.201200,0.179200,0.906900,0.000000,0.000000,0.000000,0.007706,0,0
180300000000,180365000000,6274140245,104,4820101410,0.002651,0.060240,0.060240,0.000044,0.055660,0.060300,0.035580,0.000000,0.055600,0.071410,31.570000,0.000000,0.000000,0.000000,0.003475,0,0
180365000000,180516000000,6274140245,104,4820101410,0.003738,0.060240,0.060240,0.000419,0.055660,0.060300,0.038700,0.000000,0.063600,0.071530,10.350000,0.000000,0.000000,0.000000,0.000518,0,0
180516000000,180534000000,6274140245,104,4820101410,0.001123,0.000000,0.000000,0.000000,0.000000,0.000000,0.000000,0.000000,0.010120,0.000000,8.422000,0.000000,0.000000,0.000000,0.000000,0,1
180534000000,180536000000,6274140245,104,4820101410,0.000000,0.000000,0.000000,0.000000,0.000000,0.000000,0.000000,0.000000,0.000000,0.000000,8.422000,0.000000,0.000000,0.000000,0.000000,0,0
180551000000,180600000000,6274140245,104,1018836875,0.000000,0.000000,0.000000,0.000000,0.000000,0.000000,0.000000,0.000000,0.000000,0.000000,0.000000,0.000000,0.000000,0.000000,0.000000,0,0
180600000000,180765000000,6274140245,104,1018836875,0.000000,0.000000,0.000000,0.000000,0.000000,0.000000,0.000000,0.000000,0.000000,0.000000,0.000000,0.000000,0.000000,0.000000,0.000000,0,0
180765000000,180900000000,6274140245,104,1018836875,0.004707,0.021390,0.022400,0.000127,0.020140,0.050350,0.039550,0.000000,0.086790,0.110400,1.430000,0.002111,0.000000,0.000000,0.004128,0,0
180900000000,180937000000,6274140245,104,1018836875,0.011150,0.050350,0.050350,0.000004,0.047550,0.050350,0.030700,0.000000,0.086790,0.030700,11.510000,0.047030,0.000000,0.000000,0.086790,0,0
180937000000,180939000000,6274140245,104,1018836875,0.027310,0.049620,0.000000,0.047420,0.047420,0.049620,0.000000,0.000000,0.027310,0.000000,11.510000,0.047030,0.000000,0.000000,0.000000,0,0
180939000000,180958000000,6274140245,104,1018836875,0.000000,0.000000,0.000000,0.000000,0.000000,0.000000,0.000000,0.000000,0.000000,0.000000,11.510000,0.047030,0.000000,0.000000,0.000000,0,1
180958000000,180959000000,6274140245,104,1018836875,0.000000,0.000000,0.000000,0.000000,0.000000,0.000000,0.000000,0.000000,0.000000,0.000000,11.510000,0.047030,0.000000,0.000000,0.000000,0,0
180975000000,181175000000,6274140245,104,1018836875,0.005737,0.027530,0.029210,0.000139,0.026490,0.050420,0.028810,0.000000,0.093630,0.097900,42.880000,0.187400,0.000000,0.000000,0.000206,0,0
181175000000,181190000000,6274140245,104,1018836875,0.003960,0.000000,0.000000,0.006348,0.006348,0.000000,0.000000,0.000000,0.019810,0.000000,41.510000,0.189700,0.000000,0.000000,0.000000,0,1
181190000000,181191000000,6274140245,104,1018836875,0.000000,0.000000,0.000000,0.000000,0.000000,0.000000,0.000000,0.000000,0.000000,0.000000,41.510000,0.189700,0.000000,0.000000,0.000000,0,0
181191000000,181200000000,6274140245,104,1018836875,0.000000,0.000000,0.000000,0.000000,0.000000,0.000000,0.000000,0.000000,0.000000,0.000000,0.000000,0.000000,0.000000,0.000000,0.000000,0,0
181207000000,181397000000,6274140245,104,1018836875,0.006020,0.024900,0.026180,0.000138,0.023740,0.050420,0.031920,0.000000,0.231200,0.103300,33.860000,0.151200,0.000000,0.000000,0.000345,0,0
181397000000,181412000000,6274140245,104,1018836875,0.011090,0.006630,0.000000,0.003399,0.003399,0.049680,0.000000,0.000000,0.083130,0.000000,0.000000,0.000000,0.000000,0.000000,0.000001,0,1
181412000000,181413000000,6274140245,104,1018836875,0.000000,0.000000,0.000000,0.000000,0.000000,0.000000,0.000000,0.000000,0.000000,0.000000,0.000000,0.000000,0.000000,0.000000,0.000000,0,0
181433000000,181500000000,6274140245,104,1018836875,0.003590,0.008972,0.010500,0.000297,0.008118,0.020630,0.025570,0.000000,0.018040,0.097170,1.056000,0.001427,0.000000,0.000000,0.000054,0,0
181500000000,181637000000,6274140245,104,1018836875,0.002686,0.029390,0.033750,0.000370,0.031430,0.035830,0.031740,0.000000,0.015870,0.068970,2.210000,0.007147,0.000000,0.000000,0.004410,0,0
181637000000,181652000000,6274140245,104,1018836875,0.038940,0.003128,0.000000,0.002987,0.002987,0.046940,0.000000,0.000000,0.584000,0.000000,0.703500,0.000705,0.000000,0.000000,0.000000,0,1
181652000000,181653000000,6274140245,104,1018836875,0.000000,0.000000,0.000000,0.000000,0.000000,0.000000,0.000000,0.000000,0.000000,0.000000,0.703500,0.000705,0.000000,0.000000,0.000000,0,0
181677000000,181800000000,6274140245,104,332416743,0.000000,0.000000,0.000000,0.000000,0.000000,0.000000,0.000000,0.000000,0.000000,0.000000,0.000000,0.000000,0.000000,0.000000,0.000000,0,0
181800000000,181844000000,6274140245,104,332416743,0.000000,0.000000,0.000000,0.000000,0.000000,0.000000,0.000000,0.000000,0.000000,0.000000,0.000000,0.000000,0.000000,0.000000,0.000000,0,0
181844000000,182100000000,6274140245,104,332416743,0.102800,0.049010,0.050170,0.000269,0.045780,0.061100,0.028290,0.000000,0.190400,0.186500,1.320000,0.000679,0.000000,0.000000,0.188000,0,0
182100000000,182400000000,6274140245,104,332416743,0.186800,0.061100,0.061340,0.000160,0.055910,0.061160,0.000195,0.000000,0.374500,0.029140,1.272000,0.000656,0.000000,0.000000,0.187500,0,0
182400000000,182700000000,6274140245,104,332416743,0.187000,0.061220,0.061340,0.000080,0.055850,0.061220,0.000012,0.000000,0.191400,0.001215,1.308000,0.000645,0.000000,0.000000,0.187700,0,0
182700000000,183000000000,6274140245,104,332416743,0.186800,0.061100,0.061340,0.000047,0.055790,0.061220,0.000037,0.000000,0.374000,0.009995,1.261000,0.000607,0.000000,0.000000,0.187500,0,0
183000000000,183300000000,6274140245,104,332416743,0.187000,0.061160,0.061340,0.000048,0.055790,0.061220,0.000006,0.000000,0.193100,0.000714,1.341000,0.000717,0.000000,0.000000,0.189000,0,0
183300000000,183600000000,6274140245,104,332416743,0.187000,0.061100,0.061340,0.000048,0.055790,0.061160,0.000006,0.000000,0.191900,0.000929,1.318000,0.000676,0.000000,0.000000,0.187700,0,0
183600000000,183900000000,6274140245,104,332416743,0.132300,0.061040,0.061340,0.000048,0.055790,0.061160,0.000030,0.000000,0.204100,0.006569,1.319000,0.000680,0.000000,0.000000,0.125000,0,0
183900000000,184073000000,6274140245,104,332416743,0.055540,0.060790,0.061340,0.001368,0.055850,0.060790,0.001125,0.000000,0.067990,0.046810,1.276000,0.000577,0.000000,0.000000,0.062620,0,0
184073000000,184091000000,6274140245,104,332416743,0.000103,0.000000,0.000000,0.000000,0.000000,0.000000,0.000048,0.000000,0.001862,0.000857,1.042000,0.000276,0.000000,0.000000,0.000000,0,0
184091000000,184093000000,6274140245,104,332416743,0.000000,0.000000,0.000000,0.000000,0.000000,0.000000,0.000000,0.000000,0.000000,0.000000,1.042000,0.000276,0.000000,0.000000,0.000000,0,0
