179238000000,179400000000,6274140245,105,257499227,0.000000,0.000000,0.000000,0.000000,0.000000,0.000000,0.000000,0.000000,0.000000,0.000000,0.000000,0.000000,0.000000,0.000000,0.000000,0,0
179400000000,179552000000,6274140245,105,257499227,0.000000,0.000000,0.000000,0.000000,0.000000,0.000000,0.000000,0.000000,0.000000,0.000000,0.000000,0.000000,0.000000,0.000000,0.000000,0,0
179552000000,179634000000,6274140245,105,257499227,0.001965,0.008011,0.009384,0.000459,0.007095,0.018070,0.024380,0.000000,0.014690,0.103800,3.129000,0.011700,0.000000,0.000000,0.002312,0,0
179634000000,179700000000,6274140245,105,257499227,0.001842,0.026150,0.027160,0.000016,0.025050,0.030210,0.025760,0.000000,0.006912,0.045650,6.528000,0.028660,0.000000,0.000000,0.000356,0,0
179700000000,180000000000,6274140245,105,257499227,0.056820,0.049130,0.050780,0.000169,0.046880,0.061160,0.017300,0.000000,0.375000,0.159700,1.271000,0.000624,0.000000,0.000000,0.004166,0,0
180000000000,180300000000,6274140245,105,257499227,0.186300,0.061040,0.061710,0.000360,0.056090,0.061160,0.000088,0.000000,0.188700,0.019650,1.354000,0.000704,0.000000,0.000000,0.184600,0,0
180300000000,180600000000,6274140245,105,257499227,0.186800,0.061100,0.061710,0.000397,0.056150,0.061160,0.000009,0.000000,0.191700,0.001286,1.359000,0.000687,0.000000,0.000000,0.187700,0,0
180600000000,180736000000,6274140245,105,257499227,0.186800,0.061040,0.061710,0.000397,0.056150,0.061160,0.000004,0.000000,0.189900,0.000072,1.384000,0.000721,0.000000,0.000000,0.185100,0,0
180736000000,180900000000,6274140245,105,257499227,0.185800,0.061100,0.061710,0.000397,0.056150,0.061160,0.000006,0.000000,0.191900,0.000357,1.413000,0.000747,0.000000,0.000000,0.188000,0,0
180900000000,181200000000,6274140245,105,257499227,0.185100,0.061100,0.061710,0.000397,0.056150,0.061220,0.000004,0.000000,0.191400,0.000072,1.478000,0.000788,0.000000,0.000000,0.187500,0,0
181200000000,181500000000,6274140245,105,257499227,0.184600,0.061040,0.061710,0.000390,0.056150,0.061160,0.000006,0.000000,0.373000,0.000428,1.401000,0.000739,0.000000,0.000000,0.185500,0,0
181500000000,181800000000,6274140245,105,257499227,0.184800,0.061040,0.061710,0.000367,0.056150,0.061160,0.000004,0.000000,0.191900,0.000143,1.439000,0.000754,0.000000,0.000000,0.186000,0,0
181800000000,182100000000,6274140245,105,257499227,0.184800,0.061100,0.061710,0.000367,0.056150,0.061160,0.000013,0.000000,0.190400,0.002430,1.458000,0.000779,0.000000,0.000000,0.187000,0,0
182100000000,182400000000,6274140245,105,257499227,0.185500,0.061100,0.061710,0.000369,0.056150,0.061160,0.000004,0.000000,0.199200,0.000286,1.392000,0.000721,0.000000,0.000000,0.186800,0,0
182400000000,182700000000,6274140245,105,257499227,0.185300,0.061100,0.061710,0.000369,0.056150,0.061160,0.000006,0.000000,0.205800,0.000643,1.410000,0.000745,0.000000,0.000000,0.186300,0,0
182700000000,183000000000,6274140245,105,257499227,0.185300,0.061100,0.061710,0.000370,0.056150,0.061160,0.000004,0.000000,0.200700,0.000215,1.422000,0.000785,0.000000,0.000000,0.185500,0,0
183000000000,183300000000,6274140245,105,257499227,0.185800,0.061100,0.061710,0.000369,0.056150,0.061160,0.000008,0.000000,0.375000,0.001215,1.433000,0.000789,0.000000,0.000000,0.186300,0,0
183300000000,183600000000,6274140245,105,257499227,0.186800,0.061160,0.061710,0.000384,0.056150,0.061220,0.000024,0.000000,0.206500,0.005501,1.348000,0.000712,0.000000,0.000000,0.187300,0,0
183600000000,183900000000,6274140245,105,257499227,0.178500,0.061160,0.061710,0.000408,0.056150,0.061220,0.000007,0.000000,0.206100,0.000714,1.395000,0.000771,0.000000,0.000000,0.187500,0,0
183900000000,183930000000,6274140245,105,257499227,0.001465,0.060790,0.061710,0.002274,0.056210,0.060970,0.002151,0.000000,0.062500,0.028720,1.397000,0.000750,0.000000,0.000000,0.062500,0,0
183930000000,183944000000,6274140245,105,257499227,0.000658,0.000000,0.000000,0.000000,0.000000,0.000000,0.000072,0.000000,0.009216,0.000999,3.147000,0.012200,0.000000,0.000000,0.000000,0,0
183944000000,183945000000,6274140245,105,257499227,0.000000,0.000000,0.000000,0.000000,0.000000,0.000000,0.000000,0.000000,0.000000,0.000000,3.147000,0.012200,0.000000,0.000000,0.000000,0,0
