179249000000,179400000000,6274140245,106,367886062,0.000000,0.000000,0.000000,0.000000,0.000000,0.000000,0.000000,0.000000,0.000000,0.000000,0.000000,0.000000,0.000000,0.000000,0.000000,0,0
179400000000,179700000000,6274140245,106,367886062,0.000000,0.000000,0.000000,0.000000,0.000000,0.000000,0.000000,0.000000,0.000000,0.000000,0.000000,0.000000,0.000000,0.000000,0.000000,0,0
179700000000,179821000000,6274140245,106,367886062,0.000000,0.000000,0.000000,0.000000,0.000000,0.000000,0.000000,0.000000,0.000000,0.000000,0.000000,0.000000,0.000000,0.000000,0.000000,0,0
179821000000,179967000000,6274140245,106,367886062,0.002419,0.011370,0.012710,0.000317,0.010600,0.029880,0.021970,0.000000,0.019870,0.092900,1.277000,0.003169,0.000000,0.000000,0.000859,0,0
179967000000,180000000000,6274140245,106,367886062,0.003349,0.032840,0.034060,0.000012,0.031980,0.036680,0.031620,0.000000,0.009674,0.057130,3.126000,0.012920,0.000000,0.000000,0.007027,0,0
180000000000,180300000000,6274140245,106,367886062,0.022220,0.048280,0.050170,0.000208,0.046570,0.061400,0.016110,0.000000,0.373500,0.098020,0.824000,0.001305,0.000000,0.000000,0.000001,0,0
180300000000,180600000000,6274140245,106,367886062,0.103900,0.061340,0.061400,0.000073,0.055790,0.061400,0.006783,0.000000,0.375000,0.033510,1.403000,0.000778,0.000000,0.000000,0.174600,0,0
180600000000,180900000000,6274140245,106,367886062,0.053530,0.061340,0.061340,0.000064,0.055730,0.061400,0.018860,0.000000,0.209000,0.054260,1.367000,0.000827,0.000000,0.000000,0.000829,0,0
180900000000,181200000000,6274140245,106,367886062,0.125200,0.061460,0.062620,0.000246,0.055970,0.061770,0.007103,0.000000,0.345200,0.043090,1.381000,0.000790,0.000000,0.000000,0.000501,0,0
181200000000,181222000000,6274140245,106,367886062,0.183100,0.061520,0.063230,0.000360,0.056090,0.061520,0.000003,0.000000,0.188500,0.000072,1.305000,0.000707,0.000000,0.000000,0.187500,0,0
181222000000,181500000000,6274140245,106,367886062,0.182900,0.061460,0.063230,0.000350,0.056090,0.061520,0.000019,0.000000,0.357900,0.001999,1.324000,0.000734,0.000000,0.000000,0.188000,0,0
181500000000,181800000000,6274140245,106,367886062,0.183100,0.061520,0.063230,0.000338,0.056090,0.061580,0.000011,0.000000,0.308600,0.001286,1.358000,0.000733,0.000000,0.000000,0.181600,0,0
181800000000,182100000000,6274140245,106,367886062,0.182900,0.061580,0.063230,0.000309,0.056090,0.061580,0.000004,0.000000,0.367700,0.000143,1.350000,0.000719,0.000000,0.000000,0.185800,0,0
182100000000,182400000000,6274140245,106,367886062,0.183100,0.061460,0.063230,0.000298,0.056030,0.061650,0.000030,0.000000,0.355500,0.006500,1.347000,0.000698,0.000000,0.000000,0.184800,0,0
182400000000,182700000000,6274140245,106,367886062,0.182600,0.061580,0.063230,0.000274,0.056030,0.061650,0.000003,0.000000,0.372600,0.000143,1.357000,0.000748,0.000000,0.000000,0.188500,0,0
182700000000,183000000000,6274140245,106,367886062,0.182900,0.061520,0.063230,0.000264,0.056030,0.061580,0.000004,0.000000,0.342800,0.000143,1.355000,0.000771,0.000000,0.000000,0.182600,0,0
183000000000,183300000000,6274140245,106,367886062,0.183300,0.061460,0.063230,0.000254,0.056030,0.061520,0.000007,0.000000,0.197300,0.000786,1.299000,0.000685,0.000000,0.000000,0.186800,0,0
183300000000,183600000000,6274140245,106,367886062,0.182900,0.061520,0.063230,0.000251,0.056030,0.061580,0.000014,0.000000,0.192100,0.003071,1.324000,0.000687,0.000000,0.000000,0.175500,0,0
183600000000,183900000000,6274140245,106,367886062,0.157000,0.061520,0.063230,0.000248,0.056030,0.061580,0.000003,0.000000,0.190700,0.000143,1.349000,0.000739,0.000000,0.000000,0.125000,0,0
183900000000,183961000000,6274140245,106,367886062,0.000937,0.060910,0.062740,0.002090,0.056030,0.061400,0.001945,0.000000,0.038270,0.038880,1.472000,0.000655,0.000000,0.000000,0.000116,0,0
183961000000,183982000000,6274140245,106,367886062,0.000142,0.000000,0.000000,0.000000,0.000000,0.000000,0.000037,0.000000,0.002991,0.000786,1.810000,0.002332,0.000000,0.000000,0.000000,0,0
183982000000,183983000000,6274140245,106,367886062,0.000000,0.000000,0.000000,0.000000,0.000000,0.000000,0.000072,0.000000,0.000000,0.000072,2.956000,0.008287,0.000000,0.000000,0.000000,0,0
