179236000000,179400000000,6274140245,107,400426650,0.000000,0.000000,0.000000,0.000000,0.000000,0.000000,0.000000,0.000000,0.000000,0.000000,0.000000,0.000000,0.000000,0.000000,0.000000,0,0
179400000000,179471000000,6274140245,107,400426650,0.000000,0.000000,0.000000,0.000000,0.000000,0.000000,0.000000,0.000000,0.000000,0.000000,0.000000,0.000000,0.000000,0.000000,0.000000,0,0
179471000000,179623000000,6274140245,107,400426650,0.007599,0.031220,0.032530,0.000136,0.029970,0.057370,0.053590,0.000000,0.062870,0.128700,1.278000,0.002809,0.000000,0.000000,0.004272,0,0
179623000000,179700000000,6274140245,107,400426650,0.104600,0.060240,0.061950,0.000423,0.056090,0.061580,0.016300,0.000000,0.188700,0.104900,1.226000,0.000684,0.000000,0.000000,0.010830,0,0
179700000000,180000000000,6274140245,107,400426650,0.186300,0.061460,0.061770,0.000356,0.056090,0.061770,0.000410,0.000000,0.206500,0.056520,1.352000,0.000740,0.000000,0.000000,0.188000,0,0
180000000000,180170000000,6274140245,107,400426650,0.188200,0.061340,0.061770,0.000229,0.055970,0.061400,0.000051,0.000000,0.356000,0.005432,1.324000,0.000692,0.000000,0.000000,0.186300,0,0
180170000000,180300000000,6274140245,107,400426650,0.186800,0.061460,0.061770,0.000206,0.055970,0.061460,0.000030,0.000000,0.194100,0.001785,1.329000,0.000709,0.000000,0.000000,0.187000,0,0
180300000000,180600000000,6274140245,107,400426650,0.186500,0.061400,0.061770,0.000145,0.055910,0.061520,0.000045,0.000000,0.205800,0.010860,1.348000,0.000728,0.000000,0.000000,0.188200,0,0
180600000000,180900000000,6274140245,107,400426650,0.187000,0.061340,0.061770,0.000072,0.055850,0.061460,0.000010,0.000000,0.193400,0.001715,1.298000,0.000655,0.000000,0.000000,0.187000,0,0
180900000000,181200000000,6274140245,107,400426650,0.186800,0.061400,0.061770,0.000060,0.055850,0.061520,0.000074,0.000000,0.198500,0.013720,1.370000,0.000771,0.000000,0.000000,0.187300,0,0
181200000000,181500000000,6274140245,107,400426650,0.187000,0.061460,0.061770,0.000055,0.055850,0.061520,0.000004,0.000000,0.375500,0.000143,1.367000,0.000735,0.000000,0.000000,0.188000,0,0
181500000000,181800000000,6274140245,107,400426650,0.186800,0.061400,0.061770,0.000044,0.055790,0.061520,0.000004,0.000000,0.375500,0.000072,1.332000,0.000702,0.000000,0.000000,0.186800,0,0
181800000000,182100000000,6274140245,107,400426650,0.187000,0.061400,0.061770,0.000035,0.055790,0.061520,0.000003,0.000000,0.193100,0.000143,1.366000,0.000688,0.000000,0.000000,0.185800,0,0
182100000000,182400000000,6274140245,107,400426650,0.186800,0.061460,0.061770,0.000019,0.055790,0.061520,0.000032,0.000000,0.206100,0.008713,1.376000,0.000735,0.000000,0.000000,0.186800,0,0
182400000000,182700000000,6274140245,107,400426650,0.187000,0.061460,0.061770,0.000019,0.055790,0.061520,0.000012,0.000000,0.205800,0.002144,1.323000,0.000667,0.000000,0.000000,0.186500,0,0
182700000000,183000000000,6274140245,107,400426650,0.186500,0.061520,0.061770,0.000012,0.055790,0.061520,0.000072,0.000000,0.376000,0.009003,1.340000,0.000733,0.000000,0.000000,0.186800,0,0
183000000000,183300000000,6274140245,107,400426650,0.187000,0.061460,0.061770,0.000064,0.055850,0.061460,0.000012,0.000000,0.375500,0.002285,1.359000,0.000724,0.000000,0.000000,0.187500,0,0
183300000000,183600000000,6274140245,107,400426650,0.187000,0.061400,0.061770,0.000065,0.055850,0.061460,0.000004,0.000000,0.375500,0.000072,1.362000,0.000711,0.000000,0.000000,0.186000,0,0
183600000000,183900000000,6274140245,107,400426650,0.112100,0.061220,0.061770,0.000057,0.055850,0.061460,0.000004,0.000000,0.190700,0.000215,1.407000,0.000730,0.000000,0.000000,0.187700,0,0
183900000000,183936000000,6274140245,107,400426650,0.001492,0.060610,0.061770,0.004738,0.055850,0.060790,0.008438,0.000000,0.030880,0.047910,1.442000,0.000682,0.000000,0.000000,0.000434,0,0
183936000000,183952000000,6274140245,107,400426650,0.000164,0.000000,0.000000,0.000000,0.000000,0.000000,0.000027,0.000000,0.002625,0.000357,1.483000,0.000853,0.000000,0.000000,0.000000,0,0
183952000000,183953000000,6274140245,107,400426650,0.000000,0.000000,0.000000,0.000000,0.000000,0.000000,0.000000,0.000000,0.000000,0.000000,3.592000,0.009562,0.000000,0.000000,0.000000,0,0
