179232000000,179400000000,6274140245,108,6566540,0.000000,0.000000,0.000000,0.000000,0.000000,0.000000,0.000000,0.000000,0.000000,0.000000,0.000000,0.000000,0.000000,0.000000,0.000000,0,0
179400000000,179597000000,6274140245,108,6566540,0.000000,0.000000,0.000000,0.000000,0.000000,0.000000,0.000000,0.000000,0.000000,0.000000,0.000000,0.000000,0.000000,0.000000,0.000000,0,0
179597000000,179688000000,6274140245,108,6566540,0.004417,0.015490,0.017000,0.000252,0.014980,0.032960,0.032040,0.000000,0.038090,0.059450,31.120000,0.146000,0.000000,0.000000,0.003769,0,0
179688000000,179700000000,6274140245,108,6566540,0.002552,0.034240,0.034910,0.000045,0.033450,0.034730,0.024930,0.000000,0.005569,0.035710,31.120000,0.146000,0.000000,0.000000,0.005569,0,0
179700000000,180000000000,6274140245,108,6566540,0.004066,0.033940,0.050290,0.000030,0.048030,0.053960,0.012150,0.000000,0.355000,0.052730,0.528600,0.000217,0.000000,0.000000,0.000250,0,0
180000000000,180284000000,6274140245,108,6566540,0.024900,0.058230,0.058720,0.000421,0.054630,0.063110,0.019740,0.000000,0.146500,0.090820,1.393000,0.000692,0.000000,0.000000,0.000867,0,0
180284000000,180300000000,6274140245,108,6566540,0.001120,0.000000,0.000000,0.003704,0.003704,0.000000,0.010970,0.000009,0.008957,0.034300,11.970000,0.047960,0.000000,0.000000,0.000000,0,0
180300000000,180304000000,6274140245,108,6566540,0.000000,0.000000,0.000000,0.000000,0.000000,0.000000,0.000000,0.000010,0.000000,0.000000,11.970000,0.047960,0.000000,0.000000,0.000000,0,1
180304000000,180305000000,6274140245,108,6566540,0.000000,0.000000,0.000000,0.000000,0.000000,0.000000,0.000000,0.000010,0.000000,0.000000,11.970000,0.047960,0.000000,0.000000,0.000000,0,0
180340000000,180521000000,6274140245,108,105374879,0.000000,0.000000,0.000000,0.000000,0.000000,0.000000,0.000000,0.000000,0.000000,0.000000,0.000000,0.000000,0.000000,0.000000,0.000000,0,0
180521000000,180600000000,6274140245,108,105374879,0.005058,0.018040,0.019130,0.000214,0.016690,0.032040,0.043400,0.000000,0.028690,0.065310,1.231000,0.001504,0.000000,0.000000,0.004486,0,0
180600000000,180699000000,6274140245,108,105374879,0.009415,0.050600,0.051640,0.000058,0.048340,0.059510,0.035400,0.000000,0.062620,0.090450,19.930000,0.088950,0.000000,0.000000,0.010270,0,0
180699000000,180900000000,6274140245,108,105374879,0.151600,0.061400,0.062260,0.000298,0.056030,0.061890,0.009140,0.000000,0.191700,0.066650,1.307000,0.000681,0.000000,0.000000,0.178500,0,0
180900000000,181070000000,6274140245,108,105374879,0.186800,0.061710,0.063110,0.000330,0.056090,0.061890,0.000156,0.000000,0.375500,0.017430,1.376000,0.000711,0.000000,0.000000,0.187700,0,0
181070000000,181200000000,6274140245,108,105374879,0.186300,0.061650,0.063110,0.000360,0.056090,0.061710,0.000007,0.000000,0.374500,0.000215,1.363000,0.000748,0.000000,0.000000,0.187500,0,0
181200000000,181500000000,6274140245,108,105374879,0.187300,0.061710,0.063110,0.000360,0.056090,0.061770,0.000009,0.000000,0.375000,0.001499,1.327000,0.000683,0.000000,0.000000,0.183300,0,0
181500000000,181800000000,6274140245,108,105374879,0.187300,0.061770,0.063110,0.000361,0.056150,0.061830,0.000005,0.000000,0.298800,0.000072,1.323000,0.000680,0.000000,0.000000,0.187000,0,0
181800000000,182100000000,6274140245,108,105374879,0.187000,0.061770,0.063110,0.000361,0.056150,0.061770,0.000005,0.000000,0.375000,0.000215,1.310000,0.000657,0.000000,0.000000,0.188700,0,0
182100000000,182400000000,6274140245,108,105374879,0.187000,0.061770,0.063110,0.000361,0.056150,0.061830,0.000015,0.000000,0.375500,0.002285,1.377000,0.000749,0.000000,0.000000,0.187500,0,0
182400000000,182700000000,6274140245,108,105374879,0.187300,0.061710,0.063110,0.000361,0.056150,0.061770,0.000006,0.000000,0.375000,0.000571,1.302000,0.000649,0.000000,0.000000,0.187500,0,0
182700000000,183000000000,6274140245,108,105374879,0.186300,0.061770,0.063110,0.000361,0.056150,0.061830,0.000007,0.000000,0.449200,0.000786,1.344000,0.000746,0.000000,0.000000,0.189000,0,0
183000000000,183300000000,6274140245,108,105374879,0.186800,0.061770,0.063110,0.000361,0.056150,0.061830,0.000005,0.000000,0.374000,0.000786,1.350000,0.000716,0.000000,0.000000,0.188000,0,0
183300000000,183600000000,6274140245,108,105374879,0.187000,0.061770,0.063110,0.000362,0.056150,0.061830,0.000004,0.000000,0.374000,0.000072,1.348000,0.000700,0.000000,0.000000,0.188700,0,0
183600000000,183900000000,6274140245,108,105374879,0.164800,0.061770,0.063110,0.000377,0.056150,0.061890,0.000042,0.000000,0.206100,0.008713,1.324000,0.000653,0.000000,0.000000,0.186500,0,0
183900000000,184200000000,6274140245,108,105374879,0.090090,0.061340,0.063110,0.000414,0.056150,0.061650,0.000070,0.000000,0.137500,0.008423,1.319000,0.000609,0.000000,0.000000,0.062620,0,0
184200000000,184407000000,6274140245,108,105374879,0.118400,0.061100,0.063110,0.000416,0.056210,0.061220,0.000005,0.000000,0.137500,0.000215,1.371000,0.000725,0.000000,0.000000,0.124300,0,0
184407000000,184500000000,6274140245,108,105374879,0.066410,0.061100,0.063110,0.000416,0.056210,0.061220,0.000019,0.000000,0.125500,0.000786,1.389000,0.000688,0.000000,0.000000,0.062740,0,0
184500000000,184571000000,6274140245,108,105374879,0.036990,0.060970,0.063110,0.001207,0.056210,0.061040,0.001205,0.000000,0.067020,0.027010,1.294000,0.000610,0.000000,0.000000,0.062620,0,0
184571000000,184590000000,6274140245,108,105374879,0.000151,0.000000,0.000000,0.000000,0.000000,0.000000,0.000139,0.000000,0.002869,0.001429,3.323000,0.012650,0.000000,0.000000,0.000000,0,0
184590000000,184591000000,6274140245,108,105374879,0.000000,0.000000,0.000000,0.000000,0.000000,0.000000,0.000000,0.000000,0.000000,0.000000,3.323000,0.012650,0.000000,0.000000,0.000000,0,0
