179227000000,179397000000,6274140245,109,305387622,0.000000,0.000000,0.000000,0.000000,0.000000,0.000000,0.000000,0.000000,0.000000,0.000000,0.000000,0.000000,0.000000,0.000000,0.000000,0,0
179397000000,179400000000,6274140245,109,305387622,0.003143,0.000581,0.003857,0.000343,0.000502,0.000885,0.056270,0.000000,0.004013,0.061710,0.000000,0.000000,0.000000,0.000000,0.001284,0,0
179400000000,179700000000,6274140245,109,305387622,0.116600,0.053160,0.054200,0.000293,0.049070,0.061890,0.020630,0.000000,0.192600,0.147700,1.225000,0.000585,0.000000,0.000000,0.186300,0,0
179700000000,180000000000,6274140245,109,305387622,0.183800,0.061710,0.062990,0.000383,0.056150,0.061770,0.000076,0.000000,0.298800,0.013570,1.362000,0.000709,0.000000,0.000000,0.188200,0,0
180000000000,180300000000,6274140245,109,305387622,0.183300,0.061710,0.062990,0.000389,0.056150,0.061770,0.000019,0.000000,0.201900,0.002785,1.314000,0.000695,0.000000,0.000000,0.171400,0,0
180300000000,180600000000,6274140245,109,305387622,0.184300,0.061770,0.062990,0.000388,0.056150,0.061770,0.000014,0.000000,0.205300,0.002930,1.385000,0.000766,0.000000,0.000000,0.186500,0,0
180600000000,180900000000,6274140245,109,305387622,0.184100,0.061710,0.062990,0.000385,0.056150,0.061830,0.000009,0.000000,0.204600,0.000571,1.404000,0.000808,0.000000,0.000000,0.185800,0,0
180900000000,181200000000,6274140245,109,305387622,0.184300,0.061710,0.062990,0.000384,0.056150,0.061770,0.000004,0.000000,0.203100,0.000072,1.420000,0.000764,0.000000,0.000000,0.187000,0,0
181200000000,181500000000,6274140245,109,305387622,0.185100,0.061710,0.062990,0.000385,0.056150,0.061770,0.000005,0.000000,0.373000,0.000286,1.395000,0.000758,0.000000,0.000000,0.185800,0,0
181500000000,181800000000,6274140245,109,305387622,0.184600,0.061770,0.062990,0.000385,0.056150,0.061830,0.000004,0.000000,0.204800,0.000215,1.355000,0.000724,0.000000,0.000000,0.185500,0,0
181800000000,182100000000,6274140245,109,305387622,0.185300,0.061770,0.062990,0.000386,0.056150,0.061830,0.000004,0.000000,0.205600,0.000215,1.308000,0.000692,0.000000,0.000000,0.186800,0,0
182100000000,182400000000,6274140245,109,305387622,0.184800,0.061710,0.062990,0.000386,0.056150,0.061830,0.000004,0.000000,0.205800,0.000143,1.362000,0.000733,0.000000,0.000000,0.186000,0,0
182400000000,182700000000,6274140245,109,305387622,0.185100,0.061710,0.062990,0.000386,0.056150,0.061770,0.000004,0.000000,0.205300,0.000143,1.367000,0.000695,0.000000,0.000000,0.186500,0,0
182700000000,183000000000,6274140245,109,305387622,0.184800,0.061770,0.062990,0.000400,0.056150,0.061830,0.000031,0.000000,0.373000,0.008286,1.373000,0.000741,0.000000,0.000000,0.188500,0,0
183000000000,183300000000,6274140245,109,305387622,0.185300,0.061770,0.062990,0.000424,0.056210,0.061770,0.000005,0.000000,0.384800,0.000143,1.357000,0.000744,0.000000,0.000000,0.186300,0,0
183300000000,183600000000,6274140245,109,305387622,0.185500,0.061710,0.062990,0.000424,0.056210,0.061830,0.000006,0.000000,0.191700,0.000571,1.338000,0.000727,0.000000,0.000000,0.186800,0,0
183600000000,183900000000,6274140245,109,305387622,0.108300,0.061280,0.062990,0.000424,0.056210,0.061770,0.000008,0.000000,0.190700,0.001286,1.355000,0.000692,0.000000,0.000000,0.062500,0,0
183900000000,183970000000,6274140245,109,305387622,0.043090,0.060970,0.062990,0.001225,0.056210,0.060970,0.000835,0.000000,0.064700,0.023990,1.225000,0.000620,0.000000,0.000000,0.059690,0,0
183970000000,183989000000,6274140245,109,305387622,0.000822,0.000000,0.000000,0.000000,0.000000,0.000000,0.000000,0.000000,0.015620,0.000000,1.144000,0.000535,0.000000,0.000000,0.000000,0,0
183989000000,183991000000,6274140245,109,305387622,0.000000,0.000000,0.000000,0.000000,0.000000,0.000000,0.000000,0.000000,0.000000,0.000000,1.144000,0.000535,0.000000,0.000000,0.000000,0,0
