179235000000,179400000000,6274140245,11,329150663,0.000000,0.000000,0.000000,0.000000,0.000000,0.000000,0.000000,0.000000,0.000000,0.000000,0.000000,0.000000,0.000000,0.000000,0.000000,0,0
179400000000,179511000000,6274140245,11,329150663,0.000000,0.000000,0.000000,0.000000,0.000000,0.000000,0.000000,0.000000,0.000000,0.000000,0.000000,0.000000,0.000000,0.000000,0.000000,0,0
179511000000,179659000000,6274140245,11,329150663,0.025020,0.037290,0.038820,0.000239,0.035220,0.061100,0.050720,0.000000,0.188000,0.165500,1.169000,0.000595,0.000000,0.000000,0.005325,0,0
179659000000,179700000000,6274140245,11,329150663,0.066530,0.061100,0.061100,0.000072,0.055730,0.061100,0.043520,0.000000,0.193600,0.071530,1.157000,0.000522,0.000000,0.000000,0.008392,0,0
179700000000,180000000000,6274140245,11,329150663,0.184100,0.061770,0.062990,0.000369,0.056090,0.061950,0.001236,0.000000,0.195300,0.072020,1.303000,0.000686,0.000000,0.000000,0.187500,0,0
180000000000,180066000000,6274140245,11,329150663,0.187300,0.061710,0.063110,0.000386,0.056150,0.061710,0.000003,0.000000,0.192100,0.000072,1.341000,0.000753,0.000000,0.000000,0.186500,0,0
180066000000,180300000000,6274140245,11,329150663,0.187000,0.061710,0.063110,0.000385,0.056150,0.061770,0.000007,0.000000,0.194300,0.000357,1.291000,0.000687,0.000000,0.000000,0.187000,0,0
180300000000,180600000000,6274140245,11,329150663,0.187000,0.061770,0.063110,0.000385,0.056150,0.061770,0.000004,0.000000,0.206500,0.000072,1.301000,0.000695,0.000000,0.000000,0.187500,0,0
180600000000,180900000000,6274140245,11,329150663,0.186500,0.061710,0.063110,0.000385,0.056150,0.061770,0.000003,0.000000,0.206100,0.000072,1.324000,0.000714,0.000000,0.000000,0.184800,0,0
180900000000,181200000000,6274140245,11,329150663,0.187000,0.061710,0.063110,0.000385,0.056150,0.061770,0.000007,0.000000,0.206300,0.000999,1.305000,0.000662,0.000000,0.000000,0.186800,0,0
181200000000,181500000000,6274140245,11,329150663,0.187000,0.061710,0.063110,0.000386,0.056150,0.061770,0.000007,0.000000,0.375000,0.001143,1.324000,0.000708,0.000000,0.000000,0.187500,0,0
181500000000,181800000000,6274140245,11,329150663,0.186800,0.061710,0.063110,0.000387,0.056150,0.061770,0.000005,0.000000,0.206300,0.000428,1.345000,0.000773,0.000000,0.000000,0.187700,0,0
181800000000,182100000000,6274140245,11,329150663,0.187000,0.061710,0.063110,0.000387,0.056150,0.061770,0.000005,0.000000,0.206100,0.000571,1.334000,0.000737,0.000000,0.000000,0.187500,0,0
182100000000,182400000000,6274140245,11,329150663,0.186800,0.061710,0.063110,0.000404,0.056150,0.061770,0.000025,0.000000,0.197300,0.005714,1.302000,0.000703,0.000000,0.000000,0.184100,0,0
182400000000,182700000000,6274140245,11,329150663,0.187000,0.061770,0.063110,0.000425,0.056210,0.061830,0.000004,0.000000,0.205800,0.000072,1.373000,0.000747,0.000000,0.000000,0.187500,0,0
182700000000,183000000000,6274140245,11,329150663,0.186500,0.061770,0.063110,0.000425,0.056210,0.061830,0.000004,0.000000,0.374000,0.000072,1.361000,0.000742,0.000000,0.000000,0.187500,0,0
183000000000,183300000000,6274140245,11,329150663,0.187300,0.061710,0.063110,0.000425,0.056210,0.061770,0.000004,0.000000,0.192100,0.000143,1.324000,0.000696,0.000000,0.000000,0.187500,0,0
183300000000,183600000000,6274140245,11,329150663,0.187300,0.061710,0.063110,0.000425,0.056210,0.061770,0.000003,0.000000,0.192100,0.000072,1.342000,0.000724,0.000000,0.000000,0.187300,0,0
183600000000,183900000000,6274140245,11,329150663,0.138400,0.061580,0.063110,0.000424,0.056210,0.061770,0.000003,0.000000,0.191900,0.000357,1.289000,0.000660,0.000000,0.000000,0.062620,0,0
183900000000,184000000000,6274140245,11,329150663,0.057920,0.061340,0.063110,0.000984,0.056210,0.061400,0.000677,0.000000,0.066770,0.026430,1.376000,0.000672,0.000000,0.000000,0.062620,0,0
184000000000,184025000000,6274140245,11,329150663,0.000125,0.000000,0.000000,0.000000,0.000000,0.000000,0.000026,0.000000,0.003113,0.000571,1.255000,0.000585,0.000000,0.000000,0.000000,0,0
184025000000,184026000000,6274140245,11,329150663,0.000000,0.000000,0.000000,0.000000,0.000000,0.000000,0.000000,0.000000,0.000000,0.000000,1.255000,0.000585,0.000000,0.000000,0.000000,0,0
190715000000,190800000000,6274140245,11,4820238799,0.000000,0.000000,0.000000,0.000000,0.000000,0.000000,0.000000,0.000000,0.000000,0.000000,0.000000,0.000000,0.000000,0.000000,0.000000,0,0
190800000000,190915000000,6274140245,11,4820238799,0.000000,0.000000,0.000000,0.000000,0.000000,0.000000,0.000000,0.000000,0.000000,0.000000,0.000000,0.000000,0.000000,0.000000,0.000000,0,0
190915000000,190968000000,6274140245,11,4820238799,0.000676,0.001350,0.003880,0.000318,0.000873,0.001493,0.004211,0.000000,0.016270,0.052000,2.323000,0.000000,0.000000,0.000000,0.000029,0,0
190968000000,190983000000,6274140245,11,4820238799,0.000185,0.000000,0.000000,0.000000,0.000000,0.000000,0.000072,0.000000,0.002777,0.000999,2.323000,0.000000,0.000000,0.000000,0.000000,0,0
190983000000,190984000000,6274140245,11,4820238799,0.000000,0.000000,0.000000,0.000000,0.000000,0.000000,0.000000,0.000000,0.000000,0.000000,2.323000,0.000000,0.000000,0.000000,0.000000,0,0
