179243000000,179400000000,6274140245,110,294986867,0.000000,0.000000,0.000000,0.000000,0.000000,0.000000,0.000000,0.000000,0.000000,0.000000,0.000000,0.000000,0.000000,0.000000,0.000000,0,0
179400000000,179438000000,6274140245,110,294986867,0.000000,0.000000,0.000000,0.000000,0.000000,0.000000,0.000000,0.000000,0.000000,0.000000,0.000000,0.000000,0.000000,0.000000,0.000000,0,0
179438000000,179587000000,6274140245,110,294986867,0.010250,0.033810,0.035160,0.000164,0.032530,0.059630,0.053710,0.000000,0.068850,0.179900,0.945900,0.000624,0.000000,0.000000,0.002892,0,0
179587000000,179700000000,6274140245,110,294986867,0.018100,0.059630,0.059630,0.000053,0.055730,0.059630,0.049130,0.000000,0.187700,0.065550,0.875000,0.000262,0.000000,0.000000,0.015300,0,0
179700000000,180000000000,6274140245,110,294986867,0.009491,0.059630,0.059630,0.000054,0.055730,0.059630,0.059140,0.000000,0.073970,0.079470,1.839000,0.003002,0.000000,0.000000,0.014420,0,0
180000000000,180300000000,6274140245,110,294986867,0.010570,0.059630,0.059630,0.000059,0.055730,0.059630,0.063720,0.000000,0.026090,0.073240,1.242000,0.000903,0.000000,0.000000,0.015080,0,0
180300000000,180600000000,6274140245,110,294986867,0.010740,0.059630,0.059630,0.000058,0.055730,0.059630,0.063110,0.000000,0.096680,0.085690,3.010000,0.008006,0.000000,0.000000,0.013280,0,0
180600000000,180900000000,6274140245,110,294986867,0.181200,0.060790,0.061580,0.000338,0.056030,0.061040,0.001972,0.000000,0.223900,0.098020,1.234000,0.000657,0.000000,0.000000,0.187000,0,0
180900000000,181200000000,6274140245,110,294986867,0.186300,0.060790,0.061650,0.000373,0.056150,0.060910,0.000112,0.000000,0.206100,0.015990,1.310000,0.000733,0.000000,0.000000,0.187000,0,0
181200000000,181500000000,6274140245,110,294986867,0.186000,0.060790,0.061650,0.000376,0.056150,0.060910,0.000010,0.000000,0.374500,0.001358,1.342000,0.000753,0.000000,0.000000,0.186500,0,0
181500000000,181710000000,6274140245,110,294986867,0.185800,0.060850,0.061650,0.000377,0.056150,0.060910,0.000005,0.000000,0.191900,0.000357,1.332000,0.000743,0.000000,0.000000,0.182400,0,0
181710000000,181800000000,6274140245,110,294986867,0.185500,0.060790,0.061580,0.000377,0.056150,0.060850,0.000025,0.000000,0.189500,0.001785,1.370000,0.000802,0.000000,0.000000,0.187700,0,0
181800000000,182100000000,6274140245,110,294986867,0.186000,0.060910,0.061650,0.000373,0.056150,0.060970,0.000006,0.000000,0.190900,0.000786,1.338000,0.000702,0.000000,0.000000,0.185300,0,0
182100000000,182400000000,6274140245,110,294986867,0.185800,0.060910,0.061650,0.000368,0.056150,0.060970,0.000004,0.000000,0.202600,0.000286,1.334000,0.000739,0.000000,0.000000,0.188500,0,0
182400000000,182700000000,6274140245,110,294986867,0.186300,0.060850,0.061650,0.000365,0.056150,0.060970,0.000020,0.000000,0.206300,0.003216,1.348000,0.000793,0.000000,0.000000,0.187700,0,0
182700000000,183000000000,6274140245,110,294986867,0.186000,0.060910,0.061650,0.000363,0.056150,0.060970,0.000010,0.000000,0.192600,0.001286,1.254000,0.000667,0.000000,0.000000,0.187500,0,0
183000000000,183300000000,6274140245,110,294986867,0.185800,0.060970,0.061650,0.000377,0.056150,0.060970,0.000029,0.000000,0.198200,0.007568,1.310000,0.000727,0.000000,0.000000,0.186300,0,0
183300000000,183600000000,6274140245,110,294986867,0.186500,0.060910,0.061650,0.000400,0.056150,0.060970,0.000003,0.000000,0.199000,0.000072,1.294000,0.000706,0.000000,0.000000,0.188000,0,0
183600000000,183900000000,6274140245,110,294986867,0.155000,0.060850,0.061650,0.000399,0.056150,0.060970,0.000010,0.000000,0.204800,0.001072,1.246000,0.000662,0.000000,0.000000,0.187300,0,0
183900000000,183971000000,6274140245,110,294986867,0.047240,0.060610,0.061580,0.001976,0.056150,0.060790,0.001179,0.000000,0.125700,0.036190,1.290000,0.000739,0.000000,0.000000,0.000067,0,0
183971000000,183985000000,6274140245,110,294986867,0.000161,0.000000,0.000000,0.000000,0.000000,0.000000,0.000000,0.000000,0.002258,0.000000,2.300000,0.007068,0.000000,0.000000,0.000000,0,0
183985000000,183987000000,6274140245,110,294986867,0.000000,0.000000,0.000000,0.000000,0.000000,0.000000,0.000000,0.000000,0.000000,0.000000,2.300000,0.007068,0.000000,0.000000,0.000000,0,0
