179235000000,179400000000,6274140245,111,294953534,0.000000,0.000000,0.000000,0.000000,0.000000,0.000000,0.000000,0.000000,0.000000,0.000000,0.000000,0.000000,0.000000,0.000000,0.000000,0,0
179400000000,179610000000,6274140245,111,294953534,0.000000,0.000000,0.000000,0.000000,0.000000,0.000000,0.000000,0.000000,0.000000,0.000000,0.000000,0.000000,0.000000,0.000000,0.000000,0,0
179610000000,179700000000,6274140245,111,294953534,0.003788,0.012190,0.013460,0.000320,0.011170,0.026820,0.029020,0.000000,0.019620,0.090450,2.921000,0.010870,0.000000,0.000000,0.006363,0,0
179700000000,179754000000,6274140245,111,294953534,0.003922,0.031560,0.032350,0.000005,0.030120,0.036130,0.032840,0.000000,0.008820,0.057130,3.093000,0.011730,0.000000,0.000000,0.004364,0,0
179754000000,180000000000,6274140245,111,294953534,0.080440,0.057740,0.058470,0.000213,0.054320,0.061400,0.016510,0.000000,0.189500,0.077390,1.333000,0.000677,0.000000,0.000000,0.186800,0,0
180000000000,180300000000,6274140245,111,294953534,0.185300,0.061280,0.061890,0.000358,0.056090,0.061340,0.000111,0.000000,0.328100,0.009354,1.342000,0.000709,0.000000,0.000000,0.187300,0,0
180300000000,180600000000,6274140245,111,294953534,0.181600,0.061400,0.061890,0.000388,0.056150,0.061460,0.000010,0.000000,0.202900,0.000857,1.380000,0.000699,0.000000,0.000000,0.154500,0,0
180600000000,180717000000,6274140245,111,294953534,0.185300,0.061340,0.061890,0.000387,0.056150,0.061460,0.000003,0.000000,0.205300,0.000072,1.484000,0.000849,0.000000,0.000000,0.187300,0,0
180717000000,180900000000,6274140245,111,294953534,0.183300,0.061340,0.061890,0.000387,0.056150,0.061400,0.000005,0.000000,0.195600,0.000072,1.458000,0.000804,0.000000,0.000000,0.187000,0,0
180900000000,181200000000,6274140245,111,294953534,0.184300,0.061400,0.061890,0.000388,0.056150,0.061460,0.000003,0.000000,0.200400,0.000072,1.452000,0.000799,0.000000,0.000000,0.187000,0,0
181200000000,181500000000,6274140245,111,294953534,0.183300,0.061400,0.061890,0.000388,0.056150,0.061460,0.000004,0.000000,0.372600,0.000143,1.424000,0.000764,0.000000,0.000000,0.187300,0,0
181500000000,181800000000,6274140245,111,294953534,0.180900,0.061400,0.061890,0.000388,0.056150,0.061460,0.000006,0.000000,0.228500,0.000786,1.406000,0.000697,0.000000,0.000000,0.166000,0,0
181800000000,182100000000,6274140245,111,294953534,0.183600,0.061400,0.061890,0.000382,0.056150,0.061460,0.000005,0.000000,0.208000,0.000571,1.418000,0.000808,0.000000,0.000000,0.187700,0,0
182100000000,182400000000,6274140245,111,294953534,0.185100,0.061400,0.061830,0.000349,0.056090,0.061460,0.000003,0.000000,0.216800,0.000072,1.433000,0.000807,0.000000,0.000000,0.187700,0,0
182400000000,182700000000,6274140245,111,294953534,0.182100,0.061340,0.061830,0.000349,0.056090,0.061460,0.000009,0.000000,0.224600,0.001499,1.439000,0.000797,0.000000,0.000000,0.187300,0,0
182700000000,183000000000,6274140245,111,294953534,0.184100,0.061400,0.061830,0.000351,0.056090,0.061460,0.000007,0.000000,0.374500,0.000643,1.380000,0.000690,0.000000,0.000000,0.187300,0,0
183000000000,183300000000,6274140245,111,294953534,0.186000,0.061400,0.061830,0.000351,0.056090,0.061460,0.000005,0.000000,0.193100,0.000215,1.419000,0.000805,0.000000,0.000000,0.187500,0,0
183300000000,183600000000,6274140245,111,294953534,0.184600,0.061340,0.061830,0.000358,0.056150,0.061400,0.000030,0.000000,0.192100,0.006432,1.436000,0.000814,0.000000,0.000000,0.187300,0,0
183600000000,183900000000,6274140245,111,294953534,0.150400,0.061340,0.061830,0.000393,0.056150,0.061400,0.000005,0.000000,0.191400,0.000357,1.419000,0.000743,0.000000,0.000000,0.186800,0,0
183900000000,184200000000,6274140245,111,294953534,0.105600,0.061040,0.061830,0.000398,0.056150,0.061160,0.000031,0.000000,0.188500,0.003357,1.456000,0.000784,0.000000,0.000000,0.062620,0,0
184200000000,184317000000,6274140245,111,294953534,0.123800,0.061040,0.061830,0.000400,0.056150,0.061040,0.000008,0.000000,0.129400,0.000286,1.454000,0.000799,0.000000,0.000000,0.124800,0,0
184317000000,184500000000,6274140245,111,294953534,0.055240,0.060670,0.061830,0.000400,0.056150,0.061040,0.000016,0.000000,0.125700,0.001429,1.291000,0.000600,0.000000,0.000000,0.062320,0,0
184500000000,184520000000,6274140245,111,294953534,0.002296,0.059940,0.061830,0.003189,0.056150,0.060000,0.003521,0.000000,0.062870,0.030850,2.241000,0.006962,0.000000,0.000000,0.000263,0,0
184520000000,184541000000,6274140245,111,294953534,0.000477,0.000000,0.000000,0.000000,0.000000,0.000000,0.000034,0.000000,0.010010,0.000357,2.241000,0.006962,0.000000,0.000000,0.000000,0,0
184541000000,184542000000,6274140245,111,294953534,0.000000,0.000000,0.000000,0.000000,0.000000,0.000000,0.000000,0.000000,0.000000,0.000000,2.241000,0.006962,0.000000,0.000000,0.000000,0,0
