179243000000,179400000000,6274140245,112,337872686,0.000000,0.000000,0.000000,0.000000,0.000000,0.000000,0.000000,0.000000,0.000000,0.000000,0.000000,0.000000,0.000000,0.000000,0.000000,0,0
179400000000,179517000000,6274140245,112,337872686,0.000000,0.000000,0.000000,0.000000,0.000000,0.000000,0.000000,0.000000,0.000000,0.000000,0.000000,0.000000,0.000000,0.000000,0.000000,0,0
179517000000,179633000000,6274140245,112,337872686,0.008316,0.029720,0.031310,0.000138,0.028690,0.055110,0.053340,0.000000,0.062740,0.130900,1.404000,0.003069,0.000000,0.000000,0.006775,0,0
179633000000,179700000000,6274140245,112,337872686,0.092410,0.059080,0.060240,0.000201,0.055730,0.060300,0.026700,0.000000,0.204300,0.129400,0.908800,0.001499,0.000000,0.000000,0.008118,0,0
179700000000,180000000000,6274140245,112,337872686,0.185500,0.060730,0.060910,0.000237,0.055970,0.060910,0.000441,0.000000,0.191900,0.055240,1.343000,0.000721,0.000000,0.000000,0.186300,0,0
180000000000,180277000000,6274140245,112,337872686,0.185500,0.060730,0.060910,0.000151,0.055910,0.060850,0.000120,0.000000,0.204100,0.014500,1.331000,0.000711,0.000000,0.000000,0.188500,0,0
180277000000,180300000000,6274140245,112,337872686,0.185800,0.060730,0.060910,0.000118,0.055850,0.060730,0.000084,0.000000,0.188000,0.000929,1.345000,0.000728,0.000000,0.000000,0.186800,0,0
180300000000,180600000000,6274140245,112,337872686,0.185500,0.060670,0.060910,0.000104,0.055850,0.060790,0.000049,0.000000,0.205800,0.007713,1.351000,0.000721,0.000000,0.000000,0.187500,0,0
180600000000,180900000000,6274140245,112,337872686,0.185500,0.060730,0.060910,0.000101,0.055850,0.060790,0.000034,0.000000,0.202600,0.005783,1.299000,0.000690,0.000000,0.000000,0.186800,0,0
180900000000,181200000000,6274140245,112,337872686,0.185800,0.060730,0.060970,0.000093,0.055850,0.060790,0.000009,0.000000,0.205300,0.001143,1.384000,0.000768,0.000000,0.000000,0.173600,0,0
181200000000,181500000000,6274140245,112,337872686,0.186300,0.060730,0.060970,0.000093,0.055850,0.060790,0.000014,0.000000,0.372600,0.001215,1.402000,0.000783,0.000000,0.000000,0.186800,0,0
181500000000,181800000000,6274140245,112,337872686,0.185800,0.060730,0.060970,0.000088,0.055850,0.060790,0.000079,0.000000,0.191200,0.016720,1.399000,0.000720,0.000000,0.000000,0.188200,0,0
181800000000,181819000000,6274140245,112,337872686,0.176500,0.060790,0.060970,0.000092,0.055850,0.060790,0.000015,0.000000,0.189200,0.000143,1.312000,0.000644,0.000000,0.000000,0.186500,0,0
181819000000,181843000000,6274140245,112,337872686,0.004814,0.000000,0.000000,0.002327,0.002327,0.000000,0.000000,0.000000,0.057800,0.000000,1.314000,0.000644,0.000000,0.000000,0.000000,0,1
181843000000,181844000000,6274140245,112,337872686,0.000000,0.000000,0.000000,0.000000,0.000000,0.000000,0.000000,0.000000,0.000000,0.000000,1.314000,0.000644,0.000000,0.000000,0.000000,0,0
181889000000,182100000000,6274140245,112,4820028497,0.000000,0.000000,0.000000,0.000000,0.000000,0.000000,0.000000,0.000000,0.000000,0.000000,0.000000,0.000000,0.000000,0.000000,0.000000,0,0
182100000000,182130000000,6274140245,112,4820028497,0.000000,0.000000,0.000000,0.000000,0.000000,0.000000,0.000000,0.000000,0.000000,0.000000,0.000000,0.000000,0.000000,0.000000,0.000000,0,0
182130000000,182301000000,6274140245,112,4820028497,0.003193,0.014400,0.015660,0.000152,0.013920,0.022370,0.028780,0.000000,0.025850,0.126000,1.644000,0.000000,0.000000,0.000000,0.000216,0,0
182301000000,182400000000,6274140245,112,4820028497,0.002720,0.025180,0.027100,0.000008,0.025360,0.035160,0.029750,0.000000,0.026950,0.080690,6.866000,0.000000,0.000000,0.000000,0.000915,0,0
182400000000,182700000000,6274140245,112,4820028497,0.110100,0.059020,0.059940,0.000338,0.055110,0.061220,0.011000,0.000000,0.319300,0.123800,1.236000,0.000000,0.000000,0.000000,0.040410,0,0
182700000000,183000000000,6274140245,112,4820028497,0.168700,0.061100,0.062190,0.000392,0.056150,0.061220,0.000061,0.000000,0.339400,0.011180,1.271000,0.000000,0.000000,0.000000,0.178200,0,0
183000000000,183300000000,6274140245,112,4820028497,0.169700,0.061160,0.062190,0.000402,0.056150,0.061280,0.000006,0.000000,0.314000,0.000571,1.232000,0.000000,0.000000,0.000000,0.166000,0,0
183300000000,183344000000,6274140245,112,4820028497,0.165500,0.061100,0.062260,0.000402,0.056150,0.061160,0.000005,0.000000,0.246800,0.000072,1.258000,0.000000,0.000000,0.000000,0.157200,0,0
183344000000,183600000000,6274140245,112,4820028497,0.167200,0.061220,0.062190,0.000402,0.056150,0.061280,0.000008,0.000000,0.332500,0.000571,1.247000,0.000000,0.000000,0.000000,0.163800,0,0
183600000000,183900000000,6274140245,112,4820028497,0.149700,0.061160,0.062190,0.000402,0.056150,0.061220,0.000014,0.000000,0.276400,0.002930,1.269000,0.000000,0.000000,0.000000,0.145800,0,0
183900000000,183961000000,6274140245,112,4820028497,0.007057,0.060550,0.062190,0.002235,0.056150,0.060970,0.001020,0.000000,0.095090,0.017790,1.089000,0.000000,0.000000,0.000000,0.000149,0,0
183961000000,183980000000,6274140245,112,4820028497,0.000197,0.000000,0.000000,0.000000,0.000000,0.000000,0.000019,0.000000,0.001869,0.000215,3.786000,0.000000,0.000000,0.000000,0.000000,0,0
183980000000,183981000000,6274140245,112,4820028497,0.000000,0.000000,0.000000,0.000000,0.000000,0.000000,0.000000,0.000000,0.000000,0.000000,3.786000,0.000000,0.000000,0.000000,0.000000,0,0
