179236000000,179400000000,6274140245,113,63691344,0.000000,0.000000,0.000000,0.000000,0.000000,0.000000,0.000000,0.000000,0.000000,0.000000,0.000000,0.000000,0.000000,0.000000,0.000000,0,0
179400000000,179461000000,6274140245,113,63691344,0.000000,0.000000,0.000000,0.000000,0.000000,0.000000,0.000000,0.000000,0.000000,0.000000,0.000000,0.000000,0.000000,0.000000,0.000000,0,0
179461000000,179617000000,6274140245,113,63691344,0.003654,0.023740,0.027400,0.000542,0.025360,0.038880,0.037900,0.000000,0.029820,0.136200,5.176000,0.021690,0.000000,0.000000,0.000043,0,0
179617000000,179632000000,6274140245,113,63691344,0.011570,0.003288,0.000000,0.003197,0.003197,0.049320,0.000000,0.000000,0.173600,0.000000,4.609000,0.018080,0.000000,0.000000,0.000000,0,1
179632000000,179633000000,6274140245,113,63691344,0.000000,0.000000,0.000000,0.000000,0.000000,0.000000,0.000000,0.000000,0.000000,0.000000,35.820000,0.155000,0.000000,0.000000,0.000000,0,0
179651000000,179700000000,6274140245,113,63691344,0.005150,0.017460,0.018400,0.005295,0.017030,0.028260,0.036010,0.000000,0.031250,0.111800,29.250000,0.140500,0.000000,0.000000,0.003288,0,0
179700000000,179726000000,6274140245,113,63691344,0.003025,0.031130,0.033450,0.000602,0.031980,0.038760,0.025850,0.000000,0.009933,0.054440,29.250000,0.140500,0.000000,0.000000,0.003006,0,0
179726000000,179746000000,6274140245,113,63691344,0.001770,0.002464,0.000000,0.002396,0.002396,0.049260,0.000000,0.000000,0.035400,0.000000,29.250000,0.140500,0.000000,0.000000,0.000000,0,1
179746000000,179747000000,6274140245,113,63691344,0.000000,0.000000,0.000000,0.000000,0.000000,0.000000,0.000000,0.000000,0.000000,0.000000,29.250000,0.140500,0.000000,0.000000,0.000000,0,0
179767000000,179913000000,6274140245,113,422082,0.032230,0.043210,0.043820,0.000588,0.039610,0.060730,0.031680,0.000000,0.188500,0.103300,0.869700,0.000225,0.000000,0.000000,0.010560,0,0
179913000000,179946000000,6274140245,113,422082,0.000356,0.001740,0.000000,0.001686,0.001686,0.057370,0.000002,0.000000,0.011730,0.000072,26.330000,0.116000,0.000000,0.000000,0.000000,0,1
179946000000,179947000000,6274140245,113,422082,0.000000,0.000000,0.000000,0.000000,0.000000,0.000000,0.000000,0.000000,0.000000,0.000000,26.330000,0.116000,0.000000,0.000000,0.000000,0,0
179982000000,180000000000,6274140245,113,4820107181,0.000000,0.000000,0.000000,0.000000,0.000000,0.000000,0.000000,0.000000,0.000000,0.000000,0.000000,0.000000,0.000000,0.000000,0.000000,0,0
180000000000,180156000000,6274140245,113,4820107181,0.000000,0.000000,0.000000,0.000000,0.000000,0.000000,0.000000,0.000000,0.000000,0.000000,0.000000,0.000000,0.000000,0.000000,0.000000,0,0
180156000000,180300000000,6274140245,113,4820107181,0.011670,0.026370,0.031490,0.000142,0.029080,0.059450,0.048220,0.000000,0.195600,0.148200,0.759000,0.000000,0.000000,0.000000,0.018190,0,0
180300000000,180328000000,6274140245,113,4820107181,0.112400,0.062010,0.062620,0.001984,0.057680,0.062620,0.012760,0.000000,0.192100,0.065430,0.621700,0.000000,0.000000,0.000000,0.186500,0,0
180328000000,180582000000,6274140245,113,4820107181,0.185800,0.061890,0.062620,0.001064,0.056820,0.062620,0.000199,0.000000,0.375000,0.014360,1.178000,0.000000,0.000000,0.000000,0.188700,0,0
180582000000,180600000000,6274140245,113,4820107181,0.180700,0.061710,0.062620,0.000894,0.056640,0.061710,0.000000,0.000000,0.367200,0.000000,1.248000,0.000000,0.000000,0.000000,0.185800,0,0
180600000000,180900000000,6274140245,113,4820107181,0.183100,0.061650,0.062620,0.000866,0.056640,0.061710,0.000048,0.000000,0.376000,0.009216,1.178000,0.000000,0.000000,0.000000,0.186300,0,0
180900000000,181200000000,6274140245,113,4820107181,0.182400,0.061650,0.062620,0.000812,0.056580,0.061710,0.000010,0.000000,0.375500,0.001358,1.207000,0.000000,0.000000,0.000000,0.184100,0,0
181200000000,181500000000,6274140245,113,4820107181,0.184300,0.061710,0.062620,0.000810,0.056580,0.061770,0.000004,0.000000,0.425300,0.000215,1.218000,0.000000,0.000000,0.000000,0.188700,0,0
181500000000,181800000000,6274140245,113,4820107181,0.180900,0.061710,0.062620,0.000797,0.056580,0.061770,0.000006,0.000000,0.357400,0.000286,1.180000,0.000000,0.000000,0.000000,0.187500,0,0
181800000000,182100000000,6274140245,113,4820107181,0.181600,0.061710,0.062740,0.000765,0.056520,0.061830,0.000005,0.000000,0.450700,0.000215,1.219000,0.000000,0.000000,0.000000,0.183600,0,0
182100000000,182400000000,6274140245,113,4820107181,0.187000,0.061650,0.062740,0.000759,0.056520,0.061770,0.000007,0.000000,0.374000,0.000857,1.230000,0.000000,0.000000,0.000000,0.186300,0,0
182400000000,182700000000,6274140245,113,4820107181,0.185800,0.061650,0.062740,0.000745,0.056520,0.061710,0.000005,0.000000,0.376000,0.000215,1.214000,0.000000,0.000000,0.000000,0.185300,0,0
182700000000,183000000000,6274140245,113,4820107181,0.185300,0.061710,0.062740,0.000752,0.056520,0.061770,0.000018,0.000000,0.376000,0.003502,1.215000,0.000000,0.000000,0.000000,0.186500,0,0
183000000000,183300000000,6274140245,113,4820107181,0.186000,0.061710,0.062740,0.000757,0.056520,0.061770,0.000006,0.000000,0.379900,0.000357,1.208000,0.000000,0.000000,0.000000,0.187700,0,0
183300000000,183600000000,6274140245,113,4820107181,0.186500,0.061710,0.062740,0.000737,0.056520,0.061770,0.000004,0.000000,0.374000,0.000286,1.201000,0.000000,0.000000,0.000000,0.188200,0,0
183600000000,183900000000,6274140245,113,4820107181,0.146000,0.061650,0.062740,0.000709,0.056460,0.061770,0.000010,0.000000,0.206500,0.002144,1.197000,0.000000,0.000000,0.000000,0.126000,0,0
183900000000,183931000000,6274140245,113,4820107181,0.001726,0.061040,0.062740,0.004318,0.056520,0.061220,0.003895,0.000000,0.051450,0.034670,1.151000,0.000000,0.000000,0.000000,0.000104,0,0
183931000000,183947000000,6274140245,113,4820107181,0.000191,0.000000,0.000000,0.000000,0.000000,0.000000,0.000000,0.000000,0.003052,0.000000,1.151000,0.000000,0.000000,0.000000,0.000000,0,0
183947000000,183948000000,6274140245,113,4820107181,0.000000,0.000000,0.000000,0.000000,0.000000,0.000000,0.000000,0.000000,0.000000,0.000000,1.151000,0.000000,0.000000,0.000000,0.000000,0,0
