179232000000,179400000000,6274140245,114,6608804,0.000000,0.000000,0.000000,0.000000,0.000000,0.000000,0.000000,0.000000,0.000000,0.000000,0.000000,0.000000,0.000000,0.000000,0.000000,0,0
179400000000,179439000000,6274140245,114,6608804,0.000000,0.000000,0.000000,0.000000,0.000000,0.000000,0.000000,0.000000,0.000000,0.000000,0.000000,0.000000,0.000000,0.000000,0.000000,0,0
179439000000,179577000000,6274140245,114,6608804,0.017640,0.038390,0.039120,0.000133,0.036800,0.059450,0.054020,0.000000,0.179700,0.159200,3.412000,0.012470,0.000000,0.000000,0.002113,0,0
179577000000,179700000000,6274140245,114,6608804,0.182900,0.061040,0.061400,0.000335,0.056030,0.061280,0.001413,0.000000,0.189700,0.050600,1.355000,0.000748,0.000000,0.000000,0.187500,0,0
179700000000,179865000000,6274140245,114,6608804,0.186300,0.061160,0.061460,0.000256,0.055970,0.061400,0.000451,0.000000,0.192600,0.033140,1.312000,0.000664,0.000000,0.000000,0.186800,0,0
179865000000,180000000000,6274140245,114,6608804,0.187000,0.061340,0.061460,0.000164,0.055910,0.061400,0.000071,0.000000,0.191200,0.004860,1.398000,0.000707,0.000000,0.000000,0.187300,0,0
180000000000,180300000000,6274140245,114,6608804,0.186000,0.061220,0.061460,0.000169,0.055910,0.061280,0.000041,0.000000,0.203600,0.005432,1.393000,0.000825,0.000000,0.000000,0.184800,0,0
180300000000,180600000000,6274140245,114,6608804,0.186500,0.061220,0.061460,0.000155,0.055910,0.061340,0.000012,0.000000,0.189700,0.002071,1.384000,0.000694,0.000000,0.000000,0.187300,0,0
180600000000,180900000000,6274140245,114,6608804,0.186300,0.061220,0.061460,0.000105,0.055850,0.061340,0.000014,0.000000,0.375000,0.002716,1.385000,0.000765,0.000000,0.000000,0.187000,0,0
180900000000,181200000000,6274140245,114,6608804,0.185500,0.061220,0.061460,0.000098,0.055850,0.061280,0.000007,0.000000,0.189700,0.000643,1.433000,0.000754,0.000000,0.000000,0.187300,0,0
181200000000,181500000000,6274140245,114,6608804,0.187000,0.061220,0.061520,0.000075,0.055850,0.061340,0.000005,0.000000,0.375500,0.000357,1.415000,0.000777,0.000000,0.000000,0.185800,0,0
181500000000,181800000000,6274140245,114,6608804,0.185500,0.061220,0.061520,0.000014,0.055790,0.061340,0.000005,0.000000,0.191900,0.000428,1.360000,0.000691,0.000000,0.000000,0.188000,0,0
181800000000,182100000000,6274140245,114,6608804,0.186800,0.061220,0.061520,0.000011,0.055790,0.061280,0.000003,0.000000,0.193600,0.000143,1.395000,0.000759,0.000000,0.000000,0.187300,0,0
182100000000,182400000000,6274140245,114,6608804,0.186000,0.061220,0.061520,0.000007,0.055790,0.061280,0.000007,0.000000,0.193100,0.001072,1.353000,0.000684,0.000000,0.000000,0.186000,0,0
182400000000,182700000000,6274140245,114,6608804,0.186800,0.061220,0.061520,0.000002,0.055790,0.061340,0.000007,0.000000,0.207800,0.001072,1.429000,0.000782,0.000000,0.000000,0.187500,0,0
182700000000,183000000000,6274140245,114,6608804,0.186800,0.061220,0.061520,0.000042,0.055790,0.061340,0.000029,0.000000,0.375500,0.007141,1.389000,0.000763,0.000000,0.000000,0.186800,0,0
183000000000,183300000000,6274140245,114,6608804,0.187000,0.061220,0.061520,0.000050,0.055790,0.061280,0.000011,0.000000,0.191700,0.002071,1.330000,0.000672,0.000000,0.000000,0.186800,0,0
183300000000,183600000000,6274140245,114,6608804,0.187000,0.061220,0.061520,0.000050,0.055790,0.061340,0.000008,0.000000,0.206300,0.001429,1.344000,0.000707,0.000000,0.000000,0.187700,0,0
183600000000,183771000000,6274140245,114,6608804,0.140100,0.061160,0.061520,0.000707,0.055850,0.061280,0.000644,0.000000,0.200400,0.049380,1.360000,0.000720,0.000000,0.000000,0.185500,0,0
183771000000,183790000000,6274140245,114,6608804,0.000125,0.000000,0.000000,0.000000,0.000000,0.000000,0.000015,0.000000,0.002380,0.000143,1.291000,0.000673,0.000000,0.000000,0.000000,0,0
183790000000,183791000000,6274140245,114,6608804,0.000000,0.000000,0.000000,0.000000,0.000000,0.000000,0.000000,0.000000,0.000000,0.000000,2.839000,0.009078,0.000000,0.000000,0.000000,0,0
