179233000000,179400000000,6274140245,115,681481977,0.000000,0.000000,0.000000,0.000000,0.000000,0.000000,0.000000,0.000000,0.000000,0.000000,0.000000,0.000000,0.000000,0.000000,0.000000,0,0
179400000000,179630000000,6274140245,115,681481977,0.000000,0.000000,0.000000,0.000000,0.000000,0.000000,0.000000,0.000000,0.000000,0.000000,0.000000,0.000000,0.000000,0.000000,0.000000,0,0
179630000000,179700000000,6274140245,115,681481977,0.000141,0.000456,0.003815,0.000237,0.000340,0.000812,0.004997,0.000000,0.001936,0.035710,0.709000,0.000271,0.000000,0.000000,0.000000,0,0
179700000000,179784000000,6274140245,115,681481977,0.000335,0.001171,0.003815,0.000680,0.001097,0.001436,0.004662,0.000000,0.007675,0.029140,1.764000,0.003872,0.000000,0.000000,0.000000,0,0
179784000000,180000000000,6274140245,115,681481977,0.002171,0.013810,0.015580,0.000120,0.013320,0.024600,0.017910,0.000000,0.017610,0.059510,4.830000,0.019450,0.000000,0.000000,0.002911,0,0
180000000000,180300000000,6274140245,115,681481977,0.002850,0.042540,0.047610,0.000036,0.045780,0.053530,0.017240,0.000000,0.112800,0.092900,2.130000,0.006927,0.000000,0.000000,0.004494,0,0
180300000000,180600000000,6274140245,115,681481977,0.116200,0.060300,0.060790,0.000596,0.056210,0.061220,0.004318,0.000000,0.411600,0.065550,1.291000,0.000709,0.000000,0.000000,0.184100,0,0
180600000000,180900000000,6274140245,115,681481977,0.181900,0.061100,0.061160,0.000117,0.055850,0.061220,0.001080,0.000000,0.204800,0.035710,1.377000,0.000773,0.000000,0.000000,0.187300,0,0
180900000000,181200000000,6274140245,115,681481977,0.182900,0.061100,0.061160,0.000067,0.055850,0.061160,0.000942,0.000000,0.378900,0.022800,1.307000,0.000706,0.000000,0.000000,0.187300,0,0
181200000000,181437000000,6274140245,115,681481977,0.140600,0.061160,0.061160,0.000038,0.055730,0.061220,0.006462,0.000000,0.299300,0.042850,1.385000,0.000682,0.000000,0.000000,0.188200,0,0
181437000000,181500000000,6274140245,115,681481977,0.184600,0.061100,0.061160,0.000205,0.055970,0.061220,0.000941,0.000000,0.348100,0.022710,1.415000,0.000864,0.000000,0.000000,0.186300,0,0
181500000000,181800000000,6274140245,115,681481977,0.182600,0.061160,0.061220,0.000075,0.055850,0.061220,0.001085,0.000000,0.374000,0.050230,1.367000,0.000729,0.000000,0.000000,0.187500,0,0
181800000000,182100000000,6274140245,115,681481977,0.159700,0.061160,0.061160,0.000042,0.055730,0.061220,0.007744,0.000000,0.258300,0.057130,1.368000,0.000707,0.000000,0.000000,0.185300,0,0
182100000000,182400000000,6274140245,115,681481977,0.059450,0.061160,0.061160,0.000055,0.055730,0.061220,0.026490,0.000000,0.369600,0.064450,1.362000,0.000768,0.000000,0.000000,0.012850,0,0
182400000000,182700000000,6274140245,115,681481977,0.159700,0.061100,0.061160,0.000054,0.055790,0.061220,0.006546,0.000000,0.374500,0.057130,1.358000,0.000703,0.000000,0.000000,0.177200,0,0
182700000000,183000000000,6274140245,115,681481977,0.109000,0.061160,0.061160,0.000061,0.055730,0.061220,0.023900,0.000000,0.311500,0.064330,1.428000,0.000778,0.000000,0.000000,0.188200,0,0
183000000000,183300000000,6274140245,115,681481977,0.155800,0.061160,0.061160,0.000048,0.055730,0.061220,0.012570,0.000000,0.361300,0.060300,1.382000,0.000756,0.000000,0.000000,0.187500,0,0
183300000000,183600000000,6274140245,115,681481977,0.180200,0.061160,0.061160,0.000073,0.055790,0.061220,0.005760,0.000000,0.220000,0.061340,1.395000,0.000760,0.000000,0.000000,0.186300,0,0
183600000000,183900000000,6274140245,115,681481977,0.111300,0.060910,0.061160,0.000096,0.055850,0.061160,0.000057,0.000000,0.217300,0.007935,1.403000,0.000760,0.000000,0.000000,0.187700,0,0
183900000000,183931000000,6274140245,115,681481977,0.001513,0.060240,0.061160,0.003422,0.055850,0.060490,0.004761,0.000000,0.053470,0.047550,2.047000,0.003033,0.000000,0.000000,0.000143,0,0
183931000000,183948000000,6274140245,115,681481977,0.000255,0.000000,0.000000,0.000000,0.000000,0.000000,0.000201,0.000000,0.004333,0.001785,2.047000,0.003033,0.000000,0.000000,0.000000,0,0
183948000000,183949000000,6274140245,115,681481977,0.000000,0.000000,0.000000,0.000000,0.000000,0.000000,0.000000,0.000000,0.000000,0.000000,2.047000,0.003033,0.000000,0.000000,0.000000,0,0
