179235000000,179400000000,6274140245,116,227414150,0.000000,0.000000,0.000000,0.000000,0.000000,0.000000,0.000000,0.000000,0.000000,0.000000,0.000000,0.000000,0.000000,0.000000,0.000000,0,0
179400000000,179441000000,6274140245,116,227414150,0.000000,0.000000,0.000000,0.000000,0.000000,0.000000,0.000000,0.000000,0.000000,0.000000,0.000000,0.000000,0.000000,0.000000,0.000000,0,0
179441000000,179595000000,6274140245,116,227414150,0.009384,0.028170,0.029270,0.000127,0.027310,0.053220,0.042180,0.000000,0.135300,0.121500,1.426000,0.003271,0.000000,0.000000,0.135300,0,0
179595000000,179596000000,6274140245,116,227414150,0.000000,0.053220,0.053100,0.050540,0.050540,0.053220,0.000072,0.000000,0.000000,0.000072,36.430000,0.157900,0.000000,0.000000,0.000000,0,0
179596000000,179609000000,6274140245,116,227414150,0.000280,0.003998,0.000000,0.003887,0.003887,0.052000,0.000000,0.000000,0.003643,0.000000,36.430000,0.157900,0.000000,0.000000,0.000000,0,1
179609000000,179610000000,6274140245,116,227414150,0.000000,0.000000,0.000000,0.000000,0.000000,0.000000,0.000000,0.000000,0.000000,0.000000,36.430000,0.157900,0.000000,0.000000,0.000000,0,0
179632000000,179700000000,6274140245,116,227414150,0.005753,0.013020,0.014400,0.000275,0.012310,0.028990,0.044680,0.000000,0.034120,0.124800,32.900000,0.153300,0.000000,0.000000,0.004410,0,0
179700000000,179761000000,6274140245,116,227414150,0.016540,0.043950,0.044800,0.000022,0.042720,0.053220,0.040650,0.000000,0.258300,0.093630,31.900000,0.151400,0.000000,0.000000,0.002247,0,0
179761000000,179775000000,6274140245,116,227414150,0.023620,0.000000,0.000000,0.000000,0.000000,0.000000,0.000000,0.000000,0.110200,0.000000,30.580000,0.149000,0.000000,0.000000,0.000000,0,1
179775000000,179776000000,6274140245,116,227414150,0.000000,0.000000,0.000000,0.000000,0.000000,0.000000,0.000000,0.000000,0.000000,0.000000,30.580000,0.149000,0.000000,0.000000,0.000000,0,0
179795000000,179950000000,6274140245,116,227414150,0.011290,0.031040,0.032100,0.000134,0.030270,0.055180,0.044490,0.000000,0.273900,0.114300,0.886100,0.000479,0.000000,0.000000,0.006363,0,0
179950000000,179964000000,6274140245,116,227414150,0.015900,0.000000,0.000000,0.000000,0.000000,0.000000,0.000000,0.000000,0.074100,0.000000,0.780800,0.000157,0.000000,0.000000,0.000000,0,1
179964000000,179965000000,6274140245,116,227414150,0.000000,0.000000,0.000000,0.000000,0.000000,0.000000,0.000000,0.000000,0.000000,0.000000,0.780800,0.000157,0.000000,0.000000,0.000000,0,0
180008000000,180300000000,6274140245,116,2191205727,0.000000,0.000000,0.000000,0.000000,0.000000,0.000000,0.000000,0.000000,0.000000,0.000000,0.000000,0.000000,0.000000,0.000000,0.000000,0,0
180300000000,180409000000,6274140245,116,2191205727,0.000000,0.000000,0.000000,0.000000,0.000000,0.000000,0.000000,0.000000,0.000000,0.000000,0.000000,0.000000,0.000000,0.000000,0.000000,0,0
180409000000,180549000000,6274140245,116,2191205727,0.001091,0.004250,0.006233,0.000532,0.003838,0.010330,0.008453,0.000000,0.008514,0.016510,1.413000,0.002744,0.000000,0.000000,0.003708,0,0
180549000000,180600000000,6274140245,116,2191205727,0.001013,0.011780,0.013630,0.000255,0.011510,0.012850,0.007416,0.000000,0.004921,0.021420,3.984000,0.016520,0.000000,0.000000,0.000130,0,0
180600000000,180900000000,6274140245,116,2191205727,0.002201,0.026370,0.028870,0.000024,0.026210,0.053100,0.016330,0.000000,0.015520,0.049930,0.993500,0.002301,0.000000,0.000000,0.000771,0,0
180900000000,181200000000,6274140245,116,2191205727,0.064090,0.056820,0.058290,0.000252,0.054260,0.060670,0.009628,0.000000,0.354000,0.063600,1.377000,0.000818,0.000000,0.000000,0.062990,0,0
181200000000,181500000000,6274140245,116,2191205727,0.126700,0.060360,0.061890,0.000340,0.056030,0.062130,0.001245,0.000000,0.372100,0.049560,1.398000,0.000782,0.000000,0.000000,0.187300,0,0
181500000000,181509000000,6274140245,116,2191205727,0.005623,0.062010,0.062070,0.007446,0.056880,0.062130,0.016140,0.000011,0.026700,0.045720,34.700000,0.149400,0.000000,0.000000,0.006157,0,0
181509000000,181531000000,6274140245,116,2191205727,0.001106,0.000000,0.000000,0.000000,0.000000,0.000000,0.001442,0.000011,0.006081,0.007622,34.700000,0.149400,0.000000,0.000000,0.000000,0,1
181531000000,181532000000,6274140245,116,2191205727,0.000000,0.000000,0.000000,0.000000,0.000000,0.000000,0.000000,0.000011,0.000000,0.000000,34.700000,0.149400,0.000000,0.000000,0.000000,0,0
181571000000,181800000000,6274140245,116,2191205727,0.002289,0.017550,0.020050,0.000282,0.017640,0.028440,0.019350,0.000000,0.023410,0.050600,5.565000,0.023370,0.000000,0.000000,0.002602,0,0
181800000000,181956000000,6274140245,116,2191205727,0.003605,0.042300,0.044620,0.000050,0.041930,0.055730,0.021360,0.000000,0.116000,0.072390,19.640000,0.093320,0.000000,0.000000,0.000072,0,0
181956000000,182100000000,6274140245,116,2191205727,0.141400,0.059690,0.060060,0.000531,0.056150,0.060300,0.005363,0.000000,0.375000,0.081790,1.317000,0.000619,0.000000,0.000000,0.188200,0,0
182100000000,182400000000,6274140245,116,2191205727,0.117200,0.060300,0.060670,0.000073,0.055790,0.060730,0.014220,0.000000,0.376500,0.057740,1.391000,0.000742,0.000000,0.000000,0.186300,0,0
182400000000,182620000000,6274140245,116,2191205727,0.187000,0.060420,0.062190,0.000367,0.056150,0.060730,0.000004,0.000000,0.375500,0.000215,1.333000,0.000688,0.000000,0.000000,0.187300,0,0
182620000000,182700000000,6274140245,116,2191205727,0.187000,0.060360,0.062190,0.000367,0.056150,0.060420,0.000007,0.000000,0.375000,0.000143,1.361000,0.000745,0.000000,0.000000,0.188500,0,0
182700000000,183000000000,6274140245,116,2191205727,0.187000,0.060300,0.062190,0.000365,0.056150,0.060420,0.000004,0.000000,0.376000,0.000072,1.363000,0.000693,0.000000,0.000000,0.186000,0,0
183000000000,183300000000,6274140245,116,2191205727,0.187000,0.060420,0.062190,0.000364,0.056150,0.060490,0.000005,0.000000,0.376500,0.000215,1.323000,0.000667,0.000000,0.000000,0.187500,0,0
183300000000,183600000000,6274140245,116,2191205727,0.187300,0.060490,0.062190,0.000364,0.056150,0.060550,0.000005,0.000000,0.376000,0.000643,1.294000,0.000635,0.000000,0.000000,0.187000,0,0
183600000000,183900000000,6274140245,116,2191205727,0.179000,0.060490,0.062190,0.000364,0.056150,0.060550,0.000005,0.000000,0.375500,0.000643,1.369000,0.000721,0.000000,0.000000,0.186800,0,0
183900000000,183980000000,6274140245,116,2191205727,0.088620,0.060300,0.062190,0.001066,0.056150,0.060420,0.001007,0.000000,0.251000,0.031800,1.361000,0.000689,0.000000,0.000000,0.128900,0,0
183980000000,183998000000,6274140245,116,2191205727,0.001265,0.003334,0.000000,0.000000,0.000000,0.060060,0.000040,0.000000,0.022770,0.000643,1.346000,0.000692,0.000000,0.000000,0.000000,0,0
183998000000,183999000000,6274140245,116,2191205727,0.000000,0.000000,0.000000,0.000000,0.000000,0.000000,0.000000,0.000000,0.000000,0.000000,2.816000,0.007175,0.000000,0.000000,0.000000,0,0
