179230000000,179400000000,6274140245,117,2851266,0.000000,0.000000,0.000000,0.000000,0.000000,0.000000,0.000000,0.000000,0.000000,0.000000,0.000000,0.000000,0.000000,0.000000,0.000000,0,0
179400000000,179445000000,6274140245,117,2851266,0.000000,0.000000,0.000000,0.000000,0.000000,0.000000,0.000000,0.000000,0.000000,0.000000,0.000000,0.000000,0.000000,0.000000,0.000000,0,0
179445000000,179585000000,6274140245,117,2851266,0.018430,0.036870,0.038020,0.000353,0.035580,0.062130,0.044490,0.000000,0.187500,0.137500,3.169000,0.012110,0.000000,0.000000,0.044620,0,0
179585000000,179700000000,6274140245,117,2851266,0.186500,0.061220,0.062130,0.001015,0.056760,0.062130,0.000302,0.000000,0.191700,0.017790,1.325000,0.000702,0.000000,0.000000,0.187300,0,0
179700000000,179862000000,6274140245,117,2851266,0.186500,0.060670,0.062130,0.000371,0.056150,0.060730,0.000005,0.000000,0.192900,0.000357,1.311000,0.000712,0.000000,0.000000,0.186800,0,0
179862000000,180000000000,6274140245,117,2851266,0.186500,0.060550,0.062070,0.000371,0.056150,0.060730,0.000017,0.000000,0.374500,0.001429,1.334000,0.000726,0.000000,0.000000,0.187500,0,0
180000000000,180300000000,6274140245,117,2851266,0.186300,0.060670,0.062070,0.000372,0.056150,0.060730,0.000013,0.000000,0.374500,0.001143,1.307000,0.000703,0.000000,0.000000,0.187500,0,0
180300000000,180600000000,6274140245,117,2851266,0.185500,0.060670,0.062070,0.000373,0.056150,0.060790,0.000007,0.000000,0.198500,0.001215,1.354000,0.000751,0.000000,0.000000,0.186800,0,0
180600000000,180900000000,6274140245,117,2851266,0.186300,0.060730,0.062070,0.000372,0.056150,0.060790,0.000006,0.000000,0.210700,0.000643,1.359000,0.000719,0.000000,0.000000,0.185800,0,0
180900000000,181200000000,6274140245,117,2851266,0.186500,0.060790,0.062070,0.000364,0.056150,0.060850,0.000004,0.000000,0.208000,0.000143,1.352000,0.000704,0.000000,0.000000,0.187700,0,0
181200000000,181500000000,6274140245,117,2851266,0.186500,0.060790,0.062070,0.000363,0.056150,0.060850,0.000008,0.000000,0.212200,0.001499,1.350000,0.000693,0.000000,0.000000,0.187500,0,0
181500000000,181800000000,6274140245,117,2851266,0.186300,0.060790,0.062070,0.000363,0.056150,0.060850,0.000006,0.000000,0.220200,0.000500,1.382000,0.000776,0.000000,0.000000,0.187300,0,0
181800000000,182100000000,6274140245,117,2851266,0.186300,0.060790,0.062070,0.000363,0.056150,0.060850,0.000006,0.000000,0.215300,0.000714,1.384000,0.000812,0.000000,0.000000,0.187300,0,0
182100000000,182400000000,6274140245,117,2851266,0.186300,0.060790,0.062070,0.000364,0.056150,0.060790,0.000004,0.000000,0.375000,0.000143,1.370000,0.000712,0.000000,0.000000,0.186800,0,0
182400000000,182700000000,6274140245,117,2851266,0.186300,0.060790,0.062070,0.000356,0.056150,0.060850,0.000005,0.000000,0.376500,0.000286,1.394000,0.000734,0.000000,0.000000,0.183100,0,0
182700000000,183000000000,6274140245,117,2851266,0.186500,0.060790,0.062070,0.000355,0.056150,0.060850,0.000003,0.000000,0.367200,0.000072,1.354000,0.000713,0.000000,0.000000,0.188200,0,0
183000000000,183300000000,6274140245,117,2851266,0.186500,0.060850,0.062070,0.000355,0.056150,0.060850,0.000004,0.000000,0.214100,0.000357,1.380000,0.000707,0.000000,0.000000,0.188000,0,0
183300000000,183600000000,6274140245,117,2851266,0.186500,0.060790,0.062070,0.000384,0.056150,0.060910,0.000021,0.000000,0.375000,0.003784,1.382000,0.000736,0.000000,0.000000,0.187000,0,0
183600000000,183900000000,6274140245,117,2851266,0.098510,0.060420,0.062010,0.000565,0.056150,0.060790,0.000332,0.000000,0.214600,0.039860,1.337000,0.000710,0.000000,0.000000,0.188000,0,0
183900000000,183901000000,6274140245,117,2851266,0.000000,0.059510,0.060060,0.056210,0.056210,0.059510,0.000000,0.000000,0.000000,0.000000,3.135000,0.011960,0.000000,0.000000,0.000000,0,0
183901000000,183921000000,6274140245,117,2851266,0.000073,0.000000,0.000000,0.000000,0.000000,0.000000,0.000018,0.000000,0.001465,0.000215,3.135000,0.011960,0.000000,0.000000,0.000000,0,0
183921000000,183922000000,6274140245,117,2851266,0.000000,0.000000,0.000000,0.000000,0.000000,0.000000,0.000000,0.000000,0.000000,0.000000,3.135000,0.011960,0.000000,0.000000,0.000000,0,0
