179233000000,179400000000,6274140245,118,336041169,0.000000,0.000000,0.000000,0.000000,0.000000,0.000000,0.000000,0.000000,0.000000,0.000000,0.000000,0.000000,0.000000,0.000000,0.000000,0,0
179400000000,179498000000,6274140245,118,336041169,0.000000,0.000000,0.000000,0.000000,0.000000,0.000000,0.000000,0.000000,0.000000,0.000000,0.000000,0.000000,0.000000,0.000000,0.000000,0,0
179498000000,179639000000,6274140245,118,336041169,0.003746,0.019740,0.020720,0.000132,0.018620,0.033940,0.034550,0.000000,0.014920,0.058350,1.833000,0.004606,0.000000,0.000000,0.007019,0,0
179639000000,179700000000,6274140245,118,336041169,0.006470,0.052060,0.053890,0.000063,0.050230,0.054020,0.033570,0.000000,0.062620,0.043150,30.440000,0.154800,0.000000,0.000000,0.000788,0,0
179700000000,180000000000,6274140245,118,336041169,0.149700,0.060670,0.061710,0.000364,0.055970,0.061400,0.006126,0.000000,0.203100,0.091800,1.301000,0.000690,0.000000,0.000000,0.185800,0,0
180000000000,180300000000,6274140245,118,336041169,0.182400,0.061160,0.062380,0.000383,0.056150,0.061220,0.000110,0.000000,0.204100,0.016420,1.321000,0.000685,0.000000,0.000000,0.187000,0,0
180300000000,180461000000,6274140245,118,336041169,0.184800,0.061220,0.062380,0.000387,0.056150,0.061280,0.000017,0.000000,0.205600,0.002213,1.347000,0.000731,0.000000,0.000000,0.187500,0,0
180461000000,180600000000,6274140245,118,336041169,0.185300,0.061220,0.062380,0.000389,0.056150,0.061280,0.000023,0.000000,0.205600,0.002716,1.328000,0.000721,0.000000,0.000000,0.184800,0,0
180600000000,180900000000,6274140245,118,336041169,0.185500,0.061280,0.062380,0.000389,0.056150,0.061340,0.000006,0.000000,0.189200,0.000571,1.322000,0.000685,0.000000,0.000000,0.186300,0,0
180900000000,181200000000,6274140245,118,336041169,0.185300,0.061280,0.062380,0.000390,0.056150,0.061280,0.000005,0.000000,0.191400,0.000714,1.366000,0.000729,0.000000,0.000000,0.188500,0,0
181200000000,181500000000,6274140245,118,336041169,0.185500,0.061220,0.062380,0.000390,0.056150,0.061280,0.000009,0.000000,0.369100,0.001358,1.372000,0.000776,0.000000,0.000000,0.183300,0,0
181500000000,181800000000,6274140245,118,336041169,0.184600,0.061220,0.062380,0.000391,0.056150,0.061280,0.000004,0.000000,0.199000,0.000072,1.370000,0.000751,0.000000,0.000000,0.183300,0,0
181800000000,182100000000,6274140245,118,336041169,0.182900,0.061220,0.062380,0.000391,0.056150,0.061280,0.000004,0.000000,0.198000,0.000072,1.369000,0.000762,0.000000,0.000000,0.187700,0,0
182100000000,182400000000,6274140245,118,336041169,0.185300,0.061220,0.062380,0.000391,0.056150,0.061340,0.000006,0.000000,0.204100,0.000643,1.326000,0.000682,0.000000,0.000000,0.164300,0,0
182400000000,182700000000,6274140245,118,336041169,0.184600,0.061340,0.062380,0.000391,0.056150,0.061340,0.000004,0.000000,0.191400,0.000072,1.402000,0.000783,0.000000,0.000000,0.178200,0,0
182700000000,183000000000,6274140245,118,336041169,0.182600,0.061220,0.062380,0.000392,0.056150,0.061340,0.000004,0.000000,0.371100,0.000072,1.383000,0.000765,0.000000,0.000000,0.187500,0,0
183000000000,183300000000,6274140245,118,336041169,0.186000,0.061340,0.062380,0.000419,0.056210,0.061400,0.000031,0.000000,0.204300,0.007713,1.337000,0.000709,0.000000,0.000000,0.184300,0,0
183300000000,183600000000,6274140245,118,336041169,0.186000,0.061280,0.062380,0.000430,0.056210,0.061400,0.000003,0.000000,0.205600,0.000072,1.405000,0.000767,0.000000,0.000000,0.186500,0,0
183600000000,183900000000,6274140245,118,336041169,0.141600,0.061280,0.062380,0.000430,0.056210,0.061400,0.000003,0.000000,0.209200,0.000072,1.349000,0.000686,0.000000,0.000000,0.124600,0,0
183900000000,183960000000,6274140245,118,336041169,0.021120,0.060730,0.062380,0.002293,0.056210,0.060910,0.001095,0.000000,0.070800,0.033140,1.304000,0.000692,0.000000,0.000000,0.000430,0,0
183960000000,183979000000,6274140245,118,336041169,0.000244,0.003017,0.000000,0.000000,0.000000,0.057310,0.000011,0.000000,0.004639,0.000215,3.056000,0.011840,0.000000,0.000000,0.000000,0,0
183979000000,183980000000,6274140245,118,336041169,0.000000,0.000000,0.000000,0.000000,0.000000,0.000000,0.000000,0.000000,0.000000,0.000000,3.056000,0.011840,0.000000,0.000000,0.000000,0,0
