179238000000,179400000000,6274140245,119,288806456,0.000000,0.000000,0.000000,0.000000,0.000000,0.000000,0.000000,0.000000,0.000000,0.000000,0.000000,0.000000,0.000000,0.000000,0.000000,0,0
179400000000,179515000000,6274140245,119,288806456,0.000000,0.000000,0.000000,0.000000,0.000000,0.000000,0.000000,0.000000,0.000000,0.000000,0.000000,0.000000,0.000000,0.000000,0.000000,0,0
179515000000,179694000000,6274140245,119,288806456,0.006241,0.034000,0.035400,0.000122,0.032650,0.058290,0.035830,0.000000,0.062740,0.096070,0.825600,0.000458,0.000000,0.000000,0.006958,0,0
179694000000,179700000000,6274140245,119,288806456,0.029820,0.059450,0.059810,0.000772,0.056400,0.059880,0.026180,0.000000,0.041990,0.036560,0.772300,0.000177,0.000000,0.000000,0.025020,0,0
179700000000,180000000000,6274140245,119,288806456,0.141600,0.060970,0.061650,0.000365,0.056090,0.061160,0.001619,0.000000,0.190700,0.051150,1.331000,0.000749,0.000000,0.000000,0.001091,0,0
180000000000,180300000000,6274140245,119,288806456,0.170200,0.061040,0.061770,0.000366,0.056150,0.061160,0.000011,0.000000,0.206500,0.001715,1.370000,0.000778,0.000000,0.000000,0.187300,0,0
180300000000,180448000000,6274140245,119,288806456,0.175300,0.061100,0.061770,0.000367,0.056150,0.061160,0.000014,0.000000,0.195800,0.000857,1.414000,0.000796,0.000000,0.000000,0.183100,0,0
180448000000,180600000000,6274140245,119,288806456,0.176800,0.060970,0.061770,0.000367,0.056150,0.061100,0.000023,0.000000,0.214600,0.002857,1.358000,0.000766,0.000000,0.000000,0.187000,0,0
180600000000,180773000000,6274140245,119,288806456,0.174300,0.061100,0.061770,0.000367,0.056150,0.061160,0.000009,0.000000,0.192100,0.000786,1.316000,0.000705,0.000000,0.000000,0.186000,0,0
180773000000,180792000000,6274140245,119,288806456,0.002621,0.000000,0.000000,0.002953,0.002953,0.000000,0.000004,0.000000,0.024870,0.000072,1.414000,0.000788,0.000000,0.000000,0.000000,0,1
180792000000,180793000000,6274140245,119,288806456,0.000000,0.000000,0.000000,0.000000,0.000000,0.000000,0.000000,0.000000,0.000000,0.000000,1.414000,0.000788,0.000000,0.000000,0.000000,0,0
180799000000,180900000000,6274140245,119,38737063,0.000000,0.000000,0.000000,0.000000,0.000000,0.000000,0.000000,0.000000,0.000000,0.000000,0.000000,0.000000,0.000000,0.000000,0.000000,0,0
180900000000,180991000000,6274140245,119,38737063,0.000000,0.000000,0.000000,0.000000,0.000000,0.000000,0.000000,0.000000,0.000000,0.000000,0.000000,0.000000,0.000000,0.000000,0.000000,0,0
180991000000,181200000000,6274140245,119,38737063,0.065310,0.043270,0.044250,0.000253,0.041020,0.061040,0.035950,0.000000,0.213400,0.110500,1.345000,0.000807,0.000000,0.000000,0.010420,0,0
181200000000,181266000000,6274140245,119,38737063,0.186800,0.060970,0.061890,0.000418,0.056150,0.061100,0.000070,0.000000,0.223600,0.003643,1.365000,0.000708,0.000000,0.000000,0.186000,0,0
181266000000,181500000000,6274140245,119,38737063,0.186300,0.060850,0.061890,0.000423,0.056150,0.060910,0.000062,0.000000,0.217300,0.011990,1.307000,0.000685,0.000000,0.000000,0.185500,0,0
181500000000,181800000000,6274140245,119,38737063,0.185800,0.060850,0.061890,0.000459,0.056210,0.060970,0.000029,0.000000,0.223900,0.006927,1.333000,0.000706,0.000000,0.000000,0.187300,0,0
181800000000,182100000000,6274140245,119,38737063,0.186000,0.060910,0.061890,0.000459,0.056210,0.060970,0.000003,0.000000,0.229000,0.000072,1.383000,0.000738,0.000000,0.000000,0.187700,0,0
182100000000,182400000000,6274140245,119,38737063,0.185800,0.060850,0.061890,0.000459,0.056210,0.060910,0.000005,0.000000,0.194600,0.000143,1.417000,0.000793,0.000000,0.000000,0.186000,0,0
182400000000,182700000000,6274140245,119,38737063,0.186000,0.060910,0.061890,0.000459,0.056210,0.060970,0.000004,0.000000,0.190200,0.000072,1.356000,0.000752,0.000000,0.000000,0.187500,0,0
182700000000,183000000000,6274140245,119,38737063,0.186000,0.060910,0.061890,0.000458,0.056210,0.060910,0.000006,0.000000,0.191400,0.000286,1.371000,0.000761,0.000000,0.000000,0.182100,0,0
183000000000,183300000000,6274140245,119,38737063,0.186000,0.060910,0.061890,0.000463,0.056210,0.060970,0.000010,0.000000,0.206300,0.000714,1.363000,0.000695,0.000000,0.000000,0.180400,0,0
183300000000,183600000000,6274140245,119,38737063,0.186300,0.060970,0.061890,0.000478,0.056270,0.061040,0.000004,0.000000,0.199500,0.000215,1.414000,0.000784,0.000000,0.000000,0.188200,0,0
183600000000,183900000000,6274140245,119,38737063,0.141600,0.060850,0.061890,0.000479,0.056270,0.060970,0.000008,0.000000,0.204600,0.000857,1.415000,0.000783,0.000000,0.000000,0.185500,0,0
183900000000,183960000000,6274140245,119,38737063,0.027710,0.060420,0.061890,0.001410,0.056270,0.060610,0.000896,0.000000,0.063350,0.023220,1.498000,0.000798,0.000000,0.000000,0.000197,0,0
183960000000,183974000000,6274140245,119,38737063,0.000194,0.000000,0.000000,0.000000,0.000000,0.000000,0.000020,0.000000,0.002716,0.000143,3.507000,0.013750,0.000000,0.000000,0.000000,0,0
183974000000,183975000000,6274140245,119,38737063,0.000000,0.000000,0.000000,0.000000,0.000000,0.000000,0.000000,0.000000,0.000000,0.000000,3.507000,0.013750,0.000000,0.000000,0.000000,0,0
