179236000000,179400000000,6274140245,12,82786230,0.000000,0.000000,0.000000,0.000000,0.000000,0.000000,0.000000,0.000000,0.000000,0.000000,0.000000,0.000000,0.000000,0.000000,0.000000,0,0
179400000000,179700000000,6274140245,12,82786230,0.000000,0.000000,0.000000,0.000000,0.000000,0.000000,0.000000,0.000000,0.000000,0.000000,0.000000,0.000000,0.000000,0.000000,0.000000,0,0
179700000000,179859000000,6274140245,12,82786230,0.000000,0.000000,0.000000,0.000000,0.000000,0.000000,0.000000,0.000000,0.000000,0.000000,0.000000,0.000000,0.000000,0.000000,0.000000,0,0
179859000000,179946000000,6274140245,12,82786230,0.001480,0.002575,0.004860,0.000496,0.002224,0.008667,0.017000,0.000000,0.022250,0.045290,3.103000,0.010060,0.000000,0.000000,0.000694,0,0
179946000000,180000000000,6274140245,12,82786230,0.002483,0.015210,0.016360,0.000116,0.014300,0.023160,0.024320,0.000000,0.008453,0.042850,20.490000,0.102600,0.000000,0.000000,0.003315,0,0
180000000000,180300000000,6274140245,12,82786230,0.001961,0.028750,0.030520,0.000018,0.028260,0.033450,0.009995,0.000000,0.015120,0.045780,0.779200,0.001403,0.000000,0.000000,0.001419,0,0
180300000000,180600000000,6274140245,12,82786230,0.002258,0.034970,0.053410,0.000020,0.050960,0.053710,0.006943,0.000000,0.213100,0.029140,0.531800,0.000230,0.000000,0.000000,0.005745,0,0
180600000000,180900000000,6274140245,12,82786230,0.009705,0.056520,0.056950,0.000283,0.054080,0.060420,0.005409,0.000000,0.187700,0.048580,0.979000,0.001063,0.000000,0.000000,0.035280,0,0
180900000000,181200000000,6274140245,12,82786230,0.123000,0.061650,0.062320,0.000604,0.056270,0.063840,0.001614,0.000002,0.318800,0.025730,1.344000,0.000629,0.000000,0.000000,0.187000,0,0
181200000000,181209000000,6274140245,12,82786230,0.001728,0.063840,0.063840,0.008255,0.057740,0.063840,0.007782,0.000011,0.058470,0.017210,33.940000,0.155500,0.000000,0.000000,0.000041,0,0
181209000000,181230000000,6274140245,12,82786230,0.000399,0.000000,0.000000,0.005501,0.005501,0.000000,0.000000,0.000011,0.002789,0.000000,33.940000,0.155500,0.000000,0.000000,0.000000,0,1
181230000000,181231000000,6274140245,12,82786230,0.000000,0.000000,0.000000,0.000000,0.000000,0.000000,0.000000,0.000011,0.000000,0.000000,33.940000,0.155500,0.000000,0.000000,0.000000,0,0
181255000000,181500000000,6274140245,12,854210220,0.000000,0.000000,0.000000,0.000000,0.000000,0.000000,0.000000,0.000000,0.000000,0.000000,0.000000,0.000000,0.000000,0.000000,0.000000,0,0
181500000000,181800000000,6274140245,12,854210220,0.000000,0.000000,0.000000,0.000000,0.000000,0.000000,0.000000,0.000000,0.000000,0.000000,0.000000,0.000000,0.000000,0.000000,0.000000,0,0
181800000000,182100000000,6274140245,12,854210220,0.000000,0.000000,0.000000,0.000000,0.000000,0.000000,0.000000,0.000000,0.000000,0.000000,0.000000,0.000000,0.000000,0.000000,0.000000,0,0
182100000000,182170000000,6274140245,12,854210220,0.000000,0.000000,0.000000,0.000000,0.000000,0.000000,0.000000,0.000000,0.000000,0.000000,0.000000,0.000000,0.000000,0.000000,0.000000,0,0
182170000000,182251000000,6274140245,12,854210220,0.001173,0.001221,0.004021,0.000413,0.001028,0.005196,0.009796,0.000000,0.026430,0.025360,1.627000,0.003030,0.000000,0.000000,0.000000,0,0
182251000000,182400000000,6274140245,12,854210220,0.002079,0.016660,0.018190,0.000206,0.016240,0.024380,0.016540,0.000000,0.015930,0.028780,2.236000,0.006459,0.000000,0.000000,0.004181,0,0
182400000000,182700000000,6274140245,12,854210220,0.043520,0.041810,0.044010,0.000131,0.040470,0.061220,0.021150,0.000000,1.123000,0.098020,1.193000,0.000533,0.000000,0.000000,0.001898,0,0
182700000000,183000000000,6274140245,12,854210220,0.187000,0.061160,0.061770,0.000352,0.056090,0.061220,0.000102,0.000000,0.375500,0.013850,1.315000,0.000692,0.000000,0.000000,0.187500,0,0
183000000000,183300000000,6274140245,12,854210220,0.187000,0.061220,0.061770,0.000390,0.056150,0.061280,0.000004,0.000000,0.191900,0.000286,1.391000,0.000726,0.000000,0.000000,0.187500,0,0
183300000000,183530000000,6274140245,12,854210220,0.187000,0.061160,0.061770,0.000389,0.056150,0.061280,0.000005,0.000000,0.189200,0.000215,1.375000,0.000731,0.000000,0.000000,0.187700,0,0
183530000000,183600000000,6274140245,12,854210220,0.187000,0.061220,0.061770,0.000389,0.056150,0.061220,0.000002,0.000000,0.375500,0.000072,1.238000,0.000597,0.000000,0.000000,0.186800,0,0
183600000000,183900000000,6274140245,12,854210220,0.106200,0.060970,0.061770,0.000389,0.056150,0.061220,0.000004,0.000000,0.189700,0.000215,1.329000,0.000699,0.000000,0.000000,0.062190,0,0
183900000000,183960000000,6274140245,12,854210220,0.017150,0.060550,0.061770,0.001322,0.056150,0.060790,0.001379,0.000000,0.063480,0.033080,1.483000,0.000622,0.000000,0.000000,0.001028,0,0
183960000000,183979000000,6274140245,12,854210220,0.000662,0.000000,0.000000,0.000000,0.000000,0.000000,0.000033,0.000000,0.012570,0.000571,1.721000,0.001658,0.000000,0.000000,0.000000,0,0
183979000000,183980000000,6274140245,12,854210220,0.000000,0.000000,0.000000,0.000000,0.000000,0.000000,0.000000,0.000000,0.000000,0.000000,3.076000,0.007585,0.000000,0.000000,0.000000,0,0
190711000000,190800000000,6274140245,12,294863042,0.000000,0.000000,0.000000,0.000000,0.000000,0.000000,0.000000,0.000000,0.000000,0.000000,0.000000,0.000000,0.000000,0.000000,0.000000,0,0
190800000000,190901000000,6274140245,12,294863042,0.000000,0.000000,0.000000,0.000000,0.000000,0.000000,0.000000,0.000000,0.000000,0.000000,0.000000,0.000000,0.000000,0.000000,0.000000,0,0
190901000000,190928000000,6274140245,12,294863042,0.001265,0.001583,0.003872,0.000671,0.001200,0.001871,0.011630,0.000000,0.032900,0.068730,0.000000,0.000000,0.000000,0.000000,0.000013,0,0
190928000000,190945000000,6274140245,12,294863042,0.000114,0.000000,0.000000,0.000000,0.000000,0.000000,0.000033,0.000000,0.001938,0.000428,0.000000,0.000000,0.000000,0.000000,0.000000,0,0
190945000000,190946000000,6274140245,12,294863042,0.000000,0.000000,0.000000,0.000000,0.000000,0.000000,0.000000,0.000000,0.000000,0.000000,0.000000,0.000000,0.000000,0.000000,0.000000,0,0
