179236000000,179400000000,6274140245,120,3375704979,0.000000,0.000000,0.000000,0.000000,0.000000,0.000000,0.000000,0.000000,0.000000,0.000000,0.000000,0.000000,0.000000,0.000000,0.000000,0,0
179400000000,179550000000,6274140245,120,3375704979,0.000000,0.000000,0.000000,0.000000,0.000000,0.000000,0.000000,0.000000,0.000000,0.000000,0.000000,0.000000,0.000000,0.000000,0.000000,0,0
179550000000,179694000000,6274140245,120,3375704979,0.047550,0.040220,0.041690,0.000379,0.038020,0.061160,0.044740,0.000000,0.189000,0.175000,1.300000,0.000634,0.000000,0.000000,0.014250,0,0
179694000000,179700000000,6274140245,120,3375704979,0.186000,0.061100,0.061160,0.000281,0.056030,0.061160,0.001013,0.000000,0.188200,0.006073,1.304000,0.000597,0.000000,0.000000,0.187300,0,0
179700000000,180000000000,6274140245,120,3375704979,0.180400,0.061460,0.062990,0.000293,0.056030,0.061650,0.002174,0.000000,0.190900,0.073490,1.293000,0.000657,0.000000,0.000000,0.187500,0,0
180000000000,180125000000,6274140245,120,3375704979,0.177000,0.061280,0.063110,0.000373,0.056150,0.061460,0.000160,0.000000,0.374500,0.015560,1.376000,0.000811,0.000000,0.000000,0.187300,0,0
180125000000,180300000000,6274140245,120,3375704979,0.186000,0.061280,0.063110,0.000380,0.056150,0.061460,0.000010,0.000000,0.191900,0.000999,1.343000,0.000751,0.000000,0.000000,0.188000,0,0
180300000000,180600000000,6274140245,120,3375704979,0.186000,0.061400,0.063110,0.000380,0.056150,0.061460,0.000006,0.000000,0.205100,0.000929,1.344000,0.000719,0.000000,0.000000,0.186500,0,0
180600000000,180900000000,6274140245,120,3375704979,0.185300,0.061400,0.063110,0.000380,0.056150,0.061520,0.000003,0.000000,0.204600,0.000215,1.375000,0.000760,0.000000,0.000000,0.187300,0,0
180900000000,181200000000,6274140245,120,3375704979,0.186300,0.061460,0.063110,0.000382,0.056150,0.061520,0.000004,0.000000,0.205800,0.000428,1.351000,0.000751,0.000000,0.000000,0.187500,0,0
181200000000,181500000000,6274140245,120,3375704979,0.186300,0.061400,0.063110,0.000382,0.056150,0.061520,0.000010,0.000000,0.370100,0.000929,1.396000,0.000777,0.000000,0.000000,0.185500,0,0
181500000000,181800000000,6274140245,120,3375704979,0.186500,0.061400,0.063110,0.000382,0.056150,0.061520,0.000004,0.000000,0.205600,0.000072,1.325000,0.000689,0.000000,0.000000,0.187700,0,0
181800000000,182100000000,6274140245,120,3375704979,0.186500,0.061400,0.063110,0.000382,0.056150,0.061460,0.000008,0.000000,0.191900,0.001358,1.325000,0.000697,0.000000,0.000000,0.188200,0,0
182100000000,182400000000,6274140245,120,3375704979,0.186300,0.061460,0.063110,0.000382,0.056150,0.061520,0.000004,0.000000,0.191700,0.000357,1.388000,0.000766,0.000000,0.000000,0.188000,0,0
182400000000,182700000000,6274140245,120,3375704979,0.186000,0.061460,0.063110,0.000383,0.056150,0.061520,0.000007,0.000000,0.188700,0.001215,1.334000,0.000718,0.000000,0.000000,0.187700,0,0
182700000000,183000000000,6274140245,120,3375704979,0.186300,0.061460,0.063110,0.000383,0.056150,0.061520,0.000004,0.000000,0.194100,0.000143,1.364000,0.000732,0.000000,0.000000,0.187500,0,0
183000000000,183300000000,6274140245,120,3375704979,0.186300,0.061460,0.063110,0.000408,0.056150,0.061520,0.000029,0.000000,0.193400,0.006500,1.306000,0.000649,0.000000,0.000000,0.186800,0,0
183300000000,183600000000,6274140245,120,3375704979,0.186500,0.061460,0.063110,0.000423,0.056210,0.061520,0.000003,0.000000,0.190900,0.000072,1.357000,0.000710,0.000000,0.000000,0.184600,0,0
183600000000,183900000000,6274140245,120,3375704979,0.150100,0.061400,0.063110,0.000414,0.056150,0.061520,0.000008,0.000000,0.206500,0.001358,1.362000,0.000726,0.000000,0.000000,0.187700,0,0
183900000000,184200000000,6274140245,120,3375704979,0.092290,0.060790,0.062260,0.000359,0.056150,0.061040,0.000057,0.000000,0.200200,0.008286,1.358000,0.000690,0.000000,0.000000,0.062190,0,0
184200000000,184344000000,6274140245,120,3375704979,0.117900,0.060610,0.061340,0.000205,0.055970,0.060670,0.000013,0.000000,0.128700,0.001143,1.350000,0.000673,0.000000,0.000000,0.125200,0,0
184344000000,184500000000,6274140245,120,3375704979,0.062620,0.060240,0.061340,0.000195,0.055970,0.060420,0.000018,0.000000,0.069210,0.000643,1.289000,0.000591,0.000000,0.000000,0.061830,0,0
184500000000,184800000000,6274140245,120,3375704979,0.096070,0.060360,0.061340,0.000152,0.055910,0.060670,0.000026,0.000000,0.137900,0.001642,1.411000,0.000768,0.000000,0.000000,0.062740,0,0
184800000000,185100000000,6274140245,120,3375704979,0.110500,0.060730,0.061340,0.000083,0.055850,0.061100,0.000064,0.000000,0.189000,0.002857,1.381000,0.000761,0.000000,0.000000,0.124900,0,0
185100000000,185400000000,6274140245,120,3375704979,0.059330,0.060000,0.061340,0.000085,0.055850,0.060300,0.000027,0.000000,0.130100,0.002785,1.436000,0.000786,0.000000,0.000000,0.061770,0,0
185400000000,185700000000,6274140245,120,3375704979,0.056820,0.060060,0.061340,0.000089,0.055850,0.060970,0.000024,0.000000,0.188700,0.005783,1.305000,0.000641,0.000000,0.000000,0.000427,0,0
185700000000,186000000000,6274140245,120,3375704979,0.167000,0.061100,0.061580,0.000175,0.055910,0.061400,0.000952,0.000000,0.192100,0.051510,1.399000,0.000796,0.000000,0.000000,0.187000,0,0
186000000000,186300000000,6274140245,120,3375704979,0.060670,0.059690,0.061890,0.000327,0.056090,0.060610,0.000010,0.000000,0.067500,0.001358,1.341000,0.000750,0.000000,0.000000,0.060610,0,0
186300000000,186600000000,6274140245,120,3375704979,0.060610,0.059330,0.060360,0.000300,0.056090,0.059510,0.000547,0.000000,0.119600,0.041690,1.389000,0.000768,0.000000,0.000000,0.062620,0,0
186600000000,186900000000,6274140245,120,3375704979,0.004524,0.059020,0.060060,0.000304,0.056090,0.059330,0.000026,0.000000,0.063230,0.004784,1.461000,0.000762,0.000000,0.000000,0.000045,0,0
186900000000,187200000000,6274140245,120,3375704979,0.000177,0.058960,0.060060,0.000308,0.056090,0.058960,0.000025,0.000000,0.004410,0.006645,2.918000,0.011520,0.000000,0.000000,0.000023,0,0
187200000000,187500000000,6274140245,120,3375704979,0.079220,0.059570,0.060790,0.000302,0.056030,0.060850,0.001026,0.000000,0.206300,0.054930,1.392000,0.000757,0.000000,0.000000,0.187500,0,0
187500000000,187800000000,6274140245,120,3375704979,0.112300,0.060240,0.061830,0.000356,0.056090,0.060670,0.000109,0.000000,0.188700,0.012360,1.392000,0.000730,0.000000,0.000000,0.000167,0,0
187800000000,188100000000,6274140245,120,3375704979,0.073970,0.059390,0.060120,0.000341,0.056090,0.059880,0.000056,0.000000,0.127200,0.006859,1.369000,0.000690,0.000000,0.000000,0.062740,0,0
188100000000,188400000000,6274140245,120,3375704979,0.075070,0.059630,0.060120,0.000215,0.055970,0.059880,0.000018,0.000000,0.128700,0.003998,1.437000,0.000775,0.000000,0.000000,0.123200,0,0
188400000000,188700000000,6274140245,120,3375704979,0.000197,0.058960,0.060120,0.000212,0.055970,0.059020,0.000000,0.000000,0.005196,0.000072,3.020000,0.010530,0.000000,0.000000,0.000113,0,0
188700000000,189000000000,6274140245,120,3375704979,0.000174,0.058900,0.060120,0.000212,0.055970,0.058900,0.000000,0.000000,0.004921,0.000000,3.119000,0.010920,0.000000,0.000000,0.000342,0,0
189000000000,189300000000,6274140245,120,3375704979,0.125700,0.060060,0.061160,0.000242,0.055970,0.060850,0.004898,0.000000,0.357400,0.066410,1.431000,0.000706,0.000000,0.000000,0.000096,0,0
189300000000,189600000000,6274140245,120,3375704979,0.107500,0.060120,0.061830,0.000318,0.056090,0.060610,0.000061,0.000000,0.208700,0.007782,1.359000,0.000696,0.000000,0.000000,0.187300,0,0
189600000000,189900000000,6274140245,120,3375704979,0.045410,0.059200,0.060120,0.000072,0.055850,0.059330,0.000170,0.000000,0.073970,0.031430,1.316000,0.000660,0.000000,0.000000,0.000289,0,0
189900000000,190200000000,6274140245,120,3375704979,0.028110,0.059080,0.060120,0.000112,0.055850,0.059270,0.000060,0.000000,0.074830,0.010790,1.309000,0.000651,0.000000,0.000000,0.000100,0,0
190200000000,190500000000,6274140245,120,3375704979,0.057010,0.059270,0.060120,0.000104,0.055850,0.059270,0.000014,0.000000,0.074580,0.002285,1.403000,0.000720,0.000000,0.000000,0.062620,0,0
190500000000,190800000000,6274140245,120,3375704979,0.066650,0.059810,0.060550,0.000127,0.055850,0.060730,0.019590,0.000000,0.218000,0.073000,1.368000,0.000722,0.000000,0.000000,0.000168,0,0
190800000000,191100000000,6274140245,120,3375704979,0.154800,0.060490,0.061950,0.000334,0.056090,0.060730,0.000092,0.000000,0.217800,0.010420,1.331000,0.000717,0.000000,0.000000,0.187500,0,0
191100000000,191400000000,6274140245,120,3375704979,0.000595,0.059140,0.060360,0.000116,0.055850,0.060060,0.000144,0.000000,0.068850,0.024080,1.449000,0.000878,0.000000,0.000000,0.000138,0,0
191400000000,191700000000,6274140245,120,3375704979,0.048830,0.059200,0.060120,0.000139,0.055910,0.059330,0.000651,0.000000,0.067260,0.027500,1.373000,0.000693,0.000000,0.000000,0.062620,0,0
191700000000,192000000000,6274140245,120,3375704979,0.015580,0.059080,0.060120,0.000224,0.055970,0.059330,0.000051,0.000000,0.066650,0.012790,1.361000,0.000651,0.000000,0.000000,0.000093,0,0
192000000000,192300000000,6274140245,120,3375704979,0.041080,0.059200,0.060120,0.000231,0.055970,0.059810,0.000182,0.000000,0.126000,0.013720,1.182000,0.000610,0.000000,0.000000,0.062620,0,0
192300000000,192600000000,6274140245,120,3375704979,0.036250,0.059330,0.060120,0.000239,0.055970,0.059570,0.000013,0.000000,0.124300,0.002785,1.293000,0.000640,0.000000,0.000000,0.062010,0,0
192600000000,192900000000,6274140245,120,3375704979,0.078000,0.059450,0.060180,0.000208,0.055970,0.059880,0.000182,0.000000,0.251000,0.014140,1.313000,0.000599,0.000000,0.000000,0.109900,0,0
192900000000,193132000000,6274140245,120,3375704979,0.090820,0.059750,0.060180,0.000447,0.055970,0.059940,0.000469,0.000000,0.127900,0.038450,1.385000,0.000726,0.000000,0.000000,0.125000,0,0
193132000000,193154000000,6274140245,120,3375704979,0.000100,0.000000,0.000000,0.000000,0.000000,0.000000,0.000047,0.000000,0.002197,0.000999,1.402000,0.001255,0.000000,0.000000,0.000000,0,0
193154000000,193156000000,6274140245,120,3375704979,0.000000,0.000000,0.000000,0.000000,0.000000,0.000000,0.000000,0.000000,0.000000,0.000000,1.402000,0.001255,0.000000,0.000000,0.000000,0,0
