179238000000,179400000000,6274140245,121,294847211,0.000000,0.000000,0.000000,0.000000,0.000000,0.000000,0.000000,0.000000,0.000000,0.000000,0.000000,0.000000,0.000000,0.000000,0.000000,0,0
179400000000,179700000000,6274140245,121,294847211,0.000000,0.000000,0.000000,0.000000,0.000000,0.000000,0.000000,0.000000,0.000000,0.000000,0.000000,0.000000,0.000000,0.000000,0.000000,0,0
179700000000,179735000000,6274140245,121,294847211,0.000000,0.000000,0.000000,0.000000,0.000000,0.000000,0.000000,0.000000,0.000000,0.000000,0.000000,0.000000,0.000000,0.000000,0.000000,0,0
179735000000,179832000000,6274140245,121,294847211,0.003677,0.014920,0.016110,0.000287,0.014050,0.030330,0.028110,0.000000,0.023900,0.083740,2.715000,0.010250,0.000000,0.000000,0.000872,0,0
179832000000,180000000000,6274140245,121,294847211,0.041200,0.050350,0.051390,0.000185,0.047730,0.061100,0.027370,0.000000,0.191700,0.126500,1.050000,0.000406,0.000000,0.000000,0.187500,0,0
180000000000,180300000000,6274140245,121,294847211,0.149400,0.061460,0.062620,0.000279,0.055970,0.061710,0.006737,0.000000,0.190200,0.057740,1.337000,0.000719,0.000000,0.000000,0.187500,0,0
180300000000,180594000000,6274140245,121,294847211,0.186500,0.061520,0.062990,0.000371,0.056150,0.061580,0.000063,0.000000,0.206500,0.012860,1.336000,0.000720,0.000000,0.000000,0.187300,0,0
180594000000,180600000000,6274140245,121,294847211,0.186500,0.061580,0.062990,0.000373,0.056150,0.061580,0.000000,0.000000,0.188200,0.000000,1.335000,0.000749,0.000000,0.000000,0.185100,0,0
180600000000,180900000000,6274140245,121,294847211,0.186800,0.061520,0.062990,0.000373,0.056150,0.061580,0.000003,0.000000,0.206800,0.000072,1.338000,0.000701,0.000000,0.000000,0.170700,0,0
180900000000,181200000000,6274140245,121,294847211,0.186500,0.061520,0.062990,0.000373,0.056150,0.061580,0.000004,0.000000,0.200700,0.000072,1.334000,0.000711,0.000000,0.000000,0.187700,0,0
181200000000,181500000000,6274140245,121,294847211,0.186800,0.061520,0.062990,0.000373,0.056150,0.061580,0.000006,0.000000,0.356400,0.000643,1.348000,0.000717,0.000000,0.000000,0.186800,0,0
181500000000,181800000000,6274140245,121,294847211,0.186500,0.061580,0.062990,0.000373,0.056150,0.061650,0.000003,0.000000,0.212900,0.000072,1.393000,0.000754,0.000000,0.000000,0.183300,0,0
181800000000,182100000000,6274140245,121,294847211,0.186300,0.061520,0.062990,0.000373,0.056150,0.061580,0.000006,0.000000,0.206300,0.000428,1.374000,0.000773,0.000000,0.000000,0.187300,0,0
182100000000,182400000000,6274140245,121,294847211,0.187000,0.061520,0.062990,0.000373,0.056150,0.061580,0.000007,0.000000,0.208700,0.000857,1.387000,0.000811,0.000000,0.000000,0.186800,0,0
182400000000,182700000000,6274140245,121,294847211,0.186800,0.061520,0.062990,0.000373,0.056150,0.061580,0.000004,0.000000,0.215300,0.000072,1.348000,0.000722,0.000000,0.000000,0.188000,0,0
182700000000,183000000000,6274140245,121,294847211,0.186800,0.061580,0.062990,0.000373,0.056150,0.061580,0.000003,0.000000,0.375500,0.000072,1.328000,0.000698,0.000000,0.000000,0.190400,0,0
183000000000,183300000000,6274140245,121,294847211,0.186800,0.061580,0.062990,0.000374,0.056150,0.061650,0.000027,0.000000,0.218300,0.003716,1.342000,0.000728,0.000000,0.000000,0.187000,0,0
183300000000,183600000000,6274140245,121,294847211,0.186500,0.061580,0.062990,0.000375,0.056150,0.061650,0.000018,0.000000,0.213600,0.001642,1.366000,0.000730,0.000000,0.000000,0.176500,0,0
183600000000,183900000000,6274140245,121,294847211,0.142300,0.061340,0.062990,0.000386,0.056150,0.061650,0.000020,0.000000,0.208000,0.004784,1.359000,0.000763,0.000000,0.000000,0.125200,0,0
183900000000,184000000000,6274140245,121,294847211,0.065060,0.060970,0.062990,0.001541,0.056210,0.061280,0.000664,0.000000,0.125700,0.024780,1.432000,0.000775,0.000000,0.000000,0.062620,0,0
184000000000,184019000000,6274140245,121,294847211,0.000129,0.000000,0.000000,0.000000,0.000000,0.000000,0.000023,0.000000,0.002441,0.000428,1.310000,0.000642,0.000000,0.000000,0.000000,0,0
184019000000,184020000000,6274140245,121,294847211,0.000000,0.000000,0.000000,0.000000,0.000000,0.000000,0.000000,0.000000,0.000000,0.000000,1.310000,0.000642,0.000000,0.000000,0.000000,0,0
