179234000000,179400000000,6274140245,122,463573609,0.000000,0.000000,0.000000,0.000000,0.000000,0.000000,0.000000,0.000000,0.000000,0.000000,0.000000,0.000000,0.000000,0.000000,0.000000,0,0
179400000000,179479000000,6274140245,122,463573609,0.000000,0.000000,0.000000,0.000000,0.000000,0.000000,0.000000,0.000000,0.000000,0.000000,0.000000,0.000000,0.000000,0.000000,0.000000,0,0
179479000000,179621000000,6274140245,122,463573609,0.026580,0.034970,0.036500,0.000462,0.033450,0.061950,0.046140,0.000000,0.178200,0.161100,4.026000,0.015610,0.000000,0.000000,0.000784,0,0
179621000000,179700000000,6274140245,122,463573609,0.175000,0.061520,0.061950,0.000489,0.056210,0.061950,0.000848,0.000000,0.354500,0.027920,1.351000,0.000769,0.000000,0.000000,0.165500,0,0
179700000000,180000000000,6274140245,122,463573609,0.180900,0.061280,0.062010,0.000261,0.056030,0.061520,0.000078,0.000000,0.371100,0.010070,1.408000,0.000789,0.000000,0.000000,0.183300,0,0
180000000000,180046000000,6274140245,122,463573609,0.179200,0.061280,0.062010,0.000254,0.056030,0.061280,0.000005,0.000000,0.188500,0.000072,1.364000,0.000779,0.000000,0.000000,0.186800,0,0
180046000000,180300000000,6274140245,122,463573609,0.179400,0.061340,0.062010,0.000215,0.055970,0.061400,0.000019,0.000000,0.191400,0.001286,1.328000,0.000738,0.000000,0.000000,0.188000,0,0
180300000000,180600000000,6274140245,122,463573609,0.183100,0.061340,0.062010,0.000140,0.055910,0.061520,0.000004,0.000000,0.205100,0.000072,1.387000,0.000730,0.000000,0.000000,0.125000,0,0
180600000000,180900000000,6274140245,122,463573609,0.184800,0.061340,0.062010,0.000074,0.055850,0.061400,0.000004,0.000000,0.208500,0.000215,1.418000,0.000819,0.000000,0.000000,0.183800,0,0
180900000000,181200000000,6274140245,122,463573609,0.184300,0.061340,0.062010,0.000053,0.055850,0.061460,0.000054,0.000000,0.372600,0.015290,1.368000,0.000742,0.000000,0.000000,0.187000,0,0
181200000000,181500000000,6274140245,122,463573609,0.182100,0.061340,0.062010,0.000053,0.055850,0.061400,0.000006,0.000000,0.192100,0.000786,1.383000,0.000747,0.000000,0.000000,0.188700,0,0
181500000000,181800000000,6274140245,122,463573609,0.183600,0.061220,0.062010,0.000049,0.055850,0.061340,0.000010,0.000000,0.356000,0.001642,1.336000,0.000702,0.000000,0.000000,0.179400,0,0
181800000000,182100000000,6274140245,122,463573609,0.183100,0.061340,0.062010,0.000051,0.055850,0.061400,0.000047,0.000000,0.204600,0.008850,1.371000,0.000741,0.000000,0.000000,0.149400,0,0
182100000000,182400000000,6274140245,122,463573609,0.185300,0.061340,0.062010,0.000046,0.055790,0.061400,0.000030,0.000000,0.370100,0.003643,1.410000,0.000805,0.000000,0.000000,0.187500,0,0
182400000000,182700000000,6274140245,122,463573609,0.183600,0.061280,0.062010,0.000031,0.055790,0.061400,0.000013,0.000000,0.217500,0.002144,1.414000,0.000799,0.000000,0.000000,0.186800,0,0
182700000000,183000000000,6274140245,122,463573609,0.184800,0.061280,0.062010,0.000018,0.055790,0.061340,0.000005,0.000000,0.369600,0.000215,1.397000,0.000753,0.000000,0.000000,0.187000,0,0
183000000000,183300000000,6274140245,122,463573609,0.185500,0.061340,0.062010,0.000010,0.055790,0.061340,0.000032,0.000000,0.221400,0.007286,1.345000,0.000692,0.000000,0.000000,0.187000,0,0
183300000000,183600000000,6274140245,122,463573609,0.184600,0.061340,0.062010,0.000002,0.055790,0.061400,0.000043,0.000000,0.231200,0.007355,1.372000,0.000760,0.000000,0.000000,0.188000,0,0
183600000000,183900000000,6274140245,122,463573609,0.141400,0.061280,0.062010,0.000001,0.055790,0.061400,0.000005,0.000000,0.251500,0.000215,1.384000,0.000730,0.000000,0.000000,0.125000,0,0
183900000000,183963000000,6274140245,122,463573609,0.011610,0.060730,0.062010,0.001812,0.055790,0.060970,0.004173,0.000000,0.062990,0.063480,1.417000,0.000553,0.000000,0.000000,0.000433,0,0
183963000000,183979000000,6274140245,122,463573609,0.000164,0.003593,0.000000,0.000000,0.000000,0.057500,0.000188,0.000000,0.002625,0.002857,20.050000,0.097380,0.000000,0.000000,0.000000,0,0
183979000000,183981000000,6274140245,122,463573609,0.000000,0.000000,0.000000,0.000000,0.000000,0.000000,0.000000,0.000000,0.000000,0.000000,20.050000,0.097380,0.000000,0.000000,0.000000,0,0
