179227000000,179400000000,6274140245,123,1274255,0.000000,0.000000,0.000000,0.000000,0.000000,0.000000,0.000000,0.000000,0.000000,0.000000,0.000000,0.000000,0.000000,0.000000,0.000000,0,0
179400000000,179651000000,6274140245,123,1274255,0.000000,0.000000,0.000000,0.000000,0.000000,0.000000,0.000000,0.000000,0.000000,0.000000,0.000000,0.000000,0.000000,0.000000,0.000000,0,0
179651000000,179700000000,6274140245,123,1274255,0.002373,0.004128,0.005478,0.000551,0.003418,0.008820,0.020750,0.000000,0.013840,0.044130,1.096000,0.001598,0.000000,0.000000,0.000859,0,0
179700000000,179743000000,6274140245,123,1274255,0.001886,0.012250,0.013180,0.000234,0.011340,0.015690,0.013920,0.000000,0.019590,0.035710,1.125000,0.001732,0.000000,0.000000,0.010360,0,0
179743000000,180000000000,6274140245,123,1274255,0.002384,0.025270,0.027770,0.000036,0.025390,0.053040,0.021120,0.000000,0.020480,0.057130,6.599000,0.027380,0.000000,0.000000,0.000137,0,0
180000000000,180217000000,6274140245,123,1274255,0.106400,0.058290,0.058720,0.000256,0.055050,0.060730,0.012600,0.000000,0.195600,0.083500,1.265000,0.000647,0.000000,0.000000,0.184800,0,0
180217000000,180233000000,6274140245,123,1274255,0.008957,0.003536,0.000000,0.003502,0.003502,0.056580,0.000000,0.000000,0.143300,0.000000,1.385000,0.000743,0.000000,0.000000,0.000000,0,1
180233000000,180234000000,6274140245,123,1274255,0.000000,0.000000,0.000000,0.000000,0.000000,0.000000,0.000000,0.000000,0.000000,0.000000,1.386000,0.000742,0.000000,0.000000,0.000000,0,0
180275000000,180300000000,6274140245,123,284755576,0.000000,0.000000,0.000000,0.000000,0.000000,0.000000,0.000000,0.000000,0.000000,0.000000,0.000000,0.000000,0.000000,0.000000,0.000000,0,0
180300000000,180450000000,6274140245,123,284755576,0.000000,0.000000,0.000000,0.000000,0.000000,0.000000,0.000000,0.000000,0.000000,0.000000,0.000000,0.000000,0.000000,0.000000,0.000000,0,0
180450000000,180600000000,6274140245,123,284755576,0.007965,0.031070,0.032100,0.000118,0.030030,0.054440,0.049320,0.000000,0.062620,0.072880,33.830000,0.154900,0.000000,0.000000,0.002762,0,0
180600000000,180612000000,6274140245,123,284755576,0.009109,0.055480,0.056640,0.000107,0.054020,0.057190,0.039920,0.000000,0.028050,0.075440,43.270000,0.189500,0.000000,0.000000,0.005661,0,0
180612000000,180900000000,6274140245,123,284755576,0.023590,0.060180,0.060240,0.000094,0.055730,0.060300,0.047730,0.000000,0.188700,0.072020,0.910600,0.000276,0.000000,0.000000,0.016880,0,0
180900000000,181200000000,6274140245,123,284755576,0.008133,0.060240,0.060240,0.000046,0.055660,0.060240,0.047550,0.000000,0.029820,0.072020,10.770000,0.040460,0.000000,0.000000,0.000060,0,0
181200000000,181500000000,6274140245,123,284755576,0.008911,0.060240,0.060240,0.000047,0.055660,0.060240,0.048400,0.000000,0.030330,0.072140,7.195000,0.026730,0.000000,0.000000,0.007858,0,0
181500000000,181800000000,6274140245,123,284755576,0.009232,0.060240,0.060240,0.000047,0.055660,0.060240,0.049560,0.000000,0.029360,0.064940,17.520000,0.069020,0.000000,0.000000,0.000011,0,0
181800000000,181872000000,6274140245,123,284755576,0.009567,0.060240,0.060240,0.000048,0.055660,0.060240,0.048710,0.000000,0.025120,0.064820,16.540000,0.061940,0.000000,0.000000,0.006584,0,0
181872000000,182100000000,6274140245,123,284755576,0.009521,0.060240,0.060240,0.000049,0.055660,0.060240,0.048770,0.000000,0.028870,0.064450,32.970000,0.131000,0.000000,0.000000,0.016780,0,0
182100000000,182400000000,6274140245,123,284755576,0.009964,0.060240,0.060240,0.000048,0.055660,0.060240,0.049870,0.000000,0.033940,0.065310,25.230000,0.100700,0.000000,0.000000,0.013520,0,0
182400000000,182689000000,6274140245,123,284755576,0.091800,0.060550,0.061400,0.000175,0.055850,0.060970,0.027680,0.000000,0.193600,0.065190,1.441000,0.000781,0.000000,0.000000,0.188200,0,0
182689000000,182700000000,6274140245,123,284755576,0.185800,0.060910,0.062190,0.000341,0.056030,0.060910,0.000000,0.000000,0.194600,0.000000,1.384000,0.000723,0.000000,0.000000,0.187500,0,0
182700000000,183000000000,6274140245,123,284755576,0.186800,0.060910,0.062190,0.000378,0.056150,0.060970,0.000148,0.000000,0.209700,0.023650,1.331000,0.000659,0.000000,0.000000,0.187500,0,0
183000000000,183300000000,6274140245,123,284755576,0.187000,0.060850,0.062190,0.000393,0.056150,0.060970,0.000003,0.000000,0.202900,0.000072,1.410000,0.000687,0.000000,0.000000,0.187500,0,0
183300000000,183600000000,6274140245,123,284755576,0.187300,0.060910,0.062190,0.000393,0.056150,0.060970,0.000004,0.000000,0.194300,0.000072,1.393000,0.000749,0.000000,0.000000,0.186000,0,0
183600000000,183727000000,6274140245,123,284755576,0.169200,0.060790,0.062190,0.000394,0.056150,0.060850,0.000004,0.000000,0.206100,0.000072,1.278000,0.000608,0.000000,0.000000,0.187500,0,0
183727000000,183900000000,6274140245,123,284755576,0.070190,0.060490,0.062190,0.000394,0.056150,0.060730,0.000010,0.000000,0.128900,0.001572,1.457000,0.000785,0.000000,0.000000,0.062620,0,0
183900000000,183933000000,6274140245,123,284755576,0.001667,0.059450,0.060790,0.003532,0.055910,0.059690,0.005531,0.000000,0.062070,0.055480,3.221000,0.011640,0.000000,0.000000,0.000177,0,0
183933000000,183955000000,6274140245,123,284755576,0.000120,0.000000,0.000000,0.000000,0.000000,0.000000,0.000035,0.000000,0.002640,0.000571,2.987000,0.010530,0.000000,0.000000,0.000000,0,0
183955000000,183956000000,6274140245,123,284755576,0.000000,0.000000,0.000000,0.000000,0.000000,0.000000,0.000000,0.000000,0.000000,0.000000,2.987000,0.010530,0.000000,0.000000,0.000000,0,0
