179237000000,179400000000,6274140245,124,288796555,0.000000,0.000000,0.000000,0.000000,0.000000,0.000000,0.000000,0.000000,0.000000,0.000000,0.000000,0.000000,0.000000,0.000000,0.000000,0,0
179400000000,179452000000,6274140245,124,288796555,0.000000,0.000000,0.000000,0.000000,0.000000,0.000000,0.000000,0.000000,0.000000,0.000000,0.000000,0.000000,0.000000,0.000000,0.000000,0,0
179452000000,179602000000,6274140245,124,288796555,0.002579,0.016540,0.018100,0.000018,0.016110,0.028380,0.021580,0.000000,0.046080,0.052060,1.225000,0.001563,0.000000,0.000000,0.001980,0,0
179602000000,179700000000,6274140245,124,288796555,0.002857,0.039670,0.041870,0.000031,0.039250,0.053960,0.025940,0.000000,0.024780,0.042850,3.039000,0.012080,0.000000,0.000000,0.000635,0,0
179700000000,180000000000,6274140245,124,288796555,0.126500,0.059510,0.061160,0.000124,0.055240,0.061160,0.009857,0.000000,0.206300,0.080440,1.303000,0.000620,0.000000,0.000000,0.000635,0,0
180000000000,180300000000,6274140245,124,288796555,0.184100,0.061100,0.062740,0.000166,0.055910,0.061160,0.000066,0.000000,0.280800,0.011510,1.358000,0.000750,0.000000,0.000000,0.188200,0,0
180300000000,180593000000,6274140245,124,288796555,0.185800,0.061100,0.062740,0.000172,0.055970,0.061160,0.000035,0.000000,0.204800,0.003357,1.362000,0.000718,0.000000,0.000000,0.187300,0,0
180593000000,180600000000,6274140245,124,288796555,0.186000,0.061100,0.062740,0.000172,0.055970,0.061100,0.000010,0.000000,0.188000,0.000072,1.377000,0.000777,0.000000,0.000000,0.185300,0,0
180600000000,180900000000,6274140245,124,288796555,0.186300,0.061100,0.062740,0.000172,0.055970,0.061160,0.000011,0.000000,0.222400,0.002144,1.337000,0.000721,0.000000,0.000000,0.187500,0,0
180900000000,181200000000,6274140245,124,288796555,0.186300,0.061100,0.062740,0.000172,0.055970,0.061160,0.000008,0.000000,0.252900,0.001072,1.384000,0.000788,0.000000,0.000000,0.188200,0,0
181200000000,181500000000,6274140245,124,288796555,0.186500,0.061100,0.062740,0.000172,0.055970,0.061160,0.000005,0.000000,0.375000,0.000143,1.351000,0.000719,0.000000,0.000000,0.186500,0,0
181500000000,181800000000,6274140245,124,288796555,0.186000,0.061100,0.062740,0.000172,0.055970,0.061160,0.000007,0.000000,0.319300,0.000786,1.317000,0.000697,0.000000,0.000000,0.187700,0,0
181800000000,182100000000,6274140245,124,288796555,0.186300,0.061160,0.062740,0.000172,0.055970,0.061220,0.000005,0.000000,0.216300,0.000357,1.401000,0.000778,0.000000,0.000000,0.187700,0,0
182100000000,182400000000,6274140245,124,288796555,0.186500,0.061160,0.062740,0.000172,0.055970,0.061220,0.000005,0.000000,0.357900,0.000215,1.371000,0.000749,0.000000,0.000000,0.187700,0,0
182400000000,182700000000,6274140245,124,288796555,0.186300,0.061160,0.062740,0.000172,0.055970,0.061220,0.000005,0.000000,0.318800,0.000571,1.344000,0.000712,0.000000,0.000000,0.187300,0,0
182700000000,183000000000,6274140245,124,288796555,0.186500,0.061100,0.062740,0.000198,0.055970,0.061220,0.000072,0.000000,0.460400,0.017490,1.363000,0.000755,0.000000,0.000000,0.187300,0,0
183000000000,183300000000,6274140245,124,288796555,0.186500,0.061040,0.062740,0.000203,0.055970,0.061100,0.000006,0.000000,0.197300,0.000571,1.375000,0.000775,0.000000,0.000000,0.183300,0,0
183300000000,183600000000,6274140245,124,288796555,0.186800,0.061100,0.062740,0.000203,0.055970,0.061160,0.000004,0.000000,0.190900,0.000072,1.362000,0.000752,0.000000,0.000000,0.187000,0,0
183600000000,183900000000,6274140245,124,288796555,0.148200,0.060970,0.062740,0.000203,0.055970,0.061160,0.000007,0.000000,0.189200,0.000643,1.298000,0.000682,0.000000,0.000000,0.124600,0,0
183900000000,184010000000,6274140245,124,288796555,0.069820,0.060730,0.062740,0.000718,0.055970,0.060910,0.000655,0.000000,0.130100,0.024780,1.338000,0.000701,0.000000,0.000000,0.124900,0,0
184010000000,184027000000,6274140245,124,288796555,0.000352,0.000000,0.000000,0.000000,0.000000,0.000000,0.000096,0.000000,0.005981,0.001642,1.426000,0.000782,0.000000,0.000000,0.000000,0,0
184027000000,184028000000,6274140245,124,288796555,0.000000,0.000000,0.000000,0.000000,0.000000,0.000000,0.000000,0.000000,0.000000,0.000000,1.790000,0.004877,0.000000,0.000000,0.000000,0,0
