179227000000,179400000000,6274140245,125,431038287,0.000000,0.000000,0.000000,0.000000,0.000000,0.000000,0.000000,0.000000,0.000000,0.000000,0.000000,0.000000,0.000000,0.000000,0.000000,0,0
179400000000,179700000000,6274140245,125,431038287,0.000000,0.000000,0.000000,0.000000,0.000000,0.000000,0.000000,0.000000,0.000000,0.000000,0.000000,0.000000,0.000000,0.000000,0.000000,0,0
179700000000,179746000000,6274140245,125,431038287,0.000000,0.000000,0.000000,0.000000,0.000000,0.000000,0.000000,0.000000,0.000000,0.000000,0.000000,0.000000,0.000000,0.000000,0.000000,0,0
179746000000,179840000000,6274140245,125,431038287,0.003178,0.011870,0.013310,0.000241,0.011110,0.025480,0.027740,0.000000,0.014340,0.052120,0.935800,0.001420,0.000000,0.000000,0.003044,0,0
179840000000,180000000000,6274140245,125,431038287,0.004662,0.040710,0.042600,0.000045,0.039490,0.054810,0.029450,0.000000,0.062740,0.075810,1.203000,0.003419,0.000000,0.000000,0.003841,0,0
180000000000,180300000000,6274140245,125,431038287,0.117600,0.060850,0.061770,0.000307,0.055790,0.062070,0.005913,0.000000,0.188700,0.076050,1.355000,0.000792,0.000000,0.000000,0.017210,0,0
180300000000,180600000000,6274140245,125,431038287,0.183600,0.061950,0.062990,0.000380,0.056150,0.062010,0.000078,0.000000,0.200700,0.012280,1.319000,0.000656,0.000000,0.000000,0.187300,0,0
180600000000,180900000000,6274140245,125,431038287,0.184300,0.062010,0.062990,0.000390,0.056150,0.062070,0.000008,0.000000,0.204300,0.001429,1.374000,0.000782,0.000000,0.000000,0.187700,0,0
180900000000,181010000000,6274140245,125,431038287,0.184600,0.062070,0.062990,0.000390,0.056150,0.062070,0.000004,0.000000,0.189000,0.000143,1.269000,0.000605,0.000000,0.000000,0.185800,0,0
181010000000,181200000000,6274140245,125,431038287,0.183800,0.062070,0.062990,0.000390,0.056150,0.062130,0.000004,0.000000,0.189900,0.000072,1.339000,0.000747,0.000000,0.000000,0.187300,0,0
181200000000,181500000000,6274140245,125,431038287,0.184100,0.062010,0.062990,0.000395,0.056150,0.062070,0.000028,0.000000,0.427700,0.006927,1.332000,0.000700,0.000000,0.000000,0.185800,0,0
181500000000,181800000000,6274140245,125,431038287,0.183600,0.062010,0.062990,0.000415,0.056150,0.062070,0.000010,0.000000,0.288100,0.001286,1.361000,0.000749,0.000000,0.000000,0.185100,0,0
181800000000,182100000000,6274140245,125,431038287,0.184300,0.062070,0.062990,0.000362,0.056150,0.062130,0.000007,0.000000,0.212900,0.000999,1.268000,0.000660,0.000000,0.000000,0.165000,0,0
182100000000,182400000000,6274140245,125,431038287,0.184800,0.062010,0.062990,0.000314,0.056090,0.062070,0.000004,0.000000,0.215100,0.000143,1.369000,0.000747,0.000000,0.000000,0.187300,0,0
182400000000,182700000000,6274140245,125,431038287,0.183600,0.062010,0.062990,0.000314,0.056090,0.062070,0.000005,0.000000,0.226300,0.000357,1.359000,0.000771,0.000000,0.000000,0.185100,0,0
182700000000,183000000000,6274140245,125,431038287,0.184800,0.062010,0.062990,0.000314,0.056090,0.062070,0.000007,0.000000,0.225800,0.000999,1.324000,0.000733,0.000000,0.000000,0.188000,0,0
183000000000,183300000000,6274140245,125,431038287,0.185100,0.062010,0.062990,0.000320,0.056090,0.062070,0.000030,0.000000,0.204300,0.004997,1.360000,0.000758,0.000000,0.000000,0.188000,0,0
183300000000,183600000000,6274140245,125,431038287,0.184800,0.062010,0.062990,0.000323,0.056090,0.062070,0.000009,0.000000,0.190400,0.000999,1.347000,0.000758,0.000000,0.000000,0.187300,0,0
183600000000,183900000000,6274140245,125,431038287,0.132600,0.061950,0.062990,0.000323,0.056090,0.062070,0.000003,0.000000,0.189200,0.000215,1.395000,0.000771,0.000000,0.000000,0.124500,0,0
183900000000,184021000000,6274140245,125,431038287,0.056700,0.061710,0.062990,0.000803,0.056090,0.061770,0.000777,0.000000,0.068850,0.031800,1.351000,0.000642,0.000000,0.000000,0.062990,0,0
184021000000,184042000000,6274140245,125,431038287,0.000111,0.000000,0.000000,0.000000,0.000000,0.000000,0.000020,0.000000,0.002319,0.000357,1.450000,0.000986,0.000000,0.000000,0.000000,0,0
184042000000,184043000000,6274140245,125,431038287,0.000000,0.000000,0.000000,0.000000,0.000000,0.000000,0.000000,0.000000,0.000000,0.000000,1.450000,0.000986,0.000000,0.000000,0.000000,0,0
