179231000000,179400000000,6274140245,126,294847087,0.000000,0.000000,0.000000,0.000000,0.000000,0.000000,0.000000,0.000000,0.000000,0.000000,0.000000,0.000000,0.000000,0.000000,0.000000,0,0
179400000000,179687000000,6274140245,126,294847087,0.000000,0.000000,0.000000,0.000000,0.000000,0.000000,0.000000,0.000000,0.000000,0.000000,0.000000,0.000000,0.000000,0.000000,0.000000,0,0
179687000000,179700000000,6274140245,126,294847087,0.000846,0.000549,0.003876,0.000306,0.000444,0.000955,0.018490,0.000000,0.003696,0.036320,0.000000,0.000000,0.000000,0.000000,0.003204,0,0
179700000000,179771000000,6274140245,126,294847087,0.003674,0.009232,0.010360,0.000410,0.008575,0.019780,0.026280,0.000000,0.021640,0.078610,1.692000,0.003591,0.000000,0.000000,0.004860,0,0
179771000000,180000000000,6274140245,126,294847087,0.006264,0.041930,0.043030,0.000207,0.040650,0.061340,0.027040,0.000000,0.062740,0.079710,0.793200,0.000205,0.000000,0.000000,0.003864,0,0
180000000000,180300000000,6274140245,126,294847087,0.177000,0.061220,0.061710,0.000940,0.056700,0.061710,0.000732,0.000000,0.205100,0.022800,1.326000,0.000710,0.000000,0.000000,0.000068,0,0
180300000000,180600000000,6274140245,126,294847087,0.185500,0.060970,0.061710,0.000404,0.056150,0.061100,0.000095,0.000000,0.204800,0.022490,1.336000,0.000698,0.000000,0.000000,0.182900,0,0
180600000000,180843000000,6274140245,126,294847087,0.185800,0.061100,0.061710,0.000362,0.056150,0.061160,0.000004,0.000000,0.224900,0.000286,1.311000,0.000637,0.000000,0.000000,0.187300,0,0
180843000000,180900000000,6274140245,126,294847087,0.184100,0.061100,0.061710,0.000357,0.056150,0.061100,0.000003,0.000000,0.189500,0.000072,1.265000,0.000700,0.000000,0.000000,0.187500,0,0
180900000000,181200000000,6274140245,126,294847087,0.185800,0.061040,0.061710,0.000349,0.056150,0.061160,0.000008,0.000000,0.191900,0.000714,1.368000,0.000726,0.000000,0.000000,0.187700,0,0
181200000000,181500000000,6274140245,126,294847087,0.186000,0.061100,0.061710,0.000340,0.056090,0.061160,0.000010,0.000000,0.374000,0.001715,1.409000,0.000778,0.000000,0.000000,0.186000,0,0
181500000000,181800000000,6274140245,126,294847087,0.185800,0.061160,0.061710,0.000338,0.056090,0.061220,0.000004,0.000000,0.205600,0.000143,1.415000,0.000793,0.000000,0.000000,0.186500,0,0
181800000000,182100000000,6274140245,126,294847087,0.186300,0.061100,0.061710,0.000324,0.056090,0.061160,0.000004,0.000000,0.191400,0.000072,1.370000,0.000748,0.000000,0.000000,0.187500,0,0
182100000000,182400000000,6274140245,126,294847087,0.186000,0.061100,0.061710,0.000310,0.056090,0.061160,0.000007,0.000000,0.371600,0.000428,1.372000,0.000758,0.000000,0.000000,0.183100,0,0
182400000000,182700000000,6274140245,126,294847087,0.185800,0.061100,0.061710,0.000298,0.056090,0.061160,0.000004,0.000000,0.213100,0.000143,1.388000,0.000772,0.000000,0.000000,0.186800,0,0
182700000000,183000000000,6274140245,126,294847087,0.186000,0.061160,0.061710,0.000307,0.056090,0.061220,0.000035,0.000000,0.369100,0.004997,1.422000,0.000786,0.000000,0.000000,0.188000,0,0
183000000000,183300000000,6274140245,126,294847087,0.186300,0.061100,0.061710,0.000313,0.056090,0.061160,0.000004,0.000000,0.206100,0.000215,1.328000,0.000721,0.000000,0.000000,0.179900,0,0
183300000000,183600000000,6274140245,126,294847087,0.186300,0.061100,0.061710,0.000305,0.056090,0.061160,0.000004,0.000000,0.191400,0.000215,1.339000,0.000736,0.000000,0.000000,0.186300,0,0
183600000000,183900000000,6274140245,126,294847087,0.176000,0.061100,0.061710,0.000292,0.056090,0.061220,0.000006,0.000000,0.203100,0.000643,1.413000,0.000750,0.000000,0.000000,0.186500,0,0
183900000000,183971000000,6274140245,126,294847087,0.096070,0.060970,0.061710,0.001865,0.056090,0.061040,0.001308,0.000000,0.126700,0.032290,1.421000,0.000791,0.000000,0.000000,0.125000,0,0
183971000000,183993000000,6274140245,126,294847087,0.000106,0.000000,0.000000,0.000000,0.000000,0.000000,0.000046,0.000000,0.002319,0.000643,1.262000,0.000689,0.000000,0.000000,0.000000,0,0
183993000000,183994000000,6274140245,126,294847087,0.000000,0.000000,0.000000,0.000000,0.000000,0.000000,0.000000,0.000000,0.000000,0.000000,1.262000,0.000689,0.000000,0.000000,0.000000,0,0
