179233000000,179400000000,6274140245,127,554342893,0.000000,0.000000,0.000000,0.000000,0.000000,0.000000,0.000000,0.000000,0.000000,0.000000,0.000000,0.000000,0.000000,0.000000,0.000000,0,0
179400000000,179441000000,6274140245,127,554342893,0.000000,0.000000,0.000000,0.000000,0.000000,0.000000,0.000000,0.000000,0.000000,0.000000,0.000000,0.000000,0.000000,0.000000,0.000000,0,0
179441000000,179589000000,6274140245,127,554342893,0.027860,0.037410,0.039000,0.000224,0.035220,0.062010,0.048280,0.000000,0.188000,0.155300,32.030000,0.159800,0.000000,0.000000,0.062740,0,0
179589000000,179700000000,6274140245,127,554342893,0.162800,0.062130,0.062870,0.000219,0.055910,0.062500,0.008987,0.000000,0.201900,0.064450,1.329000,0.000734,0.000000,0.000000,0.139900,0,0
179700000000,179866000000,6274140245,127,554342893,0.185800,0.062440,0.063960,0.000335,0.056030,0.062620,0.000287,0.000000,0.205800,0.015000,1.255000,0.000650,0.000000,0.000000,0.188000,0,0
179866000000,180000000000,6274140245,127,554342893,0.181600,0.062320,0.063960,0.000373,0.056150,0.062380,0.000006,0.000000,0.189000,0.000428,1.332000,0.000742,0.000000,0.000000,0.186500,0,0
180000000000,180300000000,6274140245,127,554342893,0.184800,0.062320,0.063960,0.000374,0.056150,0.062380,0.000009,0.000000,0.196500,0.001286,1.306000,0.000722,0.000000,0.000000,0.164300,0,0
180300000000,180600000000,6274140245,127,554342893,0.184600,0.062260,0.063960,0.000374,0.056150,0.062320,0.000006,0.000000,0.203900,0.000286,1.322000,0.000700,0.000000,0.000000,0.189000,0,0
180600000000,180900000000,6274140245,127,554342893,0.185100,0.062260,0.063960,0.000374,0.056150,0.062320,0.000003,0.000000,0.194300,0.000215,1.376000,0.000722,0.000000,0.000000,0.187300,0,0
180900000000,181200000000,6274140245,127,554342893,0.186000,0.062320,0.064090,0.000375,0.056150,0.062380,0.000005,0.000000,0.195100,0.000357,1.348000,0.000709,0.000000,0.000000,0.186800,0,0
181200000000,181500000000,6274140245,127,554342893,0.185800,0.062320,0.064090,0.000375,0.056150,0.062380,0.000005,0.000000,0.192900,0.000357,1.387000,0.000796,0.000000,0.000000,0.182400,0,0
181500000000,181800000000,6274140245,127,554342893,0.185800,0.062260,0.064090,0.000375,0.056150,0.062320,0.000004,0.000000,0.203900,0.000072,1.345000,0.000760,0.000000,0.000000,0.188000,0,0
181800000000,182100000000,6274140245,127,554342893,0.185800,0.062260,0.064090,0.000376,0.056150,0.062320,0.000004,0.000000,0.198200,0.000286,1.337000,0.000718,0.000000,0.000000,0.187500,0,0
182100000000,182400000000,6274140245,127,554342893,0.186000,0.062260,0.064090,0.000376,0.056150,0.062380,0.000010,0.000000,0.373000,0.000571,1.410000,0.000818,0.000000,0.000000,0.180900,0,0
182400000000,182700000000,6274140245,127,554342893,0.184300,0.062260,0.064090,0.000376,0.056150,0.062320,0.000004,0.000000,0.203600,0.000286,1.345000,0.000724,0.000000,0.000000,0.180700,0,0
182700000000,183000000000,6274140245,127,554342893,0.184800,0.062260,0.064090,0.000398,0.056150,0.062380,0.000020,0.000000,0.192400,0.004997,1.368000,0.000728,0.000000,0.000000,0.184600,0,0
183000000000,183300000000,6274140245,127,554342893,0.185100,0.062260,0.064090,0.000415,0.056150,0.062380,0.000008,0.000000,0.192400,0.001286,1.350000,0.000721,0.000000,0.000000,0.180200,0,0
183300000000,183600000000,6274140245,127,554342893,0.184300,0.062320,0.064090,0.000415,0.056150,0.062380,0.000005,0.000000,0.198200,0.000215,1.330000,0.000717,0.000000,0.000000,0.184600,0,0
183600000000,183900000000,6274140245,127,554342893,0.139200,0.062190,0.063960,0.000415,0.056150,0.062320,0.000005,0.000000,0.195300,0.000500,1.351000,0.000751,0.000000,0.000000,0.188500,0,0
183900000000,183930000000,6274140245,127,554342893,0.001570,0.061160,0.062440,0.002274,0.056210,0.061340,0.002136,0.000000,0.062500,0.030210,1.474000,0.000843,0.000000,0.000000,0.005745,0,0
183930000000,183951000000,6274140245,127,554342893,0.000317,0.000000,0.000000,0.000000,0.000000,0.000000,0.000048,0.000000,0.006653,0.000857,3.071000,0.011330,0.000000,0.000000,0.000000,0,0
183951000000,183952000000,6274140245,127,554342893,0.000000,0.000000,0.000000,0.000000,0.000000,0.000000,0.000000,0.000000,0.000000,0.000000,3.071000,0.011330,0.000000,0.000000,0.000000,0,0
