179237000000,179400000000,6274140245,128,2055342510,0.000000,0.000000,0.000000,0.000000,0.000000,0.000000,0.000000,0.000000,0.000000,0.000000,0.000000,0.000000,0.000000,0.000000,0.000000,0,0
179400000000,179511000000,6274140245,128,2055342510,0.000000,0.000000,0.000000,0.000000,0.000000,0.000000,0.000000,0.000000,0.000000,0.000000,0.000000,0.000000,0.000000,0.000000,0.000000,0,0
179511000000,179684000000,6274140245,128,2055342510,0.006485,0.033810,0.035030,0.000139,0.031980,0.060180,0.042720,0.000000,0.062620,0.094240,30.490000,0.161400,0.000000,0.000000,0.002357,0,0
179684000000,179700000000,6274140245,128,2055342510,0.002171,0.060180,0.060180,0.000294,0.055970,0.060240,0.001415,0.000000,0.025050,0.003857,30.390000,0.161400,0.000000,0.000000,0.000058,0,0
179700000000,180000000000,6274140245,128,2055342510,0.067260,0.061520,0.061650,0.000123,0.055790,0.062190,0.018770,0.000000,0.195300,0.099730,1.247000,0.000631,0.000000,0.000000,0.003288,0,0
180000000000,180300000000,6274140245,128,2055342510,0.006729,0.062130,0.062130,0.000045,0.055660,0.062130,0.046880,0.000000,0.065920,0.064330,1.826000,0.002594,0.000000,0.000000,0.005814,0,0
180300000000,180600000000,6274140245,128,2055342510,0.007286,0.062130,0.062130,0.000046,0.055660,0.062130,0.048950,0.000000,0.067630,0.064330,1.446000,0.001021,0.000000,0.000000,0.004723,0,0
180600000000,180900000000,6274140245,128,2055342510,0.014540,0.062130,0.062130,0.000046,0.055660,0.062190,0.047300,0.000000,0.188000,0.064330,1.230000,0.000580,0.000000,0.000000,0.003487,0,0
180900000000,181200000000,6274140245,128,2055342510,0.006721,0.062130,0.062130,0.000049,0.055660,0.062190,0.043210,0.000000,0.080810,0.064330,15.270000,0.068550,0.000000,0.000000,0.006340,0,0
181200000000,181500000000,6274140245,128,2055342510,0.007904,0.062130,0.062130,0.000049,0.055660,0.062190,0.044860,0.000000,0.075930,0.064820,1.089000,0.000532,0.000000,0.000000,0.003586,0,0
181500000000,181723000000,6274140245,128,2055342510,0.007240,0.062130,0.062130,0.000048,0.055660,0.062190,0.044980,0.000000,0.020420,0.064940,14.090000,0.061810,0.000000,0.000000,0.006744,0,0
181723000000,181800000000,6274140245,128,2055342510,0.007904,0.062130,0.062130,0.000049,0.055660,0.062190,0.048520,0.000000,0.020390,0.072020,22.630000,0.098190,0.000000,0.000000,0.006371,0,0
181800000000,182100000000,6274140245,128,2055342510,0.007935,0.062130,0.062130,0.000050,0.055660,0.062130,0.048650,0.000000,0.020200,0.065310,24.550000,0.107800,0.000000,0.000000,0.008667,0,0
182100000000,182400000000,6274140245,128,2055342510,0.007935,0.062130,0.062130,0.000052,0.055660,0.062130,0.049010,0.000000,0.058530,0.064820,4.895000,0.017300,0.000000,0.000000,0.002186,0,0
182400000000,182700000000,6274140245,128,2055342510,0.007874,0.062130,0.062130,0.000052,0.055660,0.062190,0.049930,0.000000,0.025820,0.073240,2.950000,0.008209,0.000000,0.000000,0.010390,0,0
182700000000,183000000000,6274140245,128,2055342510,0.008514,0.062130,0.062130,0.000052,0.055660,0.062130,0.048400,0.000000,0.090820,0.067500,1.061000,0.000556,0.000000,0.000000,0.000437,0,0
183000000000,183300000000,6274140245,128,2055342510,0.008240,0.062130,0.062130,0.000054,0.055730,0.062130,0.050290,0.000000,0.028500,0.072020,1.581000,0.002601,0.000000,0.000000,0.004662,0,0
183300000000,183556000000,6274140245,128,2055342510,0.121800,0.062320,0.063480,0.000225,0.055910,0.062620,0.017880,0.000000,0.220700,0.066040,1.228000,0.000623,0.000000,0.000000,0.187300,0,0
183556000000,183600000000,6274140245,128,2055342510,0.186300,0.062320,0.064090,0.000370,0.056150,0.062380,0.000526,0.000000,0.222700,0.017060,1.216000,0.000605,0.000000,0.000000,0.187700,0,0
183600000000,183900000000,6274140245,128,2055342510,0.187500,0.062320,0.064090,0.000371,0.056150,0.062440,0.000005,0.000000,0.226300,0.000643,1.267000,0.000654,0.000000,0.000000,0.188000,0,0
183900000000,183990000000,6274140245,128,2055342510,0.098630,0.062260,0.064090,0.001619,0.056150,0.062440,0.000853,0.000000,0.188000,0.026640,1.321000,0.000692,0.000000,0.000000,0.062870,0,0
183990000000,184007000000,6274140245,128,2055342510,0.000389,0.003441,0.000000,0.000000,0.000000,0.058470,0.000038,0.000000,0.006607,0.000428,1.447000,0.001047,0.000000,0.000000,0.000000,0,0
184007000000,184008000000,6274140245,128,2055342510,0.000000,0.000000,0.000000,0.000000,0.000000,0.000000,0.000000,0.000000,0.000000,0.000000,2.452000,0.006728,0.000000,0.000000,0.000000,0,0
