179233000000,179400000000,6274140245,129,294794493,0.000000,0.000000,0.000000,0.000000,0.000000,0.000000,0.000000,0.000000,0.000000,0.000000,0.000000,0.000000,0.000000,0.000000,0.000000,0,0
179400000000,179478000000,6274140245,129,294794493,0.000000,0.000000,0.000000,0.000000,0.000000,0.000000,0.000000,0.000000,0.000000,0.000000,0.000000,0.000000,0.000000,0.000000,0.000000,0,0
179478000000,179657000000,6274140245,129,294794493,0.005722,0.032530,0.033570,0.000155,0.030940,0.055360,0.040040,0.000000,0.062740,0.134800,1.311000,0.001931,0.000000,0.000000,0.004333,0,0
179657000000,179700000000,6274140245,129,294794493,0.066530,0.059880,0.060550,0.000626,0.056090,0.061160,0.018340,0.000000,0.188700,0.118800,0.867900,0.000645,0.000000,0.000000,0.000318,0,0
179700000000,180000000000,6274140245,129,294794493,0.149700,0.061650,0.062740,0.000285,0.055970,0.062010,0.006783,0.000000,0.212900,0.058170,1.301000,0.000681,0.000000,0.000000,0.187000,0,0
180000000000,180300000000,6274140245,129,294794493,0.184300,0.061830,0.063110,0.000383,0.056150,0.061890,0.000072,0.000000,0.230200,0.013930,1.361000,0.000752,0.000000,0.000000,0.185500,0,0
180300000000,180442000000,6274140245,129,294794493,0.174600,0.061830,0.063110,0.000389,0.056150,0.061890,0.000010,0.000000,0.205300,0.001072,1.346000,0.000705,0.000000,0.000000,0.186800,0,0
180442000000,180600000000,6274140245,129,294794493,0.181400,0.061770,0.063110,0.000389,0.056150,0.061830,0.000006,0.000000,0.206100,0.000286,1.389000,0.000789,0.000000,0.000000,0.095950,0,0
180600000000,180900000000,6274140245,129,294794493,0.182900,0.061830,0.063110,0.000389,0.056150,0.061890,0.000007,0.000000,0.205100,0.000500,1.356000,0.000710,0.000000,0.000000,0.187500,0,0
180900000000,181200000000,6274140245,129,294794493,0.180400,0.061830,0.063110,0.000389,0.056150,0.061890,0.000012,0.000000,0.205800,0.002716,1.419000,0.000748,0.000000,0.000000,0.186000,0,0
181200000000,181500000000,6274140245,129,294794493,0.178200,0.061830,0.063110,0.000390,0.056150,0.061890,0.000005,0.000000,0.373500,0.000357,1.368000,0.000775,0.000000,0.000000,0.188000,0,0
181500000000,181800000000,6274140245,129,294794493,0.186300,0.061830,0.063110,0.000391,0.056150,0.061950,0.000004,0.000000,0.205600,0.000143,1.359000,0.000737,0.000000,0.000000,0.187700,0,0
181800000000,182100000000,6274140245,129,294794493,0.179400,0.061890,0.063110,0.000391,0.056150,0.061950,0.000004,0.000000,0.204300,0.000215,1.397000,0.000768,0.000000,0.000000,0.187500,0,0
182100000000,182400000000,6274140245,129,294794493,0.185500,0.061890,0.063110,0.000391,0.056150,0.061950,0.000010,0.000000,0.203100,0.001499,1.402000,0.000776,0.000000,0.000000,0.187000,0,0
182400000000,182700000000,6274140245,129,294794493,0.185300,0.061890,0.063110,0.000391,0.056150,0.061950,0.000004,0.000000,0.205800,0.000143,1.411000,0.000785,0.000000,0.000000,0.187000,0,0
182700000000,183000000000,6274140245,129,294794493,0.186300,0.061890,0.063110,0.000392,0.056150,0.061950,0.000021,0.000000,0.372600,0.005211,1.356000,0.000731,0.000000,0.000000,0.187300,0,0
183000000000,183300000000,6274140245,129,294794493,0.186300,0.061890,0.063110,0.000429,0.056210,0.061950,0.000009,0.000000,0.206100,0.001072,1.344000,0.000737,0.000000,0.000000,0.186500,0,0
183300000000,183600000000,6274140245,129,294794493,0.186300,0.061830,0.063110,0.000429,0.056210,0.061950,0.000005,0.000000,0.205800,0.000357,1.299000,0.000690,0.000000,0.000000,0.187300,0,0
183600000000,183900000000,6274140245,129,294794493,0.185500,0.061890,0.063110,0.000429,0.056210,0.061950,0.000004,0.000000,0.196300,0.000215,1.380000,0.000739,0.000000,0.000000,0.188200,0,0
183900000000,184200000000,6274140245,129,294794493,0.101400,0.061400,0.063110,0.000436,0.056210,0.061890,0.000052,0.000000,0.137200,0.008926,1.337000,0.000690,0.000000,0.000000,0.061400,0,0
184200000000,184500000000,6274140245,129,294794493,0.085820,0.061100,0.062870,0.000439,0.056210,0.061340,0.000008,0.000000,0.141400,0.000643,1.280000,0.000599,0.000000,0.000000,0.125200,0,0
184500000000,184589000000,6274140245,129,294794493,0.062620,0.060360,0.061460,0.000440,0.056210,0.060420,0.000033,0.000000,0.070070,0.000500,1.368000,0.000666,0.000000,0.000000,0.062620,0,0
184589000000,184800000000,6274140245,129,294794493,0.121800,0.061040,0.061460,0.000376,0.056150,0.061100,0.000028,0.000000,0.143100,0.001858,1.430000,0.000761,0.000000,0.000000,0.125700,0,0
184800000000,184931000000,6274140245,129,294794493,0.035770,0.060670,0.061460,0.001177,0.056090,0.060970,0.000761,0.000000,0.071290,0.044800,1.338000,0.000616,0.000000,0.000000,0.000416,0,0
184931000000,184949000000,6274140245,129,294794493,0.000133,0.000000,0.000000,0.000000,0.000000,0.000000,0.000075,0.000000,0.002380,0.000929,3.245000,0.012650,0.000000,0.000000,0.000000,0,0
184949000000,184951000000,6274140245,129,294794493,0.000000,0.000000,0.000000,0.000000,0.000000,0.000000,0.000000,0.000000,0.000000,0.000000,3.245000,0.012650,0.000000,0.000000,0.000000,0,0
