179237000000,179400000000,6274140245,13,5782744,0.000000,0.000000,0.000000,0.000000,0.000000,0.000000,0.000000,0.000000,0.000000,0.000000,0.000000,0.000000,0.000000,0.000000,0.000000,0,0
179400000000,179603000000,6274140245,13,5782744,0.000000,0.000000,0.000000,0.000000,0.000000,0.000000,0.000000,0.000000,0.000000,0.000000,0.000000,0.000000,0.000000,0.000000,0.000000,0,0
179603000000,179700000000,6274140245,13,5782744,0.001091,0.003044,0.004684,0.000509,0.002419,0.005638,0.016850,0.000000,0.015120,0.075810,23.170000,0.114100,0.000000,0.000000,0.000174,0,0
179700000000,179747000000,6274140245,13,5782744,0.001217,0.008102,0.008835,0.000143,0.007278,0.010190,0.020630,0.000000,0.009644,0.041260,3.950000,0.016080,0.000000,0.000000,0.000469,0,0
179747000000,180000000000,6274140245,13,5782744,0.001734,0.014280,0.016940,0.000018,0.014480,0.022000,0.023530,0.000000,0.019740,0.067750,6.750000,0.030370,0.000000,0.000000,0.000210,0,0
180000000000,180300000000,6274140245,13,5782744,0.002296,0.041930,0.044010,0.000070,0.040710,0.053220,0.020940,0.000000,0.009644,0.050170,0.651900,0.000606,0.000000,0.000000,0.000878,0,0
180300000000,180569000000,6274140245,13,5782744,0.032650,0.057860,0.058900,0.000614,0.055050,0.061710,0.015270,0.000001,0.229500,0.123400,1.028000,0.000431,0.000000,0.000000,0.000878,0,0
180569000000,180586000000,6274140245,13,5782744,0.001303,0.000000,0.000000,0.000000,0.000000,0.000000,0.000000,0.000010,0.022130,0.000000,0.000000,0.000000,0.000000,0.000000,0.000000,0,1
180586000000,180588000000,6274140245,13,5782744,0.000000,0.000000,0.000000,0.000000,0.000000,0.000000,0.000000,0.000010,0.000000,0.000000,0.000000,0.000000,0.000000,0.000000,0.000000,0,0
180588000000,180600000000,6274140245,13,5782744,0.000000,0.000000,0.000000,0.000000,0.000000,0.000000,0.000000,0.000010,0.000000,0.000000,0.000000,0.000000,0.000000,0.000000,0.000000,0,0
180617000000,180856000000,6274140245,13,294949188,0.000000,0.000000,0.000000,0.000000,0.000000,0.000000,0.000000,0.000000,0.000000,0.000000,0.000000,0.000000,0.000000,0.000000,0.000000,0,0
180856000000,180900000000,6274140245,13,294949188,0.004356,0.007156,0.008804,0.000483,0.006416,0.016050,0.042050,0.000000,0.022340,0.062070,3.090000,0.011980,0.000000,0.000000,0.005310,0,0
180900000000,180956000000,6274140245,13,294949188,0.005028,0.024540,0.025090,0.000034,0.023220,0.028840,0.046200,0.000000,0.037660,0.067380,3.145000,0.012220,0.000000,0.000000,0.001858,0,0
180956000000,181200000000,6274140245,13,294949188,0.076420,0.054200,0.054990,0.000263,0.051270,0.061220,0.022310,0.000000,0.187700,0.116800,1.456000,0.000780,0.000000,0.000000,0.001013,0,0
181200000000,181500000000,6274140245,13,294949188,0.183800,0.060970,0.061830,0.000379,0.056150,0.061220,0.000013,0.000000,0.374000,0.002716,1.390000,0.000737,0.000000,0.000000,0.187500,0,0
181500000000,181773000000,6274140245,13,294949188,0.186500,0.061040,0.061830,0.000371,0.056150,0.061100,0.000003,0.000000,0.189000,0.000357,1.376000,0.000735,0.000000,0.000000,0.185800,0,0
181773000000,181800000000,6274140245,13,294949188,0.186500,0.061040,0.061830,0.000358,0.056090,0.061040,0.000000,0.000000,0.188200,0.000000,1.352000,0.000733,0.000000,0.000000,0.187300,0,0
181800000000,182100000000,6274140245,13,294949188,0.186500,0.060970,0.061830,0.000359,0.056150,0.061100,0.000006,0.000000,0.197000,0.000857,1.383000,0.000757,0.000000,0.000000,0.185800,0,0
182100000000,182400000000,6274140245,13,294949188,0.185100,0.060970,0.061830,0.000360,0.056150,0.061100,0.000002,0.000000,0.373500,0.000072,1.373000,0.000726,0.000000,0.000000,0.188700,0,0
182400000000,182700000000,6274140245,13,294949188,0.186500,0.060970,0.061830,0.000352,0.056090,0.061040,0.000002,0.000000,0.373500,0.000072,1.354000,0.000725,0.000000,0.000000,0.186000,0,0
182700000000,183000000000,6274140245,13,294949188,0.185300,0.060970,0.061830,0.000340,0.056090,0.061040,0.000003,0.000000,0.373000,0.000215,1.387000,0.000753,0.000000,0.000000,0.187500,0,0
183000000000,183300000000,6274140245,13,294949188,0.186300,0.060970,0.061830,0.000340,0.056090,0.061040,0.000002,0.000000,0.375000,0.000143,1.332000,0.000684,0.000000,0.000000,0.187500,0,0
183300000000,183600000000,6274140245,13,294949188,0.186800,0.060970,0.061830,0.000340,0.056090,0.061040,0.000002,0.000000,0.375000,0.000072,1.380000,0.000724,0.000000,0.000000,0.187500,0,0
183600000000,183900000000,6274140245,13,294949188,0.150100,0.060910,0.061830,0.000340,0.056090,0.061040,0.000016,0.000000,0.249800,0.004288,1.383000,0.000744,0.000000,0.000000,0.125200,0,0
183900000000,183981000000,6274140245,13,294949188,0.071900,0.060670,0.061830,0.001730,0.056150,0.060790,0.001345,0.000000,0.137500,0.033810,1.287000,0.000612,0.000000,0.000000,0.062620,0,0
183981000000,183997000000,6274140245,13,294949188,0.000214,0.000000,0.000000,0.000000,0.000000,0.000000,0.000093,0.000000,0.003418,0.001572,1.084000,0.000337,0.000000,0.000000,0.000000,0,0
183997000000,183999000000,6274140245,13,294949188,0.000000,0.000000,0.000000,0.000000,0.000000,0.000000,0.000000,0.000000,0.000000,0.000000,1.084000,0.000337,0.000000,0.000000,0.000000,0,0
190709000000,190800000000,6274140245,13,280043712,0.000000,0.000000,0.000000,0.000000,0.000000,0.000000,0.000000,0.000000,0.000000,0.000000,0.000000,0.000000,0.000000,0.000000,0.000000,0,0
190800000000,190900000000,6274140245,13,280043712,0.000000,0.000000,0.000000,0.000000,0.000000,0.000000,0.000000,0.000000,0.000000,0.000000,0.000000,0.000000,0.000000,0.000000,0.000000,0,0
190900000000,190928000000,6274140245,13,280043712,0.001377,0.001734,0.003857,0.000703,0.001245,0.001980,0.010710,0.000000,0.016390,0.057620,0.000000,0.000000,0.000000,0.000000,0.000041,0,0
190928000000,190941000000,6274140245,13,280043712,0.000168,0.000000,0.000000,0.000000,0.000000,0.000000,0.000016,0.000000,0.002182,0.000072,0.000000,0.000000,0.000000,0.000000,0.000000,0,0
190941000000,190943000000,6274140245,13,280043712,0.000000,0.000000,0.000000,0.000000,0.000000,0.000000,0.000000,0.000000,0.000000,0.000000,0.000000,0.000000,0.000000,0.000000,0.000000,0,0
