179226000000,179395000000,6274140245,130,294994015,0.000000,0.000000,0.000000,0.000000,0.000000,0.000000,0.000000,0.000000,0.000000,0.000000,0.000000,0.000000,0.000000,0.000000,0.000000,0,0
179395000000,179400000000,6274140245,130,294994015,0.001940,0.000518,0.003876,0.000339,0.000515,0.000842,0.051640,0.000000,0.005035,0.064820,0.000000,0.000000,0.000000,0.000000,0.002342,0,0
179400000000,179700000000,6274140245,130,294994015,0.108900,0.050350,0.051510,0.000290,0.047120,0.061040,0.024600,0.000000,0.358900,0.135700,1.314000,0.000660,0.000000,0.000000,0.183800,0,0
179700000000,180000000000,6274140245,130,294994015,0.186500,0.060850,0.061950,0.000379,0.056150,0.060970,0.000057,0.000000,0.206100,0.011430,1.324000,0.000710,0.000000,0.000000,0.187500,0,0
180000000000,180300000000,6274140245,130,294994015,0.186000,0.060910,0.061890,0.000386,0.056150,0.061040,0.000008,0.000000,0.203600,0.000500,1.383000,0.000735,0.000000,0.000000,0.187300,0,0
180300000000,180600000000,6274140245,130,294994015,0.186300,0.060850,0.061890,0.000386,0.056150,0.060970,0.000008,0.000000,0.374500,0.001143,1.283000,0.000635,0.000000,0.000000,0.187300,0,0
180600000000,180900000000,6274140245,130,294994015,0.186500,0.060910,0.061890,0.000386,0.056150,0.060970,0.000005,0.000000,0.192900,0.000286,1.346000,0.000697,0.000000,0.000000,0.188500,0,0
180900000000,181200000000,6274140245,130,294994015,0.185800,0.060850,0.061890,0.000386,0.056150,0.060970,0.000007,0.000000,0.205300,0.000643,1.375000,0.000741,0.000000,0.000000,0.187500,0,0
181200000000,181500000000,6274140245,130,294994015,0.186000,0.060850,0.061890,0.000395,0.056150,0.060970,0.000023,0.000000,0.355500,0.005432,1.391000,0.000745,0.000000,0.000000,0.186800,0,0
181500000000,181800000000,6274140245,130,294994015,0.186000,0.060910,0.061890,0.000416,0.056150,0.060970,0.000006,0.000000,0.206100,0.000571,1.369000,0.000738,0.000000,0.000000,0.187000,0,0
181800000000,182100000000,6274140245,130,294994015,0.185100,0.060910,0.061890,0.000416,0.056150,0.060970,0.000003,0.000000,0.191700,0.000143,1.360000,0.000708,0.000000,0.000000,0.177000,0,0
182100000000,182400000000,6274140245,130,294994015,0.186800,0.060910,0.061890,0.000416,0.056150,0.060970,0.000003,0.000000,0.193800,0.000072,1.341000,0.000711,0.000000,0.000000,0.186800,0,0
182400000000,182700000000,6274140245,130,294994015,0.186800,0.060910,0.061890,0.000416,0.056150,0.060970,0.000007,0.000000,0.203900,0.000999,1.312000,0.000699,0.000000,0.000000,0.186800,0,0
182700000000,183000000000,6274140245,130,294994015,0.186300,0.060910,0.061890,0.000417,0.056150,0.060970,0.000005,0.000000,0.192600,0.000357,1.324000,0.000689,0.000000,0.000000,0.186500,0,0
183000000000,183300000000,6274140245,130,294994015,0.185300,0.060910,0.061890,0.000417,0.056210,0.060970,0.000005,0.000000,0.191700,0.000143,1.356000,0.000738,0.000000,0.000000,0.186500,0,0
183300000000,183600000000,6274140245,130,294994015,0.186500,0.060910,0.061890,0.000417,0.056210,0.060970,0.000004,0.000000,0.374500,0.000072,1.387000,0.000759,0.000000,0.000000,0.186800,0,0
183600000000,183900000000,6274140245,130,294994015,0.144000,0.060850,0.061890,0.000419,0.056210,0.060970,0.000007,0.000000,0.206800,0.000857,1.333000,0.000668,0.000000,0.000000,0.187500,0,0
183900000000,184040000000,6274140245,130,294994015,0.060420,0.060610,0.061890,0.000835,0.056210,0.060610,0.000456,0.000000,0.064580,0.023990,1.402000,0.000743,0.000000,0.000000,0.062500,0,0
184040000000,184056000000,6274140245,130,294994015,0.000187,0.000000,0.000000,0.000000,0.000000,0.000000,0.000013,0.000000,0.002991,0.000215,1.557000,0.001302,0.000000,0.000000,0.000000,0,0
184056000000,184058000000,6274140245,130,294994015,0.000000,0.000000,0.000000,0.000000,0.000000,0.000000,0.000000,0.000000,0.000000,0.000000,1.690000,0.001877,0.000000,0.000000,0.000000,0,0
