179240000000,179400000000,6274140245,131,5191253977,0.000000,0.000000,0.000000,0.000000,0.000000,0.000000,0.000000,0.000000,0.000000,0.000000,0.000000,0.000000,0.000000,0.000000,0.000000,0,0
179400000000,179456000000,6274140245,131,5191253977,0.000000,0.000000,0.000000,0.000000,0.000000,0.000000,0.000000,0.000000,0.000000,0.000000,0.000000,0.000000,0.000000,0.000000,0.000000,0,0
179456000000,179587000000,6274140245,131,5191253977,0.045720,0.040340,0.041690,0.000913,0.038570,0.060970,0.043640,0.000000,0.231900,0.171600,1.343000,0.000984,0.000000,0.000000,0.027500,0,0
179587000000,179596000000,6274140245,131,5191253977,0.003738,0.000000,0.000000,0.000000,0.000000,0.000000,0.000134,0.000000,0.033630,0.001215,1.363000,0.000740,0.000000,0.000000,0.000000,0,0
179596000000,179606000000,6274140245,131,5191253977,0.000000,0.000000,0.000000,0.000000,0.000000,0.000000,0.000000,0.000000,0.000000,0.000000,1.363000,0.000740,0.000000,0.000000,0.000000,0,1
179606000000,179607000000,6274140245,131,5191253977,0.000000,0.000000,0.000000,0.000000,0.000000,0.000000,0.000000,0.000000,0.000000,0.000000,1.363000,0.000740,0.000000,0.000000,0.000000,0,0
179645000000,179700000000,6274140245,131,410756628,0.000000,0.000000,0.000000,0.000000,0.000000,0.000000,0.000000,0.000000,0.000000,0.000000,0.000000,0.000000,0.000000,0.000000,0.000000,0,0
179700000000,179960000000,6274140245,131,410756628,0.000000,0.000000,0.000000,0.000000,0.000000,0.000000,0.000000,0.000000,0.000000,0.000000,0.000000,0.000000,0.000000,0.000000,0.000000,0,0
179960000000,180000000000,6274140245,131,410756628,0.004578,0.006462,0.008011,0.000241,0.005859,0.013500,0.040160,0.000000,0.031160,0.065800,8.638000,0.036470,0.000000,0.000000,0.011930,0,0
180000000000,180041000000,6274140245,131,410756628,0.003304,0.019990,0.021000,0.000038,0.019010,0.026430,0.027310,0.000000,0.022370,0.057920,8.638000,0.036470,0.000000,0.000000,0.003254,0,0
180041000000,180300000000,6274140245,131,410756628,0.007309,0.045290,0.047120,0.000093,0.044430,0.059940,0.022250,0.000000,0.188200,0.115600,0.901400,0.000854,0.000000,0.000000,0.000502,0,0
180300000000,180600000000,6274140245,131,410756628,0.177000,0.060610,0.062190,0.000342,0.056030,0.060850,0.000986,0.000000,0.375000,0.050720,1.276000,0.000687,0.000000,0.000000,0.183600,0,0
180600000000,180900000000,6274140245,131,410756628,0.185500,0.060610,0.062190,0.000388,0.056150,0.060730,0.000004,0.000000,0.376000,0.000215,1.224000,0.000621,0.000000,0.000000,0.187700,0,0
180900000000,181114000000,6274140245,131,410756628,0.186800,0.060670,0.062190,0.000387,0.056150,0.060790,0.000011,0.000000,0.376000,0.001785,1.310000,0.000682,0.000000,0.000000,0.188200,0,0
181114000000,181200000000,6274140245,131,410756628,0.187500,0.060730,0.062190,0.000387,0.056150,0.060730,0.000014,0.000000,0.192600,0.001072,1.287000,0.000688,0.000000,0.000000,0.189200,0,0
181200000000,181500000000,6274140245,131,410756628,0.187300,0.060670,0.062190,0.000388,0.056150,0.060790,0.000005,0.000000,0.375500,0.000143,1.314000,0.000713,0.000000,0.000000,0.187700,0,0
181500000000,181800000000,6274140245,131,410756628,0.181900,0.060730,0.062190,0.000388,0.056150,0.060790,0.000004,0.000000,0.358900,0.000072,1.318000,0.000735,0.000000,0.000000,0.181900,0,0
181800000000,182100000000,6274140245,131,410756628,0.185500,0.060730,0.062190,0.000388,0.056150,0.060790,0.000004,0.000000,0.375000,0.000072,1.343000,0.000741,0.000000,0.000000,0.167200,0,0
182100000000,182400000000,6274140245,131,410756628,0.185100,0.060730,0.062190,0.000389,0.056150,0.060790,0.000010,0.000000,0.884800,0.000929,1.375000,0.000785,0.000000,0.000000,0.185800,0,0
182400000000,182700000000,6274140245,131,410756628,0.182900,0.060730,0.062190,0.000389,0.056150,0.060790,0.000007,0.000000,0.751000,0.000643,1.357000,0.000764,0.000000,0.000000,0.187300,0,0
182700000000,183000000000,6274140245,131,410756628,0.181200,0.060670,0.062190,0.000389,0.056150,0.060730,0.000006,0.000000,0.381300,0.000571,1.359000,0.000725,0.000000,0.000000,0.184100,0,0
183000000000,183300000000,6274140245,131,410756628,0.181400,0.060730,0.062190,0.000389,0.056150,0.060790,0.000004,0.000000,0.370100,0.000072,1.412000,0.000828,0.000000,0.000000,0.170400,0,0
183300000000,183600000000,6274140245,131,410756628,0.181600,0.060730,0.062190,0.000390,0.056150,0.060790,0.000004,0.000000,0.365200,0.000357,1.336000,0.000768,0.000000,0.000000,0.186000,0,0
183600000000,183900000000,6274140245,131,410756628,0.098020,0.060490,0.062190,0.000391,0.056150,0.060790,0.000008,0.000000,0.188700,0.001642,1.359000,0.000742,0.000000,0.000000,0.062440,0,0
183900000000,184060000000,6274140245,131,410756628,0.060120,0.060360,0.062190,0.000749,0.056150,0.060420,0.000509,0.000000,0.067140,0.032040,1.375000,0.000758,0.000000,0.000000,0.067140,0,0
184060000000,184081000000,6274140245,131,410756628,0.000811,0.000000,0.000000,0.000000,0.000000,0.000000,0.000041,0.000000,0.017030,0.000714,1.427000,0.000955,0.000000,0.000000,0.000000,0,0
184081000000,184082000000,6274140245,131,410756628,0.000000,0.000000,0.000000,0.000000,0.000000,0.000000,0.000000,0.000000,0.000000,0.000000,4.490000,0.010650,0.000000,0.000000,0.000000,0,0
