179240000000,179400000000,6274140245,132,38729010,0.000000,0.000000,0.000000,0.000000,0.000000,0.000000,0.000000,0.000000,0.000000,0.000000,0.000000,0.000000,0.000000,0.000000,0.000000,0,0
179400000000,179446000000,6274140245,132,38729010,0.000000,0.000000,0.000000,0.000000,0.000000,0.000000,0.000000,0.000000,0.000000,0.000000,0.000000,0.000000,0.000000,0.000000,0.000000,0,0
179446000000,179584000000,6274140245,132,38729010,0.011080,0.035160,0.037480,0.000142,0.033810,0.059390,0.049010,0.000000,0.062990,0.182400,1.104000,0.001139,0.000000,0.000000,0.003883,0,0
179584000000,179700000000,6274140245,132,38729010,0.167700,0.061040,0.061340,0.000307,0.056030,0.061220,0.002827,0.000000,0.189200,0.059140,1.258000,0.000699,0.000000,0.000000,0.000929,0,0
179700000000,179990000000,6274140245,132,38729010,0.179900,0.061460,0.062990,0.000292,0.056030,0.061890,0.002731,0.000000,0.194300,0.078610,1.297000,0.000700,0.000000,0.000000,0.187500,0,0
179990000000,180000000000,6274140245,132,38729010,0.187500,0.061220,0.063110,0.000368,0.056150,0.061280,0.000007,0.000000,0.189000,0.000072,1.390000,0.000837,0.000000,0.000000,0.188000,0,0
180000000000,180300000000,6274140245,132,38729010,0.187000,0.061400,0.063110,0.000367,0.056150,0.061460,0.000011,0.000000,0.375000,0.001572,1.283000,0.000633,0.000000,0.000000,0.187000,0,0
180300000000,180600000000,6274140245,132,38729010,0.186800,0.061400,0.063110,0.000367,0.056150,0.061460,0.000010,0.000000,0.205300,0.001928,1.325000,0.000702,0.000000,0.000000,0.187700,0,0
180600000000,180900000000,6274140245,132,38729010,0.187000,0.061400,0.063110,0.000368,0.056150,0.061460,0.000006,0.000000,0.198700,0.000571,1.320000,0.000702,0.000000,0.000000,0.188700,0,0
180900000000,181200000000,6274140245,132,38729010,0.186500,0.061400,0.063110,0.000368,0.056150,0.061460,0.000003,0.000000,0.209500,0.000072,1.296000,0.000670,0.000000,0.000000,0.187500,0,0
181200000000,181500000000,6274140245,132,38729010,0.187000,0.061340,0.063110,0.000368,0.056150,0.061460,0.000004,0.000000,0.375000,0.000143,1.328000,0.000736,0.000000,0.000000,0.186500,0,0
181500000000,181800000000,6274140245,132,38729010,0.186800,0.061340,0.063110,0.000369,0.056150,0.061400,0.000004,0.000000,0.217800,0.000143,1.329000,0.000700,0.000000,0.000000,0.188500,0,0
181800000000,182100000000,6274140245,132,38729010,0.187000,0.061340,0.063110,0.000369,0.056150,0.061400,0.000004,0.000000,0.215800,0.000143,1.300000,0.000698,0.000000,0.000000,0.188000,0,0
182100000000,182400000000,6274140245,132,38729010,0.187000,0.061400,0.063230,0.000369,0.056150,0.061400,0.000005,0.000000,0.214100,0.000500,1.337000,0.000700,0.000000,0.000000,0.093870,0,0
182400000000,182700000000,6274140245,132,38729010,0.187000,0.061340,0.063230,0.000369,0.056150,0.061400,0.000004,0.000000,0.318800,0.000072,1.337000,0.000711,0.000000,0.000000,0.187700,0,0
182700000000,183000000000,6274140245,132,38729010,0.187000,0.061400,0.063230,0.000369,0.056150,0.061400,0.000003,0.000000,0.375000,0.000072,1.338000,0.000760,0.000000,0.000000,0.188200,0,0
183000000000,183300000000,6274140245,132,38729010,0.187000,0.061400,0.063230,0.000389,0.056150,0.061400,0.000021,0.000000,0.220000,0.004425,1.373000,0.000768,0.000000,0.000000,0.187500,0,0
183300000000,183600000000,6274140245,132,38729010,0.186800,0.061340,0.063230,0.000408,0.056150,0.061400,0.000005,0.000000,0.215600,0.000215,1.350000,0.000688,0.000000,0.000000,0.186300,0,0
183600000000,183900000000,6274140245,132,38729010,0.180900,0.061280,0.063230,0.000409,0.056150,0.061400,0.000004,0.000000,0.228500,0.000286,1.323000,0.000716,0.000000,0.000000,0.188700,0,0
183900000000,184002000000,6274140245,132,38729010,0.060360,0.060970,0.063110,0.001514,0.056210,0.061220,0.001131,0.000000,0.125200,0.025300,1.276000,0.000650,0.000000,0.000000,0.062440,0,0
184002000000,184021000000,6274140245,132,38729010,0.000186,0.000000,0.000000,0.000000,0.000000,0.000000,0.000180,0.000000,0.003540,0.003357,1.209000,0.000634,0.000000,0.000000,0.000000,0,0
184021000000,184022000000,6274140245,132,38729010,0.000000,0.000000,0.000000,0.000000,0.000000,0.000000,0.000000,0.000000,0.000000,0.000000,1.209000,0.000634,0.000000,0.000000,0.000000,0,0
