179233000000,179400000000,6274140245,133,2057683155,0.000000,0.000000,0.000000,0.000000,0.000000,0.000000,0.000000,0.000000,0.000000,0.000000,0.000000,0.000000,0.000000,0.000000,0.000000,0,0
179400000000,179439000000,6274140245,133,2057683155,0.000000,0.000000,0.000000,0.000000,0.000000,0.000000,0.000000,0.000000,0.000000,0.000000,0.000000,0.000000,0.000000,0.000000,0.000000,0,0
179439000000,179589000000,6274140245,133,2057683155,0.031370,0.039790,0.040830,0.000534,0.038210,0.061710,0.045470,0.000000,0.188200,0.132600,0.958900,0.000579,0.000000,0.000000,0.000920,0,0
179589000000,179700000000,6274140245,133,2057683155,0.184600,0.060790,0.061710,0.000448,0.056210,0.061710,0.000684,0.000000,0.190200,0.028720,1.277000,0.000674,0.000000,0.000000,0.185800,0,0
179700000000,179774000000,6274140245,133,2057683155,0.185500,0.060670,0.061710,0.000368,0.056090,0.060670,0.000066,0.000000,0.375500,0.004501,1.310000,0.000706,0.000000,0.000000,0.188000,0,0
179774000000,180000000000,6274140245,133,2057683155,0.185300,0.060610,0.061710,0.000345,0.056090,0.060730,0.000078,0.000000,0.205800,0.015660,1.327000,0.000734,0.000000,0.000000,0.187300,0,0
180000000000,180300000000,6274140245,133,2057683155,0.185500,0.060670,0.061710,0.000345,0.056090,0.060790,0.000025,0.000000,0.195100,0.002716,1.337000,0.000748,0.000000,0.000000,0.184100,0,0
180300000000,180600000000,6274140245,133,2057683155,0.185800,0.060730,0.061710,0.000340,0.056090,0.060790,0.000004,0.000000,0.205800,0.000072,1.317000,0.000728,0.000000,0.000000,0.187700,0,0
180600000000,180900000000,6274140245,133,2057683155,0.185500,0.060730,0.061710,0.000324,0.056090,0.060790,0.000012,0.000000,0.194600,0.001642,1.338000,0.000715,0.000000,0.000000,0.187500,0,0
180900000000,181200000000,6274140245,133,2057683155,0.185300,0.060790,0.061710,0.000303,0.056090,0.060850,0.000032,0.000000,0.192400,0.002857,1.300000,0.000712,0.000000,0.000000,0.187500,0,0
181200000000,181500000000,6274140245,133,2057683155,0.185500,0.060790,0.061710,0.000276,0.056030,0.060850,0.000006,0.000000,0.373500,0.000786,1.346000,0.000744,0.000000,0.000000,0.188000,0,0
181500000000,181800000000,6274140245,133,2057683155,0.182600,0.060790,0.061710,0.000259,0.056030,0.060850,0.000006,0.000000,0.191700,0.000571,1.315000,0.000720,0.000000,0.000000,0.185100,0,0
181800000000,182100000000,6274140245,133,2057683155,0.185500,0.060790,0.061710,0.000245,0.056030,0.060850,0.000049,0.000000,0.195100,0.012500,1.300000,0.000708,0.000000,0.000000,0.187700,0,0
182100000000,182400000000,6274140245,133,2057683155,0.185800,0.060850,0.061710,0.000293,0.056030,0.060910,0.000131,0.000000,0.206100,0.009003,1.350000,0.000748,0.000000,0.000000,0.186800,0,0
182400000000,182700000000,6274140245,133,2057683155,0.184600,0.060790,0.061710,0.000340,0.056090,0.060850,0.000231,0.000000,0.190400,0.011990,1.360000,0.000774,0.000000,0.000000,0.187700,0,0
182700000000,183000000000,6274140245,133,2057683155,0.185300,0.060730,0.061710,0.000350,0.056090,0.060850,0.000043,0.000000,0.206300,0.006142,1.316000,0.000730,0.000000,0.000000,0.187000,0,0
183000000000,183300000000,6274140245,133,2057683155,0.185500,0.060790,0.061710,0.000357,0.056150,0.060850,0.000194,0.000000,0.197500,0.014790,1.377000,0.000765,0.000000,0.000000,0.188000,0,0
183300000000,183600000000,6274140245,133,2057683155,0.185300,0.060730,0.061710,0.000377,0.056150,0.060850,0.000196,0.000000,0.199000,0.036740,1.331000,0.000711,0.000000,0.000000,0.186000,0,0
183600000000,183880000000,6274140245,133,2057683155,0.094600,0.060420,0.061650,0.000590,0.056150,0.060910,0.000448,0.000000,0.209200,0.040410,1.292000,0.000674,0.000000,0.000000,0.000133,0,0
183880000000,183900000000,6274140245,133,2057683155,0.000814,0.000000,0.000000,0.000000,0.000000,0.000000,0.000197,0.000000,0.016300,0.002857,2.623000,0.010170,0.000000,0.000000,0.000000,0,0
183900000000,183901000000,6274140245,133,2057683155,0.000000,0.000000,0.000000,0.000000,0.000000,0.000000,0.000000,0.000000,0.000000,0.000000,2.623000,0.010170,0.000000,0.000000,0.000000,0,0
183901000000,183902000000,6274140245,133,2057683155,0.000000,0.000000,0.000000,0.000000,0.000000,0.000000,0.000000,0.000000,0.000000,0.000000,2.623000,0.010170,0.000000,0.000000,0.000000,0,0
