179238000000,179400000000,6274140245,134,3829942,0.000000,0.000000,0.000000,0.000000,0.000000,0.000000,0.000000,0.000000,0.000000,0.000000,0.000000,0.000000,0.000000,0.000000,0.000000,0,0
179400000000,179452000000,6274140245,134,3829942,0.000000,0.000000,0.000000,0.000000,0.000000,0.000000,0.000000,0.000000,0.000000,0.000000,0.000000,0.000000,0.000000,0.000000,0.000000,0,0
179452000000,179602000000,6274140245,134,3829942,0.013290,0.036740,0.038330,0.000236,0.034850,0.060790,0.044130,0.000000,0.187500,0.117800,0.945500,0.000625,0.000000,0.000000,0.003067,0,0
179602000000,179700000000,6274140245,134,3829942,0.149400,0.061220,0.062010,0.000246,0.055910,0.061830,0.011660,0.000000,0.189000,0.065670,1.267000,0.000665,0.000000,0.000000,0.188200,0,0
179700000000,180000000000,6274140245,134,3829942,0.186500,0.061650,0.062740,0.000356,0.056090,0.061830,0.000088,0.000000,0.198000,0.011860,1.301000,0.000697,0.000000,0.000000,0.189000,0,0
180000000000,180068000000,6274140245,134,3829942,0.187000,0.061580,0.062740,0.000380,0.056150,0.061650,0.000006,0.000000,0.375500,0.000286,1.334000,0.000716,0.000000,0.000000,0.187500,0,0
180068000000,180300000000,6274140245,134,3829942,0.186500,0.061650,0.062740,0.000380,0.056150,0.061710,0.000008,0.000000,0.374000,0.000643,1.360000,0.000741,0.000000,0.000000,0.191700,0,0
180300000000,180600000000,6274140245,134,3829942,0.186800,0.061650,0.062740,0.000380,0.056150,0.061710,0.000009,0.000000,0.206500,0.001715,1.317000,0.000705,0.000000,0.000000,0.187700,0,0
180600000000,180900000000,6274140245,134,3829942,0.187000,0.061710,0.062870,0.000382,0.056150,0.061770,0.000008,0.000000,0.206100,0.001358,1.331000,0.000693,0.000000,0.000000,0.187500,0,0
180900000000,181200000000,6274140245,134,3829942,0.187000,0.061710,0.062870,0.000382,0.056150,0.061770,0.000004,0.000000,0.193800,0.000143,1.328000,0.000716,0.000000,0.000000,0.187300,0,0
181200000000,181500000000,6274140245,134,3829942,0.186800,0.061710,0.062870,0.000382,0.056150,0.061770,0.000004,0.000000,0.222700,0.000215,1.362000,0.000727,0.000000,0.000000,0.187500,0,0
181500000000,181800000000,6274140245,134,3829942,0.186500,0.061710,0.062870,0.000382,0.056150,0.061770,0.000003,0.000000,0.374500,0.000072,1.325000,0.000714,0.000000,0.000000,0.188000,0,0
181800000000,182100000000,6274140245,134,3829942,0.186800,0.061650,0.062870,0.000382,0.056150,0.061770,0.000004,0.000000,0.208300,0.000143,1.272000,0.000649,0.000000,0.000000,0.189000,0,0
182100000000,182400000000,6274140245,134,3829942,0.187000,0.061710,0.062870,0.000383,0.056150,0.061770,0.000003,0.000000,0.375500,0.000072,1.340000,0.000698,0.000000,0.000000,0.187500,0,0
182400000000,182700000000,6274140245,134,3829942,0.187000,0.061650,0.062870,0.000383,0.056150,0.061770,0.000004,0.000000,0.215600,0.000215,1.375000,0.000775,0.000000,0.000000,0.187500,0,0
182700000000,183000000000,6274140245,134,3829942,0.186500,0.061710,0.062870,0.000383,0.056150,0.061770,0.000003,0.000000,0.228500,0.000072,1.350000,0.000689,0.000000,0.000000,0.187500,0,0
183000000000,183300000000,6274140245,134,3829942,0.187000,0.061770,0.062870,0.000413,0.056150,0.061830,0.000031,0.000000,0.228300,0.008072,1.339000,0.000686,0.000000,0.000000,0.187500,0,0
183300000000,183600000000,6274140245,134,3829942,0.186300,0.061710,0.062870,0.000424,0.056210,0.061770,0.000005,0.000000,0.223600,0.000215,1.345000,0.000696,0.000000,0.000000,0.184800,0,0
183600000000,183900000000,6274140245,134,3829942,0.117800,0.061460,0.062870,0.000424,0.056210,0.061710,0.000004,0.000000,0.206300,0.000143,1.385000,0.000788,0.000000,0.000000,0.189000,0,0
183900000000,183930000000,6274140245,134,3829942,0.000849,0.060610,0.062380,0.000430,0.056210,0.060850,0.001945,0.000000,0.055480,0.025630,1.194000,0.000523,0.000000,0.000000,0.000065,0,0
183930000000,183952000000,6274140245,134,3829942,0.001337,0.002617,0.000000,0.002563,0.002563,0.057620,0.000013,0.000000,0.029420,0.000286,2.899000,0.011440,0.000000,0.000000,0.000000,0,0
183952000000,183953000000,6274140245,134,3829942,0.000000,0.000000,0.000000,0.000000,0.000000,0.000000,0.000000,0.000000,0.000000,0.000000,2.899000,0.011440,0.000000,0.000000,0.000000,0,0
