179241000000,179400000000,6274140245,135,1545207655,0.000000,0.000000,0.000000,0.000000,0.000000,0.000000,0.000000,0.000000,0.000000,0.000000,0.000000,0.000000,0.000000,0.000000,0.000000,0,0
179400000000,179700000000,6274140245,135,1545207655,0.000000,0.000000,0.000000,0.000000,0.000000,0.000000,0.000000,0.000000,0.000000,0.000000,0.000000,0.000000,0.000000,0.000000,0.000000,0,0
179700000000,180000000000,6274140245,135,1545207655,0.000000,0.000000,0.000000,0.000000,0.000000,0.000000,0.000000,0.000000,0.000000,0.000000,0.000000,0.000000,0.000000,0.000000,0.000000,0,0
180000000000,180012000000,6274140245,135,1545207655,0.000000,0.000000,0.000000,0.000000,0.000000,0.000000,0.000000,0.000000,0.000000,0.000000,0.000000,0.000000,0.000000,0.000000,0.000000,0,0
180012000000,180097000000,6274140245,135,1545207655,0.004021,0.013200,0.014370,0.000255,0.012250,0.026980,0.032960,0.000000,0.020940,0.058040,1.090000,0.001829,0.000000,0.000000,0.005562,0,0
180097000000,180300000000,6274140245,135,1545207655,0.048280,0.051450,0.052190,0.000170,0.048890,0.060910,0.028380,0.000000,0.208300,0.101700,1.264000,0.000820,0.000000,0.000000,0.015720,0,0
180300000000,180600000000,6274140245,135,1545207655,0.187000,0.060970,0.061950,0.000370,0.056150,0.061100,0.000143,0.000000,0.191700,0.025150,1.274000,0.000693,0.000000,0.000000,0.187300,0,0
180600000000,180900000000,6274140245,135,1545207655,0.187000,0.061040,0.061950,0.000372,0.056150,0.061100,0.000009,0.000000,0.191900,0.000999,1.286000,0.000657,0.000000,0.000000,0.187500,0,0
180900000000,181033000000,6274140245,135,1545207655,0.187000,0.061040,0.061950,0.000372,0.056150,0.061100,0.000003,0.000000,0.190700,0.000072,1.383000,0.000772,0.000000,0.000000,0.188000,0,0
181033000000,181200000000,6274140245,135,1545207655,0.187300,0.061040,0.061950,0.000372,0.056150,0.061100,0.000020,0.000000,0.206500,0.002857,1.285000,0.000642,0.000000,0.000000,0.188700,0,0
181200000000,181500000000,6274140245,135,1545207655,0.187300,0.060970,0.061950,0.000372,0.056150,0.061100,0.000004,0.000000,0.375500,0.000215,1.306000,0.000684,0.000000,0.000000,0.187300,0,0
181500000000,181800000000,6274140245,135,1545207655,0.187300,0.061040,0.061950,0.000372,0.056150,0.061160,0.000005,0.000000,0.375500,0.000143,1.301000,0.000668,0.000000,0.000000,0.187700,0,0
181800000000,182100000000,6274140245,135,1545207655,0.187300,0.061040,0.061950,0.000372,0.056150,0.061100,0.000003,0.000000,0.206800,0.000143,1.381000,0.000754,0.000000,0.000000,0.187500,0,0
182100000000,182400000000,6274140245,135,1545207655,0.186800,0.061040,0.061950,0.000373,0.056150,0.061100,0.000004,0.000000,0.190900,0.000143,1.362000,0.000754,0.000000,0.000000,0.186500,0,0
182400000000,182700000000,6274140245,135,1545207655,0.187000,0.061100,0.061950,0.000373,0.056150,0.061160,0.000007,0.000000,0.206100,0.000929,1.372000,0.000793,0.000000,0.000000,0.188000,0,0
182700000000,183000000000,6274140245,135,1545207655,0.187300,0.061100,0.061950,0.000373,0.056150,0.061100,0.000003,0.000000,0.193100,0.000072,1.312000,0.000683,0.000000,0.000000,0.187300,0,0
183000000000,183300000000,6274140245,135,1545207655,0.187300,0.060970,0.061950,0.000402,0.056150,0.061100,0.000023,0.000000,0.191900,0.005432,1.343000,0.000733,0.000000,0.000000,0.188000,0,0
183300000000,183600000000,6274140245,135,1545207655,0.187300,0.061100,0.061950,0.000411,0.056150,0.061160,0.000004,0.000000,0.191900,0.000072,1.361000,0.000691,0.000000,0.000000,0.186800,0,0
183600000000,183900000000,6274140245,135,1545207655,0.145800,0.061040,0.061950,0.000412,0.056150,0.061160,0.000008,0.000000,0.192600,0.001429,1.366000,0.000727,0.000000,0.000000,0.188000,0,0
183900000000,183950000000,6274140245,135,1545207655,0.032780,0.060550,0.061950,0.001541,0.056210,0.060610,0.001463,0.000000,0.066530,0.031070,1.335000,0.000656,0.000000,0.000000,0.062620,0,0
183950000000,183970000000,6274140245,135,1545207655,0.000204,0.000000,0.000000,0.000000,0.000000,0.000000,0.000035,0.000000,0.004089,0.000714,2.025000,0.006295,0.000000,0.000000,0.000000,0,0
183970000000,183971000000,6274140245,135,1545207655,0.000000,0.000000,0.000000,0.000000,0.000000,0.000000,0.000000,0.000000,0.000000,0.000000,2.025000,0.006295,0.000000,0.000000,0.000000,0,0
