179236000000,179400000000,6274140245,136,1093967,0.000000,0.000000,0.000000,0.000000,0.000000,0.000000,0.000000,0.000000,0.000000,0.000000,0.000000,0.000000,0.000000,0.000000,0.000000,0,0
179400000000,179489000000,6274140245,136,1093967,0.000000,0.000000,0.000000,0.000000,0.000000,0.000000,0.000000,0.000000,0.000000,0.000000,0.000000,0.000000,0.000000,0.000000,0.000000,0,0
179489000000,179671000000,6274140245,136,1093967,0.006287,0.032040,0.033020,0.000103,0.031070,0.056150,0.041930,0.000000,0.063230,0.163600,1.408000,0.002180,0.000000,0.000000,0.004539,0,0
179671000000,179700000000,6274140245,136,1093967,0.079470,0.059390,0.060300,0.001133,0.056700,0.060490,0.023710,0.000000,0.189700,0.097050,0.855400,0.000296,0.000000,0.000000,0.001692,0,0
179700000000,180000000000,6274140245,136,1093967,0.057620,0.060490,0.060490,0.000091,0.055730,0.060490,0.035220,0.000000,0.192100,0.064330,1.320000,0.000681,0.000000,0.000000,0.001392,0,0
180000000000,180300000000,6274140245,136,1093967,0.004272,0.060490,0.060490,0.000040,0.055660,0.060490,0.045650,0.000000,0.016910,0.064820,11.450000,0.051080,0.000000,0.000000,0.006973,0,0
180300000000,180332000000,6274140245,136,1093967,0.004379,0.060490,0.060490,0.000039,0.055660,0.060490,0.049070,0.000000,0.011400,0.064330,22.040000,0.104100,0.000000,0.000000,0.004036,0,0
180332000000,180600000000,6274140245,136,1093967,0.004974,0.060490,0.060490,0.000039,0.055660,0.060490,0.049800,0.000000,0.064940,0.064940,20.650000,0.095460,0.000000,0.000000,0.001488,0,0
180600000000,180900000000,6274140245,136,1093967,0.005020,0.060490,0.060490,0.000039,0.055660,0.060490,0.050170,0.000000,0.014800,0.064330,11.650000,0.052820,0.000000,0.000000,0.010040,0,0
180900000000,181200000000,6274140245,136,1093967,0.004768,0.060420,0.060490,0.000039,0.055660,0.060490,0.046260,0.000000,0.013890,0.064330,11.280000,0.050070,0.000000,0.000000,0.001699,0,0
181200000000,181500000000,6274140245,136,1093967,0.005142,0.060420,0.060420,0.000045,0.055660,0.060490,0.048400,0.000000,0.015320,0.064330,5.293000,0.022310,0.000000,0.000000,0.004364,0,0
181500000000,181607000000,6274140245,136,1093967,0.005501,0.060420,0.060420,0.000046,0.055660,0.060490,0.048580,0.000000,0.013310,0.064330,13.640000,0.057700,0.000000,0.000000,0.002644,0,0
181607000000,181800000000,6274140245,136,1093967,0.005493,0.060420,0.060420,0.000046,0.055660,0.060490,0.050660,0.000000,0.012860,0.064330,27.080000,0.119200,0.000000,0.000000,0.005341,0,0
181800000000,182100000000,6274140245,136,1093967,0.005600,0.060420,0.060420,0.000045,0.055660,0.060490,0.050900,0.000000,0.021150,0.065310,4.269000,0.012940,0.000000,0.000000,0.001663,0,0
182100000000,182400000000,6274140245,136,1093967,0.005951,0.060420,0.060420,0.000044,0.055660,0.060490,0.050900,0.000000,0.014830,0.064330,7.876000,0.030480,0.000000,0.000000,0.002102,0,0
182400000000,182700000000,6274140245,136,1093967,0.006050,0.060420,0.060420,0.000046,0.055660,0.060420,0.051820,0.000000,0.015870,0.065920,6.754000,0.025310,0.000000,0.000000,0.005051,0,0
182700000000,183000000000,6274140245,136,1093967,0.005836,0.060420,0.060420,0.000045,0.055660,0.060420,0.052000,0.000000,0.016880,0.065800,18.380000,0.077860,0.000000,0.000000,0.001513,0,0
183000000000,183300000000,6274140245,136,1093967,0.006477,0.060420,0.060420,0.000046,0.055660,0.060490,0.052670,0.000000,0.034910,0.071530,7.341000,0.029560,0.000000,0.000000,0.004387,0,0
183300000000,183600000000,6274140245,136,1093967,0.006454,0.060420,0.060420,0.000046,0.055660,0.060420,0.054930,0.000000,0.059630,0.071410,8.226000,0.032690,0.000000,0.000000,0.013410,0,0
183600000000,183900000000,6274140245,136,1093967,0.007065,0.060420,0.060420,0.000043,0.055660,0.060490,0.056460,0.000000,0.127000,0.068240,4.848000,0.018530,0.000000,0.000000,0.005836,0,0
183900000000,184200000000,6274140245,136,1093967,0.007347,0.060420,0.060420,0.000042,0.055660,0.060420,0.057430,0.000000,0.017490,0.066770,8.910000,0.037990,0.000000,0.000000,0.008423,0,0
184200000000,184500000000,6274140245,136,1093967,0.007439,0.060420,0.060420,0.000044,0.055660,0.060420,0.057500,0.000000,0.020290,0.071530,13.610000,0.059830,0.000000,0.000000,0.012340,0,0
184500000000,184800000000,6274140245,136,1093967,0.006500,0.060420,0.060420,0.000045,0.055660,0.060420,0.053890,0.000000,0.016140,0.071410,20.620000,0.091290,0.000000,0.000000,0.001080,0,0
184800000000,185100000000,6274140245,136,1093967,0.006622,0.060420,0.060420,0.000045,0.055660,0.060420,0.053280,0.000000,0.027040,0.078610,5.071000,0.020120,0.000000,0.000000,0.001511,0,0
185100000000,185400000000,6274140245,136,1093967,0.006859,0.060420,0.060420,0.000046,0.055660,0.060420,0.054020,0.000000,0.016570,0.071410,31.190000,0.141800,0.000000,0.000000,0.010220,0,0
185400000000,185700000000,6274140245,136,1093967,0.006790,0.060420,0.060420,0.000043,0.055660,0.060420,0.056090,0.000000,0.017730,0.071530,11.160000,0.048350,0.000000,0.000000,0.003944,0,0
185700000000,186000000000,6274140245,136,1093967,0.007416,0.060420,0.060420,0.000043,0.055660,0.060420,0.057310,0.000000,0.021550,0.072510,17.510000,0.078540,0.000000,0.000000,0.000900,0,0
186000000000,186300000000,6274140245,136,1093967,0.007965,0.060420,0.060420,0.000043,0.055660,0.060420,0.055180,0.000000,0.021090,0.071530,18.980000,0.078420,0.000000,0.000000,0.008423,0,0
186300000000,186600000000,6274140245,136,1093967,0.007507,0.060420,0.060420,0.000043,0.055660,0.060420,0.052250,0.000000,0.018770,0.064330,12.490000,0.049780,0.000000,0.000000,0.010350,0,0
186600000000,186900000000,6274140245,136,1093967,0.044740,0.060670,0.060790,0.000100,0.055730,0.061580,0.034480,0.000000,0.188700,0.064330,1.468000,0.000910,0.000000,0.000000,0.011060,0,0
186900000000,186952000000,6274140245,136,1093967,0.187300,0.061460,0.061950,0.000338,0.056030,0.061580,0.000026,0.000000,0.206100,0.001143,1.436000,0.000828,0.000000,0.000000,0.186800,0,0
186952000000,187200000000,6274140245,136,1093967,0.063480,0.060360,0.061520,0.000267,0.056030,0.061400,0.000111,0.000000,0.209500,0.020420,1.337000,0.000690,0.000000,0.000000,0.187500,0,0
187200000000,187223000000,6274140245,136,1093967,0.002247,0.058900,0.060420,0.004929,0.055850,0.059080,0.007416,0.000000,0.044070,0.048520,3.063000,0.012420,0.000000,0.000000,0.000074,0,0
187223000000,187243000000,6274140245,136,1093967,0.000130,0.000000,0.000000,0.000000,0.000000,0.000000,0.000028,0.000000,0.002594,0.000428,3.063000,0.012420,0.000000,0.000000,0.000000,0,0
187243000000,187245000000,6274140245,136,1093967,0.000000,0.000000,0.000000,0.000000,0.000000,0.000000,0.000000,0.000000,0.000000,0.000000,3.063000,0.012420,0.000000,0.000000,0.000000,0,0
