179236000000,179400000000,6274140245,137,6566931,0.000000,0.000000,0.000000,0.000000,0.000000,0.000000,0.000000,0.000000,0.000000,0.000000,0.000000,0.000000,0.000000,0.000000,0.000000,0,0
179400000000,179671000000,6274140245,137,6566931,0.000000,0.000000,0.000000,0.000000,0.000000,0.000000,0.000000,0.000000,0.000000,0.000000,0.000000,0.000000,0.000000,0.000000,0.000000,0,0
179671000000,179700000000,6274140245,137,6566931,0.002590,0.001621,0.003849,0.000531,0.001286,0.004082,0.020600,0.000000,0.012970,0.089110,1.298000,0.001590,0.000000,0.000000,0.000503,0,0
179700000000,179820000000,6274140245,137,6566931,0.003368,0.017240,0.018340,0.000209,0.016200,0.033020,0.024690,0.000000,0.023070,0.062620,1.380000,0.001971,0.000000,0.000000,0.000268,0,0
179820000000,180000000000,6274140245,137,6566931,0.004227,0.047180,0.048580,0.000059,0.045530,0.057010,0.024810,0.000000,0.062260,0.081670,3.553000,0.013180,0.000000,0.000000,0.001524,0,0
180000000000,180300000000,6274140245,137,6566931,0.141400,0.061280,0.062620,0.000732,0.056460,0.062870,0.003719,0.000000,0.370600,0.077390,1.377000,0.000773,0.000000,0.000000,0.007309,0,0
180300000000,180600000000,6274140245,137,6566931,0.179700,0.061280,0.062990,0.000371,0.056150,0.061400,0.000101,0.000000,0.369600,0.028140,1.292000,0.000649,0.000000,0.000000,0.187300,0,0
180600000000,180900000000,6274140245,137,6566931,0.182600,0.061340,0.062990,0.000378,0.056150,0.061400,0.000005,0.000000,0.367200,0.000643,1.410000,0.000777,0.000000,0.000000,0.187000,0,0
180900000000,180990000000,6274140245,137,6566931,0.182400,0.061400,0.062990,0.000378,0.056150,0.061400,0.000009,0.000000,0.209200,0.000571,1.382000,0.000722,0.000000,0.000000,0.161600,0,0
180990000000,181200000000,6274140245,137,6566931,0.183800,0.061340,0.062990,0.000376,0.056150,0.061400,0.000004,0.000000,0.213100,0.000072,1.403000,0.000704,0.000000,0.000000,0.186500,0,0
181200000000,181500000000,6274140245,137,6566931,0.179900,0.061400,0.062990,0.000368,0.056150,0.061460,0.000005,0.000000,0.360400,0.000215,1.397000,0.000762,0.000000,0.000000,0.184300,0,0
181500000000,181800000000,6274140245,137,6566931,0.178500,0.061400,0.062990,0.000368,0.056150,0.061460,0.000005,0.000000,0.352500,0.000643,1.383000,0.000742,0.000000,0.000000,0.183300,0,0
181800000000,182100000000,6274140245,137,6566931,0.179200,0.061460,0.062990,0.000369,0.056150,0.061520,0.000005,0.000000,0.193800,0.000072,1.409000,0.000759,0.000000,0.000000,0.186000,0,0
182100000000,182400000000,6274140245,137,6566931,0.179700,0.061400,0.062990,0.000369,0.056150,0.061460,0.000004,0.000000,0.373000,0.000428,1.393000,0.000780,0.000000,0.000000,0.170200,0,0
182400000000,182700000000,6274140245,137,6566931,0.181600,0.061460,0.062990,0.000369,0.056150,0.061460,0.000004,0.000000,0.374500,0.000072,1.378000,0.000744,0.000000,0.000000,0.180700,0,0
182700000000,183000000000,6274140245,137,6566931,0.182400,0.061400,0.062990,0.000370,0.056150,0.061460,0.000009,0.000000,0.195800,0.001286,1.415000,0.000779,0.000000,0.000000,0.177200,0,0
183000000000,183300000000,6274140245,137,6566931,0.181900,0.061400,0.062990,0.000400,0.056150,0.061460,0.000017,0.000000,0.197800,0.003571,1.403000,0.000775,0.000000,0.000000,0.187300,0,0
183300000000,183600000000,6274140245,137,6566931,0.181200,0.061400,0.062990,0.000403,0.056150,0.061460,0.000004,0.000000,0.191700,0.000072,1.399000,0.000781,0.000000,0.000000,0.186500,0,0
183600000000,183900000000,6274140245,137,6566931,0.162400,0.061340,0.062990,0.000403,0.056150,0.061460,0.000011,0.000000,0.189900,0.001928,1.367000,0.000726,0.000000,0.000000,0.184800,0,0
183900000000,184000000000,6274140245,137,6566931,0.091550,0.061220,0.062990,0.000966,0.056210,0.061340,0.000735,0.000000,0.126700,0.030430,1.290000,0.000663,0.000000,0.000000,0.000095,0,0
184000000000,184018000000,6274140245,137,6566931,0.001099,0.000000,0.000000,0.000000,0.000000,0.000000,0.000024,0.000000,0.019780,0.000428,1.183000,0.000562,0.000000,0.000000,0.000000,0,0
184018000000,184019000000,6274140245,137,6566931,0.000000,0.000000,0.000000,0.000000,0.000000,0.000000,0.000000,0.000000,0.000000,0.000000,1.183000,0.000562,0.000000,0.000000,0.000000,0,0
