179239000000,179400000000,6274140245,138,7731984,0.000000,0.000000,0.000000,0.000000,0.000000,0.000000,0.000000,0.000000,0.000000,0.000000,0.000000,0.000000,0.000000,0.000000,0.000000,0,0
179400000000,179425000000,6274140245,138,7731984,0.000000,0.000000,0.000000,0.000000,0.000000,0.000000,0.000000,0.000000,0.000000,0.000000,0.000000,0.000000,0.000000,0.000000,0.000000,0,0
179425000000,179604000000,6274140245,138,7731984,0.006882,0.035220,0.036010,0.000115,0.034240,0.057430,0.032900,0.000000,0.062870,0.124300,0.788200,0.000242,0.000000,0.000000,0.008301,0,0
179604000000,179700000000,6274140245,138,7731984,0.158400,0.060790,0.061460,0.000828,0.056520,0.061460,0.005119,0.000000,0.189000,0.053100,1.366000,0.000670,0.000000,0.000000,0.184100,0,0
179700000000,180000000000,6274140245,138,7731984,0.182900,0.060850,0.061460,0.000382,0.056150,0.060970,0.000043,0.000000,0.198700,0.011350,1.410000,0.000815,0.000000,0.000000,0.173800,0,0
180000000000,180022000000,6274140245,138,7731984,0.182100,0.060850,0.061460,0.000389,0.056150,0.060850,0.000003,0.000000,0.356900,0.000072,1.464000,0.000838,0.000000,0.000000,0.182400,0,0
180022000000,180300000000,6274140245,138,7731984,0.183300,0.060850,0.061460,0.000390,0.056150,0.060970,0.000008,0.000000,0.200400,0.000643,1.364000,0.000740,0.000000,0.000000,0.157200,0,0
180300000000,180600000000,6274140245,138,7731984,0.182600,0.060790,0.061460,0.000390,0.056150,0.060910,0.000005,0.000000,0.189700,0.000357,1.437000,0.000793,0.000000,0.000000,0.183600,0,0
180600000000,180900000000,6274140245,138,7731984,0.187000,0.060850,0.061520,0.000373,0.056150,0.060850,0.000003,0.000000,0.374500,0.000072,1.317000,0.000706,0.000000,0.000000,0.186500,0,0
180900000000,181200000000,6274140245,138,7731984,0.187000,0.060730,0.061520,0.000373,0.056150,0.060850,0.000005,0.000000,0.375000,0.000143,1.274000,0.000679,0.000000,0.000000,0.187500,0,0
181200000000,181500000000,6274140245,138,7731984,0.187300,0.060850,0.061520,0.000373,0.056150,0.060910,0.000004,0.000000,0.375000,0.000072,1.332000,0.000722,0.000000,0.000000,0.185500,0,0
181500000000,181800000000,6274140245,138,7731984,0.187300,0.060850,0.061520,0.000373,0.056150,0.060910,0.000005,0.000000,0.206300,0.000286,1.282000,0.000635,0.000000,0.000000,0.187300,0,0
181800000000,182100000000,6274140245,138,7731984,0.186500,0.060850,0.061520,0.000371,0.056150,0.060910,0.000014,0.000000,0.374000,0.003143,1.355000,0.000760,0.000000,0.000000,0.188700,0,0
182100000000,182400000000,6274140245,138,7731984,0.187300,0.060850,0.061520,0.000365,0.056150,0.060910,0.000007,0.000000,0.375500,0.000857,1.329000,0.000690,0.000000,0.000000,0.187300,0,0
182400000000,182700000000,6274140245,138,7731984,0.187000,0.060850,0.061520,0.000366,0.056150,0.060910,0.000006,0.000000,0.191200,0.000500,1.302000,0.000681,0.000000,0.000000,0.188000,0,0
182700000000,183000000000,6274140245,138,7731984,0.187300,0.060910,0.061520,0.000398,0.056150,0.060970,0.000017,0.000000,0.206100,0.003857,1.331000,0.000692,0.000000,0.000000,0.181600,0,0
183000000000,183300000000,6274140245,138,7731984,0.187300,0.060910,0.061520,0.000400,0.056150,0.060970,0.000004,0.000000,0.207300,0.000072,1.332000,0.000694,0.000000,0.000000,0.175500,0,0
183300000000,183600000000,6274140245,138,7731984,0.187300,0.060850,0.061520,0.000400,0.056150,0.060970,0.000004,0.000000,0.210700,0.000072,1.330000,0.000688,0.000000,0.000000,0.187700,0,0
183600000000,183900000000,6274140245,138,7731984,0.165000,0.060850,0.061520,0.000400,0.056150,0.060910,0.000013,0.000000,0.211900,0.001999,1.303000,0.000687,0.000000,0.000000,0.187300,0,0
183900000000,183970000000,6274140245,138,7731984,0.020720,0.060300,0.061520,0.002003,0.056210,0.060490,0.000916,0.000000,0.063230,0.024290,1.259000,0.000652,0.000000,0.000000,0.062620,0,0
183970000000,183993000000,6274140245,138,7731984,0.000186,0.000000,0.000000,0.000000,0.000000,0.000000,0.000106,0.000000,0.004272,0.002430,2.484000,0.008546,0.000000,0.000000,0.000000,0,0
183993000000,183994000000,6274140245,138,7731984,0.000000,0.000000,0.000000,0.000000,0.000000,0.000000,0.000000,0.000000,0.000000,0.000000,2.484000,0.008546,0.000000,0.000000,0.000000,0,0
