179236000000,179400000000,6274140245,139,1335636,0.000000,0.000000,0.000000,0.000000,0.000000,0.000000,0.000000,0.000000,0.000000,0.000000,0.000000,0.000000,0.000000,0.000000,0.000000,0,0
179400000000,179490000000,6274140245,139,1335636,0.000000,0.000000,0.000000,0.000000,0.000000,0.000000,0.000000,0.000000,0.000000,0.000000,0.000000,0.000000,0.000000,0.000000,0.000000,0,0
179490000000,179667000000,6274140245,139,1335636,0.005821,0.032840,0.034850,0.000400,0.032170,0.056700,0.040590,0.000000,0.063230,0.080810,6.839000,0.030620,0.000000,0.000000,0.002716,0,0
179667000000,179700000000,6274140245,139,1335636,0.035030,0.059630,0.060300,0.000561,0.056210,0.060610,0.025760,0.000000,0.183100,0.095950,0.000000,0.000000,0.000000,0.000000,0.182100,0,0
179700000000,180000000000,6274140245,139,1335636,0.176500,0.061890,0.062620,0.000750,0.056460,0.062070,0.000902,0.000000,0.188700,0.059510,1.347000,0.000705,0.000000,0.000000,0.184800,0,0
180000000000,180300000000,6274140245,139,1335636,0.179200,0.062070,0.062620,0.000542,0.056340,0.062130,0.000226,0.000000,0.191400,0.034420,1.340000,0.000662,0.000000,0.000000,0.187300,0,0
180300000000,180444000000,6274140245,139,1335636,0.181200,0.062070,0.062620,0.000474,0.056270,0.062130,0.000011,0.000000,0.189900,0.001429,1.373000,0.000694,0.000000,0.000000,0.179200,0,0
180444000000,180600000000,6274140245,139,1335636,0.180700,0.062070,0.062620,0.000455,0.056210,0.062130,0.000004,0.000000,0.205800,0.000072,1.373000,0.000772,0.000000,0.000000,0.173100,0,0
180600000000,180900000000,6274140245,139,1335636,0.181200,0.062010,0.062620,0.000455,0.056210,0.062070,0.000006,0.000000,0.206300,0.000786,1.404000,0.000755,0.000000,0.000000,0.187300,0,0
180900000000,181200000000,6274140245,139,1335636,0.180900,0.062010,0.062620,0.000456,0.056210,0.062010,0.000016,0.000000,0.278800,0.003716,1.335000,0.000723,0.000000,0.000000,0.180700,0,0
181200000000,181500000000,6274140245,139,1335636,0.180700,0.062070,0.062620,0.000460,0.056210,0.062070,0.000005,0.000000,0.343300,0.000428,1.408000,0.000816,0.000000,0.000000,0.187300,0,0
181500000000,181800000000,6274140245,139,1335636,0.179700,0.062010,0.062620,0.000461,0.056210,0.062070,0.000006,0.000000,0.206100,0.000428,1.386000,0.000797,0.000000,0.000000,0.187300,0,0
181800000000,182100000000,6274140245,139,1335636,0.180400,0.062010,0.062740,0.000461,0.056210,0.062070,0.000003,0.000000,0.191400,0.000072,1.335000,0.000749,0.000000,0.000000,0.187500,0,0
182100000000,182400000000,6274140245,139,1335636,0.181200,0.062070,0.062740,0.000462,0.056210,0.062130,0.000009,0.000000,0.204800,0.001429,1.332000,0.000723,0.000000,0.000000,0.187500,0,0
182400000000,182700000000,6274140245,139,1335636,0.181200,0.062010,0.062740,0.000463,0.056210,0.062070,0.000005,0.000000,0.272900,0.000215,1.323000,0.000710,0.000000,0.000000,0.177200,0,0
182700000000,183000000000,6274140245,139,1335636,0.179400,0.062010,0.062740,0.000487,0.056270,0.062070,0.000034,0.000000,0.233200,0.006645,1.393000,0.000750,0.000000,0.000000,0.186000,0,0
183000000000,183300000000,6274140245,139,1335636,0.180900,0.062010,0.062740,0.000501,0.056270,0.062070,0.000006,0.000000,0.193800,0.000643,1.359000,0.000692,0.000000,0.000000,0.187000,0,0
183300000000,183600000000,6274140245,139,1335636,0.181600,0.062010,0.062740,0.000501,0.056270,0.062130,0.000006,0.000000,0.192600,0.000428,1.375000,0.000775,0.000000,0.000000,0.164300,0,0
183600000000,183900000000,6274140245,139,1335636,0.140400,0.062010,0.062740,0.000501,0.056270,0.062070,0.000005,0.000000,0.188500,0.000428,1.293000,0.000648,0.000000,0.000000,0.125200,0,0
183900000000,184030000000,6274140245,139,1335636,0.060000,0.061650,0.062620,0.000937,0.056270,0.061770,0.000776,0.000000,0.066890,0.037900,1.422000,0.000772,0.000000,0.000000,0.060730,0,0
184030000000,184051000000,6274140245,139,1335636,0.000951,0.000000,0.000000,0.000000,0.000000,0.000000,0.000004,0.000000,0.019960,0.000072,1.428000,0.000658,0.000000,0.000000,0.000000,0,0
184051000000,184052000000,6274140245,139,1335636,0.000000,0.000000,0.000000,0.000000,0.000000,0.000000,0.000000,0.000000,0.000000,0.000000,1.428000,0.000658,0.000000,0.000000,0.000000,0,0
