179239000000,179400000000,6274140245,14,336069993,0.000000,0.000000,0.000000,0.000000,0.000000,0.000000,0.000000,0.000000,0.000000,0.000000,0.000000,0.000000,0.000000,0.000000,0.000000,0,0
179400000000,179700000000,6274140245,14,336069993,0.000000,0.000000,0.000000,0.000000,0.000000,0.000000,0.000000,0.000000,0.000000,0.000000,0.000000,0.000000,0.000000,0.000000,0.000000,0,0
179700000000,179760000000,6274140245,14,336069993,0.000000,0.000000,0.000000,0.000000,0.000000,0.000000,0.000000,0.000000,0.000000,0.000000,0.000000,0.000000,0.000000,0.000000,0.000000,0,0
179760000000,179862000000,6274140245,14,336069993,0.003628,0.014250,0.015460,0.000263,0.012910,0.028080,0.029720,0.000000,0.018400,0.051450,2.856000,0.010720,0.000000,0.000000,0.000223,0,0
179862000000,180000000000,6274140245,14,336069993,0.006813,0.047300,0.049560,0.000089,0.044620,0.061160,0.029210,0.000000,0.062740,0.097170,0.830800,0.000224,0.000000,0.000000,0.008331,0,0
180000000000,180300000000,6274140245,14,336069993,0.181400,0.062990,0.063600,0.001104,0.056880,0.063600,0.001183,0.000000,0.374500,0.075440,1.389000,0.000720,0.000000,0.000000,0.187000,0,0
180300000000,180600000000,6274140245,14,336069993,0.187000,0.062620,0.063600,0.000820,0.056580,0.062740,0.000007,0.000000,0.198000,0.000929,1.382000,0.000736,0.000000,0.000000,0.187700,0,0
180600000000,180703000000,6274140245,14,336069993,0.186800,0.062740,0.063600,0.000821,0.056580,0.062740,0.000006,0.000000,0.205600,0.000286,1.396000,0.000777,0.000000,0.000000,0.187300,0,0
180703000000,180900000000,6274140245,14,336069993,0.186800,0.062740,0.063600,0.000822,0.056580,0.062870,0.000003,0.000000,0.194300,0.000143,1.318000,0.000650,0.000000,0.000000,0.184600,0,0
180900000000,181200000000,6274140245,14,336069993,0.187000,0.062740,0.063720,0.000823,0.056580,0.062870,0.000004,0.000000,0.194100,0.000143,1.355000,0.000734,0.000000,0.000000,0.185100,0,0
181200000000,181500000000,6274140245,14,336069993,0.187000,0.062740,0.063720,0.000811,0.056580,0.062870,0.000004,0.000000,0.375000,0.000072,1.396000,0.000742,0.000000,0.000000,0.186500,0,0
181500000000,181800000000,6274140245,14,336069993,0.187000,0.062740,0.063720,0.000797,0.056580,0.062870,0.000004,0.000000,0.206300,0.000143,1.389000,0.000738,0.000000,0.000000,0.186500,0,0
181800000000,182100000000,6274140245,14,336069993,0.187000,0.062740,0.063720,0.000797,0.056580,0.062870,0.000004,0.000000,0.206300,0.000143,1.376000,0.000722,0.000000,0.000000,0.187700,0,0
182100000000,182400000000,6274140245,14,336069993,0.187000,0.062740,0.063720,0.000798,0.056580,0.062870,0.000005,0.000000,0.206100,0.000286,1.438000,0.000776,0.000000,0.000000,0.188000,0,0
182400000000,182700000000,6274140245,14,336069993,0.187000,0.062740,0.063720,0.000798,0.056580,0.062870,0.000004,0.000000,0.206300,0.000143,1.434000,0.000783,0.000000,0.000000,0.187500,0,0
182700000000,183000000000,6274140245,14,336069993,0.187000,0.062740,0.063720,0.000798,0.056580,0.062870,0.000003,0.000000,0.375000,0.000143,1.429000,0.000782,0.000000,0.000000,0.180400,0,0
183000000000,183300000000,6274140245,14,336069993,0.187000,0.062740,0.063720,0.000801,0.056580,0.062870,0.000011,0.000000,0.375000,0.001999,1.393000,0.000742,0.000000,0.000000,0.189000,0,0
183300000000,183600000000,6274140245,14,336069993,0.187300,0.062740,0.063720,0.000818,0.056580,0.062870,0.000019,0.000000,0.206100,0.003998,1.394000,0.000726,0.000000,0.000000,0.187500,0,0
183600000000,183900000000,6274140245,14,336069993,0.116100,0.062620,0.063720,0.000810,0.056580,0.062870,0.000003,0.000000,0.206100,0.000072,1.380000,0.000708,0.000000,0.000000,0.187000,0,0
183900000000,183930000000,6274140245,14,336069993,0.001204,0.061950,0.063600,0.002663,0.056580,0.062130,0.002335,0.000000,0.062740,0.032590,1.504000,0.000646,0.000000,0.000000,0.000080,0,0
183930000000,183946000000,6274140245,14,336069993,0.000992,0.000000,0.000000,0.000000,0.000000,0.000000,0.000009,0.000000,0.015870,0.000143,1.516000,0.000702,0.000000,0.000000,0.000000,0,0
183946000000,183947000000,6274140245,14,336069993,0.000000,0.000000,0.000000,0.000000,0.000000,0.000000,0.000000,0.000000,0.000000,0.000000,3.293000,0.009001,0.000000,0.000000,0.000000,0,0
190702000000,190800000000,6274140245,14,4820134385,0.000000,0.000000,0.000000,0.000000,0.000000,0.000000,0.000000,0.000000,0.000000,0.000000,0.000000,0.000000,0.000000,0.000000,0.000000,0,0
190800000000,190901000000,6274140245,14,4820134385,0.000000,0.000000,0.000000,0.000000,0.000000,0.000000,0.000000,0.000000,0.000000,0.000000,0.000000,0.000000,0.000000,0.000000,0.000000,0,0
190901000000,190948000000,6274140245,14,4820134385,0.000851,0.001703,0.003841,0.000713,0.001257,0.001995,0.009064,0.000000,0.014720,0.062130,2.319000,0.000000,0.000000,0.000000,0.000039,0,0
190948000000,190970000000,6274140245,14,4820134385,0.000134,0.000091,0.000000,0.000000,0.000000,0.001987,0.000072,0.000000,0.002960,0.001572,2.319000,0.000000,0.000000,0.000000,0.001083,0,0
190970000000,190972000000,6274140245,14,4820134385,0.000000,0.000000,0.000000,0.000000,0.000000,0.000000,0.000000,0.000000,0.000000,0.000000,2.319000,0.000000,0.000000,0.000000,0.000000,0,0
