179240000000,179400000000,6274140245,140,1093153,0.000000,0.000000,0.000000,0.000000,0.000000,0.000000,0.000000,0.000000,0.000000,0.000000,0.000000,0.000000,0.000000,0.000000,0.000000,0,0
179400000000,179447000000,6274140245,140,1093153,0.000000,0.000000,0.000000,0.000000,0.000000,0.000000,0.000000,0.000000,0.000000,0.000000,0.000000,0.000000,0.000000,0.000000,0.000000,0,0
179447000000,179596000000,6274140245,140,1093153,0.046940,0.040890,0.042480,0.000396,0.038700,0.061340,0.042850,0.000000,0.189000,0.136500,0.760800,0.001554,0.000000,0.000000,0.187300,0,0
179596000000,179700000000,6274140245,140,1093153,0.185500,0.061280,0.061340,0.000169,0.055910,0.061340,0.001234,0.000000,0.195600,0.044490,1.355000,0.000656,0.000000,0.000000,0.188000,0,0
179700000000,179874000000,6274140245,140,1093153,0.183800,0.061280,0.061340,0.000060,0.055790,0.061340,0.002598,0.000000,0.205600,0.054630,1.368000,0.000776,0.000000,0.000000,0.184600,0,0
179874000000,180000000000,6274140245,140,1093153,0.184800,0.061220,0.061340,0.000083,0.055850,0.061340,0.001303,0.000000,0.189200,0.035950,1.373000,0.000766,0.000000,0.000000,0.187700,0,0
180000000000,180300000000,6274140245,140,1093153,0.178000,0.061280,0.061340,0.000053,0.055790,0.061340,0.004906,0.000000,0.206100,0.065920,1.398000,0.000789,0.000000,0.000000,0.187000,0,0
180300000000,180600000000,6274140245,140,1093153,0.183300,0.061280,0.061340,0.000057,0.055790,0.061340,0.003101,0.000000,0.374500,0.061950,1.379000,0.000749,0.000000,0.000000,0.188500,0,0
180600000000,180900000000,6274140245,140,1093153,0.144800,0.061280,0.061340,0.000062,0.055730,0.061340,0.018830,0.000000,0.198500,0.064820,1.375000,0.000802,0.000000,0.000000,0.185300,0,0
180900000000,181200000000,6274140245,140,1093153,0.183800,0.061280,0.061340,0.000055,0.055790,0.061340,0.002769,0.000000,0.205800,0.051700,1.344000,0.000743,0.000000,0.000000,0.187000,0,0
181200000000,181500000000,6274140245,140,1093153,0.179900,0.061280,0.061340,0.000070,0.055790,0.061400,0.005013,0.000000,0.351600,0.060240,1.355000,0.000691,0.000000,0.000000,0.185300,0,0
181500000000,181800000000,6274140245,140,1093153,0.185100,0.061280,0.061340,0.000073,0.055790,0.061400,0.001772,0.000000,0.224600,0.058590,1.370000,0.000755,0.000000,0.000000,0.188200,0,0
181800000000,182100000000,6274140245,140,1093153,0.172400,0.061280,0.061340,0.000041,0.055790,0.061400,0.005676,0.000000,0.197800,0.064450,1.362000,0.000786,0.000000,0.000000,0.185800,0,0
182100000000,182400000000,6274140245,140,1093153,0.179900,0.061280,0.061340,0.000086,0.055790,0.061400,0.004494,0.000000,0.205300,0.065190,1.349000,0.000717,0.000000,0.000000,0.187300,0,0
182400000000,182700000000,6274140245,140,1093153,0.185800,0.061280,0.061400,0.000062,0.055790,0.061340,0.000403,0.000000,0.205800,0.023990,1.364000,0.000716,0.000000,0.000000,0.186800,0,0
182700000000,183000000000,6274140245,140,1093153,0.186300,0.061280,0.061340,0.000021,0.055790,0.061280,0.000056,0.000000,0.191200,0.009567,1.354000,0.000754,0.000000,0.000000,0.187300,0,0
183000000000,183300000000,6274140245,140,1093153,0.186300,0.061280,0.061400,0.000018,0.055790,0.061280,0.000023,0.000000,0.204800,0.003502,1.361000,0.000737,0.000000,0.000000,0.188200,0,0
183300000000,183600000000,6274140245,140,1093153,0.185500,0.061280,0.061400,0.000039,0.055790,0.061400,0.000931,0.000000,0.205300,0.043150,1.343000,0.000751,0.000000,0.000000,0.186800,0,0
183600000000,183900000000,6274140245,140,1093153,0.140900,0.061160,0.061400,0.000077,0.055850,0.061280,0.000149,0.000000,0.191900,0.010500,1.389000,0.000761,0.000000,0.000000,0.186300,0,0
183900000000,184200000000,6274140245,140,1093153,0.062500,0.060670,0.061340,0.000119,0.055910,0.060970,0.000103,0.000000,0.066770,0.020630,1.379000,0.000707,0.000000,0.000000,0.062740,0,0
184200000000,184370000000,6274140245,140,1093153,0.055240,0.060000,0.061340,0.000124,0.055910,0.060060,0.000017,0.000000,0.066890,0.001286,1.366000,0.000629,0.000000,0.000000,0.062320,0,0
184370000000,184441000000,6274140245,140,1093153,0.000785,0.059690,0.061340,0.001707,0.055910,0.059880,0.001362,0.000000,0.049380,0.036010,1.417000,0.000546,0.000000,0.000000,0.000314,0,0
184441000000,184459000000,6274140245,140,1093153,0.000085,0.000000,0.000000,0.000000,0.000000,0.000000,0.000044,0.000000,0.001526,0.000571,2.655000,0.010270,0.000000,0.000000,0.000000,0,0
184459000000,184460000000,6274140245,140,1093153,0.000000,0.000000,0.000000,0.000000,0.000000,0.000000,0.000000,0.000000,0.000000,0.000000,2.655000,0.010270,0.000000,0.000000,0.000000,0,0
