179226000000,179400000000,6274140245,141,431038816,0.000000,0.000000,0.000000,0.000000,0.000000,0.000000,0.000000,0.000000,0.000000,0.000000,0.000000,0.000000,0.000000,0.000000,0.000000,0,0
179400000000,179404000000,6274140245,141,431038816,0.000000,0.000000,0.000000,0.000000,0.000000,0.000000,0.000000,0.000000,0.000000,0.000000,0.000000,0.000000,0.000000,0.000000,0.000000,0,0
179404000000,179631000000,6274140245,141,431038816,0.056820,0.042480,0.043330,0.000628,0.040650,0.061950,0.037480,0.000000,0.189000,0.176500,1.253000,0.000623,0.000000,0.000000,0.011490,0,0
179631000000,179700000000,6274140245,141,431038816,0.186300,0.061040,0.061950,0.001440,0.057190,0.061770,0.000382,0.000000,0.188700,0.016360,1.341000,0.000743,0.000000,0.000000,0.187500,0,0
179700000000,179819000000,6274140245,141,431038816,0.187300,0.060550,0.061950,0.001297,0.057070,0.060550,0.000057,0.000000,0.356400,0.004074,1.381000,0.000771,0.000000,0.000000,0.188000,0,0
179819000000,180000000000,6274140245,141,431038816,0.186500,0.060490,0.061890,0.000373,0.056150,0.060550,0.000016,0.000000,0.375500,0.001429,1.407000,0.000788,0.000000,0.000000,0.187500,0,0
180000000000,180300000000,6274140245,141,431038816,0.186800,0.060490,0.061890,0.000380,0.056150,0.060610,0.000019,0.000000,0.192400,0.002285,1.346000,0.000715,0.000000,0.000000,0.187700,0,0
180300000000,180600000000,6274140245,141,431038816,0.187000,0.060550,0.061890,0.000380,0.056150,0.060610,0.000004,0.000000,0.375500,0.000215,1.362000,0.000715,0.000000,0.000000,0.187500,0,0
180600000000,180900000000,6274140245,141,431038816,0.186500,0.060550,0.061950,0.000382,0.056150,0.060610,0.000004,0.000000,0.375500,0.000143,1.361000,0.000726,0.000000,0.000000,0.189000,0,0
180900000000,181200000000,6274140245,141,431038816,0.185100,0.060550,0.061950,0.000388,0.056150,0.060610,0.000017,0.000000,0.206500,0.003784,1.271000,0.000640,0.000000,0.000000,0.187700,0,0
181200000000,181500000000,6274140245,141,431038816,0.184600,0.060550,0.061950,0.000408,0.056150,0.060550,0.000004,0.000000,0.376000,0.000215,1.296000,0.000683,0.000000,0.000000,0.183100,0,0
181500000000,181800000000,6274140245,141,431038816,0.186800,0.060550,0.061950,0.000408,0.056150,0.060610,0.000003,0.000000,0.192600,0.000072,1.375000,0.000699,0.000000,0.000000,0.186000,0,0
181800000000,182100000000,6274140245,141,431038816,0.186300,0.060490,0.061950,0.000408,0.056210,0.060610,0.000007,0.000000,0.375000,0.000571,1.297000,0.000662,0.000000,0.000000,0.187000,0,0
182100000000,182400000000,6274140245,141,431038816,0.187000,0.060550,0.061950,0.000402,0.056150,0.060610,0.000004,0.000000,0.374000,0.000072,1.296000,0.000678,0.000000,0.000000,0.187500,0,0
182400000000,182700000000,6274140245,141,431038816,0.186800,0.060490,0.061950,0.000391,0.056150,0.060550,0.000005,0.000000,0.375000,0.000357,1.291000,0.000683,0.000000,0.000000,0.187000,0,0
182700000000,183000000000,6274140245,141,431038816,0.187000,0.060550,0.061950,0.000392,0.056150,0.060610,0.000020,0.000000,0.375000,0.001429,1.325000,0.000660,0.000000,0.000000,0.187700,0,0
183000000000,183300000000,6274140245,141,431038816,0.187000,0.060550,0.061950,0.000386,0.056150,0.060610,0.000003,0.000000,0.382800,0.000215,1.341000,0.000713,0.000000,0.000000,0.187700,0,0
183300000000,183600000000,6274140245,141,431038816,0.187300,0.060550,0.061950,0.000385,0.056150,0.060610,0.000005,0.000000,0.376000,0.000357,1.360000,0.000745,0.000000,0.000000,0.186800,0,0
183600000000,183900000000,6274140245,141,431038816,0.151100,0.060490,0.061950,0.000394,0.056150,0.060610,0.000005,0.000000,0.375000,0.000643,1.357000,0.000699,0.000000,0.000000,0.062190,0,0
183900000000,183970000000,6274140245,141,431038816,0.052550,0.060180,0.061950,0.001886,0.056210,0.060180,0.000958,0.000000,0.066040,0.027860,1.463000,0.000800,0.000000,0.000000,0.062500,0,0
183970000000,183987000000,6274140245,141,431038816,0.000151,0.000000,0.000000,0.000000,0.000000,0.000000,0.000021,0.000000,0.002563,0.000215,1.479000,0.000854,0.000000,0.000000,0.000000,0,0
183987000000,183988000000,6274140245,141,431038816,0.000000,0.000000,0.000000,0.000000,0.000000,0.000000,0.000000,0.000000,0.000000,0.000000,1.479000,0.000854,0.000000,0.000000,0.000000,0,0
