179240000000,179400000000,6274140245,142,294933865,0.000000,0.000000,0.000000,0.000000,0.000000,0.000000,0.000000,0.000000,0.000000,0.000000,0.000000,0.000000,0.000000,0.000000,0.000000,0,0
179400000000,179506000000,6274140245,142,294933865,0.000000,0.000000,0.000000,0.000000,0.000000,0.000000,0.000000,0.000000,0.000000,0.000000,0.000000,0.000000,0.000000,0.000000,0.000000,0,0
179506000000,179646000000,6274140245,142,294933865,0.004204,0.019710,0.020870,0.000156,0.018770,0.035580,0.037480,0.000000,0.031680,0.058650,1.345000,0.003047,0.000000,0.000000,0.006241,0,0
179646000000,179700000000,6274140245,142,294933865,0.017240,0.053040,0.053340,0.000002,0.050780,0.053340,0.032960,0.000000,0.194600,0.032960,10.060000,0.046620,0.000000,0.000000,0.194600,0,0
179700000000,179703000000,6274140245,142,294933865,0.011580,0.053340,0.053280,0.016200,0.050110,0.053340,0.011490,0.000000,0.194600,0.017270,10.060000,0.046620,0.000000,0.000000,0.194600,0,0
179703000000,179718000000,6274140245,142,294933865,0.001665,0.003365,0.000000,0.003242,0.003242,0.050480,0.000000,0.000000,0.024960,0.000000,9.931000,0.045960,0.000000,0.000000,0.000000,0,1
179718000000,179719000000,6274140245,142,294933865,0.000000,0.000000,0.000000,0.000000,0.000000,0.000000,0.000000,0.000000,0.000000,0.000000,4.850000,0.019400,0.000000,0.000000,0.000000,0,0
179739000000,179907000000,6274140245,142,294933865,0.007858,0.029210,0.030400,0.000150,0.028080,0.053340,0.037720,0.000000,0.263200,0.071660,1.388000,0.004263,0.000000,0.000000,0.005180,0,0
179907000000,179929000000,6274140245,142,294933865,0.019320,0.000000,0.000000,0.000000,0.002422,0.000000,0.000000,0.000000,0.141600,0.000000,0.744900,0.000969,0.000000,0.000000,0.000000,0,1
179929000000,179930000000,6274140245,142,294933865,0.000000,0.000000,0.000000,0.000000,0.000000,0.000000,0.000000,0.000000,0.000000,0.000000,0.744900,0.000969,0.000000,0.000000,0.000000,0,0
179943000000,180000000000,6274140245,142,2107738283,0.000000,0.000000,0.000000,0.000000,0.000000,0.000000,0.000000,0.000000,0.000000,0.000000,0.000000,0.000000,0.000000,0.000000,0.000000,0,0
180000000000,180300000000,6274140245,142,2107738283,0.000000,0.000000,0.000000,0.000000,0.000000,0.000000,0.000000,0.000000,0.000000,0.000000,0.000000,0.000000,0.000000,0.000000,0.000000,0,0
180300000000,180328000000,6274140245,142,2107738283,0.000000,0.000000,0.000000,0.000000,0.000000,0.000000,0.000000,0.000000,0.000000,0.000000,0.000000,0.000000,0.000000,0.000000,0.000000,0,0
180328000000,180415000000,6274140245,142,2107738283,0.003807,0.012280,0.013550,0.000316,0.011090,0.025150,0.031430,0.000000,0.037600,0.101600,3.365000,0.012510,0.000000,0.000000,0.002785,0,0
180415000000,180600000000,6274140245,142,2107738283,0.030090,0.047670,0.048580,0.000210,0.045170,0.061160,0.029570,0.000000,0.187700,0.120700,0.948300,0.001645,0.000000,0.000000,0.025330,0,0
180600000000,180900000000,6274140245,142,2107738283,0.156500,0.061650,0.062740,0.000307,0.056030,0.061890,0.007919,0.000000,0.226800,0.057740,1.356000,0.000695,0.000000,0.000000,0.009583,0,0
180900000000,181200000000,6274140245,142,2107738283,0.185500,0.061710,0.063110,0.000368,0.056150,0.061770,0.000007,0.000000,0.362800,0.000500,1.420000,0.000752,0.000000,0.000000,0.188700,0,0
181200000000,181269000000,6274140245,142,2107738283,0.184300,0.061710,0.063110,0.000368,0.056150,0.061770,0.000014,0.000000,0.191400,0.000500,1.447000,0.000744,0.000000,0.000000,0.186800,0,0
181269000000,181500000000,6274140245,142,2107738283,0.185800,0.061650,0.063110,0.000368,0.056150,0.061770,0.000005,0.000000,0.224600,0.000143,1.453000,0.000762,0.000000,0.000000,0.186300,0,0
181500000000,181800000000,6274140245,142,2107738283,0.186500,0.061710,0.063110,0.000368,0.056150,0.061770,0.000004,0.000000,0.204300,0.000072,1.403000,0.000771,0.000000,0.000000,0.186500,0,0
181800000000,182100000000,6274140245,142,2107738283,0.186800,0.061710,0.063110,0.000368,0.056150,0.061770,0.000004,0.000000,0.192100,0.000072,1.374000,0.000716,0.000000,0.000000,0.187700,0,0
182100000000,182400000000,6274140245,142,2107738283,0.186500,0.061770,0.063110,0.000368,0.056150,0.061830,0.000005,0.000000,0.373500,0.000286,1.399000,0.000715,0.000000,0.000000,0.186300,0,0
182400000000,182700000000,6274140245,142,2107738283,0.186500,0.061770,0.063110,0.000369,0.056150,0.061830,0.000005,0.000000,0.192900,0.000143,1.384000,0.000759,0.000000,0.000000,0.188500,0,0
182700000000,183000000000,6274140245,142,2107738283,0.186800,0.061770,0.063110,0.000369,0.056150,0.061830,0.000004,0.000000,0.374500,0.000143,1.358000,0.000680,0.000000,0.000000,0.180900,0,0
183000000000,183300000000,6274140245,142,2107738283,0.186500,0.061770,0.063110,0.000369,0.056150,0.061830,0.000004,0.000000,0.192900,0.000143,1.424000,0.000793,0.000000,0.000000,0.186500,0,0
183300000000,183600000000,6274140245,142,2107738283,0.186300,0.061710,0.063110,0.000387,0.056150,0.061770,0.000030,0.000000,0.191900,0.007500,1.412000,0.000773,0.000000,0.000000,0.187300,0,0
183600000000,183900000000,6274140245,142,2107738283,0.152800,0.061710,0.063110,0.000410,0.056150,0.061830,0.000006,0.000000,0.207300,0.000714,1.400000,0.000728,0.000000,0.000000,0.186800,0,0
183900000000,183960000000,6274140245,142,2107738283,0.022800,0.061280,0.063110,0.001347,0.056210,0.061460,0.001532,0.000000,0.064330,0.043700,1.211000,0.000517,0.000000,0.000000,0.000189,0,0
183960000000,183977000000,6274140245,142,2107738283,0.000826,0.000000,0.000000,0.000000,0.000000,0.000000,0.000012,0.000000,0.014040,0.000143,1.176000,0.000479,0.000000,0.000000,0.000000,0,0
183977000000,183978000000,6274140245,142,2107738283,0.000000,0.000000,0.000000,0.000000,0.000000,0.000000,0.000000,0.000000,0.000000,0.000000,1.176000,0.000479,0.000000,0.000000,0.000000,0,0
