179249000000,179400000000,6274140245,143,294847237,0.000000,0.000000,0.000000,0.000000,0.000000,0.000000,0.000000,0.000000,0.000000,0.000000,0.000000,0.000000,0.000000,0.000000,0.000000,0,0
179400000000,179492000000,6274140245,143,294847237,0.000000,0.000000,0.000000,0.000000,0.000000,0.000000,0.000000,0.000000,0.000000,0.000000,0.000000,0.000000,0.000000,0.000000,0.000000,0,0
179492000000,179640000000,6274140245,143,294847237,0.008163,0.032530,0.033940,0.000215,0.031860,0.054810,0.051390,0.000000,0.062620,0.073490,1.094000,0.002437,0.000000,0.000000,0.011340,0,0
179640000000,179700000000,6274140245,143,294847237,0.107800,0.059450,0.061040,0.000318,0.055970,0.060730,0.021210,0.000000,0.354500,0.100500,1.184000,0.000506,0.000000,0.000000,0.186000,0,0
179700000000,180000000000,6274140245,143,294847237,0.184600,0.061040,0.061580,0.000353,0.056090,0.061160,0.000226,0.000000,0.192400,0.016780,1.342000,0.000650,0.000000,0.000000,0.185800,0,0
180000000000,180217000000,6274140245,143,294847237,0.186500,0.060910,0.061580,0.000366,0.056150,0.061100,0.000016,0.000000,0.205600,0.001072,1.430000,0.000779,0.000000,0.000000,0.186000,0,0
180217000000,180300000000,6274140245,143,294847237,0.186800,0.061040,0.061580,0.000367,0.056150,0.061040,0.000087,0.000000,0.192400,0.007072,1.457000,0.000842,0.000000,0.000000,0.187500,0,0
180300000000,180600000000,6274140245,143,294847237,0.186300,0.060970,0.061580,0.000370,0.056150,0.061040,0.000006,0.000000,0.373000,0.000357,1.385000,0.000709,0.000000,0.000000,0.183800,0,0
180600000000,180900000000,6274140245,143,294847237,0.185800,0.060970,0.061580,0.000370,0.056150,0.061040,0.000008,0.000000,0.206300,0.000643,1.439000,0.000788,0.000000,0.000000,0.187300,0,0
180900000000,181200000000,6274140245,143,294847237,0.186500,0.061040,0.061580,0.000370,0.056150,0.061040,0.000005,0.000000,0.197800,0.000714,1.379000,0.000737,0.000000,0.000000,0.187300,0,0
181200000000,181500000000,6274140245,143,294847237,0.186500,0.061040,0.061580,0.000370,0.056150,0.061100,0.000009,0.000000,0.375500,0.001572,1.390000,0.000695,0.000000,0.000000,0.188200,0,0
181500000000,181800000000,6274140245,143,294847237,0.184600,0.060970,0.061580,0.000370,0.056150,0.061100,0.000005,0.000000,0.373000,0.000072,1.433000,0.000763,0.000000,0.000000,0.185300,0,0
181800000000,182100000000,6274140245,143,294847237,0.183100,0.060970,0.061580,0.000370,0.056150,0.061040,0.000003,0.000000,0.365200,0.000143,1.345000,0.000705,0.000000,0.000000,0.141400,0,0
182100000000,182400000000,6274140245,143,294847237,0.181900,0.060970,0.061580,0.000370,0.056150,0.061040,0.000006,0.000000,0.191900,0.000571,1.372000,0.000726,0.000000,0.000000,0.187500,0,0
182400000000,182700000000,6274140245,143,294847237,0.179900,0.060910,0.061580,0.000386,0.056150,0.061040,0.000026,0.000000,0.201900,0.006645,1.452000,0.000784,0.000000,0.000000,0.186000,0,0
182700000000,183000000000,6274140245,143,294847237,0.179900,0.060970,0.061580,0.000378,0.056150,0.061040,0.000007,0.000000,0.373000,0.000857,1.394000,0.000743,0.000000,0.000000,0.188000,0,0
183000000000,183300000000,6274140245,143,294847237,0.179400,0.060970,0.061580,0.000370,0.056150,0.061040,0.000005,0.000000,0.189700,0.000286,1.425000,0.000738,0.000000,0.000000,0.182100,0,0
183300000000,183600000000,6274140245,143,294847237,0.179900,0.060970,0.061580,0.000370,0.056150,0.061040,0.000004,0.000000,0.201200,0.000215,1.457000,0.000722,0.000000,0.000000,0.166300,0,0
183600000000,183900000000,6274140245,143,294847237,0.145300,0.060970,0.061580,0.000370,0.056150,0.061100,0.000005,0.000000,0.214400,0.000215,1.420000,0.000790,0.000000,0.000000,0.124800,0,0
183900000000,184200000000,6274140245,143,294847237,0.089970,0.060490,0.061580,0.000379,0.056150,0.060670,0.000056,0.000000,0.248500,0.010070,1.459000,0.000748,0.000000,0.000000,0.125200,0,0
184200000000,184409000000,6274140245,143,294847237,0.123000,0.060420,0.061580,0.000370,0.056150,0.060490,0.000008,0.000000,0.140400,0.000643,1.441000,0.000751,0.000000,0.000000,0.125200,0,0
184409000000,184500000000,6274140245,143,294847237,0.112100,0.060420,0.061580,0.000367,0.056150,0.060490,0.000014,0.000000,0.136700,0.000571,1.343000,0.000654,0.000000,0.000000,0.114100,0,0
184500000000,184591000000,6274140245,143,294847237,0.054140,0.060060,0.061580,0.001596,0.056150,0.060240,0.000930,0.000000,0.067140,0.025510,1.390000,0.000687,0.000000,0.000000,0.062500,0,0
184591000000,184607000000,6274140245,143,294847237,0.000172,0.000000,0.000000,0.000000,0.000000,0.000000,0.000000,0.000000,0.002747,0.000000,1.600000,0.001113,0.000000,0.000000,0.000000,0,0
184607000000,184608000000,6274140245,143,294847237,0.000000,0.000000,0.000000,0.000000,0.000000,0.000000,0.000000,0.000000,0.000000,0.000000,1.600000,0.001113,0.000000,0.000000,0.000000,0,0
