179236000000,179400000000,6274140245,144,3671608850,0.000000,0.000000,0.000000,0.000000,0.000000,0.000000,0.000000,0.000000,0.000000,0.000000,0.000000,0.000000,0.000000,0.000000,0.000000,0,0
179400000000,179441000000,6274140245,144,3671608850,0.000000,0.000000,0.000000,0.000000,0.000000,0.000000,0.000000,0.000000,0.000000,0.000000,0.000000,0.000000,0.000000,0.000000,0.000000,0,0
179441000000,179609000000,6274140245,144,3671608850,0.005707,0.032100,0.033630,0.000151,0.031430,0.054870,0.040340,0.000000,0.062740,0.077510,4.257000,0.018670,0.000000,0.000000,0.002415,0,0
179609000000,179700000000,6274140245,144,3671608850,0.057190,0.059690,0.060000,0.000297,0.055970,0.060060,0.028140,0.000000,0.191700,0.074950,11.030000,0.048780,0.000000,0.000000,0.187500,0,0
179700000000,180000000000,6274140245,144,3671608850,0.004852,0.060000,0.060000,0.000041,0.055660,0.060060,0.043820,0.000000,0.014050,0.064330,10.740000,0.047810,0.000000,0.000000,0.007889,0,0
180000000000,180300000000,6274140245,144,3671608850,0.005875,0.060000,0.060000,0.000041,0.055660,0.060000,0.046510,0.000000,0.065670,0.065800,11.770000,0.051710,0.000000,0.000000,0.003899,0,0
180300000000,180600000000,6274140245,144,3671608850,0.005760,0.060000,0.060000,0.000042,0.055660,0.060000,0.048100,0.000000,0.049800,0.064330,10.530000,0.046160,0.000000,0.000000,0.007950,0,0
180600000000,180900000000,6274140245,144,3671608850,0.006615,0.060000,0.060000,0.000046,0.055660,0.060000,0.049320,0.000000,0.136000,0.066770,14.210000,0.061740,0.000000,0.000000,0.002754,0,0
180900000000,180901000000,6274140245,144,3671608850,0.005722,0.060000,0.060000,0.000040,0.055660,0.060000,0.039310,0.000000,0.005722,0.042850,22.230000,0.095840,0.000000,0.000000,0.000565,0,0
180901000000,181200000000,6274140245,144,3671608850,0.005081,0.060000,0.060000,0.000057,0.055730,0.060000,0.042480,0.000000,0.016660,0.065800,4.143000,0.013920,0.000000,0.000000,0.007492,0,0
181200000000,181500000000,6274140245,144,3671608850,0.005325,0.060000,0.060000,0.000056,0.055730,0.060000,0.042910,0.000000,0.014950,0.068600,19.810000,0.090010,0.000000,0.000000,0.010510,0,0
181500000000,181800000000,6274140245,144,3671608850,0.006012,0.060000,0.060000,0.000055,0.055730,0.060000,0.045720,0.000000,0.015990,0.064820,2.708000,0.007165,0.000000,0.000000,0.006523,0,0
181800000000,182100000000,6274140245,144,3671608850,0.006493,0.060000,0.060000,0.000056,0.055730,0.060000,0.050600,0.000000,0.016720,0.064820,2.338000,0.005497,0.000000,0.000000,0.008698,0,0
182100000000,182400000000,6274140245,144,3671608850,0.006340,0.060000,0.060000,0.000056,0.055730,0.060000,0.048770,0.000000,0.060300,0.064820,16.800000,0.073830,0.000000,0.000000,0.000113,0,0
182400000000,182700000000,6274140245,144,3671608850,0.006187,0.060000,0.060000,0.000055,0.055660,0.060000,0.048460,0.000000,0.017430,0.065920,5.702000,0.021520,0.000000,0.000000,0.006256,0,0
182700000000,183000000000,6274140245,144,3671608850,0.006386,0.060000,0.060000,0.000054,0.055660,0.060000,0.050480,0.000000,0.022160,0.064820,13.040000,0.058160,0.000000,0.000000,0.003609,0,0
183000000000,183300000000,6274140245,144,3671608850,0.006767,0.060000,0.060000,0.000055,0.055660,0.060000,0.052490,0.000000,0.018040,0.074340,9.264000,0.038910,0.000000,0.000000,0.001936,0,0
183300000000,183600000000,6274140245,144,3671608850,0.007133,0.060000,0.060000,0.000056,0.055660,0.060000,0.053160,0.000000,0.021510,0.077150,4.610000,0.017840,0.000000,0.000000,0.006828,0,0
183600000000,183900000000,6274140245,144,3671608850,0.007477,0.060000,0.060000,0.000055,0.055660,0.060000,0.054690,0.000000,0.019870,0.069090,17.360000,0.075290,0.000000,0.000000,0.005974,0,0
183900000000,184200000000,6274140245,144,3671608850,0.008224,0.060000,0.060000,0.000054,0.055660,0.060000,0.056760,0.000000,0.025670,0.072390,16.800000,0.073140,0.000000,0.000000,0.011180,0,0
184200000000,184500000000,6274140245,144,3671608850,0.008347,0.060000,0.060000,0.000055,0.055660,0.060000,0.056090,0.000000,0.029690,0.073240,18.500000,0.080200,0.000000,0.000000,0.009872,0,0
184500000000,184800000000,6274140245,144,3671608850,0.007065,0.060000,0.060000,0.000056,0.055660,0.060000,0.052490,0.000000,0.020970,0.072020,13.720000,0.059350,0.000000,0.000000,0.003326,0,0
184800000000,185100000000,6274140245,144,3671608850,0.119300,0.060490,0.062070,0.000359,0.056090,0.060850,0.000842,0.000000,0.188200,0.059450,1.209000,0.000584,0.000000,0.000000,0.125200,0,0
185100000000,185163000000,6274140245,144,3671608850,0.010970,0.059880,0.061710,0.000371,0.056150,0.060240,0.000018,0.000000,0.063350,0.000999,1.329000,0.000611,0.000000,0.000000,0.000244,0,0
185163000000,185400000000,6274140245,144,3671608850,0.000292,0.059140,0.060180,0.000371,0.056150,0.059390,0.000015,0.000000,0.003853,0.000571,3.039000,0.012620,0.000000,0.000000,0.000184,0,0
185400000000,185700000000,6274140245,144,3671608850,0.053590,0.059450,0.060180,0.000346,0.056090,0.060180,0.000073,0.000000,0.126700,0.005501,1.328000,0.000690,0.000000,0.000000,0.062620,0,0
185700000000,186000000000,6274140245,144,3671608850,0.090940,0.060060,0.060180,0.000112,0.055850,0.060240,0.002998,0.000000,0.138400,0.066040,1.357000,0.000719,0.000000,0.000000,0.062500,0,0
186000000000,186300000000,6274140245,144,3671608850,0.075930,0.059880,0.060180,0.000131,0.055850,0.060180,0.001410,0.000000,0.129900,0.057310,1.372000,0.000747,0.000000,0.000000,0.062130,0,0
186300000000,186600000000,6274140245,144,3671608850,0.073490,0.059810,0.060180,0.000146,0.055910,0.060180,0.001072,0.000000,0.127200,0.060490,1.325000,0.000684,0.000000,0.000000,0.062500,0,0
186600000000,186900000000,6274140245,144,3671608850,0.033330,0.059450,0.060180,0.000226,0.055970,0.059690,0.000112,0.000000,0.067140,0.026000,1.317000,0.000570,0.000000,0.000000,0.000197,0,0
186900000000,187200000000,6274140245,144,3671608850,0.055600,0.059630,0.060180,0.000264,0.056030,0.059690,0.000032,0.000000,0.068730,0.008286,1.326000,0.000708,0.000000,0.000000,0.062440,0,0
187200000000,187500000000,6274140245,144,3671608850,0.058110,0.059630,0.060550,0.000232,0.055970,0.061040,0.002392,0.000000,0.187700,0.064940,1.347000,0.000740,0.000000,0.000000,0.000188,0,0
187500000000,187800000000,6274140245,144,3671608850,0.140100,0.060790,0.062130,0.000348,0.056090,0.061160,0.000169,0.000000,0.189900,0.017210,1.207000,0.000563,0.000000,0.000000,0.062740,0,0
187800000000,188100000000,6274140245,144,3671608850,0.011310,0.059330,0.060490,0.000095,0.055850,0.060000,0.000146,0.000000,0.069090,0.033810,1.301000,0.000709,0.000000,0.000000,0.000210,0,0
188100000000,188400000000,6274140245,144,3671608850,0.062620,0.059630,0.060180,0.000124,0.055910,0.059630,0.000020,0.000000,0.072880,0.002785,1.201000,0.000537,0.000000,0.000000,0.062740,0,0
188400000000,188700000000,6274140245,144,3671608850,0.016050,0.059270,0.060180,0.000130,0.055910,0.059630,0.000017,0.000000,0.071040,0.003216,1.243000,0.000680,0.000000,0.000000,0.000175,0,0
188700000000,189000000000,6274140245,144,3671608850,0.066770,0.060060,0.060180,0.000061,0.055790,0.060240,0.022340,0.000000,0.134800,0.069820,1.298000,0.000681,0.000000,0.000000,0.004379,0,0
189000000000,189300000000,6274140245,144,3671608850,0.005257,0.060180,0.060180,0.000047,0.055660,0.060240,0.055660,0.000000,0.012420,0.073730,15.800000,0.071680,0.000000,0.000000,0.002087,0,0
189300000000,189600000000,6274140245,144,3671608850,0.005074,0.060180,0.060180,0.000048,0.055660,0.060240,0.056640,0.000000,0.011280,0.072140,17.030000,0.077790,0.000000,0.000000,0.002880,0,0
189600000000,189900000000,6274140245,144,3671608850,0.004921,0.060180,0.060180,0.000047,0.055660,0.060240,0.056270,0.000000,0.012240,0.068480,26.000000,0.120300,0.000000,0.000000,0.002007,0,0
189900000000,190021000000,6274140245,144,3671608850,0.005165,0.060180,0.060180,0.000046,0.055660,0.060180,0.056520,0.000000,0.013490,0.072020,28.440000,0.131400,0.000000,0.000000,0.003632,0,0
190021000000,190200000000,6274140245,144,3671608850,0.005997,0.060180,0.060180,0.000052,0.055730,0.060180,0.057740,0.000000,0.015260,0.073000,24.700000,0.115500,0.000000,0.000000,0.006935,0,0
190200000000,190500000000,6274140245,144,3671608850,0.005486,0.060180,0.060180,0.000053,0.055730,0.060180,0.053410,0.000000,0.015780,0.068360,3.871000,0.013060,0.000000,0.000000,0.008194,0,0
190500000000,190800000000,6274140245,144,3671608850,0.006310,0.060180,0.060180,0.000051,0.055730,0.060180,0.053960,0.000000,0.065550,0.069090,1.539000,0.001911,0.000000,0.000000,0.007599,0,0
190800000000,191100000000,6274140245,144,3671608850,0.005867,0.060180,0.060180,0.000043,0.055660,0.060180,0.052800,0.000000,0.016300,0.064820,11.820000,0.052770,0.000000,0.000000,0.006287,0,0
191100000000,191400000000,6274140245,144,3671608850,0.005844,0.060180,0.060180,0.000043,0.055660,0.060180,0.053770,0.000000,0.016570,0.065190,27.670000,0.125900,0.000000,0.000000,0.009766,0,0
191400000000,191700000000,6274140245,144,3671608850,0.005325,0.060180,0.060180,0.000051,0.055660,0.060180,0.052670,0.000000,0.015150,0.065670,24.270000,0.112100,0.000000,0.000000,0.007629,0,0
191700000000,192000000000,6274140245,144,3671608850,0.004074,0.060180,0.060180,0.000046,0.055660,0.060180,0.037050,0.000000,0.057680,0.067750,3.452000,0.013920,0.000000,0.000000,0.001078,0,0
192000000000,192300000000,6274140245,144,3671608850,0.126000,0.060490,0.061950,0.000329,0.056090,0.061040,0.001041,0.000000,0.197800,0.036320,1.298000,0.000596,0.000000,0.000000,0.125200,0,0
192300000000,192326000000,6274140245,144,3671608850,0.125000,0.060300,0.061950,0.000360,0.056090,0.060300,0.000006,0.000000,0.136700,0.000072,1.318000,0.000666,0.000000,0.000000,0.125000,0,0
192326000000,192600000000,6274140245,144,3671608850,0.089480,0.060060,0.061950,0.000360,0.056150,0.060300,0.000029,0.000000,0.141100,0.004425,1.311000,0.000657,0.000000,0.000000,0.062440,0,0
192600000000,192900000000,6274140245,144,3671608850,0.116100,0.060240,0.061770,0.000236,0.055970,0.061220,0.000665,0.000000,0.192100,0.033630,1.294000,0.000692,0.000000,0.000000,0.187500,0,0
192900000000,193133000000,6274140245,144,3671608850,0.126700,0.060790,0.062130,0.000828,0.056090,0.060910,0.000414,0.000000,0.206800,0.029790,1.302000,0.000708,0.000000,0.000000,0.186800,0,0
193133000000,193154000000,6274140245,144,3671608850,0.000086,0.000000,0.000000,0.000000,0.000000,0.000000,0.000013,0.000000,0.001801,0.000286,1.275000,0.000728,0.000000,0.000000,0.000000,0,0
193154000000,193158000000,6274140245,144,3671608850,0.000000,0.000000,0.000000,0.000000,0.000000,0.000000,0.000000,0.000000,0.000000,0.000000,1.275000,0.000728,0.000000,0.000000,0.000000,0,0
