179236000000,179400000000,6274140245,145,336021543,0.000000,0.000000,0.000000,0.000000,0.000000,0.000000,0.000000,0.000000,0.000000,0.000000,0.000000,0.000000,0.000000,0.000000,0.000000,0,0
179400000000,179521000000,6274140245,145,336021543,0.000000,0.000000,0.000000,0.000000,0.000000,0.000000,0.000000,0.000000,0.000000,0.000000,0.000000,0.000000,0.000000,0.000000,0.000000,0,0
179521000000,179692000000,6274140245,145,336021543,0.006020,0.032530,0.033940,0.000119,0.030850,0.058720,0.042420,0.000000,0.062620,0.093750,0.781700,0.000237,0.000000,0.000000,0.005005,0,0
179692000000,179700000000,6274140245,145,336021543,0.020170,0.060000,0.062190,0.000370,0.055970,0.061160,0.018220,0.000000,0.038390,0.052120,0.766400,0.000150,0.000000,0.000000,0.015430,0,0
179700000000,180000000000,6274140245,145,336021543,0.177000,0.062870,0.063840,0.000394,0.056090,0.063110,0.002007,0.000000,0.374000,0.079590,1.314000,0.000693,0.000000,0.000000,0.187500,0,0
180000000000,180300000000,6274140245,145,336021543,0.187300,0.062870,0.064090,0.000385,0.056150,0.062990,0.000004,0.000000,0.375500,0.000286,1.317000,0.000684,0.000000,0.000000,0.187500,0,0
180300000000,180321000000,6274140245,145,336021543,0.186500,0.062990,0.064090,0.000385,0.056150,0.062990,0.000020,0.000000,0.198000,0.000357,1.252000,0.000609,0.000000,0.000000,0.187300,0,0
180321000000,180600000000,6274140245,145,336021543,0.187000,0.062990,0.064090,0.000385,0.056150,0.063110,0.000004,0.000000,0.206100,0.000143,1.306000,0.000682,0.000000,0.000000,0.187500,0,0
180600000000,180900000000,6274140245,145,336021543,0.187000,0.062990,0.064090,0.000385,0.056150,0.063110,0.000008,0.000000,0.191700,0.001286,1.315000,0.000650,0.000000,0.000000,0.187000,0,0
180900000000,181200000000,6274140245,145,336021543,0.187300,0.062990,0.064090,0.000386,0.056150,0.063110,0.000003,0.000000,0.374500,0.000072,1.324000,0.000679,0.000000,0.000000,0.186300,0,0
181200000000,181500000000,6274140245,145,336021543,0.187300,0.062990,0.064090,0.000386,0.056150,0.063110,0.000010,0.000000,0.375500,0.001785,1.318000,0.000687,0.000000,0.000000,0.187500,0,0
181500000000,181800000000,6274140245,145,336021543,0.187000,0.062990,0.064090,0.000386,0.056150,0.063110,0.000005,0.000000,0.191700,0.000786,1.337000,0.000736,0.000000,0.000000,0.188200,0,0
181800000000,182100000000,6274140245,145,336021543,0.187300,0.062990,0.064090,0.000387,0.056150,0.062990,0.000004,0.000000,0.191900,0.000072,1.254000,0.000623,0.000000,0.000000,0.187500,0,0
182100000000,182400000000,6274140245,145,336021543,0.187000,0.062990,0.064090,0.000387,0.056150,0.063110,0.000004,0.000000,0.206800,0.000072,1.341000,0.000677,0.000000,0.000000,0.187500,0,0
182400000000,182700000000,6274140245,145,336021543,0.187000,0.062990,0.064090,0.000387,0.056150,0.063110,0.000004,0.000000,0.206300,0.000215,1.340000,0.000720,0.000000,0.000000,0.187300,0,0
182700000000,183000000000,6274140245,145,336021543,0.187300,0.062990,0.064090,0.000388,0.056150,0.063110,0.000004,0.000000,0.192600,0.000072,1.345000,0.000677,0.000000,0.000000,0.187300,0,0
183000000000,183300000000,6274140245,145,336021543,0.187300,0.062990,0.064090,0.000420,0.056210,0.063110,0.000021,0.000000,0.206300,0.004784,1.288000,0.000649,0.000000,0.000000,0.187700,0,0
183300000000,183600000000,6274140245,145,336021543,0.187000,0.062990,0.064090,0.000425,0.056210,0.062990,0.000003,0.000000,0.191900,0.000072,1.278000,0.000624,0.000000,0.000000,0.179900,0,0
183600000000,183900000000,6274140245,145,336021543,0.120200,0.062870,0.064090,0.000425,0.056210,0.062990,0.000005,0.000000,0.191900,0.000571,1.321000,0.000679,0.000000,0.000000,0.187300,0,0
183900000000,183930000000,6274140245,145,336021543,0.001188,0.061580,0.063110,0.002289,0.056210,0.061890,0.002239,0.000000,0.062260,0.031430,2.638000,0.010090,0.000000,0.000000,0.000079,0,0
183930000000,183952000000,6274140245,145,336021543,0.000627,0.000000,0.000000,0.000000,0.000000,0.000000,0.000013,0.000000,0.013790,0.000215,3.192000,0.008784,0.000000,0.000000,0.000000,0,0
183952000000,183953000000,6274140245,145,336021543,0.000000,0.000000,0.000000,0.000000,0.000000,0.000000,0.000000,0.000000,0.000000,0.000000,3.250000,0.008648,0.000000,0.000000,0.000000,0,0
