179237000000,179400000000,6274140245,146,32064643,0.000000,0.000000,0.000000,0.000000,0.000000,0.000000,0.000000,0.000000,0.000000,0.000000,0.000000,0.000000,0.000000,0.000000,0.000000,0,0
179400000000,179473000000,6274140245,146,32064643,0.000000,0.000000,0.000000,0.000000,0.000000,0.000000,0.000000,0.000000,0.000000,0.000000,0.000000,0.000000,0.000000,0.000000,0.000000,0,0
179473000000,179572000000,6274140245,146,32064643,0.011310,0.033020,0.034000,0.000702,0.031740,0.054260,0.049990,0.000000,0.062620,0.178500,0.813400,0.000255,0.000000,0.000000,0.010680,0,0
179572000000,179593000000,6274140245,146,32064643,0.000796,0.000000,0.000000,0.000000,0.000000,0.000000,0.000000,0.000000,0.016720,0.000000,0.791500,0.000152,0.000000,0.000000,0.000000,0,1
179593000000,179594000000,6274140245,146,32064643,0.000000,0.000000,0.000000,0.000000,0.000000,0.000000,0.000000,0.000000,0.000000,0.000000,0.791500,0.000152,0.000000,0.000000,0.000000,0,0
179612000000,179700000000,6274140245,146,16919389,0.000000,0.000000,0.000000,0.000000,0.000000,0.000000,0.000000,0.000000,0.000000,0.000000,0.000000,0.000000,0.000000,0.000000,0.000000,0,0
179700000000,180000000000,6274140245,146,16919389,0.000000,0.000000,0.000000,0.000000,0.000000,0.000000,0.000000,0.000000,0.000000,0.000000,0.000000,0.000000,0.000000,0.000000,0.000000,0,0
180000000000,180095000000,6274140245,146,16919389,0.002590,0.012800,0.014210,0.000352,0.012210,0.028750,0.033940,0.000000,0.017360,0.110200,3.320000,0.012380,0.000000,0.000000,0.003357,0,0
180095000000,180300000000,6274140245,146,16919389,0.006004,0.049680,0.050350,0.000072,0.047610,0.059630,0.034910,0.000000,0.063110,0.175500,0.827900,0.000219,0.000000,0.000000,0.001411,0,0
180300000000,180600000000,6274140245,146,16919389,0.002468,0.059570,0.059570,0.000053,0.055660,0.059570,0.044190,0.000000,0.014480,0.064940,23.220000,0.104100,0.000000,0.000000,0.000867,0,0
180600000000,180900000000,6274140245,146,16919389,0.016690,0.059810,0.059880,0.000065,0.055730,0.060180,0.036680,0.000000,0.374500,0.079830,12.040000,0.050580,0.000000,0.000000,0.000977,0,0
180900000000,181200000000,6274140245,146,16919389,0.167700,0.060910,0.061950,0.000318,0.056030,0.061100,0.002907,0.000000,0.361300,0.050600,1.372000,0.000727,0.000000,0.000000,0.176000,0,0
181200000000,181500000000,6274140245,146,16919389,0.183300,0.061040,0.062070,0.000382,0.056150,0.061100,0.000074,0.000000,0.340300,0.011780,1.372000,0.000680,0.000000,0.000000,0.186300,0,0
181500000000,181800000000,6274140245,146,16919389,0.184800,0.061100,0.062070,0.000382,0.056150,0.061160,0.000004,0.000000,0.376000,0.000072,1.410000,0.000743,0.000000,0.000000,0.186500,0,0
181800000000,181990000000,6274140245,146,16919389,0.186300,0.060970,0.062070,0.000382,0.056150,0.061100,0.000019,0.000000,0.198500,0.002930,1.392000,0.000750,0.000000,0.000000,0.189000,0,0
181990000000,182100000000,6274140245,146,16919389,0.187000,0.061040,0.062070,0.000382,0.056150,0.061100,0.000003,0.000000,0.205600,0.000072,1.347000,0.000674,0.000000,0.000000,0.187300,0,0
182100000000,182400000000,6274140245,146,16919389,0.186800,0.061100,0.062070,0.000382,0.056150,0.061160,0.000005,0.000000,0.205600,0.000500,1.321000,0.000627,0.000000,0.000000,0.187700,0,0
182400000000,182700000000,6274140245,146,16919389,0.186800,0.061160,0.062070,0.000382,0.056150,0.061160,0.000004,0.000000,0.191900,0.000143,1.340000,0.000699,0.000000,0.000000,0.187700,0,0
182700000000,183000000000,6274140245,146,16919389,0.186500,0.061100,0.062070,0.000382,0.056150,0.061160,0.000010,0.000000,0.281200,0.001785,1.358000,0.000710,0.000000,0.000000,0.187300,0,0
183000000000,183300000000,6274140245,146,16919389,0.186800,0.061100,0.062070,0.000382,0.056150,0.061160,0.000004,0.000000,0.205600,0.000143,1.345000,0.000712,0.000000,0.000000,0.186800,0,0
183300000000,183600000000,6274140245,146,16919389,0.186800,0.061040,0.062070,0.000382,0.056150,0.061160,0.000016,0.000000,0.206300,0.002930,1.413000,0.000781,0.000000,0.000000,0.188200,0,0
183600000000,183900000000,6274140245,146,16919389,0.176500,0.061040,0.062070,0.000382,0.056150,0.061160,0.000006,0.000000,0.206300,0.000929,1.312000,0.000696,0.000000,0.000000,0.188200,0,0
183900000000,183930000000,6274140245,146,16919389,0.000627,0.060670,0.062070,0.001116,0.056150,0.060910,0.002674,0.000000,0.042480,0.031980,1.242000,0.000593,0.000000,0.000000,0.000247,0,0
183930000000,183953000000,6274140245,146,16919389,0.001446,0.000000,0.000000,0.000000,0.000000,0.000000,0.000133,0.000000,0.033260,0.002285,1.242000,0.000593,0.000000,0.000000,0.000000,0,0
183953000000,183954000000,6274140245,146,16919389,0.000000,0.000000,0.000000,0.000000,0.000000,0.000000,0.000000,0.000000,0.000000,0.000000,1.242000,0.000593,0.000000,0.000000,0.000000,0,0
