179232000000,179400000000,6274140245,147,6194697916,0.000000,0.000000,0.000000,0.000000,0.000000,0.000000,0.000000,0.000000,0.000000,0.000000,0.000000,0.000000,0.000000,0.000000,0.000000,0,0
179400000000,179418000000,6274140245,147,6194697916,0.000000,0.000000,0.000000,0.000000,0.000000,0.000000,0.000000,0.000000,0.000000,0.000000,0.000000,0.000000,0.000000,0.000000,0.000000,0,0
179418000000,179576000000,6274140245,147,6194697916,0.009293,0.033260,0.034970,0.000231,0.032040,0.061460,0.053100,0.000000,0.062620,0.168200,0.805900,0.000282,0.000000,0.000000,0.041810,0,0
179576000000,179700000000,6274140245,147,6194697916,0.174300,0.061280,0.061460,0.000561,0.056270,0.061520,0.002144,0.000000,0.221900,0.036010,1.196000,0.000479,0.000000,0.000000,0.187000,0,0
179700000000,179970000000,6274140245,147,6194697916,0.186500,0.061220,0.061460,0.000247,0.055970,0.061340,0.000349,0.000000,0.230500,0.036190,1.285000,0.000648,0.000000,0.000000,0.187700,0,0
179970000000,180000000000,6274140245,147,6194697916,0.187700,0.061280,0.061460,0.000184,0.055970,0.061280,0.000003,0.000000,0.210400,0.000072,1.377000,0.000776,0.000000,0.000000,0.188700,0,0
180000000000,180300000000,6274140245,147,6194697916,0.186500,0.061220,0.061460,0.000175,0.055970,0.061280,0.000111,0.000000,0.374000,0.006287,1.396000,0.000748,0.000000,0.000000,0.187500,0,0
180300000000,180600000000,6274140245,147,6194697916,0.186800,0.061220,0.061460,0.000124,0.055910,0.061280,0.000005,0.000000,0.219700,0.000571,1.427000,0.000718,0.000000,0.000000,0.187300,0,0
180600000000,180900000000,6274140245,147,6194697916,0.186800,0.061220,0.061460,0.000111,0.055910,0.061340,0.000004,0.000000,0.205800,0.000215,1.402000,0.000755,0.000000,0.000000,0.188700,0,0
180900000000,181200000000,6274140245,147,6194697916,0.186000,0.061280,0.061520,0.000093,0.055850,0.061340,0.000003,0.000000,0.206100,0.000072,1.348000,0.000679,0.000000,0.000000,0.187000,0,0
181200000000,181500000000,6274140245,147,6194697916,0.185800,0.061280,0.061520,0.000092,0.055850,0.061340,0.000004,0.000000,0.374000,0.000286,1.346000,0.000705,0.000000,0.000000,0.187300,0,0
181500000000,181800000000,6274140245,147,6194697916,0.186300,0.061220,0.061520,0.000092,0.055850,0.061280,0.000010,0.000000,0.205800,0.001999,1.310000,0.000691,0.000000,0.000000,0.187500,0,0
181800000000,182100000000,6274140245,147,6194697916,0.186800,0.061160,0.061520,0.000093,0.055850,0.061280,0.000005,0.000000,0.206100,0.000215,1.362000,0.000735,0.000000,0.000000,0.187500,0,0
182100000000,182400000000,6274140245,147,6194697916,0.186800,0.061220,0.061520,0.000120,0.055910,0.061280,0.000038,0.000000,0.206300,0.007141,1.352000,0.000691,0.000000,0.000000,0.187000,0,0
182400000000,182700000000,6274140245,147,6194697916,0.187000,0.061220,0.061520,0.000133,0.055910,0.061280,0.000004,0.000000,0.206100,0.000072,1.318000,0.000687,0.000000,0.000000,0.187300,0,0
182700000000,183000000000,6274140245,147,6194697916,0.186500,0.061220,0.061520,0.000134,0.055910,0.061280,0.000006,0.000000,0.206100,0.000357,1.348000,0.000719,0.000000,0.000000,0.188700,0,0
183000000000,183300000000,6274140245,147,6194697916,0.186500,0.061220,0.061520,0.000135,0.055910,0.061280,0.000011,0.000000,0.206100,0.001928,1.350000,0.000711,0.000000,0.000000,0.187300,0,0
183300000000,183600000000,6274140245,147,6194697916,0.186800,0.061220,0.061520,0.000133,0.055910,0.061280,0.000004,0.000000,0.206300,0.000072,1.391000,0.000752,0.000000,0.000000,0.187700,0,0
183600000000,183900000000,6274140245,147,6194697916,0.187300,0.061220,0.061520,0.000123,0.055910,0.061280,0.000004,0.000000,0.206100,0.000215,1.380000,0.000715,0.000000,0.000000,0.188700,0,0
183900000000,184005000000,6274140245,147,6194697916,0.111300,0.061160,0.061520,0.001211,0.055910,0.061340,0.002426,0.000000,0.205800,0.045840,1.370000,0.000719,0.000000,0.000000,0.000133,0,0
184005000000,184029000000,6274140245,147,6194697916,0.000134,0.000000,0.000000,0.000000,0.000000,0.000000,0.000268,0.000000,0.003235,0.006432,1.180000,0.000457,0.000000,0.000000,0.000000,0,0
184029000000,184030000000,6274140245,147,6194697916,0.000000,0.000000,0.000000,0.000000,0.000000,0.000000,0.000000,0.000000,0.000000,0.000000,1.180000,0.000457,0.000000,0.000000,0.000000,0,0
