179233000000,179400000000,6274140245,148,401934687,0.000000,0.000000,0.000000,0.000000,0.000000,0.000000,0.000000,0.000000,0.000000,0.000000,0.000000,0.000000,0.000000,0.000000,0.000000,0,0
179400000000,179477000000,6274140245,148,401934687,0.000000,0.000000,0.000000,0.000000,0.000000,0.000000,0.000000,0.000000,0.000000,0.000000,0.000000,0.000000,0.000000,0.000000,0.000000,0,0
179477000000,179619000000,6274140245,148,401934687,0.007828,0.031430,0.032650,0.000151,0.030610,0.055240,0.047060,0.000000,0.061520,0.072880,1.452000,0.002312,0.000000,0.000000,0.010060,0,0
179619000000,179700000000,6274140245,148,401934687,0.116200,0.061040,0.062870,0.001932,0.057560,0.062870,0.013630,0.000000,0.187300,0.111300,1.369000,0.000716,0.000000,0.000000,0.176000,0,0
179700000000,180000000000,6274140245,148,401934687,0.173600,0.060790,0.062380,0.001633,0.057370,0.062870,0.000375,0.000000,0.191700,0.027560,1.384000,0.000738,0.000000,0.000000,0.183300,0,0
180000000000,180167000000,6274140245,148,401934687,0.164300,0.060550,0.062010,0.000967,0.056760,0.060670,0.000066,0.000000,0.209200,0.007645,1.378000,0.000751,0.000000,0.000000,0.185300,0,0
180167000000,180300000000,6274140245,148,401934687,0.174300,0.060550,0.062010,0.000378,0.056150,0.060610,0.000006,0.000000,0.300800,0.000357,1.365000,0.000757,0.000000,0.000000,0.185800,0,0
180300000000,180600000000,6274140245,148,401934687,0.177000,0.060490,0.062010,0.000378,0.056150,0.060610,0.000010,0.000000,0.188700,0.001499,1.410000,0.000773,0.000000,0.000000,0.186300,0,0
180600000000,180900000000,6274140245,148,401934687,0.178500,0.060550,0.062010,0.000379,0.056150,0.060670,0.000004,0.000000,0.191900,0.000072,1.455000,0.000809,0.000000,0.000000,0.184600,0,0
180900000000,181200000000,6274140245,148,401934687,0.181400,0.060550,0.062010,0.000379,0.056150,0.060610,0.000010,0.000000,0.193100,0.001143,1.457000,0.000813,0.000000,0.000000,0.185300,0,0
181200000000,181500000000,6274140245,148,401934687,0.182400,0.060550,0.062010,0.000380,0.056150,0.060610,0.000004,0.000000,0.337900,0.000072,1.414000,0.000734,0.000000,0.000000,0.186000,0,0
181500000000,181800000000,6274140245,148,401934687,0.173800,0.060550,0.062010,0.000378,0.056150,0.060670,0.000006,0.000000,0.190400,0.000571,1.433000,0.000781,0.000000,0.000000,0.183600,0,0
181800000000,182100000000,6274140245,148,401934687,0.168500,0.060610,0.062010,0.000368,0.056150,0.060670,0.000006,0.000000,0.365200,0.000215,1.428000,0.000787,0.000000,0.000000,0.154800,0,0
182100000000,182400000000,6274140245,148,401934687,0.178000,0.060610,0.062010,0.000351,0.056150,0.060670,0.000010,0.000000,0.365700,0.001072,1.392000,0.000744,0.000000,0.000000,0.185800,0,0
182400000000,182700000000,6274140245,148,401934687,0.180900,0.060610,0.062010,0.000341,0.056090,0.060610,0.000004,0.000000,0.366700,0.000072,1.406000,0.000773,0.000000,0.000000,0.186500,0,0
182700000000,183000000000,6274140245,148,401934687,0.182600,0.060490,0.062010,0.000327,0.056090,0.060670,0.000004,0.000000,0.371600,0.000215,1.415000,0.000788,0.000000,0.000000,0.188000,0,0
183000000000,183300000000,6274140245,148,401934687,0.180900,0.060550,0.062010,0.000325,0.056090,0.060670,0.000024,0.000000,0.199200,0.005142,1.405000,0.000782,0.000000,0.000000,0.177000,0,0
183300000000,183600000000,6274140245,148,401934687,0.180700,0.060550,0.062010,0.000336,0.056090,0.060670,0.000004,0.000000,0.359900,0.000072,1.387000,0.000744,0.000000,0.000000,0.186500,0,0
183600000000,183900000000,6274140245,148,401934687,0.182900,0.060610,0.062070,0.000328,0.056090,0.060670,0.000005,0.000000,0.205600,0.000215,1.329000,0.000682,0.000000,0.000000,0.187000,0,0
183900000000,184200000000,6274140245,148,401934687,0.084590,0.060060,0.062070,0.000333,0.056090,0.060610,0.000106,0.000000,0.188200,0.021730,1.393000,0.000782,0.000000,0.000000,0.062190,0,0
184200000000,184405000000,6274140245,148,401934687,0.108500,0.059880,0.062070,0.000334,0.056090,0.060000,0.000008,0.000000,0.130400,0.000786,1.444000,0.000781,0.000000,0.000000,0.124000,0,0
184405000000,184500000000,6274140245,148,401934687,0.103600,0.059940,0.062070,0.000335,0.056090,0.060000,0.000016,0.000000,0.126000,0.000286,1.438000,0.000841,0.000000,0.000000,0.116900,0,0
184500000000,184800000000,6274140245,148,401934687,0.070190,0.059570,0.061650,0.000333,0.056090,0.059880,0.000018,0.000000,0.126000,0.000999,1.500000,0.000880,0.000000,0.000000,0.061950,0,0
184800000000,185100000000,6274140245,148,401934687,0.036380,0.059330,0.060180,0.000311,0.056090,0.059450,0.000073,0.000000,0.068240,0.007858,1.428000,0.000758,0.000000,0.000000,0.000206,0,0
185100000000,185400000000,6274140245,148,401934687,0.036990,0.059080,0.060180,0.000308,0.056090,0.059270,0.000020,0.000000,0.068600,0.000929,1.469000,0.000784,0.000000,0.000000,0.062870,0,0
185400000000,185700000000,6274140245,148,401934687,0.064210,0.059330,0.060180,0.000320,0.056090,0.059690,0.000024,0.000000,0.126000,0.005783,1.380000,0.000698,0.000000,0.000000,0.062260,0,0
185700000000,186000000000,6274140245,148,401934687,0.042540,0.060000,0.060180,0.000112,0.055790,0.060180,0.035400,0.000000,0.187000,0.085690,1.444000,0.000854,0.000000,0.000000,0.007843,0,0
186000000000,186300000000,6274140245,148,401934687,0.012620,0.060180,0.060180,0.000052,0.055730,0.060180,0.054810,0.000000,0.177700,0.073360,8.027000,0.031210,0.000000,0.000000,0.006691,0,0
186300000000,186433000000,6274140245,148,401934687,0.010930,0.060120,0.060120,0.000039,0.055660,0.060180,0.052370,0.000000,0.035890,0.071410,10.930000,0.042430,0.000000,0.000000,0.005920,0,0
186433000000,186600000000,6274140245,148,401934687,0.012080,0.060120,0.060120,0.000040,0.055660,0.060120,0.054200,0.000000,0.037540,0.071410,7.518000,0.027260,0.000000,0.000000,0.023350,0,0
186600000000,186900000000,6274140245,148,401934687,0.012680,0.060120,0.060120,0.000041,0.055660,0.060180,0.055660,0.000000,0.037350,0.071410,12.820000,0.046900,0.000000,0.000000,0.012570,0,0
186900000000,187200000000,6274140245,148,401934687,0.010890,0.060120,0.060120,0.000041,0.055660,0.060180,0.047910,0.000000,0.038510,0.071410,11.100000,0.041490,0.000000,0.000000,0.000812,0,0
187200000000,187500000000,6274140245,148,401934687,0.015560,0.060120,0.060120,0.000041,0.055660,0.060120,0.059510,0.000000,0.052310,0.072390,20.470000,0.077990,0.000000,0.000000,0.006111,0,0
187500000000,187800000000,6274140245,148,401934687,0.010590,0.060120,0.060120,0.000040,0.055660,0.060120,0.050480,0.000000,0.035830,0.071410,16.870000,0.065790,0.000000,0.000000,0.017120,0,0
187800000000,188100000000,6274140245,148,401934687,0.015470,0.060120,0.060120,0.000041,0.055660,0.060120,0.057860,0.000000,0.043950,0.071530,13.520000,0.050410,0.000000,0.000000,0.011670,0,0
188100000000,188400000000,6274140245,148,401934687,0.013050,0.060120,0.060120,0.000046,0.055660,0.060120,0.055850,0.000000,0.037540,0.071410,13.310000,0.049480,0.000000,0.000000,0.024690,0,0
188400000000,188700000000,6274140245,148,401934687,0.011460,0.060120,0.060120,0.000052,0.055660,0.060120,0.057500,0.000000,0.032040,0.071410,16.180000,0.067110,0.000000,0.000000,0.006859,0,0
188700000000,189000000000,6274140245,148,401934687,0.012210,0.060120,0.060120,0.000052,0.055660,0.060120,0.057500,0.000000,0.034670,0.073000,7.854000,0.030270,0.000000,0.000000,0.006912,0,0
189000000000,189300000000,6274140245,148,401934687,0.009094,0.060120,0.060120,0.000051,0.055660,0.060180,0.046880,0.000000,0.036070,0.073490,4.540000,0.015610,0.000000,0.000000,0.017330,0,0
189300000000,189600000000,6274140245,148,401934687,0.011780,0.060120,0.060120,0.000053,0.055660,0.060120,0.056520,0.000000,0.029970,0.071410,12.920000,0.051540,0.000000,0.000000,0.022130,0,0
189600000000,189900000000,6274140245,148,401934687,0.011670,0.060120,0.060120,0.000052,0.055660,0.060120,0.057250,0.000000,0.051390,0.071530,4.115000,0.013250,0.000000,0.000000,0.010150,0,0
189900000000,190200000000,6274140245,148,401934687,0.010820,0.060120,0.060120,0.000051,0.055660,0.060120,0.055300,0.000000,0.114000,0.072140,4.771000,0.015700,0.000000,0.000000,0.006027,0,0
190200000000,190500000000,6274140245,148,401934687,0.012270,0.060120,0.060120,0.000052,0.055660,0.060120,0.057370,0.000000,0.080200,0.074830,1.894000,0.002292,0.000000,0.000000,0.003357,0,0
190500000000,190800000000,6274140245,148,401934687,0.015010,0.060120,0.060120,0.000038,0.055660,0.060180,0.057680,0.000000,0.068360,0.077880,11.230000,0.043410,0.000000,0.000000,0.012910,0,0
190800000000,191100000000,6274140245,148,401934687,0.022610,0.060120,0.060120,0.000031,0.055660,0.060120,0.062500,0.000000,0.048710,0.076420,21.900000,0.079980,0.000000,0.000000,0.022280,0,0
191100000000,191400000000,6274140245,148,401934687,0.099120,0.060360,0.061280,0.000183,0.055850,0.060670,0.031430,0.000000,0.197500,0.075810,1.439000,0.000819,0.000000,0.000000,0.025450,0,0
191400000000,191402000000,6274140245,148,401934687,0.183300,0.060420,0.062130,0.000332,0.056090,0.060420,0.001429,0.000000,0.188500,0.002857,1.378000,0.000792,0.000000,0.000000,0.187000,0,0
191402000000,191700000000,6274140245,148,401934687,0.054380,0.059510,0.061160,0.000184,0.055910,0.060420,0.000070,0.000000,0.188200,0.008148,1.440000,0.000771,0.000000,0.000000,0.062190,0,0
191700000000,192000000000,6274140245,148,401934687,0.000155,0.058840,0.060180,0.000014,0.055790,0.058900,0.000002,0.000000,0.004181,0.000357,2.577000,0.009107,0.000000,0.000000,0.000131,0,0
192000000000,192300000000,6274140245,148,401934687,0.012280,0.058960,0.060180,0.000062,0.055850,0.059140,0.000180,0.000000,0.069950,0.035220,1.065000,0.000491,0.000000,0.000000,0.000031,0,0
192300000000,192600000000,6274140245,148,401934687,0.000170,0.058840,0.060180,0.000123,0.055910,0.058900,0.000001,0.000000,0.004425,0.000215,3.591000,0.013720,0.000000,0.000000,0.000108,0,0
192600000000,192900000000,6274140245,148,401934687,0.077390,0.059330,0.060180,0.000124,0.055910,0.059750,0.000008,0.000000,0.142800,0.000999,1.325000,0.000704,0.000000,0.000000,0.124900,0,0
192900000000,193132000000,6274140245,148,401934687,0.068360,0.059570,0.060180,0.000542,0.055910,0.059810,0.000551,0.000000,0.137700,0.042360,1.283000,0.000707,0.000000,0.000000,0.125700,0,0
193132000000,193152000000,6274140245,148,401934687,0.000293,0.000000,0.000000,0.000000,0.000000,0.000000,0.000000,0.000000,0.005859,0.000000,2.838000,0.010350,0.000000,0.000000,0.000000,0,0
193152000000,193153000000,6274140245,148,401934687,0.000000,0.000000,0.000000,0.000000,0.000000,0.000000,0.000000,0.000000,0.000000,0.000000,2.838000,0.010350,0.000000,0.000000,0.000000,0,0
