179236000000,179400000000,6274140245,149,7819704,0.000000,0.000000,0.000000,0.000000,0.000000,0.000000,0.000000,0.000000,0.000000,0.000000,0.000000,0.000000,0.000000,0.000000,0.000000,0,0
179400000000,179471000000,6274140245,149,7819704,0.000000,0.000000,0.000000,0.000000,0.000000,0.000000,0.000000,0.000000,0.000000,0.000000,0.000000,0.000000,0.000000,0.000000,0.000000,0,0
179471000000,179623000000,6274140245,149,7819704,0.003441,0.019010,0.020230,0.000213,0.017790,0.033630,0.030460,0.000000,0.030550,0.085820,1.320000,0.003578,0.000000,0.000000,0.001656,0,0
179623000000,179700000000,6274140245,149,7819704,0.006081,0.050720,0.052250,0.000056,0.048830,0.055420,0.031860,0.000000,0.064330,0.085690,4.455000,0.020580,0.000000,0.000000,0.001490,0,0
179700000000,180000000000,6274140245,149,7819704,0.131100,0.060790,0.061340,0.000232,0.055850,0.061770,0.011660,0.000000,0.205300,0.099980,1.368000,0.000742,0.000000,0.000000,0.187700,0,0
180000000000,180300000000,6274140245,149,7819704,0.187000,0.061400,0.063230,0.000364,0.056090,0.061710,0.000069,0.000000,0.375000,0.016360,1.331000,0.000685,0.000000,0.000000,0.187300,0,0
180300000000,180585000000,6274140245,149,7819704,0.187300,0.061400,0.063110,0.000373,0.056150,0.061460,0.000004,0.000000,0.206300,0.000072,1.350000,0.000753,0.000000,0.000000,0.188700,0,0
180585000000,180600000000,6274140245,149,7819704,0.187000,0.061400,0.063110,0.000373,0.056150,0.061460,0.000000,0.000000,0.188700,0.000000,1.364000,0.000807,0.000000,0.000000,0.187000,0,0
180600000000,180900000000,6274140245,149,7819704,0.187000,0.061400,0.063230,0.000373,0.056150,0.061520,0.000004,0.000000,0.206300,0.000143,1.322000,0.000739,0.000000,0.000000,0.186800,0,0
180900000000,181200000000,6274140245,149,7819704,0.187000,0.061460,0.063230,0.000372,0.056150,0.061520,0.000005,0.000000,0.222900,0.000143,1.344000,0.000701,0.000000,0.000000,0.189000,0,0
181200000000,181500000000,6274140245,149,7819704,0.187300,0.061460,0.063230,0.000371,0.056150,0.061520,0.000005,0.000000,0.354500,0.000072,1.351000,0.000738,0.000000,0.000000,0.187700,0,0
181500000000,181800000000,6274140245,149,7819704,0.187000,0.061400,0.063230,0.000372,0.056150,0.061520,0.000004,0.000000,0.206100,0.000215,1.268000,0.000653,0.000000,0.000000,0.187500,0,0
181800000000,182100000000,6274140245,149,7819704,0.187300,0.061400,0.063230,0.000372,0.056150,0.061520,0.000004,0.000000,0.206500,0.000072,1.296000,0.000683,0.000000,0.000000,0.186300,0,0
182100000000,182400000000,6274140245,149,7819704,0.187300,0.061400,0.063230,0.000372,0.056150,0.061460,0.000004,0.000000,0.374500,0.000143,1.335000,0.000732,0.000000,0.000000,0.187700,0,0
182400000000,182700000000,6274140245,149,7819704,0.187300,0.061400,0.063230,0.000404,0.056150,0.061520,0.000034,0.000000,0.206800,0.007141,1.338000,0.000716,0.000000,0.000000,0.187300,0,0
182700000000,183000000000,6274140245,149,7819704,0.187000,0.061460,0.063230,0.000411,0.056150,0.061520,0.000004,0.000000,0.206500,0.000143,1.327000,0.000670,0.000000,0.000000,0.187500,0,0
183000000000,183300000000,6274140245,149,7819704,0.187300,0.061460,0.063230,0.000411,0.056150,0.061520,0.000004,0.000000,0.206300,0.000215,1.321000,0.000675,0.000000,0.000000,0.189000,0,0
183300000000,183600000000,6274140245,149,7819704,0.187300,0.061460,0.063230,0.000411,0.056150,0.061520,0.000006,0.000000,0.206100,0.000786,1.353000,0.000740,0.000000,0.000000,0.187500,0,0
183600000000,183900000000,6274140245,149,7819704,0.170700,0.061460,0.063230,0.000411,0.056150,0.061520,0.000004,0.000000,0.205800,0.000072,1.324000,0.000695,0.000000,0.000000,0.186800,0,0
183900000000,184120000000,6274140245,149,7819704,0.073120,0.061220,0.063230,0.000677,0.056210,0.061460,0.000404,0.000000,0.137200,0.027710,1.341000,0.000701,0.000000,0.000000,0.062190,0,0
184120000000,184139000000,6274140245,149,7819704,0.000526,0.000000,0.000000,0.000000,0.000000,0.000000,0.000052,0.000000,0.010010,0.000999,1.282000,0.000603,0.000000,0.000000,0.000000,0,0
184139000000,184140000000,6274140245,149,7819704,0.000000,0.000000,0.000000,0.000000,0.000000,0.000000,0.000000,0.000000,0.000000,0.000000,1.282000,0.000603,0.000000,0.000000,0.000000,0,0
