179240000000,179400000000,6274140245,15,5512261,0.000000,0.000000,0.000000,0.000000,0.000000,0.000000,0.000000,0.000000,0.000000,0.000000,0.000000,0.000000,0.000000,0.000000,0.000000,0,0
179400000000,179543000000,6274140245,15,5512261,0.000000,0.000000,0.000000,0.000000,0.000000,0.000000,0.000000,0.000000,0.000000,0.000000,0.000000,0.000000,0.000000,0.000000,0.000000,0,0
179543000000,179636000000,6274140245,15,5512261,0.003788,0.011840,0.013700,0.000281,0.011550,0.028380,0.034300,0.000000,0.024900,0.110800,1.709000,0.003522,0.000000,0.000000,0.004501,0,0
179636000000,179700000000,6274140245,15,5512261,0.004532,0.038090,0.040220,0.000033,0.037410,0.053960,0.040280,0.000000,0.030400,0.058410,19.750000,0.090930,0.000000,0.000000,0.004692,0,0
179700000000,180000000000,6274140245,15,5512261,0.127900,0.059940,0.061580,0.000292,0.055360,0.061830,0.011230,0.000000,0.190400,0.142600,1.320000,0.000730,0.000000,0.000000,0.186500,0,0
180000000000,180300000000,6274140245,15,5512261,0.186800,0.061710,0.063480,0.000387,0.056150,0.061830,0.000084,0.000000,0.200200,0.016420,1.387000,0.000734,0.000000,0.000000,0.188000,0,0
180300000000,180518000000,6274140245,15,5512261,0.187000,0.061770,0.063480,0.000396,0.056150,0.061830,0.000013,0.000000,0.375000,0.001286,1.358000,0.000702,0.000000,0.000000,0.187700,0,0
180518000000,180600000000,6274140245,15,5512261,0.187300,0.061710,0.063480,0.000396,0.056150,0.061770,0.000003,0.000000,0.195600,0.000072,1.285000,0.000562,0.000000,0.000000,0.187300,0,0
180600000000,180900000000,6274140245,15,5512261,0.185100,0.061770,0.063480,0.000396,0.056150,0.061770,0.000008,0.000000,0.200900,0.000857,1.385000,0.000708,0.000000,0.000000,0.189000,0,0
180900000000,181200000000,6274140245,15,5512261,0.186500,0.061710,0.063480,0.000396,0.056150,0.061770,0.000007,0.000000,0.192400,0.000643,1.364000,0.000722,0.000000,0.000000,0.188700,0,0
181200000000,181500000000,6274140245,15,5512261,0.187300,0.061770,0.063480,0.000396,0.056150,0.061770,0.000007,0.000000,0.375000,0.001143,1.406000,0.000764,0.000000,0.000000,0.185800,0,0
181500000000,181800000000,6274140245,15,5512261,0.187300,0.061770,0.063480,0.000396,0.056150,0.061830,0.000003,0.000000,0.191200,0.000072,1.400000,0.000725,0.000000,0.000000,0.187700,0,0
181800000000,182100000000,6274140245,15,5512261,0.187000,0.061770,0.063480,0.000397,0.056150,0.061830,0.000008,0.000000,0.195300,0.001358,1.383000,0.000693,0.000000,0.000000,0.185300,0,0
182100000000,182400000000,6274140245,15,5512261,0.187000,0.061770,0.063480,0.000398,0.056150,0.061830,0.000003,0.000000,0.376000,0.000072,1.368000,0.000739,0.000000,0.000000,0.188200,0,0
182400000000,182700000000,6274140245,15,5512261,0.186800,0.061770,0.063480,0.000399,0.056150,0.061770,0.000005,0.000000,0.375000,0.000286,1.369000,0.000731,0.000000,0.000000,0.187000,0,0
182700000000,183000000000,6274140245,15,5512261,0.186800,0.061710,0.063480,0.000399,0.056150,0.061770,0.000003,0.000000,0.374500,0.000072,1.375000,0.000761,0.000000,0.000000,0.187700,0,0
183000000000,183300000000,6274140245,15,5512261,0.186500,0.061710,0.063480,0.000399,0.056150,0.061770,0.000006,0.000000,0.207000,0.000500,1.342000,0.000762,0.000000,0.000000,0.186300,0,0
183300000000,183600000000,6274140245,15,5512261,0.186300,0.061770,0.063480,0.000429,0.056210,0.061830,0.000024,0.000000,0.197500,0.005997,1.328000,0.000715,0.000000,0.000000,0.187700,0,0
183600000000,183900000000,6274140245,15,5512261,0.155300,0.061710,0.063480,0.000439,0.056210,0.061770,0.000009,0.000000,0.199700,0.001499,1.319000,0.000690,0.000000,0.000000,0.187300,0,0
183900000000,183960000000,6274140245,15,5512261,0.000900,0.060850,0.062500,0.001369,0.056210,0.061340,0.001190,0.000000,0.062070,0.032650,1.341000,0.000636,0.000000,0.000000,0.000099,0,0
183960000000,183976000000,6274140245,15,5512261,0.000751,0.000000,0.000000,0.000000,0.000000,0.000000,0.000005,0.000000,0.012020,0.000072,3.457000,0.011930,0.000000,0.000000,0.000000,0,0
183976000000,183977000000,6274140245,15,5512261,0.000000,0.000000,0.000000,0.000000,0.000000,0.000000,0.000000,0.000000,0.000000,0.000000,3.457000,0.011930,0.000000,0.000000,0.000000,0,0
190712000000,190800000000,6274140245,15,4820058940,0.000000,0.000000,0.000000,0.000000,0.000000,0.000000,0.000000,0.000000,0.000000,0.000000,0.000000,0.000000,0.000000,0.000000,0.000000,0,0
190800000000,190902000000,6274140245,15,4820058940,0.000000,0.000000,0.000000,0.000000,0.000000,0.000000,0.000000,0.000000,0.000000,0.000000,0.000000,0.000000,0.000000,0.000000,0.000000,0,0
190902000000,190968000000,6274140245,15,4820058940,0.000671,0.001720,0.003613,0.000663,0.001200,0.002045,0.006897,0.000000,0.018220,0.058590,2.481000,0.000000,0.000000,0.000000,0.000021,0,0
190968000000,190981000000,6274140245,15,4820058940,0.000188,0.000121,0.000000,0.000107,0.000108,0.001574,0.000000,0.000000,0.002445,0.000000,2.481000,0.000000,0.000000,0.000000,0.000000,0,0
190981000000,190982000000,6274140245,15,4820058940,0.000000,0.000000,0.000000,0.000000,0.000000,0.000000,0.001928,0.000000,0.000000,0.001928,2.481000,0.000000,0.000000,0.000000,0.000000,0,0
