179225000000,179400000000,6274140245,150,63683422,0.000000,0.000000,0.000000,0.000000,0.000000,0.000000,0.000000,0.000000,0.000000,0.000000,0.000000,0.000000,0.000000,0.000000,0.000000,0,0
179400000000,179519000000,6274140245,150,63683422,0.000000,0.000000,0.000000,0.000000,0.000000,0.000000,0.000000,0.000000,0.000000,0.000000,0.000000,0.000000,0.000000,0.000000,0.000000,0,0
179519000000,179658000000,6274140245,150,63683422,0.003250,0.015780,0.017090,0.000189,0.015170,0.030640,0.025300,0.000000,0.025850,0.093870,1.408000,0.002261,0.000000,0.000000,0.004890,0,0
179658000000,179700000000,6274140245,150,63683422,0.002869,0.028870,0.032840,0.000003,0.029600,0.030240,0.023960,0.000000,0.013140,0.043520,15.070000,0.071450,0.000000,0.000000,0.003590,0,0
179700000000,180000000000,6274140245,150,63683422,0.041750,0.054440,0.055360,0.000205,0.051330,0.061280,0.018430,0.000000,0.188000,0.106700,1.306000,0.000748,0.000000,0.000000,0.000466,0,0
180000000000,180300000000,6274140245,150,63683422,0.005859,0.061280,0.061280,0.000036,0.055660,0.061280,0.034480,0.000000,0.021970,0.057190,1.387000,0.000869,0.000000,0.000000,0.002167,0,0
180300000000,180600000000,6274140245,150,63683422,0.005814,0.061280,0.061280,0.000036,0.055660,0.061280,0.036250,0.000000,0.018860,0.057860,4.093000,0.012090,0.000000,0.000000,0.009705,0,0
180600000000,180900000000,6274140245,150,63683422,0.006821,0.061280,0.061280,0.000039,0.055660,0.061280,0.039310,0.000000,0.021940,0.057190,14.350000,0.058950,0.000000,0.000000,0.001072,0,0
180900000000,181200000000,6274140245,150,63683422,0.005157,0.061220,0.061280,0.000039,0.055660,0.061280,0.029940,0.000000,0.033200,0.056760,26.840000,0.115300,0.000000,0.000000,0.001017,0,0
181200000000,181500000000,6274140245,150,63683422,0.005363,0.061220,0.061280,0.000038,0.055660,0.061280,0.030090,0.000000,0.106300,0.057190,1.724000,0.002746,0.000000,0.000000,0.000092,0,0
181500000000,181800000000,6274140245,150,63683422,0.053410,0.061400,0.061950,0.000121,0.055790,0.061890,0.027710,0.000000,0.187700,0.058040,1.433000,0.000828,0.000000,0.000000,0.181600,0,0
181800000000,181855000000,6274140245,150,63683422,0.178500,0.061710,0.063230,0.000354,0.056090,0.061830,0.000005,0.000000,0.188000,0.000143,1.387000,0.000799,0.000000,0.000000,0.186000,0,0
181855000000,182100000000,6274140245,150,63683422,0.183300,0.061650,0.063230,0.000373,0.056150,0.061770,0.000083,0.000000,0.191200,0.016850,1.386000,0.000739,0.000000,0.000000,0.187300,0,0
182100000000,182400000000,6274140245,150,63683422,0.181400,0.061770,0.063230,0.000383,0.056150,0.061770,0.000007,0.000000,0.191400,0.000786,1.368000,0.000784,0.000000,0.000000,0.186300,0,0
182400000000,182700000000,6274140245,150,63683422,0.184100,0.061710,0.063230,0.000383,0.056150,0.061770,0.000004,0.000000,0.190200,0.000143,1.335000,0.000713,0.000000,0.000000,0.187000,0,0
182700000000,182864000000,6274140245,150,63683422,0.184600,0.061710,0.063230,0.000383,0.056150,0.061770,0.000005,0.000000,0.370600,0.000286,1.383000,0.000773,0.000000,0.000000,0.187300,0,0
182864000000,183000000000,6274140245,150,63683422,0.183800,0.061710,0.063230,0.000383,0.056150,0.061770,0.000002,0.000000,0.189000,0.000072,1.314000,0.000695,0.000000,0.000000,0.182100,0,0
183000000000,183300000000,6274140245,150,63683422,0.183800,0.061710,0.063230,0.000384,0.056150,0.061770,0.000004,0.000000,0.191700,0.000215,1.347000,0.000723,0.000000,0.000000,0.187500,0,0
183300000000,183600000000,6274140245,150,63683422,0.183100,0.061710,0.063230,0.000385,0.056150,0.061770,0.000005,0.000000,0.205600,0.000500,1.386000,0.000806,0.000000,0.000000,0.186000,0,0
183600000000,183900000000,6274140245,150,63683422,0.082150,0.061280,0.062870,0.000571,0.056150,0.061770,0.000222,0.000000,0.191200,0.030000,1.273000,0.000691,0.000000,0.000000,0.062500,0,0
183900000000,183917000000,6274140245,150,63683422,0.000377,0.000000,0.000000,0.000000,0.000000,0.000000,0.000391,0.000000,0.006409,0.002998,3.096000,0.012400,0.000000,0.000000,0.000000,0,0
183917000000,183918000000,6274140245,150,63683422,0.000000,0.000000,0.000000,0.000000,0.000000,0.000000,0.000000,0.000000,0.000000,0.000000,3.096000,0.012400,0.000000,0.000000,0.000000,0,0
