179237000000,179400000000,6274140245,151,1438497540,0.000000,0.000000,0.000000,0.000000,0.000000,0.000000,0.000000,0.000000,0.000000,0.000000,0.000000,0.000000,0.000000,0.000000,0.000000,0,0
179400000000,179560000000,6274140245,151,1438497540,0.000000,0.000000,0.000000,0.000000,0.000000,0.000000,0.000000,0.000000,0.000000,0.000000,0.000000,0.000000,0.000000,0.000000,0.000000,0,0
179560000000,179700000000,6274140245,151,1438497540,0.005005,0.022280,0.023470,0.000180,0.021420,0.053770,0.038450,0.000000,0.021880,0.059570,2.401000,0.004726,0.000000,0.000000,0.003036,0,0
179700000000,179750000000,6274140245,151,1438497540,0.006577,0.053830,0.054380,0.000180,0.051940,0.053960,0.029910,0.000000,0.062740,0.032350,2.903000,0.006309,0.000000,0.000000,0.000047,0,0
179750000000,180000000000,6274140245,151,1438497540,0.119300,0.060730,0.061340,0.001020,0.056400,0.062130,0.006508,0.000000,0.186500,0.058900,1.599000,0.000740,0.000000,0.000000,0.186500,0,0
180000000000,180300000000,6274140245,151,1438497540,0.160200,0.061340,0.062130,0.000740,0.056520,0.061400,0.000106,0.000000,0.352500,0.014220,1.688000,0.000802,0.000000,0.000000,0.145800,0,0
180300000000,180464000000,6274140245,151,1438497540,0.177000,0.061280,0.062130,0.000683,0.056460,0.061340,0.000005,0.000000,0.192100,0.000286,1.464000,0.000691,0.000000,0.000000,0.185800,0,0
180464000000,180600000000,6274140245,151,1438497540,0.158000,0.061340,0.062130,0.000637,0.056400,0.061400,0.000009,0.000000,0.189700,0.000714,1.479000,0.000668,0.000000,0.000000,0.120400,0,0
180600000000,180900000000,6274140245,151,1438497540,0.147000,0.061340,0.062130,0.000372,0.056150,0.061400,0.000004,0.000000,0.192400,0.000357,1.735000,0.000837,0.000000,0.000000,0.048400,0,0
180900000000,181200000000,6274140245,151,1438497540,0.164600,0.061400,0.062130,0.000373,0.056150,0.061460,0.000004,0.000000,0.206300,0.000072,1.698000,0.000780,0.000000,0.000000,0.170200,0,0
181200000000,181500000000,6274140245,151,1438497540,0.156000,0.061340,0.062070,0.000373,0.056150,0.061400,0.000003,0.000000,0.188200,0.000143,1.615000,0.000776,0.000000,0.000000,0.125200,0,0
181500000000,181800000000,6274140245,151,1438497540,0.145300,0.061280,0.062070,0.000373,0.056150,0.061400,0.000004,0.000000,0.280800,0.000143,1.668000,0.000785,0.000000,0.000000,0.166000,0,0
181800000000,182100000000,6274140245,151,1438497540,0.166700,0.061340,0.062070,0.000374,0.056150,0.061400,0.000019,0.000000,0.188000,0.003216,1.604000,0.000739,0.000000,0.000000,0.134000,0,0
182100000000,182400000000,6274140245,151,1438497540,0.159700,0.061340,0.062070,0.000378,0.056150,0.061400,0.000005,0.000000,0.196300,0.000357,1.677000,0.000792,0.000000,0.000000,0.145300,0,0
182400000000,182700000000,6274140245,151,1438497540,0.159200,0.061400,0.062070,0.000375,0.056150,0.061460,0.000004,0.000000,0.188500,0.000215,1.650000,0.000776,0.000000,0.000000,0.076050,0,0
182700000000,183000000000,6274140245,151,1438497540,0.168200,0.061400,0.062070,0.000373,0.056150,0.061460,0.000003,0.000000,0.193100,0.000143,1.631000,0.000779,0.000000,0.000000,0.182100,0,0
183000000000,183300000000,6274140245,151,1438497540,0.177200,0.061400,0.062070,0.000373,0.056150,0.061460,0.000006,0.000000,0.192600,0.000643,1.575000,0.000742,0.000000,0.000000,0.181200,0,0
183300000000,183600000000,6274140245,151,1438497540,0.178500,0.061400,0.062070,0.000393,0.056150,0.061460,0.000027,0.000000,0.189000,0.006287,1.603000,0.000809,0.000000,0.000000,0.184600,0,0
183600000000,183900000000,6274140245,151,1438497540,0.145000,0.061340,0.062070,0.000408,0.056210,0.061460,0.000007,0.000000,0.190400,0.000714,1.571000,0.000729,0.000000,0.000000,0.186500,0,0
183900000000,183981000000,6274140245,151,1438497540,0.054260,0.061100,0.062070,0.001102,0.056210,0.061100,0.001274,0.000000,0.067990,0.042480,1.509000,0.000691,0.000000,0.000000,0.062620,0,0
183981000000,183998000000,6274140245,151,1438497540,0.000348,0.000000,0.000000,0.000000,0.000000,0.000000,0.000012,0.000000,0.005920,0.000143,1.333000,0.000583,0.000000,0.000000,0.000000,0,0
183998000000,183999000000,6274140245,151,1438497540,0.000000,0.000000,0.000000,0.000000,0.000000,0.000000,0.000072,0.000000,0.000000,0.000072,1.333000,0.000583,0.000000,0.000000,0.000000,0,0
