179233000000,179400000000,6274140245,152,1093641,0.000000,0.000000,0.000000,0.000000,0.000000,0.000000,0.000000,0.000000,0.000000,0.000000,0.000000,0.000000,0.000000,0.000000,0.000000,0,0
179400000000,179700000000,6274140245,152,1093641,0.000000,0.000000,0.000000,0.000000,0.000000,0.000000,0.000000,0.000000,0.000000,0.000000,0.000000,0.000000,0.000000,0.000000,0.000000,0,0
179700000000,179962000000,6274140245,152,1093641,0.000000,0.000000,0.000000,0.000000,0.000000,0.000000,0.000000,0.000000,0.000000,0.000000,0.000000,0.000000,0.000000,0.000000,0.000000,0,0
179962000000,180000000000,6274140245,152,1093641,0.003593,0.005272,0.006805,0.000462,0.004646,0.011140,0.032040,0.000000,0.013750,0.065670,1.088000,0.001780,0.000000,0.000000,0.000868,0,0
180000000000,180110000000,6274140245,152,1093641,0.001144,0.016080,0.018130,0.000031,0.015900,0.018250,0.008118,0.000000,0.008499,0.035710,1.459000,0.003705,0.000000,0.000000,0.001348,0,0
180110000000,180300000000,6274140245,152,1093641,0.000434,0.009186,0.012540,0.000015,0.010160,0.014570,0.001759,0.000000,0.009232,0.020140,5.350000,0.023830,0.000000,0.000000,0.000043,0,0
180300000000,180600000000,6274140245,152,1093641,0.000541,0.005867,0.008545,0.000005,0.006195,0.006989,0.002441,0.000000,0.014050,0.014860,2.721000,0.010400,0.000000,0.000000,0.000072,0,0
180600000000,180900000000,6274140245,152,1093641,0.000460,0.004005,0.006676,0.000007,0.004936,0.004913,0.001392,0.000000,0.018160,0.014360,3.600000,0.015400,0.000000,0.000000,0.000093,0,0
180900000000,181200000000,6274140245,152,1093641,0.000962,0.010850,0.012760,0.000008,0.010710,0.023560,0.007980,0.000000,0.016850,0.046260,4.563000,0.019380,0.000000,0.000000,0.000107,0,0
181200000000,181337000000,6274140245,152,1093641,0.004555,0.046330,0.047730,0.000051,0.045040,0.056400,0.026860,0.000000,0.062740,0.051150,0.784800,0.000153,0.000000,0.000000,0.000744,0,0
181337000000,181500000000,6274140245,152,1093641,0.108000,0.060180,0.060970,0.000454,0.056150,0.061100,0.006462,0.000000,0.372100,0.097170,1.060000,0.000453,0.000000,0.000000,0.027890,0,0
181500000000,181520000000,6274140245,152,1093641,0.185500,0.061100,0.061890,0.000341,0.056030,0.061160,0.000839,0.000000,0.318400,0.014280,1.328000,0.000725,0.000000,0.000000,0.187300,0,0
181520000000,181800000000,6274140245,152,1093641,0.185800,0.060970,0.061890,0.000364,0.056090,0.061100,0.000113,0.000000,0.374500,0.019230,1.335000,0.000708,0.000000,0.000000,0.186800,0,0
181800000000,182100000000,6274140245,152,1093641,0.184100,0.061040,0.061950,0.000395,0.056150,0.061100,0.000008,0.000000,0.373000,0.000999,1.327000,0.000676,0.000000,0.000000,0.188000,0,0
182100000000,182400000000,6274140245,152,1093641,0.186500,0.060910,0.061950,0.000393,0.056150,0.061100,0.000009,0.000000,0.375000,0.001429,1.327000,0.000681,0.000000,0.000000,0.185300,0,0
182400000000,182602000000,6274140245,152,1093641,0.186300,0.060910,0.061950,0.000392,0.056150,0.060970,0.000005,0.000000,0.191700,0.000215,1.348000,0.000728,0.000000,0.000000,0.186000,0,0
182602000000,182700000000,6274140245,152,1093641,0.186300,0.060790,0.061950,0.000392,0.056150,0.060910,0.000004,0.000000,0.189000,0.000143,1.388000,0.000795,0.000000,0.000000,0.179400,0,0
182700000000,183000000000,6274140245,152,1093641,0.186300,0.060850,0.061950,0.000392,0.056150,0.060910,0.000007,0.000000,0.372100,0.000786,1.326000,0.000712,0.000000,0.000000,0.186300,0,0
183000000000,183300000000,6274140245,152,1093641,0.186800,0.060850,0.061950,0.000385,0.056150,0.060910,0.000008,0.000000,0.375000,0.000571,1.318000,0.000713,0.000000,0.000000,0.187300,0,0
183300000000,183600000000,6274140245,152,1093641,0.187300,0.060790,0.061950,0.000385,0.056150,0.060850,0.000005,0.000000,0.205800,0.000215,1.316000,0.000661,0.000000,0.000000,0.188500,0,0
183600000000,183900000000,6274140245,152,1093641,0.128700,0.060670,0.061950,0.000386,0.056150,0.060850,0.000010,0.000000,0.205800,0.001858,1.369000,0.000741,0.000000,0.000000,0.187700,0,0
183900000000,183930000000,6274140245,152,1093641,0.001131,0.059630,0.061770,0.002247,0.056150,0.059880,0.002399,0.000000,0.062010,0.029570,2.654000,0.010460,0.000000,0.000000,0.000258,0,0
183930000000,183948000000,6274140245,152,1093641,0.000870,0.000000,0.000000,0.000000,0.000000,0.000000,0.000349,0.000000,0.015660,0.002857,2.654000,0.010460,0.000000,0.000000,0.000000,0,0
183948000000,183949000000,6274140245,152,1093641,0.000000,0.000000,0.000000,0.000000,0.000000,0.000000,0.000000,0.000000,0.000000,0.000000,2.654000,0.010460,0.000000,0.000000,0.000000,0,0
