179230000000,179400000000,6274140245,153,906376,0.000000,0.000000,0.000000,0.000000,0.000000,0.000000,0.000000,0.000000,0.000000,0.000000,0.000000,0.000000,0.000000,0.000000,0.000000,0,0
179400000000,179700000000,6274140245,153,906376,0.000000,0.000000,0.000000,0.000000,0.000000,0.000000,0.000000,0.000000,0.000000,0.000000,0.000000,0.000000,0.000000,0.000000,0.000000,0,0
179700000000,180000000000,6274140245,153,906376,0.000000,0.000000,0.000000,0.000000,0.000000,0.000000,0.000000,0.000000,0.000000,0.000000,0.000000,0.000000,0.000000,0.000000,0.000000,0,0
180000000000,180003000000,6274140245,153,906376,0.000000,0.000000,0.000000,0.000000,0.000000,0.000000,0.000000,0.000000,0.000000,0.000000,0.000000,0.000000,0.000000,0.000000,0.000000,0,0
180003000000,180088000000,6274140245,153,906376,0.003178,0.009735,0.011080,0.000417,0.008987,0.019380,0.028410,0.000000,0.025150,0.106900,1.426000,0.001944,0.000000,0.000000,0.000186,0,0
180088000000,180300000000,6274140245,153,906376,0.002720,0.029820,0.033330,0.000026,0.030030,0.054140,0.024990,0.000000,0.033940,0.066410,1.828000,0.005725,0.000000,0.000000,0.001879,0,0
180300000000,180600000000,6274140245,153,906376,0.143600,0.060060,0.060490,0.000372,0.055480,0.061520,0.008850,0.000000,0.374500,0.113900,1.301000,0.000643,0.000000,0.000000,0.180400,0,0
180600000000,180900000000,6274140245,153,906376,0.184800,0.061460,0.061650,0.000109,0.055850,0.061580,0.000519,0.000000,0.191900,0.035100,1.370000,0.000717,0.000000,0.000000,0.186500,0,0
180900000000,181200000000,6274140245,153,906376,0.186000,0.061400,0.061650,0.000123,0.055910,0.061460,0.000007,0.000000,0.373500,0.000786,1.387000,0.000739,0.000000,0.000000,0.187700,0,0
181200000000,181500000000,6274140245,153,906376,0.184800,0.061460,0.061650,0.000092,0.055850,0.061520,0.000256,0.000000,0.206300,0.016570,1.433000,0.000791,0.000000,0.000000,0.161900,0,0
181500000000,181800000000,6274140245,153,906376,0.185800,0.061460,0.061650,0.000151,0.055910,0.061580,0.000268,0.000000,0.374500,0.041440,1.375000,0.000697,0.000000,0.000000,0.187700,0,0
181800000000,182100000000,6274140245,153,906376,0.184600,0.061460,0.061650,0.000045,0.055790,0.061580,0.000085,0.000000,0.205600,0.009781,1.423000,0.000756,0.000000,0.000000,0.187300,0,0
182100000000,182400000000,6274140245,153,906376,0.182900,0.061460,0.061650,0.000046,0.055790,0.061520,0.000005,0.000000,0.372600,0.000643,1.465000,0.000798,0.000000,0.000000,0.125500,0,0
182400000000,182700000000,6274140245,153,906376,0.185100,0.061460,0.061650,0.000044,0.055790,0.061520,0.000004,0.000000,0.317900,0.000215,1.450000,0.000795,0.000000,0.000000,0.186800,0,0
182700000000,183000000000,6274140245,153,906376,0.183300,0.061460,0.061650,0.000074,0.055850,0.061520,0.000213,0.000000,0.374000,0.019440,1.422000,0.000768,0.000000,0.000000,0.186300,0,0
183000000000,183300000000,6274140245,153,906376,0.184100,0.061460,0.061650,0.000128,0.055910,0.061580,0.000308,0.000000,0.205100,0.031220,1.436000,0.000808,0.000000,0.000000,0.186800,0,0
183300000000,183600000000,6274140245,153,906376,0.181900,0.061400,0.061650,0.000135,0.055910,0.061460,0.000009,0.000000,0.192900,0.000786,1.451000,0.000792,0.000000,0.000000,0.174100,0,0
183600000000,183900000000,6274140245,153,906376,0.176300,0.061460,0.061650,0.000125,0.055910,0.061520,0.000026,0.000000,0.194800,0.006859,1.430000,0.000765,0.000000,0.000000,0.125700,0,0
183900000000,184200000000,6274140245,153,906376,0.127900,0.061160,0.061650,0.000135,0.055910,0.061460,0.000081,0.000000,0.191900,0.014790,1.359000,0.000617,0.000000,0.000000,0.124900,0,0
184200000000,184500000000,6274140245,153,906376,0.082760,0.060850,0.061650,0.000217,0.055910,0.061160,0.000290,0.000000,0.128900,0.044560,1.427000,0.000751,0.000000,0.000000,0.000194,0,0
184500000000,184501000000,6274140245,153,906376,0.000000,0.060060,0.061580,0.056270,0.056270,0.060060,0.045780,0.000000,0.000000,0.045780,3.310000,0.011550,0.000000,0.000000,0.000000,0,0
184501000000,184520000000,6274140245,153,906376,0.000465,0.000000,0.000000,0.000000,0.000000,0.000000,0.000019,0.000000,0.008850,0.000286,3.310000,0.011550,0.000000,0.000000,0.000000,0,0
184520000000,184522000000,6274140245,153,906376,0.000000,0.000000,0.000000,0.000000,0.000000,0.000000,0.000000,0.000000,0.000000,0.000000,3.310000,0.011550,0.000000,0.000000,0.000000,0,0
