179234000000,179400000000,6274140245,154,3660229285,0.000000,0.000000,0.000000,0.000000,0.000000,0.000000,0.000000,0.000000,0.000000,0.000000,0.000000,0.000000,0.000000,0.000000,0.000000,0,0
179400000000,179441000000,6274140245,154,3660229285,0.000000,0.000000,0.000000,0.000000,0.000000,0.000000,0.000000,0.000000,0.000000,0.000000,0.000000,0.000000,0.000000,0.000000,0.000000,0,0
179441000000,179621000000,6274140245,154,3660229285,0.008102,0.033510,0.034970,0.000197,0.032410,0.059810,0.044980,0.000000,0.062870,0.164300,0.996200,0.001725,0.000000,0.000000,0.005524,0,0
179621000000,179700000000,6274140245,154,3660229285,0.147700,0.060300,0.061040,0.000367,0.056090,0.060970,0.009842,0.000000,0.188700,0.064820,1.371000,0.000633,0.000000,0.000000,0.186500,0,0
179700000000,180000000000,6274140245,154,3660229285,0.187000,0.060850,0.061830,0.000369,0.056150,0.061100,0.000005,0.000000,0.376000,0.000286,1.309000,0.000679,0.000000,0.000000,0.188000,0,0
180000000000,180149000000,6274140245,154,3660229285,0.187300,0.060910,0.061830,0.000367,0.056150,0.060970,0.000015,0.000000,0.198000,0.000786,1.342000,0.000688,0.000000,0.000000,0.187000,0,0
180149000000,180300000000,6274140245,154,3660229285,0.187300,0.060910,0.061830,0.000366,0.056150,0.060970,0.000005,0.000000,0.206100,0.000215,1.320000,0.000693,0.000000,0.000000,0.187300,0,0
180300000000,180600000000,6274140245,154,3660229285,0.187000,0.060910,0.061830,0.000362,0.056150,0.060970,0.000009,0.000000,0.197300,0.001215,1.249000,0.000632,0.000000,0.000000,0.189000,0,0
180600000000,180900000000,6274140245,154,3660229285,0.187000,0.060910,0.061770,0.000357,0.056090,0.060970,0.000012,0.000000,0.194100,0.002499,1.357000,0.000751,0.000000,0.000000,0.189000,0,0
180900000000,181200000000,6274140245,154,3660229285,0.187000,0.060910,0.061770,0.000354,0.056090,0.060970,0.000006,0.000000,0.206300,0.000571,1.337000,0.000704,0.000000,0.000000,0.188500,0,0
181200000000,181500000000,6274140245,154,3660229285,0.187300,0.060970,0.061770,0.000353,0.056090,0.061040,0.000010,0.000000,0.375500,0.001999,1.296000,0.000645,0.000000,0.000000,0.186800,0,0
181500000000,181800000000,6274140245,154,3660229285,0.185500,0.060910,0.061770,0.000359,0.056150,0.061040,0.000027,0.000000,0.374500,0.006218,1.318000,0.000686,0.000000,0.000000,0.187300,0,0
181800000000,182100000000,6274140245,154,3660229285,0.186800,0.060970,0.061770,0.000390,0.056150,0.061040,0.000004,0.000000,0.374500,0.000143,1.297000,0.000665,0.000000,0.000000,0.186800,0,0
182100000000,182400000000,6274140245,154,3660229285,0.187000,0.060970,0.061770,0.000393,0.056150,0.061100,0.000022,0.000000,0.392100,0.002430,1.315000,0.000692,0.000000,0.000000,0.188700,0,0
182400000000,182700000000,6274140245,154,3660229285,0.187300,0.060970,0.061770,0.000396,0.056150,0.061040,0.000008,0.000000,0.206500,0.001072,1.421000,0.000793,0.000000,0.000000,0.188700,0,0
182700000000,183000000000,6274140245,154,3660229285,0.187000,0.060910,0.061770,0.000395,0.056150,0.060970,0.000004,0.000000,0.206100,0.000215,1.310000,0.000698,0.000000,0.000000,0.187500,0,0
183000000000,183300000000,6274140245,154,3660229285,0.187300,0.060970,0.061770,0.000397,0.056150,0.061040,0.000036,0.000000,0.206500,0.003929,1.343000,0.000726,0.000000,0.000000,0.188200,0,0
183300000000,183600000000,6274140245,154,3660229285,0.187300,0.060910,0.061770,0.000402,0.056150,0.061040,0.000008,0.000000,0.207300,0.001429,1.303000,0.000643,0.000000,0.000000,0.186500,0,0
183600000000,183900000000,6274140245,154,3660229285,0.109100,0.060790,0.061770,0.000403,0.056150,0.061040,0.000005,0.000000,0.205800,0.000500,1.441000,0.000788,0.000000,0.000000,0.188000,0,0
183900000000,183931000000,6274140245,154,3660229285,0.001381,0.059690,0.061770,0.002205,0.056150,0.059940,0.002991,0.000000,0.062190,0.037350,1.428000,0.000877,0.000000,0.000000,0.000027,0,0
183931000000,183950000000,6274140245,154,3660229285,0.000662,0.000000,0.000000,0.000000,0.000000,0.000000,0.000027,0.000000,0.012570,0.000500,17.490000,0.082260,0.000000,0.000000,0.000000,0,0
183950000000,183951000000,6274140245,154,3660229285,0.000000,0.000000,0.000000,0.000000,0.000000,0.000000,0.000000,0.000000,0.000000,0.000000,17.490000,0.082260,0.000000,0.000000,0.000000,0,0
