179235000000,179400000000,6274140245,155,6607745,0.000000,0.000000,0.000000,0.000000,0.000000,0.000000,0.000000,0.000000,0.000000,0.000000,0.000000,0.000000,0.000000,0.000000,0.000000,0,0
179400000000,179670000000,6274140245,155,6607745,0.000000,0.000000,0.000000,0.000000,0.000000,0.000000,0.000000,0.000000,0.000000,0.000000,0.000000,0.000000,0.000000,0.000000,0.000000,0,0
179670000000,179700000000,6274140245,155,6607745,0.004639,0.004265,0.005806,0.000412,0.003639,0.009567,0.033630,0.000000,0.026090,0.059020,28.320000,0.134800,0.000000,0.000000,0.000808,0,0
179700000000,179765000000,6274140245,155,6607745,0.002190,0.016940,0.017970,0.000054,0.016020,0.023530,0.019130,0.000000,0.018890,0.042850,28.610000,0.136200,0.000000,0.000000,0.003304,0,0
179765000000,180000000000,6274140245,155,6607745,0.001637,0.028080,0.034420,0.000030,0.031370,0.035830,0.017060,0.000000,0.016820,0.054200,32.290000,0.155900,0.000000,0.000000,0.000370,0,0
180000000000,180300000000,6274140245,155,6607745,0.136700,0.057370,0.060610,0.000855,0.055910,0.061770,0.006302,0.000000,0.375500,0.106800,1.303000,0.000719,0.000000,0.000000,0.187700,0,0
180300000000,180600000000,6274140245,155,6607745,0.187000,0.060910,0.061770,0.000695,0.056460,0.060970,0.000054,0.000000,0.375000,0.011220,1.342000,0.000745,0.000000,0.000000,0.186000,0,0
180600000000,180900000000,6274140245,155,6607745,0.187000,0.060910,0.061710,0.000685,0.056460,0.060970,0.000003,0.000000,0.375000,0.000215,1.302000,0.000742,0.000000,0.000000,0.188500,0,0
180900000000,180963000000,6274140245,155,6607745,0.187000,0.060730,0.061710,0.000685,0.056460,0.060790,0.000044,0.000000,0.374500,0.002430,1.398000,0.000766,0.000000,0.000000,0.187000,0,0
180963000000,181200000000,6274140245,155,6607745,0.187000,0.060910,0.061710,0.000685,0.056460,0.060970,0.000003,0.000000,0.375500,0.000072,1.314000,0.000692,0.000000,0.000000,0.187000,0,0
181200000000,181500000000,6274140245,155,6607745,0.187300,0.060910,0.061710,0.000686,0.056460,0.061040,0.000005,0.000000,0.375000,0.000428,1.325000,0.000725,0.000000,0.000000,0.187300,0,0
181500000000,181800000000,6274140245,155,6607745,0.187300,0.060970,0.061710,0.000555,0.056340,0.061040,0.000005,0.000000,0.376000,0.000215,1.352000,0.000726,0.000000,0.000000,0.187300,0,0
181800000000,182100000000,6274140245,155,6607745,0.187300,0.060970,0.061710,0.000357,0.056150,0.061040,0.000004,0.000000,0.375000,0.000215,1.331000,0.000716,0.000000,0.000000,0.187500,0,0
182100000000,182400000000,6274140245,155,6607745,0.187000,0.060970,0.061710,0.000357,0.056150,0.061040,0.000004,0.000000,0.375000,0.000215,1.394000,0.000793,0.000000,0.000000,0.188500,0,0
182400000000,182700000000,6274140245,155,6607745,0.186500,0.060910,0.061710,0.000357,0.056150,0.060970,0.000009,0.000000,0.375000,0.001286,1.346000,0.000742,0.000000,0.000000,0.187300,0,0
182700000000,183000000000,6274140245,155,6607745,0.186800,0.060970,0.061710,0.000374,0.056150,0.061040,0.000019,0.000000,0.375000,0.002716,1.322000,0.000693,0.000000,0.000000,0.187500,0,0
183000000000,183300000000,6274140245,155,6607745,0.186800,0.060910,0.061710,0.000390,0.056150,0.061040,0.000005,0.000000,0.375500,0.000357,1.339000,0.000710,0.000000,0.000000,0.187500,0,0
183300000000,183600000000,6274140245,155,6607745,0.186500,0.060970,0.061710,0.000391,0.056150,0.061100,0.000005,0.000000,0.375500,0.000357,1.338000,0.000709,0.000000,0.000000,0.186500,0,0
183600000000,183900000000,6274140245,155,6607745,0.152300,0.060910,0.061710,0.000391,0.056150,0.061040,0.000005,0.000000,0.378400,0.000143,1.347000,0.000717,0.000000,0.000000,0.187500,0,0
183900000000,184070000000,6274140245,155,6607745,0.064700,0.060670,0.061710,0.000721,0.056150,0.060850,0.000388,0.000000,0.125700,0.027280,1.340000,0.000642,0.000000,0.000000,0.062500,0,0
184070000000,184094000000,6274140245,155,6607745,0.000285,0.000000,0.000000,0.002350,0.002350,0.000000,0.000035,0.000000,0.003418,0.000714,1.387000,0.000776,0.000000,0.000000,0.000000,0,0
184094000000,184095000000,6274140245,155,6607745,0.000000,0.000000,0.000000,0.000000,0.000000,0.000000,0.000000,0.000000,0.000000,0.000000,3.392000,0.008777,0.000000,0.000000,0.000000,0,0
