179235000000,179400000000,6274140245,156,660950,0.000000,0.000000,0.000000,0.000000,0.000000,0.000000,0.000000,0.000000,0.000000,0.000000,0.000000,0.000000,0.000000,0.000000,0.000000,0,0
179400000000,179539000000,6274140245,156,660950,0.000000,0.000000,0.000000,0.000000,0.000000,0.000000,0.000000,0.000000,0.000000,0.000000,0.000000,0.000000,0.000000,0.000000,0.000000,0,0
179539000000,179692000000,6274140245,156,660950,0.008255,0.031220,0.032590,0.000133,0.030610,0.056400,0.043150,0.000000,0.062740,0.143800,0.784900,0.000239,0.000000,0.000000,0.006111,0,0
179692000000,179700000000,6274140245,156,660950,0.014710,0.056460,0.057250,0.000058,0.054200,0.056580,0.036740,0.000000,0.030330,0.049990,0.766000,0.000150,0.000000,0.000000,0.009445,0,0
179700000000,180000000000,6274140245,156,660950,0.032290,0.058290,0.058350,0.000101,0.054260,0.058350,0.038700,0.000000,0.189200,0.066160,1.274000,0.000648,0.000000,0.000000,0.006020,0,0
180000000000,180300000000,6274140245,156,660950,0.057250,0.058900,0.058900,0.000092,0.054690,0.060300,0.035640,0.000000,0.205100,0.064820,1.270000,0.000652,0.000000,0.000000,0.003170,0,0
180300000000,180600000000,6274140245,156,660950,0.184800,0.060240,0.060300,0.000074,0.055790,0.060300,0.001684,0.000000,0.189900,0.058720,1.309000,0.000712,0.000000,0.000000,0.188200,0,0
180600000000,180900000000,6274140245,156,660950,0.149400,0.060240,0.060300,0.000065,0.055790,0.060300,0.013380,0.000000,0.198000,0.068120,1.326000,0.000691,0.000000,0.000000,0.184100,0,0
180900000000,180973000000,6274140245,156,660950,0.114700,0.060180,0.060300,0.000090,0.055790,0.060300,0.018430,0.000000,0.188700,0.064450,1.357000,0.000696,0.000000,0.000000,0.059390,0,0
180973000000,181200000000,6274140245,156,660950,0.185100,0.060240,0.060300,0.000067,0.055790,0.060300,0.003559,0.000000,0.197800,0.057310,1.280000,0.000629,0.000000,0.000000,0.187500,0,0
181200000000,181500000000,6274140245,156,660950,0.181400,0.060300,0.060300,0.000066,0.055790,0.060300,0.004974,0.000000,0.356400,0.055540,1.316000,0.000678,0.000000,0.000000,0.187000,0,0
181500000000,181800000000,6274140245,156,660950,0.182400,0.060240,0.060300,0.000069,0.055790,0.060300,0.002571,0.000000,0.206300,0.057310,1.359000,0.000724,0.000000,0.000000,0.187700,0,0
181800000000,182100000000,6274140245,156,660950,0.093630,0.060300,0.060300,0.000047,0.055730,0.060300,0.028380,0.000000,0.208000,0.066530,1.424000,0.000810,0.000000,0.000000,0.008804,0,0
182100000000,182400000000,6274140245,156,660950,0.068730,0.060300,0.060300,0.000053,0.055730,0.060300,0.036990,0.000000,0.200700,0.065800,1.402000,0.000728,0.000000,0.000000,0.186500,0,0
182400000000,182700000000,6274140245,156,660950,0.021450,0.060300,0.060300,0.000050,0.055730,0.060300,0.045290,0.000000,0.197000,0.065310,1.674000,0.002453,0.000000,0.000000,0.187700,0,0
182700000000,182975000000,6274140245,156,660950,0.006950,0.060300,0.060300,0.000051,0.055730,0.060300,0.047970,0.000000,0.021030,0.072020,25.170000,0.106200,0.000000,0.000000,0.004044,0,0
182975000000,183000000000,6274140245,156,660950,0.007683,0.060300,0.060300,0.000053,0.055730,0.060300,0.049740,0.000000,0.015900,0.064700,24.090000,0.101700,0.000000,0.000000,0.011380,0,0
183000000000,183300000000,6274140245,156,660950,0.007355,0.060300,0.060300,0.000051,0.055660,0.060300,0.049740,0.000000,0.019320,0.068360,20.650000,0.086040,0.000000,0.000000,0.009430,0,0
183300000000,183600000000,6274140245,156,660950,0.007576,0.060300,0.060300,0.000051,0.055660,0.060300,0.052370,0.000000,0.017670,0.064700,6.892000,0.027230,0.000000,0.000000,0.011700,0,0
183600000000,183900000000,6274140245,156,660950,0.007469,0.060300,0.060300,0.000052,0.055730,0.060300,0.051940,0.000000,0.062500,0.072020,1.506000,0.002213,0.000000,0.000000,0.005486,0,0
183900000000,184162000000,6274140245,156,660950,0.036320,0.060300,0.060300,0.000056,0.055730,0.060300,0.045350,0.000000,0.190900,0.072390,1.268000,0.000657,0.000000,0.000000,0.008972,0,0
184162000000,184187000000,6274140245,156,660950,0.124800,0.060240,0.060300,0.000031,0.055730,0.060300,0.000766,0.000000,0.126700,0.009216,1.288000,0.000641,0.000000,0.000000,0.125000,0,0
184187000000,184200000000,6274140245,156,660950,0.125000,0.060240,0.060300,0.000032,0.055730,0.060240,0.000033,0.000000,0.125500,0.000428,1.345000,0.000663,0.000000,0.000000,0.125000,0,0
184200000000,184481000000,6274140245,156,660950,0.060610,0.059630,0.060300,0.000382,0.055910,0.060300,0.000874,0.000000,0.129900,0.048340,1.334000,0.000698,0.000000,0.000000,0.000091,0,0
184481000000,184499000000,6274140245,156,660950,0.000149,0.000000,0.000000,0.000000,0.000000,0.000000,0.000000,0.000000,0.002686,0.000000,3.285000,0.009296,0.000000,0.000000,0.000000,0,0
184499000000,184500000000,6274140245,156,660950,0.000000,0.000000,0.000000,0.000000,0.000000,0.000000,0.000000,0.000000,0.000000,0.000000,3.285000,0.009296,0.000000,0.000000,0.000000,0,0
