179234000000,179400000000,6274140245,157,336026158,0.000000,0.000000,0.000000,0.000000,0.000000,0.000000,0.000000,0.000000,0.000000,0.000000,0.000000,0.000000,0.000000,0.000000,0.000000,0,0
179400000000,179432000000,6274140245,157,336026158,0.000000,0.000000,0.000000,0.000000,0.000000,0.000000,0.000000,0.000000,0.000000,0.000000,0.000000,0.000000,0.000000,0.000000,0.000000,0,0
179432000000,179589000000,6274140245,157,336026158,0.011460,0.035340,0.036930,0.000187,0.034300,0.060180,0.055970,0.000000,0.186800,0.130600,1.075000,0.001879,0.000000,0.000000,0.002411,0,0
179589000000,179700000000,6274140245,157,336026158,0.136700,0.060420,0.061160,0.000250,0.055970,0.060910,0.016270,0.000000,0.207000,0.072020,1.329000,0.000737,0.000000,0.000000,0.187700,0,0
179700000000,179997000000,6274140245,157,336026158,0.187000,0.060790,0.062130,0.000384,0.056150,0.061040,0.000032,0.000000,0.190200,0.008636,1.335000,0.000724,0.000000,0.000000,0.187700,0,0
179997000000,180000000000,6274140245,157,336026158,0.187500,0.060730,0.062130,0.000384,0.056150,0.060730,0.000024,0.000000,0.188500,0.000072,1.399000,0.000783,0.000000,0.000000,0.188500,0,0
180000000000,180300000000,6274140245,157,336026158,0.187000,0.060790,0.062130,0.000384,0.056150,0.060850,0.000010,0.000000,0.204800,0.000999,1.325000,0.000681,0.000000,0.000000,0.188000,0,0
180300000000,180600000000,6274140245,157,336026158,0.187000,0.060730,0.062130,0.000385,0.056150,0.060850,0.000008,0.000000,0.205800,0.001072,1.381000,0.000728,0.000000,0.000000,0.187700,0,0
180600000000,180900000000,6274140245,157,336026158,0.186800,0.060790,0.062130,0.000386,0.056150,0.060850,0.000004,0.000000,0.208500,0.000072,1.392000,0.000755,0.000000,0.000000,0.188000,0,0
180900000000,181200000000,6274140245,157,336026158,0.186800,0.060730,0.062130,0.000386,0.056150,0.060850,0.000005,0.000000,0.375000,0.000143,1.367000,0.000737,0.000000,0.000000,0.143800,0,0
181200000000,181500000000,6274140245,157,336026158,0.187000,0.060790,0.062130,0.000387,0.056150,0.060910,0.000004,0.000000,0.375500,0.000072,1.380000,0.000756,0.000000,0.000000,0.187300,0,0
181500000000,181800000000,6274140245,157,336026158,0.187000,0.060850,0.062130,0.000387,0.056150,0.060910,0.000006,0.000000,0.192900,0.000357,1.397000,0.000758,0.000000,0.000000,0.187500,0,0
181800000000,182100000000,6274140245,157,336026158,0.187000,0.060850,0.062130,0.000397,0.056150,0.060910,0.000027,0.000000,0.192900,0.005859,1.351000,0.000699,0.000000,0.000000,0.165300,0,0
182100000000,182400000000,6274140245,157,336026158,0.187000,0.060850,0.062130,0.000421,0.056210,0.060910,0.000006,0.000000,0.192900,0.000714,1.383000,0.000719,0.000000,0.000000,0.186000,0,0
182400000000,182700000000,6274140245,157,336026158,0.186800,0.060850,0.062130,0.000421,0.056210,0.060910,0.000004,0.000000,0.191200,0.000072,1.374000,0.000735,0.000000,0.000000,0.187300,0,0
182700000000,183000000000,6274140245,157,336026158,0.187000,0.060850,0.062130,0.000421,0.056210,0.060910,0.000004,0.000000,0.192900,0.000072,1.344000,0.000713,0.000000,0.000000,0.188200,0,0
183000000000,183300000000,6274140245,157,336026158,0.187000,0.060850,0.062130,0.000421,0.056210,0.060910,0.000004,0.000000,0.195600,0.000072,1.372000,0.000743,0.000000,0.000000,0.187000,0,0
183300000000,183600000000,6274140245,157,336026158,0.187000,0.060850,0.062130,0.000423,0.056210,0.060910,0.000004,0.000000,0.196500,0.000072,1.406000,0.000772,0.000000,0.000000,0.187700,0,0
183600000000,183900000000,6274140245,157,336026158,0.135300,0.060790,0.062130,0.000423,0.056210,0.060910,0.000005,0.000000,0.191900,0.000428,1.378000,0.000707,0.000000,0.000000,0.062990,0,0
183900000000,184040000000,6274140245,157,336026158,0.058470,0.060550,0.062130,0.001143,0.056210,0.060550,0.000457,0.000000,0.068850,0.023010,1.402000,0.000752,0.000000,0.000000,0.062500,0,0
184040000000,184057000000,6274140245,157,336026158,0.000183,0.000000,0.000000,0.000000,0.000000,0.000000,0.000000,0.000000,0.003113,0.000000,1.492000,0.000852,0.000000,0.000000,0.000000,0,0
184057000000,184058000000,6274140245,157,336026158,0.000000,0.000000,0.000000,0.000000,0.000000,0.000000,0.000000,0.000000,0.000000,0.000000,1.492000,0.000852,0.000000,0.000000,0.000000,0,0
