179240000000,179400000000,6274140245,158,336038691,0.000000,0.000000,0.000000,0.000000,0.000000,0.000000,0.000000,0.000000,0.000000,0.000000,0.000000,0.000000,0.000000,0.000000,0.000000,0,0
179400000000,179484000000,6274140245,158,336038691,0.000000,0.000000,0.000000,0.000000,0.000000,0.000000,0.000000,0.000000,0.000000,0.000000,0.000000,0.000000,0.000000,0.000000,0.000000,0,0
179484000000,179615000000,6274140245,158,336038691,0.017300,0.035340,0.037170,0.000305,0.034180,0.061950,0.051880,0.000000,0.187700,0.195800,4.303000,0.017490,0.000000,0.000000,0.007156,0,0
179615000000,179700000000,6274140245,158,336038691,0.186000,0.061830,0.061950,0.001602,0.057310,0.062010,0.000717,0.000000,0.189500,0.018370,1.325000,0.000719,0.000000,0.000000,0.187300,0,0
179700000000,180000000000,6274140245,158,336038691,0.185800,0.060730,0.061950,0.001171,0.056950,0.061280,0.000059,0.000000,0.189700,0.008423,1.345000,0.000721,0.000000,0.000000,0.181900,0,0
180000000000,180022000000,6274140245,158,336038691,0.185300,0.060730,0.061950,0.001152,0.056950,0.060730,0.000007,0.000000,0.188000,0.000072,1.384000,0.000812,0.000000,0.000000,0.186300,0,0
180022000000,180300000000,6274140245,158,336038691,0.185100,0.060730,0.061950,0.001148,0.056950,0.060790,0.000034,0.000000,0.190200,0.004211,1.334000,0.000681,0.000000,0.000000,0.187300,0,0
180300000000,180600000000,6274140245,158,336038691,0.183800,0.060730,0.061950,0.000822,0.056580,0.060790,0.000014,0.000000,0.202900,0.000929,1.355000,0.000743,0.000000,0.000000,0.186000,0,0
180600000000,180900000000,6274140245,158,336038691,0.184300,0.060730,0.061950,0.000384,0.056150,0.060790,0.000020,0.000000,0.202900,0.002857,1.358000,0.000725,0.000000,0.000000,0.187500,0,0
180900000000,181200000000,6274140245,158,336038691,0.185100,0.060790,0.061950,0.000386,0.056150,0.060850,0.000010,0.000000,0.194300,0.001928,1.394000,0.000737,0.000000,0.000000,0.189000,0,0
181200000000,181500000000,6274140245,158,336038691,0.183800,0.060790,0.061950,0.000387,0.056150,0.060850,0.000005,0.000000,0.193600,0.000215,1.390000,0.000742,0.000000,0.000000,0.186800,0,0
181500000000,181800000000,6274140245,158,336038691,0.186000,0.060790,0.061950,0.000387,0.056150,0.060850,0.000010,0.000000,0.375500,0.001429,1.392000,0.000724,0.000000,0.000000,0.188700,0,0
181800000000,182100000000,6274140245,158,336038691,0.186500,0.060790,0.061950,0.000387,0.056150,0.060790,0.000006,0.000000,0.191900,0.000857,1.337000,0.000689,0.000000,0.000000,0.187500,0,0
182100000000,182400000000,6274140245,158,336038691,0.186000,0.060730,0.061950,0.000388,0.056150,0.060790,0.000024,0.000000,0.375500,0.002144,1.348000,0.000714,0.000000,0.000000,0.185800,0,0
182400000000,182700000000,6274140245,158,336038691,0.186300,0.060730,0.061950,0.000406,0.056210,0.060790,0.000015,0.000000,0.191700,0.003429,1.321000,0.000695,0.000000,0.000000,0.187300,0,0
182700000000,183000000000,6274140245,158,336038691,0.186500,0.060670,0.061950,0.000420,0.056210,0.060790,0.000008,0.000000,0.192100,0.001499,1.355000,0.000728,0.000000,0.000000,0.174800,0,0
183000000000,183300000000,6274140245,158,336038691,0.187000,0.060670,0.061950,0.000421,0.056210,0.060730,0.000004,0.000000,0.206100,0.000215,1.413000,0.000795,0.000000,0.000000,0.188000,0,0
183300000000,183600000000,6274140245,158,336038691,0.186800,0.060730,0.061950,0.000413,0.056210,0.060790,0.000015,0.000000,0.194300,0.002357,1.322000,0.000681,0.000000,0.000000,0.187500,0,0
183600000000,183900000000,6274140245,158,336038691,0.183800,0.060670,0.061950,0.000394,0.056150,0.060790,0.000020,0.000000,0.206500,0.002930,1.422000,0.000770,0.000000,0.000000,0.187300,0,0
183900000000,183960000000,6274140245,158,336038691,0.028140,0.060300,0.061950,0.001328,0.056150,0.060610,0.001123,0.000000,0.064330,0.026370,1.169000,0.000563,0.000000,0.000000,0.000151,0,0
183960000000,183976000000,6274140245,158,336038691,0.000175,0.000000,0.000000,0.000000,0.000000,0.000000,0.000080,0.000000,0.002808,0.000857,3.285000,0.012710,0.000000,0.000000,0.000000,0,0
183976000000,183977000000,6274140245,158,336038691,0.000000,0.000000,0.000000,0.000000,0.000000,0.000000,0.000000,0.000000,0.000000,0.000000,3.285000,0.012710,0.000000,0.000000,0.000000,0,0
