179236000000,179400000000,6274140245,159,4352675336,0.000000,0.000000,0.000000,0.000000,0.000000,0.000000,0.000000,0.000000,0.000000,0.000000,0.000000,0.000000,0.000000,0.000000,0.000000,0,0
179400000000,179660000000,6274140245,159,4352675336,0.000000,0.000000,0.000000,0.000000,0.000000,0.000000,0.000000,0.000000,0.000000,0.000000,0.000000,0.000000,0.000000,0.000000,0.000000,0,0
179660000000,179700000000,6274140245,159,4352675336,0.003456,0.004356,0.006142,0.000504,0.003895,0.010930,0.034060,0.000000,0.029300,0.102500,1.276000,0.001583,0.000000,0.000000,0.001896,0,0
179700000000,179809000000,6274140245,159,4352675336,0.003838,0.026820,0.036740,0.000059,0.033940,0.039430,0.035830,0.000000,0.023440,0.089110,1.354000,0.002004,0.000000,0.000000,0.004501,0,0
179809000000,180000000000,6274140245,159,4352675336,0.087770,0.054320,0.061280,0.000333,0.055420,0.062070,0.012700,0.000000,0.374500,0.111100,1.385000,0.000809,0.000000,0.000000,0.036070,0,0
180000000000,180300000000,6274140245,159,4352675336,0.186000,0.061950,0.062990,0.000349,0.056090,0.062070,0.000164,0.000000,0.375500,0.021000,1.294000,0.000707,0.000000,0.000000,0.187000,0,0
180300000000,180600000000,6274140245,159,4352675336,0.187300,0.062010,0.062990,0.000370,0.056150,0.062010,0.000009,0.000000,0.375500,0.001499,1.302000,0.000683,0.000000,0.000000,0.186500,0,0
180600000000,180608000000,6274140245,159,4352675336,0.186300,0.061950,0.062990,0.000370,0.056150,0.061950,0.000009,0.000000,0.188000,0.000072,1.288000,0.000641,0.000000,0.000000,0.185100,0,0
180608000000,180900000000,6274140245,159,4352675336,0.184800,0.061950,0.062990,0.000369,0.056150,0.062010,0.000005,0.000000,0.373500,0.000357,1.340000,0.000714,0.000000,0.000000,0.186300,0,0
180900000000,181200000000,6274140245,159,4352675336,0.184300,0.061890,0.062990,0.000369,0.056150,0.062010,0.000004,0.000000,0.192100,0.000215,1.260000,0.000661,0.000000,0.000000,0.181900,0,0
181200000000,181500000000,6274140245,159,4352675336,0.184800,0.061950,0.062990,0.000369,0.056150,0.062070,0.000004,0.000000,0.368200,0.000143,1.327000,0.000735,0.000000,0.000000,0.187500,0,0
181500000000,181800000000,6274140245,159,4352675336,0.184600,0.061890,0.063230,0.000370,0.056150,0.062010,0.000004,0.000000,0.372100,0.000072,1.254000,0.000648,0.000000,0.000000,0.185500,0,0
181800000000,182100000000,6274140245,159,4352675336,0.184100,0.061830,0.063350,0.000370,0.056150,0.061950,0.000003,0.000000,0.191900,0.000072,1.268000,0.000689,0.000000,0.000000,0.186800,0,0
182100000000,182400000000,6274140245,159,4352675336,0.184100,0.061830,0.063350,0.000370,0.056150,0.061890,0.000004,0.000000,0.369600,0.000072,1.357000,0.000811,0.000000,0.000000,0.182900,0,0
182400000000,182700000000,6274140245,159,4352675336,0.183600,0.061830,0.063350,0.000370,0.056150,0.061890,0.000004,0.000000,0.487300,0.000072,1.276000,0.000660,0.000000,0.000000,0.187000,0,0
182700000000,183000000000,6274140245,159,4352675336,0.181600,0.061890,0.063350,0.000372,0.056150,0.061890,0.000009,0.000000,0.373500,0.001429,1.306000,0.000709,0.000000,0.000000,0.189000,0,0
183000000000,183300000000,6274140245,159,4352675336,0.182100,0.061890,0.063350,0.000405,0.056150,0.061950,0.000031,0.000000,0.371100,0.007782,1.276000,0.000685,0.000000,0.000000,0.187300,0,0
183300000000,183600000000,6274140245,159,4352675336,0.182100,0.061890,0.063350,0.000410,0.056150,0.061950,0.000003,0.000000,0.366700,0.000072,1.309000,0.000713,0.000000,0.000000,0.176500,0,0
183600000000,183900000000,6274140245,159,4352675336,0.136000,0.061830,0.063350,0.000410,0.056150,0.061950,0.000006,0.000000,0.191700,0.000428,1.306000,0.000684,0.000000,0.000000,0.171100,0,0
183900000000,183930000000,6274140245,159,4352675336,0.001225,0.060970,0.062870,0.002266,0.056150,0.061220,0.003002,0.000000,0.062190,0.041020,1.384000,0.000832,0.000000,0.000000,0.000098,0,0
183930000000,183951000000,6274140245,159,4352675336,0.000585,0.000000,0.000000,0.000000,0.000000,0.000000,0.000000,0.000000,0.012270,0.000000,1.385000,0.000834,0.000000,0.000000,0.000000,0,0
183951000000,183952000000,6274140245,159,4352675336,0.000000,0.000000,0.000000,0.000000,0.000000,0.000000,0.000000,0.000000,0.000000,0.000000,2.113000,0.006113,0.000000,0.000000,0.000000,0,0
