179236000000,179400000000,6274140245,16,3868878023,0.000000,0.000000,0.000000,0.000000,0.000000,0.000000,0.000000,0.000000,0.000000,0.000000,0.000000,0.000000,0.000000,0.000000,0.000000,0,0
179400000000,179461000000,6274140245,16,3868878023,0.000000,0.000000,0.000000,0.000000,0.000000,0.000000,0.000000,0.000000,0.000000,0.000000,0.000000,0.000000,0.000000,0.000000,0.000000,0,0
179461000000,179631000000,6274140245,16,3868878023,0.028660,0.037780,0.038760,0.000302,0.035640,0.061160,0.039310,0.000000,0.189200,0.121300,1.282000,0.002551,0.000000,0.000000,0.004990,0,0
179631000000,179700000000,6274140245,16,3868878023,0.159700,0.061400,0.062320,0.000202,0.055910,0.061710,0.008118,0.000000,0.372600,0.057740,1.341000,0.000691,0.000000,0.000000,0.187500,0,0
179700000000,179997000000,6274140245,16,3868878023,0.187000,0.061580,0.063110,0.000364,0.056090,0.061770,0.000142,0.000000,0.374000,0.019130,1.299000,0.000664,0.000000,0.000000,0.187300,0,0
179997000000,180000000000,6274140245,16,3868878023,0.187000,0.061580,0.063110,0.000386,0.056150,0.061580,0.000000,0.000000,0.192600,0.000000,1.380000,0.000775,0.000000,0.000000,0.189000,0,0
180000000000,180300000000,6274140245,16,3868878023,0.187300,0.061520,0.063110,0.000385,0.056150,0.061580,0.000005,0.000000,0.375000,0.000357,1.346000,0.000723,0.000000,0.000000,0.187300,0,0
180300000000,180600000000,6274140245,16,3868878023,0.187300,0.061580,0.063110,0.000384,0.056150,0.061650,0.000007,0.000000,0.212600,0.000999,1.324000,0.000696,0.000000,0.000000,0.189000,0,0
180600000000,180900000000,6274140245,16,3868878023,0.187000,0.061580,0.063110,0.000384,0.056150,0.061650,0.000009,0.000000,0.226300,0.001143,1.331000,0.000713,0.000000,0.000000,0.188500,0,0
180900000000,181200000000,6274140245,16,3868878023,0.187300,0.061520,0.063110,0.000383,0.056150,0.061580,0.000004,0.000000,0.228300,0.000072,1.296000,0.000639,0.000000,0.000000,0.187500,0,0
181200000000,181500000000,6274140245,16,3868878023,0.187300,0.061580,0.063110,0.000384,0.056150,0.061580,0.000006,0.000000,0.191900,0.000357,1.371000,0.000763,0.000000,0.000000,0.187500,0,0
181500000000,181800000000,6274140245,16,3868878023,0.187300,0.061580,0.063110,0.000384,0.056150,0.061650,0.000004,0.000000,0.206300,0.000072,1.328000,0.000710,0.000000,0.000000,0.188700,0,0
181800000000,182100000000,6274140245,16,3868878023,0.187300,0.061520,0.063110,0.000384,0.056150,0.061580,0.000004,0.000000,0.375000,0.000143,1.408000,0.000778,0.000000,0.000000,0.187500,0,0
182100000000,182400000000,6274140245,16,3868878023,0.186500,0.061580,0.063110,0.000384,0.056150,0.061650,0.000005,0.000000,0.375000,0.000428,1.294000,0.000637,0.000000,0.000000,0.181600,0,0
182400000000,182700000000,6274140245,16,3868878023,0.187300,0.061580,0.063110,0.000385,0.056150,0.061650,0.000004,0.000000,0.374500,0.000286,1.353000,0.000713,0.000000,0.000000,0.186800,0,0
182700000000,183000000000,6274140245,16,3868878023,0.187000,0.061520,0.063110,0.000421,0.056210,0.061580,0.000029,0.000000,0.374000,0.007072,1.320000,0.000657,0.000000,0.000000,0.186800,0,0
183000000000,183300000000,6274140245,16,3868878023,0.187300,0.061580,0.063110,0.000423,0.056210,0.061650,0.000004,0.000000,0.205300,0.000215,1.372000,0.000743,0.000000,0.000000,0.189000,0,0
183300000000,183600000000,6274140245,16,3868878023,0.187300,0.061580,0.063110,0.000423,0.056210,0.061650,0.000003,0.000000,0.206300,0.000072,1.320000,0.000691,0.000000,0.000000,0.187000,0,0
183600000000,183900000000,6274140245,16,3868878023,0.123200,0.061400,0.063110,0.000423,0.056210,0.061650,0.000005,0.000000,0.206300,0.000215,1.320000,0.000683,0.000000,0.000000,0.187300,0,0
183900000000,183930000000,6274140245,16,3868878023,0.001078,0.060790,0.062380,0.002281,0.056210,0.061100,0.002563,0.000000,0.061520,0.036130,1.401000,0.000795,0.000000,0.000000,0.000258,0,0
183930000000,183951000000,6274140245,16,3868878023,0.000869,0.000000,0.000000,0.000000,0.000000,0.000000,0.000143,0.000000,0.018250,0.002998,2.877000,0.011430,0.000000,0.000000,0.000000,0,0
183951000000,183952000000,6274140245,16,3868878023,0.000000,0.000000,0.000000,0.000000,0.000000,0.000000,0.000000,0.000000,0.000000,0.000000,2.877000,0.011430,0.000000,0.000000,0.000000,0,0
190722000000,190800000000,6274140245,16,336047633,0.000000,0.000000,0.000000,0.000000,0.000000,0.000000,0.000000,0.000000,0.000000,0.000000,0.000000,0.000000,0.000000,0.000000,0.000000,0,0
190800000000,190924000000,6274140245,16,336047633,0.000000,0.000000,0.000000,0.000000,0.000000,0.000000,0.000000,0.000000,0.000000,0.000000,0.000000,0.000000,0.000000,0.000000,0.000000,0,0
190924000000,190998000000,6274140245,16,336047633,0.000535,0.001757,0.003872,0.000740,0.001335,0.001844,0.004044,0.000000,0.015340,0.064820,2.031000,0.007893,0.000000,0.000000,0.000295,0,0
190998000000,191015000000,6274140245,16,336047633,0.000111,0.000000,0.000000,0.000000,0.000000,0.000000,0.000009,0.000000,0.001877,0.000143,2.031000,0.007893,0.000000,0.000000,0.000000,0,0
191015000000,191016000000,6274140245,16,336047633,0.000000,0.000000,0.000000,0.000000,0.000000,0.000000,0.000000,0.000000,0.000000,0.000000,2.031000,0.007893,0.000000,0.000000,0.000000,0,0
