179243000000,179400000000,6274140245,160,1094090,0.000000,0.000000,0.000000,0.000000,0.000000,0.000000,0.000000,0.000000,0.000000,0.000000,0.000000,0.000000,0.000000,0.000000,0.000000,0,0
179400000000,179457000000,6274140245,160,1094090,0.000000,0.000000,0.000000,0.000000,0.000000,0.000000,0.000000,0.000000,0.000000,0.000000,0.000000,0.000000,0.000000,0.000000,0.000000,0,0
179457000000,179616000000,6274140245,160,1094090,0.008606,0.032960,0.033870,0.000108,0.031800,0.053710,0.053220,0.000000,0.069580,0.102100,32.440000,0.160000,0.000000,0.000000,0.007294,0,0
179616000000,179700000000,6274140245,160,1094090,0.106700,0.059020,0.060000,0.000238,0.055300,0.061100,0.021880,0.000000,0.384800,0.071530,1.398000,0.000779,0.000000,0.000000,0.186800,0,0
179700000000,180000000000,6274140245,160,1094090,0.185800,0.061160,0.061460,0.000376,0.056090,0.061400,0.000348,0.000000,0.372100,0.035220,1.366000,0.000780,0.000000,0.000000,0.186800,0,0
180000000000,180186000000,6274140245,160,1094090,0.185100,0.061160,0.061460,0.000321,0.056090,0.061220,0.000131,0.000000,0.218000,0.014430,1.380000,0.000801,0.000000,0.000000,0.186300,0,0
180186000000,180300000000,6274140245,160,1094090,0.184800,0.061100,0.061460,0.000290,0.056030,0.061220,0.000121,0.000000,0.218500,0.010280,1.432000,0.000836,0.000000,0.000000,0.188200,0,0
180300000000,180600000000,6274140245,160,1094090,0.185500,0.061160,0.061460,0.000262,0.056030,0.061220,0.000005,0.000000,0.373500,0.000500,1.327000,0.000701,0.000000,0.000000,0.184800,0,0
180600000000,180900000000,6274140245,160,1094090,0.185800,0.061220,0.061460,0.000202,0.055970,0.061280,0.000024,0.000000,0.220200,0.005074,1.337000,0.000694,0.000000,0.000000,0.185500,0,0
180900000000,181200000000,6274140245,160,1094090,0.186000,0.061160,0.061520,0.000142,0.055910,0.061220,0.000010,0.000000,0.222700,0.000786,1.385000,0.000751,0.000000,0.000000,0.186000,0,0
181200000000,181500000000,6274140245,160,1094090,0.186000,0.061160,0.061520,0.000120,0.055910,0.061220,0.000010,0.000000,0.355500,0.001072,1.378000,0.000766,0.000000,0.000000,0.186500,0,0
181500000000,181800000000,6274140245,160,1094090,0.186000,0.061100,0.061520,0.000095,0.055850,0.061220,0.000005,0.000000,0.375500,0.000428,1.395000,0.000811,0.000000,0.000000,0.188200,0,0
181800000000,182100000000,6274140245,160,1094090,0.185300,0.061100,0.061520,0.000055,0.055850,0.061220,0.000031,0.000000,0.193400,0.006287,1.328000,0.000720,0.000000,0.000000,0.186500,0,0
182100000000,182400000000,6274140245,160,1094090,0.184800,0.061160,0.061520,0.000030,0.055790,0.061220,0.000005,0.000000,0.192100,0.000714,1.346000,0.000728,0.000000,0.000000,0.192100,0,0
182400000000,182700000000,6274140245,160,1094090,0.184800,0.061100,0.061520,0.000057,0.055790,0.061220,0.000101,0.000000,0.200700,0.016850,1.380000,0.000731,0.000000,0.000000,0.179000,0,0
182700000000,183000000000,6274140245,160,1094090,0.185800,0.061220,0.061520,0.000098,0.055850,0.061400,0.000323,0.000000,0.367200,0.043700,1.321000,0.000697,0.000000,0.000000,0.188000,0,0
183000000000,183300000000,6274140245,160,1094090,0.185300,0.061220,0.061520,0.000172,0.055910,0.061340,0.000288,0.000000,0.201700,0.018590,1.366000,0.000751,0.000000,0.000000,0.185800,0,0
183300000000,183600000000,6274140245,160,1094090,0.185100,0.061160,0.061520,0.000181,0.055970,0.061220,0.000005,0.000000,0.192100,0.000428,1.328000,0.000688,0.000000,0.000000,0.186800,0,0
183600000000,183900000000,6274140245,160,1094090,0.133500,0.061100,0.061520,0.000184,0.055910,0.061340,0.000506,0.000000,0.192900,0.023280,1.400000,0.000784,0.000000,0.000000,0.188200,0,0
183900000000,183931000000,6274140245,160,1094090,0.001883,0.059880,0.061520,0.002014,0.055970,0.060060,0.003441,0.000000,0.049260,0.038020,3.096000,0.012580,0.000000,0.000000,0.049260,0,0
183931000000,183947000000,6274140245,160,1094090,0.000252,0.000000,0.000000,0.000000,0.000000,0.000000,0.000031,0.000000,0.004028,0.000428,3.096000,0.012580,0.000000,0.000000,0.000000,0,0
183947000000,183948000000,6274140245,160,1094090,0.000000,0.000000,0.000000,0.000000,0.000000,0.000000,0.000000,0.000000,0.000000,0.000000,3.096000,0.012580,0.000000,0.000000,0.000000,0,0
