179228000000,179400000000,6274140245,161,422082,0.000000,0.000000,0.000000,0.000000,0.000000,0.000000,0.000000,0.000000,0.000000,0.000000,0.000000,0.000000,0.000000,0.000000,0.000000,0,0
179400000000,179452000000,6274140245,161,422082,0.000000,0.000000,0.000000,0.000000,0.000000,0.000000,0.000000,0.000000,0.000000,0.000000,0.000000,0.000000,0.000000,0.000000,0.000000,0,0
179452000000,179613000000,6274140245,161,422082,0.006294,0.030060,0.031190,0.000153,0.029050,0.053590,0.043640,0.000000,0.062870,0.087040,1.266000,0.002309,0.000000,0.000000,0.006203,0,0
179613000000,179700000000,6274140245,161,422082,0.049560,0.059270,0.059750,0.000281,0.055420,0.060730,0.031310,0.000000,0.188500,0.111600,0.876100,0.000429,0.000000,0.000000,0.004997,0,0
179700000000,179720000000,6274140245,161,422082,0.013470,0.060730,0.060730,0.000035,0.055660,0.060730,0.040650,0.000000,0.094600,0.057740,1.250000,0.000603,0.000000,0.000000,0.008896,0,0
179720000000,179746000000,6274140245,161,422082,0.001719,0.002209,0.000000,0.002140,0.002140,0.057430,0.000000,0.000000,0.044680,0.000000,1.250000,0.000603,0.000000,0.000000,0.000000,0,1
179746000000,179747000000,6274140245,161,422082,0.000000,0.000000,0.000000,0.000000,0.000000,0.000000,0.000000,0.000000,0.000000,0.000000,1.250000,0.000603,0.000000,0.000000,0.000000,0,0
179767000000,179938000000,6274140245,161,63691344,0.003704,0.023380,0.027250,0.000112,0.025300,0.035830,0.036380,0.000000,0.047610,0.108500,17.660000,0.081990,0.000000,0.000000,0.000976,0,0
179938000000,179956000000,6274140245,161,63691344,0.020970,0.002743,0.000000,0.002663,0.002666,0.049380,0.000000,0.000000,0.377000,0.000000,0.000000,0.000000,0.000000,0.000000,0.000000,0,1
179956000000,179957000000,6274140245,161,63691344,0.000000,0.000000,0.000000,0.000000,0.000000,0.000000,0.000000,0.000000,0.000000,0.000000,0.000000,0.000000,0.000000,0.000000,0.000000,0,0
179973000000,180000000000,6274140245,161,294924103,0.000000,0.000000,0.000000,0.000000,0.000000,0.000000,0.000000,0.000000,0.000000,0.000000,0.000000,0.000000,0.000000,0.000000,0.000000,0,0
180000000000,180140000000,6274140245,161,294924103,0.000000,0.000000,0.000000,0.000000,0.000000,0.000000,0.000000,0.000000,0.000000,0.000000,0.000000,0.000000,0.000000,0.000000,0.000000,0,0
180140000000,180300000000,6274140245,161,294924103,0.042660,0.042180,0.043330,0.000420,0.039920,0.062620,0.040830,0.000000,0.188000,0.150900,0.974900,0.000366,0.000000,0.000000,0.175300,0,0
180300000000,180600000000,6274140245,161,294924103,0.178500,0.061890,0.062990,0.001341,0.057070,0.062990,0.000322,0.000000,0.362300,0.021580,1.335000,0.000700,0.000000,0.000000,0.162800,0,0
180600000000,180900000000,6274140245,161,294924103,0.178200,0.061650,0.062990,0.001143,0.056880,0.061710,0.000014,0.000000,0.361800,0.001642,1.337000,0.000735,0.000000,0.000000,0.186000,0,0
180900000000,181200000000,6274140245,161,294924103,0.177500,0.061650,0.062990,0.000295,0.056090,0.061710,0.000011,0.000000,0.347700,0.001642,1.393000,0.000761,0.000000,0.000000,0.183600,0,0
181200000000,181500000000,6274140245,161,294924103,0.175000,0.061650,0.062990,0.000296,0.056090,0.061710,0.000007,0.000000,0.344700,0.000643,1.274000,0.000661,0.000000,0.000000,0.191200,0,0
181500000000,181800000000,6274140245,161,294924103,0.175000,0.061580,0.062990,0.000296,0.056090,0.061710,0.000004,0.000000,0.190400,0.000143,1.367000,0.000728,0.000000,0.000000,0.184300,0,0
181800000000,182100000000,6274140245,161,294924103,0.175500,0.061580,0.062990,0.000296,0.056090,0.061650,0.000005,0.000000,0.365700,0.000714,1.353000,0.000738,0.000000,0.000000,0.188500,0,0
182100000000,182400000000,6274140245,161,294924103,0.174800,0.061580,0.062990,0.000296,0.056090,0.061650,0.000004,0.000000,0.351100,0.000072,1.392000,0.000763,0.000000,0.000000,0.166300,0,0
182400000000,182700000000,6274140245,161,294924103,0.174600,0.061580,0.062990,0.000296,0.056090,0.061650,0.000005,0.000000,0.358400,0.000428,1.418000,0.000805,0.000000,0.000000,0.186800,0,0
182700000000,183000000000,6274140245,161,294924103,0.175300,0.061520,0.063110,0.000296,0.056090,0.061580,0.000004,0.000000,0.356400,0.000286,1.375000,0.000777,0.000000,0.000000,0.186800,0,0
183000000000,183300000000,6274140245,161,294924103,0.176500,0.061460,0.063110,0.000296,0.056090,0.061580,0.000005,0.000000,0.344200,0.000286,1.406000,0.000782,0.000000,0.000000,0.187300,0,0
183300000000,183600000000,6274140245,161,294924103,0.175300,0.061520,0.063110,0.000314,0.056090,0.061580,0.000025,0.000000,0.359400,0.005646,1.316000,0.000660,0.000000,0.000000,0.184600,0,0
183600000000,183900000000,6274140245,161,294924103,0.121000,0.061340,0.063110,0.000334,0.056090,0.061580,0.000010,0.000000,0.188200,0.002144,1.411000,0.000825,0.000000,0.000000,0.172400,0,0
183900000000,183960000000,6274140245,161,294924103,0.000793,0.060550,0.062070,0.001268,0.056090,0.060970,0.001337,0.000000,0.061830,0.034480,1.496000,0.000864,0.000000,0.000000,0.000706,0,0
183960000000,183980000000,6274140245,161,294924103,0.000708,0.000000,0.000000,0.000000,0.000000,0.000000,0.000004,0.000000,0.014160,0.000072,3.385000,0.012850,0.000000,0.000000,0.000000,0,0
183980000000,183981000000,6274140245,161,294924103,0.000000,0.000000,0.000000,0.000000,0.000000,0.000000,0.000000,0.000000,0.000000,0.000000,3.385000,0.012850,0.000000,0.000000,0.000000,0,0
