179236000000,179400000000,6274140245,162,231507855,0.000000,0.000000,0.000000,0.000000,0.000000,0.000000,0.000000,0.000000,0.000000,0.000000,0.000000,0.000000,0.000000,0.000000,0.000000,0,0
179400000000,179442000000,6274140245,162,231507855,0.000000,0.000000,0.000000,0.000000,0.000000,0.000000,0.000000,0.000000,0.000000,0.000000,0.000000,0.000000,0.000000,0.000000,0.000000,0,0
179442000000,179592000000,6274140245,162,231507855,0.025820,0.037170,0.038090,0.000209,0.035580,0.060060,0.047790,0.000000,0.188700,0.125500,0.952900,0.000541,0.000000,0.000000,0.002075,0,0
179592000000,179700000000,6274140245,162,231507855,0.182600,0.060910,0.061950,0.000308,0.056030,0.061160,0.002533,0.000000,0.189500,0.064820,1.287000,0.000619,0.000000,0.000000,0.188000,0,0
179700000000,179998000000,6274140245,162,231507855,0.187300,0.060970,0.061950,0.000367,0.056090,0.061100,0.000066,0.000000,0.192900,0.018490,1.325000,0.000679,0.000000,0.000000,0.186000,0,0
179998000000,180000000000,6274140245,162,231507855,0.187700,0.060910,0.061950,0.000386,0.056150,0.060910,0.000000,0.000000,0.187700,0.000000,1.270000,0.000602,0.000000,0.000000,0.187300,0,0
180000000000,180300000000,6274140245,162,231507855,0.187300,0.061040,0.061950,0.000384,0.056150,0.061100,0.000009,0.000000,0.192400,0.001286,1.309000,0.000645,0.000000,0.000000,0.186300,0,0
180300000000,180600000000,6274140245,162,231507855,0.187300,0.061040,0.061950,0.000385,0.056150,0.061100,0.000004,0.000000,0.206500,0.000072,1.345000,0.000658,0.000000,0.000000,0.186000,0,0
180600000000,180900000000,6274140245,162,231507855,0.187000,0.061040,0.061950,0.000384,0.056150,0.061100,0.000007,0.000000,0.371600,0.000786,1.331000,0.000684,0.000000,0.000000,0.186500,0,0
180900000000,181200000000,6274140245,162,231507855,0.187000,0.061040,0.061950,0.000384,0.056150,0.061100,0.000004,0.000000,0.206300,0.000143,1.387000,0.000736,0.000000,0.000000,0.187300,0,0
181200000000,181500000000,6274140245,162,231507855,0.186300,0.061040,0.061950,0.000385,0.056150,0.061100,0.000004,0.000000,0.375500,0.000143,1.379000,0.000741,0.000000,0.000000,0.187300,0,0
181500000000,181800000000,6274140245,162,231507855,0.187300,0.061040,0.061950,0.000385,0.056150,0.061100,0.000004,0.000000,0.197500,0.000072,1.347000,0.000703,0.000000,0.000000,0.187500,0,0
181800000000,182100000000,6274140245,162,231507855,0.187000,0.061040,0.061950,0.000385,0.056150,0.061100,0.000004,0.000000,0.193800,0.000072,1.351000,0.000708,0.000000,0.000000,0.187500,0,0
182100000000,182400000000,6274140245,162,231507855,0.187000,0.061040,0.061950,0.000385,0.056150,0.061100,0.000004,0.000000,0.193400,0.000215,1.343000,0.000682,0.000000,0.000000,0.187500,0,0
182400000000,182700000000,6274140245,162,231507855,0.187300,0.061100,0.061950,0.000407,0.056150,0.061160,0.000024,0.000000,0.191900,0.005714,1.368000,0.000681,0.000000,0.000000,0.187700,0,0
182700000000,183000000000,6274140245,162,231507855,0.187000,0.061100,0.061950,0.000407,0.056150,0.061160,0.000004,0.000000,0.375500,0.000143,1.348000,0.000690,0.000000,0.000000,0.187500,0,0
183000000000,183300000000,6274140245,162,231507855,0.187300,0.061040,0.061950,0.000404,0.056150,0.061100,0.000003,0.000000,0.193100,0.000143,1.366000,0.000696,0.000000,0.000000,0.187300,0,0
183300000000,183600000000,6274140245,162,231507855,0.187300,0.061040,0.061950,0.000403,0.056150,0.061100,0.000003,0.000000,0.192900,0.000072,1.358000,0.000742,0.000000,0.000000,0.188000,0,0
183600000000,183900000000,6274140245,162,231507855,0.135700,0.060910,0.061950,0.000382,0.056150,0.061040,0.000004,0.000000,0.193600,0.000072,1.369000,0.000754,0.000000,0.000000,0.189000,0,0
183900000000,183932000000,6274140245,162,231507855,0.001728,0.060240,0.061950,0.003883,0.056150,0.060420,0.003944,0.000000,0.062130,0.047000,3.169000,0.012520,0.000000,0.000000,0.000280,0,0
183932000000,183951000000,6274140245,162,231507855,0.000096,0.000000,0.000000,0.000000,0.000000,0.000000,0.000047,0.000000,0.001831,0.000929,3.169000,0.012520,0.000000,0.000000,0.000000,0,0
183951000000,183953000000,6274140245,162,231507855,0.000000,0.000000,0.000000,0.000000,0.000000,0.000000,0.000000,0.000000,0.000000,0.000000,3.169000,0.012520,0.000000,0.000000,0.000000,0,0
