179240000000,179400000000,6274140245,163,228617778,0.000000,0.000000,0.000000,0.000000,0.000000,0.000000,0.000000,0.000000,0.000000,0.000000,0.000000,0.000000,0.000000,0.000000,0.000000,0,0
179400000000,179526000000,6274140245,163,228617778,0.000000,0.000000,0.000000,0.000000,0.000000,0.000000,0.000000,0.000000,0.000000,0.000000,0.000000,0.000000,0.000000,0.000000,0.000000,0,0
179526000000,179663000000,6274140245,163,228617778,0.003559,0.021510,0.023100,0.000175,0.020810,0.036320,0.033870,0.000000,0.017490,0.115600,5.768000,0.026250,0.000000,0.000000,0.000892,0,0
179663000000,179700000000,6274140245,163,228617778,0.003609,0.040100,0.044070,0.000032,0.040890,0.053220,0.032780,0.000000,0.044130,0.055110,3.126000,0.012570,0.000000,0.000000,0.000243,0,0
179700000000,180000000000,6274140245,163,228617778,0.025480,0.058350,0.058720,0.000183,0.054930,0.060120,0.037780,0.000000,0.186300,0.127200,1.445000,0.000841,0.000000,0.000000,0.008667,0,0
180000000000,180300000000,6274140245,163,228617778,0.006271,0.060060,0.060120,0.000051,0.055660,0.060120,0.049190,0.000000,0.048830,0.068120,1.464000,0.001273,0.000000,0.000000,0.003326,0,0
180300000000,180600000000,6274140245,163,228617778,0.007698,0.060060,0.060060,0.000050,0.055660,0.060120,0.054140,0.000000,0.046390,0.068360,14.510000,0.059630,0.000000,0.000000,0.007545,0,0
180600000000,180900000000,6274140245,163,228617778,0.008530,0.060060,0.060060,0.000045,0.055660,0.060120,0.053890,0.000000,0.049800,0.071530,3.147000,0.008849,0.000000,0.000000,0.011340,0,0
180900000000,181022000000,6274140245,163,228617778,0.006454,0.060060,0.060060,0.000043,0.055660,0.060060,0.045900,0.000000,0.082640,0.064450,3.960000,0.010960,0.000000,0.000000,0.012300,0,0
181022000000,181200000000,6274140245,163,228617778,0.007195,0.060060,0.060060,0.000044,0.055660,0.060060,0.048100,0.000000,0.029850,0.084470,2.926000,0.006213,0.000000,0.000000,0.022640,0,0
181200000000,181500000000,6274140245,163,228617778,0.007080,0.060060,0.060060,0.000042,0.055660,0.060120,0.045960,0.000000,0.026370,0.071530,13.720000,0.055040,0.000000,0.000000,0.009323,0,0
181500000000,181800000000,6274140245,163,228617778,0.106600,0.060490,0.061460,0.000242,0.055970,0.060910,0.016660,0.000000,0.201900,0.065430,1.412000,0.000800,0.000000,0.000000,0.178700,0,0
181800000000,181851000000,6274140245,163,228617778,0.167200,0.060730,0.062010,0.000362,0.056090,0.060730,0.000128,0.000000,0.190200,0.006073,1.354000,0.000765,0.000000,0.000000,0.172100,0,0
181851000000,182100000000,6274140245,163,228617778,0.165500,0.060610,0.062010,0.000360,0.056090,0.060730,0.000013,0.000000,0.276400,0.001642,1.330000,0.000709,0.000000,0.000000,0.161400,0,0
182100000000,182400000000,6274140245,163,228617778,0.165300,0.060790,0.062010,0.000352,0.056090,0.060850,0.000011,0.000000,0.189900,0.001785,1.401000,0.000805,0.000000,0.000000,0.155300,0,0
182400000000,182700000000,6274140245,163,228617778,0.165000,0.060730,0.062010,0.000342,0.056090,0.060850,0.000020,0.000000,0.188500,0.002930,1.333000,0.000708,0.000000,0.000000,0.181600,0,0
182700000000,182840000000,6274140245,163,228617778,0.166700,0.060670,0.062010,0.000340,0.056090,0.060790,0.000004,0.000000,0.186300,0.000072,1.379000,0.000764,0.000000,0.000000,0.182900,0,0
182840000000,183000000000,6274140245,163,228617778,0.164800,0.060730,0.062010,0.000340,0.056090,0.060790,0.000005,0.000000,0.292000,0.000571,1.230000,0.000642,0.000000,0.000000,0.175800,0,0
183000000000,183300000000,6274140245,163,228617778,0.164800,0.060790,0.062010,0.000342,0.056090,0.060850,0.000012,0.000000,0.187700,0.002213,1.375000,0.000779,0.000000,0.000000,0.168900,0,0
183300000000,183600000000,6274140245,163,228617778,0.168500,0.060790,0.062010,0.000343,0.056090,0.060850,0.000009,0.000000,0.188700,0.001072,1.388000,0.000794,0.000000,0.000000,0.184100,0,0
183600000000,183900000000,6274140245,163,228617778,0.130100,0.060670,0.062010,0.000343,0.056090,0.060850,0.000008,0.000000,0.195300,0.001429,1.327000,0.000687,0.000000,0.000000,0.120800,0,0
183900000000,183992000000,6274140245,163,228617778,0.054080,0.060120,0.062010,0.001024,0.056150,0.060180,0.000922,0.000000,0.063720,0.023350,1.413000,0.000714,0.000000,0.000000,0.062260,0,0
183992000000,184010000000,6274140245,163,228617778,0.000183,0.000000,0.000000,0.000000,0.000000,0.000000,0.000004,0.000000,0.003296,0.000072,1.426000,0.000736,0.000000,0.000000,0.000000,0,0
184010000000,184011000000,6274140245,163,228617778,0.000000,0.000000,0.000000,0.000000,0.000000,0.000000,0.000000,0.000000,0.000000,0.000000,1.426000,0.000736,0.000000,0.000000,0.000000,0,0
