179241000000,179400000000,6274140245,164,16918861,0.000000,0.000000,0.000000,0.000000,0.000000,0.000000,0.000000,0.000000,0.000000,0.000000,0.000000,0.000000,0.000000,0.000000,0.000000,0,0
179400000000,179700000000,6274140245,164,16918861,0.000000,0.000000,0.000000,0.000000,0.000000,0.000000,0.000000,0.000000,0.000000,0.000000,0.000000,0.000000,0.000000,0.000000,0.000000,0,0
179700000000,179864000000,6274140245,164,16918861,0.000000,0.000000,0.000000,0.000000,0.000000,0.000000,0.000000,0.000000,0.000000,0.000000,0.000000,0.000000,0.000000,0.000000,0.000000,0,0
179864000000,180000000000,6274140245,164,16918861,0.003674,0.018010,0.019200,0.000224,0.016880,0.035950,0.034000,0.000000,0.024380,0.107200,1.339000,0.002895,0.000000,0.000000,0.001303,0,0
180000000000,180012000000,6274140245,164,16918861,0.003784,0.036500,0.038330,0.000002,0.035460,0.036990,0.027220,0.000000,0.011690,0.059690,3.104000,0.011760,0.000000,0.000000,0.004135,0,0
180012000000,180300000000,6274140245,164,16918861,0.080080,0.057010,0.058960,0.000691,0.053830,0.061770,0.012130,0.000000,0.189000,0.100800,1.351000,0.000753,0.000000,0.000000,0.187300,0,0
180300000000,180600000000,6274140245,164,16918861,0.185300,0.061650,0.061830,0.000148,0.055910,0.061770,0.000313,0.000000,0.374500,0.044370,1.290000,0.000702,0.000000,0.000000,0.187300,0,0
180600000000,180900000000,6274140245,164,16918861,0.158400,0.061650,0.061830,0.000067,0.055850,0.061710,0.000031,0.000000,0.374500,0.003143,1.370000,0.000745,0.000000,0.000000,0.187500,0,0
180900000000,180978000000,6274140245,164,16918861,0.288600,0.061580,0.061830,0.000044,0.055790,0.061650,0.000000,0.000000,0.439900,0.000002,1.355000,0.000722,0.000000,0.000000,0.182600,0,0
180978000000,181200000000,6274140245,164,16918861,0.185800,0.061710,0.061830,0.000039,0.055790,0.061770,0.000029,0.000000,0.193100,0.005211,1.285000,0.000655,0.000000,0.000000,0.180900,0,0
181200000000,181500000000,6274140245,164,16918861,0.173300,0.061770,0.061830,0.000056,0.055790,0.061830,0.000958,0.000000,0.356400,0.031860,1.297000,0.000639,0.000000,0.000000,0.186800,0,0
181500000000,181800000000,6274140245,164,16918861,0.188200,0.061770,0.061830,0.000070,0.055790,0.061890,0.001656,0.000000,0.358900,0.025630,1.363000,0.000711,0.000000,0.000000,0.187000,0,0
181800000000,182100000000,6274140245,164,16918861,0.181900,0.061770,0.061830,0.000072,0.055850,0.061830,0.001074,0.000000,0.191200,0.028560,1.425000,0.000717,0.000000,0.000000,0.186300,0,0
182100000000,182400000000,6274140245,164,16918861,0.184100,0.061710,0.061830,0.000061,0.055790,0.061830,0.000425,0.000000,0.374000,0.024140,1.364000,0.000728,0.000000,0.000000,0.187300,0,0
182400000000,182700000000,6274140245,164,16918861,0.178200,0.061710,0.061830,0.000039,0.055790,0.061770,0.000119,0.000000,0.191200,0.016300,1.408000,0.000753,0.000000,0.000000,0.184300,0,0
182700000000,183000000000,6274140245,164,16918861,0.177200,0.061710,0.061830,0.000032,0.055790,0.061770,0.000049,0.000000,0.355500,0.006218,1.398000,0.000755,0.000000,0.000000,0.163100,0,0
183000000000,183300000000,6274140245,164,16918861,0.175300,0.061710,0.061830,0.000010,0.055790,0.061770,0.000026,0.000000,0.199500,0.002930,1.359000,0.000749,0.000000,0.000000,0.166000,0,0
183300000000,183600000000,6274140245,164,16918861,0.174300,0.061710,0.061830,0.000063,0.055790,0.061890,0.001410,0.000000,0.188200,0.047120,1.395000,0.000754,0.000000,0.000000,0.179900,0,0
183600000000,183900000000,6274140245,164,16918861,0.136000,0.061650,0.061830,0.000062,0.055790,0.061770,0.000058,0.000000,0.197300,0.007431,1.379000,0.000762,0.000000,0.000000,0.161900,0,0
183900000000,184200000000,6274140245,164,16918861,0.071780,0.061100,0.061830,0.000098,0.055850,0.061460,0.000173,0.000000,0.125700,0.024410,1.369000,0.000747,0.000000,0.000000,0.060970,0,0
184200000000,184295000000,6274140245,164,16918861,0.103300,0.060850,0.061830,0.000106,0.055850,0.060970,0.000007,0.000000,0.126000,0.000428,1.416000,0.000787,0.000000,0.000000,0.125000,0,0
184295000000,184500000000,6274140245,164,16918861,0.064580,0.060790,0.061830,0.000106,0.055850,0.061040,0.000008,0.000000,0.125700,0.000357,1.414000,0.000801,0.000000,0.000000,0.062500,0,0
184500000000,184584000000,6274140245,164,16918861,0.044980,0.060730,0.061830,0.001442,0.055910,0.060790,0.001869,0.000000,0.063480,0.033020,1.302000,0.000719,0.000000,0.000000,0.062500,0,0
184584000000,184602000000,6274140245,164,16918861,0.000126,0.000000,0.000000,0.000000,0.000000,0.000000,0.000000,0.000000,0.002258,0.000000,2.747000,0.009317,0.000000,0.000000,0.000000,0,0
184602000000,184603000000,6274140245,164,16918861,0.000000,0.000000,0.000000,0.000000,0.000000,0.000000,0.000000,0.000000,0.000000,0.000000,2.747000,0.009317,0.000000,0.000000,0.000000,0,0
