179238000000,179400000000,6274140245,165,63618140,0.000000,0.000000,0.000000,0.000000,0.000000,0.000000,0.000000,0.000000,0.000000,0.000000,0.000000,0.000000,0.000000,0.000000,0.000000,0,0
179400000000,179626000000,6274140245,165,63618140,0.000000,0.000000,0.000000,0.000000,0.000000,0.000000,0.000000,0.000000,0.000000,0.000000,0.000000,0.000000,0.000000,0.000000,0.000000,0,0
179626000000,179700000000,6274140245,165,63618140,0.001900,0.004013,0.005844,0.000525,0.003487,0.010410,0.019620,0.000000,0.016270,0.045650,1.403000,0.001770,0.000000,0.000000,0.001202,0,0
179700000000,179768000000,6274140245,165,63618140,0.003269,0.020230,0.021180,0.000042,0.019500,0.027470,0.027680,0.000000,0.014600,0.057130,1.513000,0.002364,0.000000,0.000000,0.002228,0,0
179768000000,180000000000,6274140245,165,63618140,0.057310,0.048400,0.053340,0.000245,0.049680,0.060610,0.024140,0.000000,0.205800,0.106300,1.268000,0.000626,0.000000,0.000000,0.001987,0,0
180000000000,180300000000,6274140245,165,63618140,0.185500,0.060670,0.062070,0.000358,0.056090,0.060850,0.000373,0.000000,0.374000,0.026060,1.360000,0.000766,0.000000,0.000000,0.186500,0,0
180300000000,180600000000,6274140245,165,63618140,0.186000,0.060610,0.062010,0.000389,0.056150,0.060670,0.000004,0.000000,0.206300,0.000428,1.307000,0.000683,0.000000,0.000000,0.187300,0,0
180600000000,180646000000,6274140245,165,63618140,0.185800,0.060490,0.062010,0.000388,0.056150,0.060610,0.000003,0.000000,0.205800,0.000072,1.372000,0.000747,0.000000,0.000000,0.187300,0,0
180646000000,180900000000,6274140245,165,63618140,0.187300,0.060670,0.062010,0.000388,0.056150,0.060670,0.000009,0.000000,0.205800,0.001143,1.384000,0.000755,0.000000,0.000000,0.187500,0,0
180900000000,181200000000,6274140245,165,63618140,0.185500,0.060670,0.062010,0.000388,0.056150,0.060730,0.000003,0.000000,0.191700,0.000143,1.334000,0.000713,0.000000,0.000000,0.187500,0,0
181200000000,181500000000,6274140245,165,63618140,0.187300,0.060670,0.062010,0.000388,0.056150,0.060730,0.000005,0.000000,0.203900,0.000357,1.385000,0.000710,0.000000,0.000000,0.188500,0,0
181500000000,181800000000,6274140245,165,63618140,0.185800,0.060670,0.062010,0.000388,0.056150,0.060790,0.000004,0.000000,0.204600,0.000143,1.336000,0.000713,0.000000,0.000000,0.187500,0,0
181800000000,182100000000,6274140245,165,63618140,0.187300,0.060670,0.062010,0.000388,0.056150,0.060790,0.000009,0.000000,0.206300,0.001715,1.350000,0.000688,0.000000,0.000000,0.187500,0,0
182100000000,182400000000,6274140245,165,63618140,0.187000,0.060670,0.062010,0.000388,0.056150,0.060790,0.000005,0.000000,0.375000,0.000215,1.358000,0.000718,0.000000,0.000000,0.188200,0,0
182400000000,182700000000,6274140245,165,63618140,0.185800,0.060670,0.062010,0.000389,0.056150,0.060790,0.000005,0.000000,0.376000,0.000357,1.303000,0.000666,0.000000,0.000000,0.187000,0,0
182700000000,183000000000,6274140245,165,63618140,0.185300,0.060730,0.062010,0.000390,0.056150,0.060790,0.000014,0.000000,0.203100,0.003284,1.358000,0.000773,0.000000,0.000000,0.186500,0,0
183000000000,183300000000,6274140245,165,63618140,0.185500,0.060730,0.062010,0.000412,0.056150,0.060790,0.000025,0.000000,0.206100,0.005211,1.348000,0.000713,0.000000,0.000000,0.183800,0,0
183300000000,183600000000,6274140245,165,63618140,0.185500,0.060730,0.062010,0.000428,0.056210,0.060790,0.000004,0.000000,0.204800,0.000143,1.389000,0.000776,0.000000,0.000000,0.187500,0,0
183600000000,183900000000,6274140245,165,63618140,0.104400,0.060360,0.061770,0.000379,0.056150,0.060790,0.000003,0.000000,0.189000,0.000072,1.371000,0.000727,0.000000,0.000000,0.183600,0,0
183900000000,183923000000,6274140245,165,63618140,0.002071,0.059080,0.060180,0.004951,0.055850,0.059270,0.007187,0.000000,0.052670,0.044010,3.284000,0.010880,0.000000,0.000000,0.000175,0,0
183923000000,183944000000,6274140245,165,63618140,0.000099,0.000000,0.000000,0.000000,0.000000,0.000000,0.000102,0.000000,0.002075,0.001785,3.789000,0.011130,0.000000,0.000000,0.000000,0,0
183944000000,183945000000,6274140245,165,63618140,0.000000,0.000000,0.000000,0.000000,0.000000,0.000000,0.000000,0.000000,0.000000,0.000000,3.789000,0.011130,0.000000,0.000000,0.000000,0,0
