179234000000,179400000000,6274140245,166,295002673,0.000000,0.000000,0.000000,0.000000,0.000000,0.000000,0.000000,0.000000,0.000000,0.000000,0.000000,0.000000,0.000000,0.000000,0.000000,0,0
179400000000,179700000000,6274140245,166,295002673,0.000000,0.000000,0.000000,0.000000,0.000000,0.000000,0.000000,0.000000,0.000000,0.000000,0.000000,0.000000,0.000000,0.000000,0.000000,0,0
179700000000,179963000000,6274140245,166,295002673,0.000000,0.000000,0.000000,0.000000,0.000000,0.000000,0.000000,0.000000,0.000000,0.000000,0.000000,0.000000,0.000000,0.000000,0.000000,0,0
179963000000,180000000000,6274140245,166,295002673,0.002060,0.002041,0.004166,0.000449,0.001505,0.005470,0.020260,0.000000,0.014450,0.046450,0.000000,0.000000,0.000000,0.000000,0.002281,0,0
180000000000,180055000000,6274140245,166,295002673,0.001005,0.007889,0.008911,0.000433,0.006920,0.010360,0.009995,0.000000,0.005867,0.035710,2.608000,0.009741,0.000000,0.000000,0.000280,0,0
180055000000,180300000000,6274140245,166,295002673,0.001616,0.018710,0.023100,0.000023,0.019380,0.022000,0.012080,0.000000,0.018890,0.049990,4.220000,0.018090,0.000000,0.000000,0.003571,0,0
180300000000,180600000000,6274140245,166,295002673,0.055970,0.046330,0.051390,0.000178,0.047180,0.061340,0.016270,0.000000,0.204800,0.111300,1.168000,0.000552,0.000000,0.000000,0.052190,0,0
180600000000,180900000000,6274140245,166,295002673,0.185300,0.061220,0.061770,0.000359,0.056090,0.061280,0.000093,0.000000,0.208300,0.007568,1.341000,0.000767,0.000000,0.000000,0.181600,0,0
180900000000,181200000000,6274140245,166,295002673,0.187000,0.061160,0.061770,0.000385,0.056150,0.061220,0.000007,0.000000,0.376500,0.000857,1.319000,0.000673,0.000000,0.000000,0.187300,0,0
181200000000,181500000000,6274140245,166,295002673,0.187000,0.061160,0.061770,0.000368,0.056150,0.061220,0.000005,0.000000,0.374500,0.000286,1.338000,0.000690,0.000000,0.000000,0.187000,0,0
181500000000,181530000000,6274140245,166,295002673,0.187300,0.061160,0.061770,0.000368,0.056150,0.061220,0.000005,0.000000,0.375500,0.000143,1.485000,0.000854,0.000000,0.000000,0.187700,0,0
181530000000,181800000000,6274140245,166,295002673,0.187300,0.061160,0.061770,0.000368,0.056150,0.061220,0.000004,0.000000,0.376000,0.000072,1.336000,0.000681,0.000000,0.000000,0.187300,0,0
181800000000,182100000000,6274140245,166,295002673,0.187000,0.061160,0.061770,0.000369,0.056150,0.061220,0.000006,0.000000,0.375500,0.000286,1.411000,0.000801,0.000000,0.000000,0.187300,0,0
182100000000,182400000000,6274140245,166,295002673,0.184800,0.061160,0.061770,0.000370,0.056150,0.061220,0.000003,0.000000,0.373000,0.000143,1.332000,0.000662,0.000000,0.000000,0.187000,0,0
182400000000,182700000000,6274140245,166,295002673,0.185100,0.061160,0.061770,0.000370,0.056150,0.061220,0.000004,0.000000,0.206300,0.000143,1.315000,0.000699,0.000000,0.000000,0.186500,0,0
182700000000,183000000000,6274140245,166,295002673,0.185100,0.061100,0.061770,0.000370,0.056150,0.061220,0.000005,0.000000,0.198200,0.000571,1.347000,0.000713,0.000000,0.000000,0.187700,0,0
183000000000,183300000000,6274140245,166,295002673,0.184600,0.061160,0.061770,0.000393,0.056150,0.061220,0.000034,0.000000,0.188500,0.009079,1.275000,0.000621,0.000000,0.000000,0.187300,0,0
183300000000,183600000000,6274140245,166,295002673,0.184800,0.061160,0.061770,0.000392,0.056150,0.061220,0.000032,0.000000,0.203900,0.003784,1.296000,0.000643,0.000000,0.000000,0.187700,0,0
183600000000,183900000000,6274140245,166,295002673,0.148400,0.061100,0.061770,0.000396,0.056150,0.061160,0.000014,0.000000,0.191900,0.003216,1.317000,0.000652,0.000000,0.000000,0.186500,0,0
183900000000,183931000000,6274140245,166,295002673,0.001633,0.060300,0.061770,0.003010,0.056150,0.060490,0.002666,0.000000,0.061520,0.032840,1.216000,0.000531,0.000000,0.000000,0.000326,0,0
183931000000,183951000000,6274140245,166,295002673,0.000104,0.000000,0.000000,0.000000,0.000000,0.000000,0.000007,0.000000,0.002075,0.000143,3.313000,0.012490,0.000000,0.000000,0.000000,0,0
183951000000,183952000000,6274140245,166,295002673,0.000000,0.000000,0.000000,0.000000,0.000000,0.000000,0.000000,0.000000,0.000000,0.000000,3.313000,0.012490,0.000000,0.000000,0.000000,0,0
