179226000000,179400000000,6274140245,167,765557,0.000000,0.000000,0.000000,0.000000,0.000000,0.000000,0.000000,0.000000,0.000000,0.000000,0.000000,0.000000,0.000000,0.000000,0.000000,0,0
179400000000,179510000000,6274140245,167,765557,0.000000,0.000000,0.000000,0.000000,0.000000,0.000000,0.000000,0.000000,0.000000,0.000000,0.000000,0.000000,0.000000,0.000000,0.000000,0,0
179510000000,179669000000,6274140245,167,765557,0.007103,0.032350,0.034180,0.000148,0.031490,0.056520,0.040710,0.000000,0.062870,0.093990,3.136000,0.010900,0.000000,0.000000,0.004410,0,0
179669000000,179700000000,6274140245,167,765557,0.034360,0.058590,0.059080,0.000538,0.056210,0.060120,0.032170,0.000000,0.186500,0.095830,1.103000,0.002197,0.000000,0.000000,0.010590,0,0
179700000000,180000000000,6274140245,167,765557,0.057680,0.060120,0.060300,0.000112,0.055790,0.060610,0.027160,0.000000,0.229700,0.071530,1.443000,0.000727,0.000000,0.000000,0.004608,0,0
180000000000,180242000000,6274140245,167,765557,0.186300,0.060490,0.062070,0.000344,0.056090,0.060670,0.000170,0.000000,0.310500,0.016420,1.358000,0.000691,0.000000,0.000000,0.187500,0,0
180242000000,180300000000,6274140245,167,765557,0.187000,0.060420,0.062070,0.000380,0.056150,0.060490,0.000004,0.000000,0.235800,0.000072,1.376000,0.000709,0.000000,0.000000,0.186300,0,0
180300000000,180600000000,6274140245,167,765557,0.186800,0.060420,0.062070,0.000380,0.056150,0.060550,0.000006,0.000000,0.194100,0.000357,1.401000,0.000726,0.000000,0.000000,0.187000,0,0
180600000000,180900000000,6274140245,167,765557,0.186800,0.060490,0.062070,0.000380,0.056150,0.060550,0.000004,0.000000,0.206100,0.000286,1.417000,0.000712,0.000000,0.000000,0.183300,0,0
180900000000,181200000000,6274140245,167,765557,0.186800,0.060490,0.062070,0.000380,0.056150,0.060610,0.000004,0.000000,0.196800,0.000072,1.414000,0.000753,0.000000,0.000000,0.181600,0,0
181200000000,181500000000,6274140245,167,765557,0.186500,0.060490,0.062070,0.000380,0.056150,0.060550,0.000005,0.000000,0.197000,0.000500,1.396000,0.000712,0.000000,0.000000,0.188500,0,0
181500000000,181800000000,6274140245,167,765557,0.186800,0.060550,0.062070,0.000382,0.056150,0.060610,0.000010,0.000000,0.191900,0.001143,1.389000,0.000750,0.000000,0.000000,0.187000,0,0
181800000000,182100000000,6274140245,167,765557,0.186800,0.060550,0.062070,0.000382,0.056150,0.060610,0.000013,0.000000,0.192400,0.002857,1.417000,0.000749,0.000000,0.000000,0.185500,0,0
182100000000,182400000000,6274140245,167,765557,0.186300,0.060550,0.062070,0.000382,0.056150,0.060610,0.000003,0.000000,0.193600,0.000072,1.392000,0.000683,0.000000,0.000000,0.187300,0,0
182400000000,182700000000,6274140245,167,765557,0.186800,0.060610,0.062070,0.000382,0.056150,0.060670,0.000006,0.000000,0.206500,0.000714,1.476000,0.000792,0.000000,0.000000,0.187000,0,0
182700000000,183000000000,6274140245,167,765557,0.187000,0.060550,0.062070,0.000382,0.056150,0.060610,0.000010,0.000000,0.205800,0.001286,1.405000,0.000703,0.000000,0.000000,0.187700,0,0
183000000000,183300000000,6274140245,167,765557,0.187000,0.060550,0.062070,0.000382,0.056150,0.060610,0.000003,0.000000,0.206100,0.000072,1.413000,0.000746,0.000000,0.000000,0.186500,0,0
183300000000,183600000000,6274140245,167,765557,0.186500,0.060490,0.062070,0.000382,0.056150,0.060610,0.000005,0.000000,0.206500,0.000643,1.443000,0.000721,0.000000,0.000000,0.187000,0,0
183600000000,183900000000,6274140245,167,765557,0.152300,0.060490,0.062070,0.000389,0.056150,0.060610,0.000032,0.000000,0.191900,0.005287,1.397000,0.000706,0.000000,0.000000,0.188000,0,0
183900000000,183960000000,6274140245,167,765557,0.047850,0.060120,0.062070,0.001228,0.056210,0.060180,0.001379,0.000000,0.064580,0.035710,1.452000,0.000717,0.000000,0.000000,0.062190,0,0
183960000000,183980000000,6274140245,167,765557,0.001236,0.000000,0.000000,0.000000,0.000000,0.000000,0.000014,0.000000,0.024720,0.000215,1.343000,0.000600,0.000000,0.000000,0.000000,0,0
183980000000,183981000000,6274140245,167,765557,0.000000,0.000000,0.000000,0.000000,0.000000,0.000000,0.000000,0.000000,0.000000,0.000000,1.343000,0.000600,0.000000,0.000000,0.000000,0,0
