179232000000,179400000000,6274140245,168,336058782,0.000000,0.000000,0.000000,0.000000,0.000000,0.000000,0.000000,0.000000,0.000000,0.000000,0.000000,0.000000,0.000000,0.000000,0.000000,0,0
179400000000,179700000000,6274140245,168,336058782,0.000000,0.000000,0.000000,0.000000,0.000000,0.000000,0.000000,0.000000,0.000000,0.000000,0.000000,0.000000,0.000000,0.000000,0.000000,0,0
179700000000,179837000000,6274140245,168,336058782,0.000000,0.000000,0.000000,0.000000,0.000000,0.000000,0.000000,0.000000,0.000000,0.000000,0.000000,0.000000,0.000000,0.000000,0.000000,0,0
179837000000,179983000000,6274140245,168,336058782,0.003368,0.015240,0.016390,0.000206,0.014470,0.030910,0.029140,0.000000,0.021480,0.085940,1.220000,0.002888,0.000000,0.000000,0.004807,0,0
179983000000,180000000000,6274140245,168,336058782,0.004890,0.032230,0.032780,0.000004,0.031040,0.034550,0.035030,0.000000,0.014660,0.049990,27.850000,0.146400,0.000000,0.000000,0.005516,0,0
180000000000,180300000000,6274140245,168,336058782,0.002235,0.053340,0.054320,0.000052,0.051700,0.058230,0.009094,0.000000,0.062740,0.085690,27.850000,0.146400,0.000000,0.000000,0.000887,0,0
180300000000,180516000000,6274140245,168,336058782,0.044740,0.059140,0.060120,0.000390,0.055480,0.060180,0.006332,0.000001,0.077030,0.069210,1.225000,0.000566,0.000000,0.000000,0.062500,0,0
180516000000,180538000000,6274140245,168,336058782,0.000944,0.002579,0.000000,0.002529,0.002529,0.056700,0.000000,0.000009,0.020780,0.000000,0.000000,0.000000,0.000000,0.000000,0.000000,0,1
180538000000,180539000000,6274140245,168,336058782,0.000000,0.000000,0.000000,0.000000,0.000000,0.000000,0.000000,0.000009,0.000000,0.000000,0.000000,0.000000,0.000000,0.000000,0.000000,0,0
180554000000,180600000000,6274140245,168,336058782,0.014630,0.003239,0.005257,0.000717,0.002415,0.009628,0.015870,0.000000,0.062870,0.058840,0.719200,0.000343,0.000000,0.000000,0.019930,0,0
180600000000,180900000000,6274140245,168,336058782,0.176300,0.034480,0.035770,0.000934,0.030610,0.048030,0.000934,0.000000,0.205300,0.029510,1.305000,0.000664,0.000000,0.000000,0.187700,0,0
180900000000,181200000000,6274140245,168,336058782,0.123000,0.050780,0.051090,0.000100,0.045720,0.058230,0.007141,0.000000,0.339800,0.064820,1.344000,0.000740,0.000000,0.000000,0.001633,0,0
181200000000,181500000000,6274140245,168,336058782,0.185100,0.058960,0.060120,0.000302,0.053710,0.060000,0.000278,0.000000,1.871000,0.020200,1.297000,0.000645,0.000000,0.000000,0.139900,0,0
181500000000,181800000000,6274140245,168,336058782,0.176500,0.061280,0.062070,0.000314,0.055970,0.061580,0.001379,0.000000,0.195300,0.036740,1.330000,0.000732,0.000000,0.000000,0.187500,0,0
181800000000,182100000000,6274140245,168,336058782,0.174300,0.061220,0.062070,0.000366,0.056150,0.061280,0.000006,0.000000,0.189000,0.000500,1.329000,0.000719,0.000000,0.000000,0.187300,0,0
182100000000,182400000000,6274140245,168,336058782,0.180400,0.061160,0.062070,0.000367,0.056150,0.061280,0.000004,0.000000,0.192900,0.000143,1.312000,0.000671,0.000000,0.000000,0.179900,0,0
182400000000,182700000000,6274140245,168,336058782,0.186800,0.061220,0.062070,0.000367,0.056150,0.061280,0.000003,0.000000,0.206100,0.000072,1.395000,0.000794,0.000000,0.000000,0.167000,0,0
182700000000,183000000000,6274140245,168,336058782,0.186800,0.061160,0.062070,0.000395,0.056150,0.061220,0.000032,0.000000,0.191400,0.008423,1.327000,0.000674,0.000000,0.000000,0.187500,0,0
183000000000,183300000000,6274140245,168,336058782,0.187300,0.061160,0.062070,0.000400,0.056150,0.061280,0.000015,0.000000,0.206500,0.001499,1.409000,0.000772,0.000000,0.000000,0.187500,0,0
183300000000,183600000000,6274140245,168,336058782,0.186000,0.061220,0.062070,0.000399,0.056150,0.061280,0.000003,0.000000,0.206100,0.000143,1.403000,0.000792,0.000000,0.000000,0.186800,0,0
183600000000,183900000000,6274140245,168,336058782,0.179700,0.061220,0.062070,0.000400,0.056150,0.061280,0.000016,0.000000,0.191200,0.002998,1.401000,0.000751,0.000000,0.000000,0.187700,0,0
183900000000,184200000000,6274140245,168,336058782,0.116800,0.060970,0.062070,0.000411,0.056150,0.061160,0.000063,0.000000,0.188500,0.010150,1.407000,0.000711,0.000000,0.000000,0.125000,0,0
184200000000,184474000000,6274140245,168,336058782,0.110400,0.060850,0.062070,0.000413,0.056150,0.060910,0.000006,0.000000,0.130100,0.000286,1.310000,0.000658,0.000000,0.000000,0.125200,0,0
184474000000,184500000000,6274140245,168,336058782,0.125200,0.060420,0.062010,0.000413,0.056150,0.060490,0.000022,0.000000,0.132600,0.000286,1.599000,0.000959,0.000000,0.000000,0.125200,0,0
184500000000,184800000000,6274140245,168,336058782,0.134300,0.060730,0.062070,0.000414,0.056150,0.061220,0.000025,0.000000,0.194600,0.001858,1.432000,0.000755,0.000000,0.000000,0.125700,0,0
184800000000,185100000000,6274140245,168,336058782,0.047060,0.060180,0.062010,0.000426,0.056210,0.060850,0.000066,0.000000,0.126200,0.003929,1.432000,0.000717,0.000000,0.000000,0.063110,0,0
185100000000,185400000000,6274140245,168,336058782,0.144000,0.060730,0.062070,0.000434,0.056210,0.061280,0.000021,0.000000,0.191400,0.001499,1.395000,0.000710,0.000000,0.000000,0.125200,0,0
185400000000,185557000000,6274140245,168,336058782,0.118200,0.060910,0.062070,0.000435,0.056210,0.061280,0.000008,0.000000,0.188200,0.000643,1.417000,0.000726,0.000000,0.000000,0.062740,0,0
185557000000,185700000000,6274140245,168,336058782,0.051450,0.060360,0.062010,0.000435,0.056210,0.060490,0.000009,0.000000,0.125200,0.000357,1.446000,0.000700,0.000000,0.000000,0.112100,0,0
185700000000,185951000000,6274140245,168,336058782,0.113200,0.060490,0.062070,0.000435,0.056210,0.060670,0.000006,0.000000,0.130400,0.000286,1.402000,0.000677,0.000000,0.000000,0.124600,0,0
185951000000,186000000000,6274140245,168,336058782,0.103400,0.060670,0.062070,0.000436,0.056210,0.060670,0.000009,0.000000,0.126500,0.000143,1.491000,0.000829,0.000000,0.000000,0.062620,0,0
186000000000,186300000000,6274140245,168,336058782,0.059020,0.060120,0.062070,0.000436,0.056210,0.060490,0.000004,0.000000,0.068970,0.000357,1.361000,0.000619,0.000000,0.000000,0.062010,0,0
186300000000,186600000000,6274140245,168,336058782,0.026180,0.059810,0.062070,0.000436,0.056210,0.060000,0.000003,0.000000,0.067870,0.000357,1.406000,0.000637,0.000000,0.000000,0.062500,0,0
186600000000,186900000000,6274140245,168,336058782,0.000151,0.059630,0.062070,0.000436,0.056210,0.059690,0.000000,0.000000,0.004723,0.000000,2.648000,0.009684,0.000000,0.000000,0.000098,0,0
186900000000,187200000000,6274140245,168,336058782,0.000172,0.059630,0.062070,0.000436,0.056210,0.059690,0.000004,0.000000,0.004395,0.000357,2.584000,0.008448,0.000000,0.000000,0.000048,0,0
187200000000,187423000000,6274140245,168,336058782,0.047730,0.059880,0.062070,0.000437,0.056210,0.060970,0.000003,0.000000,0.190200,0.000357,1.318000,0.000713,0.000000,0.000000,0.187700,0,0
187423000000,187444000000,6274140245,168,336058782,0.186800,0.061040,0.062130,0.000438,0.056210,0.061040,0.000007,0.000000,0.191200,0.000072,1.314000,0.000684,0.000000,0.000000,0.191200,0,0
187444000000,187500000000,6274140245,168,336058782,0.187300,0.061160,0.062130,0.000438,0.056210,0.061160,0.000003,0.000000,0.188700,0.000072,1.319000,0.000735,0.000000,0.000000,0.181600,0,0
187500000000,187800000000,6274140245,168,336058782,0.101800,0.060790,0.062070,0.000438,0.056210,0.061280,0.000013,0.000000,0.206300,0.000500,1.391000,0.000755,0.000000,0.000000,0.186300,0,0
187800000000,188100000000,6274140245,168,336058782,0.040040,0.059880,0.062070,0.000439,0.056210,0.060000,0.000006,0.000000,0.066770,0.000357,1.229000,0.000507,0.000000,0.000000,0.000141,0,0
188100000000,188400000000,6274140245,168,336058782,0.047300,0.059940,0.062070,0.000439,0.056210,0.060000,0.000017,0.000000,0.125700,0.002930,1.356000,0.000706,0.000000,0.000000,0.062190,0,0
188400000000,188700000000,6274140245,168,336058782,0.033570,0.059750,0.062070,0.000439,0.056210,0.060000,0.000002,0.000000,0.125500,0.000286,1.381000,0.000643,0.000000,0.000000,0.000190,0,0
188700000000,189000000000,6274140245,168,336058782,0.041690,0.059810,0.062070,0.000439,0.056210,0.060000,0.000003,0.000000,0.074830,0.000143,1.338000,0.000634,0.000000,0.000000,0.062990,0,0
189000000000,189300000000,6274140245,168,336058782,0.065430,0.060060,0.062070,0.000441,0.056210,0.060610,0.000005,0.000000,0.158400,0.000357,1.351000,0.000709,0.000000,0.000000,0.000015,0,0
189300000000,189600000000,6274140245,168,336058782,0.086550,0.060300,0.062070,0.000452,0.056210,0.060670,0.000006,0.000000,0.155000,0.000714,1.403000,0.000734,0.000000,0.000000,0.125000,0,0
189600000000,189900000000,6274140245,168,336058782,0.084960,0.060300,0.062070,0.000462,0.056210,0.060610,0.000006,0.000000,0.207000,0.000571,1.388000,0.000712,0.000000,0.000000,0.125000,0,0
189900000000,190200000000,6274140245,168,336058782,0.047300,0.059940,0.062070,0.000462,0.056210,0.060300,0.000008,0.000000,0.070430,0.001499,1.379000,0.000681,0.000000,0.000000,0.062070,0,0
190200000000,190500000000,6274140245,168,336058782,0.022740,0.059810,0.062070,0.000462,0.056210,0.060000,0.000005,0.000000,0.067990,0.001072,1.358000,0.000614,0.000000,0.000000,0.000061,0,0
190500000000,190800000000,6274140245,168,336058782,0.108500,0.060490,0.062070,0.000444,0.056210,0.061220,0.000016,0.000000,0.205600,0.002071,1.315000,0.000679,0.000000,0.000000,0.000204,0,0
190800000000,191100000000,6274140245,168,336058782,0.103100,0.060910,0.062070,0.000404,0.056150,0.061280,0.000003,0.000000,0.193600,0.000286,1.331000,0.000704,0.000000,0.000000,0.175500,0,0
191100000000,191400000000,6274140245,168,336058782,0.000169,0.059750,0.062010,0.000404,0.056150,0.060240,0.000001,0.000000,0.004486,0.000215,1.212000,0.000655,0.000000,0.000000,0.000020,0,0
191400000000,191700000000,6274140245,168,336058782,0.000153,0.059630,0.062070,0.000405,0.056150,0.059690,0.000007,0.000000,0.004677,0.002144,2.278000,0.008029,0.000000,0.000000,0.000052,0,0
191700000000,192000000000,6274140245,168,336058782,0.000148,0.059630,0.062010,0.000410,0.056150,0.059690,0.000001,0.000000,0.004189,0.000215,2.272000,0.008040,0.000000,0.000000,0.000061,0,0
192000000000,192300000000,6274140245,168,336058782,0.055180,0.060000,0.062070,0.000410,0.056150,0.060610,0.000002,0.000000,0.250500,0.000143,1.392000,0.000750,0.000000,0.000000,0.124900,0,0
192300000000,192600000000,6274140245,168,336058782,0.065920,0.060240,0.062070,0.000410,0.056150,0.060610,0.000003,0.000000,0.250500,0.000143,1.359000,0.000715,0.000000,0.000000,0.125500,0,0
192600000000,192900000000,6274140245,168,336058782,0.039980,0.059810,0.062070,0.000410,0.056150,0.060000,0.000003,0.000000,0.066770,0.000143,1.386000,0.000739,0.000000,0.000000,0.000153,0,0
192900000000,193132000000,6274140245,168,336058782,0.027920,0.059810,0.062070,0.000651,0.056150,0.059940,0.000377,0.000000,0.066890,0.025730,1.364000,0.000635,0.000000,0.000000,0.062190,0,0
193132000000,193152000000,6274140245,168,336058782,0.000116,0.000000,0.000000,0.000000,0.000000,0.000000,0.000000,0.000000,0.002319,0.000000,2.397000,0.008694,0.000000,0.000000,0.000000,0,0
193152000000,193153000000,6274140245,168,336058782,0.000000,0.000000,0.000000,0.000000,0.000000,0.000000,0.000000,0.000000,0.000000,0.000000,2.397000,0.008694,0.000000,0.000000,0.000000,0,0
