179234000000,179400000000,6274140245,169,2006599354,0.000000,0.000000,0.000000,0.000000,0.000000,0.000000,0.000000,0.000000,0.000000,0.000000,0.000000,0.000000,0.000000,0.000000,0.000000,0,0
179400000000,179700000000,6274140245,169,2006599354,0.000000,0.000000,0.000000,0.000000,0.000000,0.000000,0.000000,0.000000,0.000000,0.000000,0.000000,0.000000,0.000000,0.000000,0.000000,0,0
179700000000,180000000000,6274140245,169,2006599354,0.000000,0.000000,0.000000,0.000000,0.000000,0.000000,0.000000,0.000000,0.000000,0.000000,0.000000,0.000000,0.000000,0.000000,0.000000,0,0
180000000000,180046000000,6274140245,169,2006599354,0.000000,0.000000,0.000000,0.000000,0.000000,0.000000,0.000000,0.000000,0.000000,0.000000,0.000000,0.000000,0.000000,0.000000,0.000000,0,0
180046000000,180132000000,6274140245,169,2006599354,0.003498,0.013320,0.014660,0.000322,0.012620,0.023280,0.028290,0.000000,0.036680,0.185800,1.094000,0.001795,0.000000,0.000000,0.005257,0,0
180132000000,180300000000,6274140245,169,2006599354,0.002720,0.027010,0.030850,0.000023,0.028140,0.053470,0.024690,0.000000,0.029210,0.063110,2.931000,0.011110,0.000000,0.000000,0.003780,0,0
180300000000,180600000000,6274140245,169,2006599354,0.152300,0.059630,0.060850,0.000346,0.055540,0.060910,0.008011,0.000000,0.397900,0.154500,1.336000,0.000734,0.000000,0.000000,0.187000,0,0
180600000000,180900000000,6274140245,169,2006599354,0.186800,0.060730,0.062070,0.000360,0.056150,0.060790,0.000008,0.000000,0.239700,0.001143,1.340000,0.000710,0.000000,0.000000,0.187000,0,0
180900000000,181137000000,6274140245,169,2006599354,0.185300,0.060730,0.062070,0.000360,0.056150,0.060790,0.000007,0.000000,0.375000,0.000786,1.366000,0.000735,0.000000,0.000000,0.187000,0,0
181137000000,181200000000,6274140245,169,2006599354,0.187000,0.060730,0.062070,0.000360,0.056150,0.060790,0.000001,0.000000,0.372100,0.000072,1.286000,0.000676,0.000000,0.000000,0.187300,0,0
181200000000,181500000000,6274140245,169,2006599354,0.187300,0.060730,0.062010,0.000360,0.056150,0.060790,0.000008,0.000000,0.382300,0.001072,1.366000,0.000713,0.000000,0.000000,0.188500,0,0
181500000000,181800000000,6274140245,169,2006599354,0.187000,0.060730,0.062010,0.000360,0.056150,0.060790,0.000007,0.000000,0.431200,0.000999,1.401000,0.000761,0.000000,0.000000,0.187300,0,0
181800000000,182100000000,6274140245,169,2006599354,0.187000,0.060790,0.062010,0.000360,0.056150,0.060790,0.000010,0.000000,0.375500,0.001358,1.386000,0.000750,0.000000,0.000000,0.187000,0,0
182100000000,182400000000,6274140245,169,2006599354,0.186500,0.060730,0.062010,0.000360,0.056150,0.060790,0.000003,0.000000,0.505900,0.000500,1.324000,0.000703,0.000000,0.000000,0.188200,0,0
182400000000,182700000000,6274140245,169,2006599354,0.186500,0.060730,0.062010,0.000361,0.056150,0.060790,0.000003,0.000000,0.205600,0.000143,1.373000,0.000771,0.000000,0.000000,0.187000,0,0
182700000000,183000000000,6274140245,169,2006599354,0.186500,0.060730,0.062010,0.000361,0.056150,0.060790,0.000004,0.000000,0.206300,0.000428,1.313000,0.000687,0.000000,0.000000,0.187500,0,0
183000000000,183300000000,6274140245,169,2006599354,0.186300,0.060730,0.062010,0.000368,0.056150,0.060790,0.000026,0.000000,0.375000,0.005646,1.373000,0.000777,0.000000,0.000000,0.186300,0,0
183300000000,183600000000,6274140245,169,2006599354,0.186300,0.060730,0.062010,0.000402,0.056150,0.060790,0.000007,0.000000,0.205100,0.001642,1.328000,0.000710,0.000000,0.000000,0.187000,0,0
183600000000,183900000000,6274140245,169,2006599354,0.151900,0.060670,0.062010,0.000403,0.056150,0.060790,0.000009,0.000000,0.298800,0.001499,1.330000,0.000743,0.000000,0.000000,0.187500,0,0
183900000000,183980000000,6274140245,169,2006599354,0.052310,0.060420,0.062010,0.001108,0.056150,0.060550,0.000772,0.000000,0.066410,0.027770,1.431000,0.000854,0.000000,0.000000,0.062500,0,0
183980000000,183996000000,6274140245,169,2006599354,0.000175,0.000000,0.000000,0.000000,0.000000,0.000000,0.000009,0.000000,0.002808,0.000143,1.531000,0.001053,0.000000,0.000000,0.000000,0,0
183996000000,183997000000,6274140245,169,2006599354,0.000000,0.000000,0.000000,0.000000,0.000000,0.000000,0.000000,0.000000,0.000000,0.000000,1.531000,0.001053,0.000000,0.000000,0.000000,0,0
