179244000000,179400000000,6274140245,17,1199240546,0.000000,0.000000,0.000000,0.000000,0.000000,0.000000,0.000000,0.000000,0.000000,0.000000,0.000000,0.000000,0.000000,0.000000,0.000000,0,0
179400000000,179700000000,6274140245,17,1199240546,0.000000,0.000000,0.000000,0.000000,0.000000,0.000000,0.000000,0.000000,0.000000,0.000000,0.000000,0.000000,0.000000,0.000000,0.000000,0,0
179700000000,179729000000,6274140245,17,1199240546,0.000000,0.000000,0.000000,0.000000,0.000000,0.000000,0.000000,0.000000,0.000000,0.000000,0.000000,0.000000,0.000000,0.000000,0.000000,0,0
179729000000,179876000000,6274140245,17,1199240546,0.000861,0.002434,0.004692,0.000529,0.002151,0.007607,0.006577,0.000000,0.047490,0.049990,1.855000,0.004203,0.000000,0.000000,0.007950,0,0
179876000000,180000000000,6274140245,17,1199240546,0.003250,0.017640,0.018830,0.000108,0.016850,0.032170,0.024440,0.000000,0.015960,0.057370,4.927000,0.020530,0.000000,0.000000,0.000123,0,0
180462000000,180600000000,6274140245,17,336036419,0.000000,0.000000,0.000000,0.000000,0.000000,0.000000,0.000000,0.000000,0.000000,0.000000,0.000000,0.000000,0.000000,0.000000,0.000000,1,0
180600000000,180900000000,6274140245,17,336036419,0.000000,0.000000,0.000000,0.000000,0.000000,0.000000,0.000000,0.000000,0.000000,0.000000,0.000000,0.000000,0.000000,0.000000,0.000000,0,0
180808000000,180834000000,6274140245,17,1199240546,0.000000,0.035520,0.051570,0.012470,0.012470,0.035520,0.000000,0.000000,0.000000,0.000000,0.000000,0.000000,0.000000,0.000000,0.000000,0,0
180834000000,180869000000,6274140245,17,1199240546,0.041380,0.000000,0.000000,0.000346,0.000346,0.000000,0.000000,0.000000,0.482900,0.000000,0.000000,0.000000,0.000000,0.000000,0.000000,0,0
180869000000,180876000000,6274140245,17,1199240546,0.000000,0.000000,0.000000,0.000000,0.000000,0.000000,0.000000,0.000000,0.000000,0.000000,0.000000,0.000000,0.000000,0.000000,0.000000,0,0
180900000000,181200000000,6274140245,17,336036419,0.000000,0.000000,0.000000,0.000000,0.000000,0.000000,0.000000,0.000000,0.000000,0.000000,0.000000,0.000000,0.000000,0.000000,0.000000,0,0
181200000000,181280000000,6274140245,17,336036419,0.000000,0.000000,0.000000,0.000000,0.000000,0.000000,0.000000,0.000000,0.000000,0.000000,0.000000,0.000000,0.000000,0.000000,0.000000,0,0
181280000000,181383000000,6274140245,17,336036419,0.000992,0.002922,0.004852,0.000585,0.002487,0.007568,0.010530,0.000000,0.011350,0.023220,0.981100,0.001742,0.000000,0.000000,0.000000,0,0
181383000000,181500000000,6274140245,17,336036419,0.001673,0.015870,0.017430,0.000238,0.015410,0.020320,0.014210,0.000000,0.025450,0.028560,4.286000,0.020150,0.000000,0.000000,0.000166,0,0
181500000000,181800000000,6274140245,17,336036419,0.013370,0.039550,0.041320,0.000138,0.038640,0.059750,0.022340,0.000000,0.191400,0.124800,0.820700,0.000226,0.000000,0.000000,0.003716,0,0
181800000000,182100000000,6274140245,17,336036419,0.174300,0.060730,0.061830,0.000326,0.056030,0.060970,0.002026,0.000000,0.375000,0.050600,1.299000,0.000732,0.000000,0.000000,0.188200,0,0
182100000000,182400000000,6274140245,17,336036419,0.187300,0.060790,0.061770,0.000388,0.056150,0.060910,0.000008,0.000000,0.393600,0.000999,1.277000,0.000647,0.000000,0.000000,0.187300,0,0
182400000000,182700000000,6274140245,17,336036419,0.187300,0.060790,0.061770,0.000387,0.056150,0.060910,0.000007,0.000000,0.387700,0.000607,1.350000,0.000708,0.000000,0.000000,0.187500,0,0
182700000000,182754000000,6274140245,17,336036419,0.186300,0.060610,0.061770,0.000376,0.056150,0.060790,0.000192,0.000000,0.374500,0.004929,1.416000,0.000718,0.000000,0.000000,0.179700,0,0
182754000000,183000000000,6274140245,17,336036419,0.186500,0.060910,0.061770,0.000382,0.056150,0.060910,0.000024,0.000000,0.375000,0.001785,1.314000,0.000675,0.000000,0.000000,0.187500,0,0
183000000000,183300000000,6274140245,17,336036419,0.186000,0.060850,0.061770,0.000385,0.056150,0.060910,0.000011,0.000000,0.377000,0.001499,1.277000,0.000689,0.000000,0.000000,0.187500,0,0
183300000000,183600000000,6274140245,17,336036419,0.186500,0.060850,0.061770,0.000386,0.056150,0.060910,0.000004,0.000000,0.376000,0.000072,1.224000,0.000599,0.000000,0.000000,0.188700,0,0
183600000000,183900000000,6274140245,17,336036419,0.164800,0.060850,0.061770,0.000385,0.056150,0.060910,0.000010,0.000000,0.383800,0.001928,1.345000,0.000704,0.000000,0.000000,0.187500,0,0
183900000000,183962000000,6274140245,17,336036419,0.028050,0.060360,0.061770,0.001503,0.056150,0.060670,0.001436,0.000000,0.132300,0.036500,1.229000,0.000527,0.000000,0.000000,0.000036,0,0
183962000000,183988000000,6274140245,17,336036419,0.000380,0.000000,0.000000,0.000000,0.000000,0.000000,0.000022,0.000000,0.009888,0.000571,1.134000,0.000389,0.000000,0.000000,0.000000,0,0
183988000000,183989000000,6274140245,17,336036419,0.000000,0.000000,0.000000,0.000000,0.000000,0.000000,0.000000,0.000000,0.000000,0.000000,1.134000,0.000389,0.000000,0.000000,0.000000,0,0
190724000000,190800000000,6274140245,17,4820103513,0.000000,0.000000,0.000000,0.000000,0.000000,0.000000,0.000000,0.000000,0.000000,0.000000,0.000000,0.000000,0.000000,0.000000,0.000000,0,0
190800000000,190951000000,6274140245,17,4820103513,0.000000,0.000000,0.000000,0.000000,0.000000,0.000000,0.000000,0.000000,0.000000,0.000000,0.000000,0.000000,0.000000,0.000000,0.000000,0,0
190951000000,191038000000,6274140245,17,4820103513,0.000701,0.001650,0.003819,0.000689,0.001242,0.001921,0.006927,0.000000,0.016360,0.051450,1.745000,0.000000,0.000000,0.000000,0.000098,0,0
191038000000,191057000000,6274140245,17,4820103513,0.000146,0.000000,0.000000,0.000000,0.000000,0.000000,0.000000,0.000000,0.002777,0.000000,2.517000,0.000000,0.000000,0.000000,0.000000,0,0
191057000000,191059000000,6274140245,17,4820103513,0.000000,0.000000,0.000000,0.000000,0.000000,0.000000,0.000000,0.000000,0.000000,0.000000,2.517000,0.000000,0.000000,0.000000,0.000000,0,0
