179234000000,179400000000,6274140245,170,1335148,0.000000,0.000000,0.000000,0.000000,0.000000,0.000000,0.000000,0.000000,0.000000,0.000000,0.000000,0.000000,0.000000,0.000000,0.000000,0,0
179400000000,179559000000,6274140245,170,1335148,0.000000,0.000000,0.000000,0.000000,0.000000,0.000000,0.000000,0.000000,0.000000,0.000000,0.000000,0.000000,0.000000,0.000000,0.000000,0,0
179559000000,179700000000,6274140245,170,1335148,0.005135,0.022400,0.023800,0.000152,0.021610,0.053280,0.032290,0.000000,0.293000,0.107200,1.574000,0.003265,0.000000,0.000000,0.001392,0,0
179700000000,179745000000,6274140245,170,1335148,0.021820,0.053280,0.053280,0.001137,0.051090,0.053280,0.028690,0.000000,0.293000,0.029330,2.651000,0.009342,0.000000,0.000000,0.293000,0,0
179745000000,179764000000,6274140245,170,1335148,0.008804,0.000000,0.000000,0.002689,0.002689,0.000000,0.000000,0.000000,0.083620,0.000000,2.651000,0.009342,0.000000,0.000000,0.000000,0,1
179764000000,179765000000,6274140245,170,1335148,0.000000,0.000000,0.000000,0.000000,0.000000,0.000000,0.000000,0.000000,0.000000,0.000000,0.000000,0.000000,0.000000,0.000000,0.000000,0,0
179810000000,179986000000,6274140245,170,4623238205,0.000000,0.000000,0.000000,0.000000,0.000000,0.000000,0.000000,0.000000,0.000000,0.000000,0.000000,0.000000,0.000000,0.000000,0.000000,0,0
179986000000,180000000000,6274140245,170,4623238205,0.008041,0.003178,0.004967,0.000409,0.002674,0.007637,0.055110,0.000000,0.023220,0.068240,1.302000,0.001623,0.000000,0.000000,0.004395,0,0
180000000000,180142000000,6274140245,170,4623238205,0.031250,0.043640,0.044430,0.000188,0.041690,0.060240,0.046200,0.000000,0.187700,0.127000,0.963000,0.000457,0.000000,0.000000,0.056640,0,0
180142000000,180297000000,6274140245,170,4623238205,0.186000,0.060970,0.061580,0.000332,0.056030,0.061160,0.000266,0.000000,0.205100,0.010150,1.373000,0.000750,0.000000,0.000000,0.191900,0,0
180297000000,180300000000,6274140245,170,4623238205,0.187500,0.060970,0.061520,0.000339,0.056030,0.060970,0.000000,0.000000,0.207000,0.000000,1.246000,0.000614,0.000000,0.000000,0.185800,0,0
180300000000,180600000000,6274140245,170,4623238205,0.186000,0.060970,0.061520,0.000358,0.056090,0.061100,0.000115,0.000000,0.465300,0.029210,1.378000,0.000737,0.000000,0.000000,0.175300,0,0
180600000000,180900000000,6274140245,170,4623238205,0.185500,0.061040,0.061520,0.000373,0.056150,0.061160,0.000003,0.000000,0.205800,0.000357,1.374000,0.000691,0.000000,0.000000,0.187500,0,0
180900000000,181200000000,6274140245,170,4623238205,0.186300,0.061100,0.061520,0.000358,0.056090,0.061160,0.000010,0.000000,0.201200,0.002071,1.441000,0.000746,0.000000,0.000000,0.187700,0,0
181200000000,181500000000,6274140245,170,4623238205,0.186800,0.061100,0.061520,0.000351,0.056090,0.061160,0.000005,0.000000,0.375000,0.000571,1.413000,0.000713,0.000000,0.000000,0.188200,0,0
181500000000,181800000000,6274140245,170,4623238205,0.186000,0.061040,0.061520,0.000342,0.056090,0.061160,0.000003,0.000000,0.374000,0.000072,1.351000,0.000654,0.000000,0.000000,0.188200,0,0
181800000000,182100000000,6274140245,170,4623238205,0.186300,0.061040,0.061520,0.000337,0.056090,0.061100,0.000004,0.000000,0.209500,0.000286,1.447000,0.000798,0.000000,0.000000,0.187500,0,0
182100000000,182400000000,6274140245,170,4623238205,0.186300,0.061100,0.061520,0.000326,0.056090,0.061160,0.000002,0.000000,0.219000,0.000072,1.414000,0.000742,0.000000,0.000000,0.186500,0,0
182400000000,182700000000,6274140245,170,4623238205,0.186000,0.061100,0.061520,0.000311,0.056090,0.061160,0.000003,0.000000,0.380400,0.000143,1.402000,0.000700,0.000000,0.000000,0.187300,0,0
182700000000,183000000000,6274140245,170,4623238205,0.184300,0.061160,0.061520,0.000241,0.056030,0.061220,0.000048,0.000000,0.373500,0.008072,1.472000,0.000799,0.000000,0.000000,0.133800,0,0
183000000000,183300000000,6274140245,170,4623238205,0.185100,0.061160,0.061520,0.000281,0.056030,0.061220,0.000009,0.000000,0.366200,0.001928,1.403000,0.000723,0.000000,0.000000,0.186300,0,0
183300000000,183600000000,6274140245,170,4623238205,0.184800,0.061040,0.061520,0.000271,0.056030,0.061160,0.000002,0.000000,0.240700,0.000072,1.397000,0.000728,0.000000,0.000000,0.187300,0,0
183600000000,183900000000,6274140245,170,4623238205,0.117400,0.060850,0.061520,0.000263,0.056030,0.061160,0.000013,0.000000,0.205600,0.003143,1.435000,0.000795,0.000000,0.000000,0.062870,0,0
183900000000,184200000000,6274140245,170,4623238205,0.063600,0.060360,0.061520,0.000279,0.056030,0.060610,0.000091,0.000000,0.126000,0.017210,1.459000,0.000726,0.000000,0.000000,0.062620,0,0
184200000000,184299000000,6274140245,170,4623238205,0.062620,0.060000,0.061520,0.000282,0.056030,0.060000,0.000002,0.000000,0.068970,0.000072,1.433000,0.000678,0.000000,0.000000,0.062190,0,0
184299000000,184500000000,6274140245,170,4623238205,0.112300,0.060300,0.061520,0.000282,0.056030,0.060490,0.000021,0.000000,0.137200,0.002144,1.415000,0.000675,0.000000,0.000000,0.110100,0,0
184500000000,184621000000,6274140245,170,4623238205,0.076540,0.060240,0.061520,0.000748,0.056030,0.060490,0.000895,0.000000,0.127000,0.039790,1.467000,0.000785,0.000000,0.000000,0.062500,0,0
184621000000,184634000000,6274140245,170,4623238205,0.000174,0.000000,0.000000,0.000000,0.000000,0.000000,0.000346,0.000000,0.002258,0.004425,1.572000,0.000645,0.000000,0.000000,0.000000,0,0
184634000000,184636000000,6274140245,170,4623238205,0.000000,0.000000,0.000000,0.000000,0.000000,0.000000,0.000000,0.000000,0.000000,0.000000,1.572000,0.000645,0.000000,0.000000,0.000000,0,0
