179238000000,179400000000,6274140245,171,38743543,0.000000,0.000000,0.000000,0.000000,0.000000,0.000000,0.000000,0.000000,0.000000,0.000000,0.000000,0.000000,0.000000,0.000000,0.000000,0,0
179400000000,179541000000,6274140245,171,38743543,0.000000,0.000000,0.000000,0.000000,0.000000,0.000000,0.000000,0.000000,0.000000,0.000000,0.000000,0.000000,0.000000,0.000000,0.000000,0,0
179541000000,179685000000,6274140245,171,38743543,0.002476,0.014340,0.015840,0.000208,0.013700,0.026610,0.026860,0.000000,0.022000,0.038510,5.634000,0.025800,0.000000,0.000000,0.003094,0,0
179685000000,179700000000,6274140245,171,38743543,0.002113,0.025970,0.028660,0.000011,0.025850,0.026490,0.025050,0.000000,0.004395,0.030790,2.769000,0.010630,0.000000,0.000000,0.002678,0,0
179700000000,180000000000,6274140245,171,38743543,0.005188,0.047490,0.049070,0.000079,0.045530,0.059450,0.024380,0.000000,0.062870,0.036320,0.778800,0.000300,0.000000,0.000000,0.000735,0,0
180000000000,180300000000,6274140245,171,38743543,0.161400,0.061040,0.061280,0.000115,0.055850,0.061400,0.003780,0.000000,0.190700,0.035710,1.283000,0.000700,0.000000,0.000000,0.183100,0,0
180300000000,180600000000,6274140245,171,38743543,0.106300,0.061400,0.061400,0.000069,0.055790,0.061400,0.013460,0.000000,0.193400,0.035710,1.359000,0.000774,0.000000,0.000000,0.186500,0,0
180600000000,180900000000,6274140245,171,38743543,0.003147,0.061400,0.061400,0.000043,0.055660,0.061400,0.027740,0.000000,0.059690,0.035710,1.384000,0.000842,0.000000,0.000000,0.003185,0,0
180900000000,180974000000,6274140245,171,38743543,0.040280,0.061400,0.061400,0.000040,0.055660,0.061400,0.023770,0.000000,0.194100,0.035710,5.342000,0.021160,0.000000,0.000000,0.003323,0,0
180974000000,181200000000,6274140245,171,38743543,0.036190,0.061400,0.061400,0.000040,0.055730,0.061400,0.023830,0.000000,0.189000,0.035770,1.376000,0.000806,0.000000,0.000000,0.000950,0,0
181200000000,181248000000,6274140245,171,38743543,0.003670,0.061400,0.061400,0.000051,0.055730,0.061400,0.027830,0.000000,0.024170,0.035710,14.250000,0.066700,0.000000,0.000000,0.003593,0,0
181248000000,181500000000,6274140245,171,38743543,0.047850,0.061400,0.061400,0.000042,0.055730,0.061400,0.023800,0.000000,0.194300,0.036990,1.381000,0.000759,0.000000,0.000000,0.002220,0,0
181500000000,181800000000,6274140245,171,38743543,0.003376,0.061400,0.061400,0.000049,0.055730,0.061400,0.026400,0.000000,0.056090,0.035710,1.547000,0.001330,0.000000,0.000000,0.002682,0,0
181800000000,182100000000,6274140245,171,38743543,0.003033,0.061400,0.061400,0.000051,0.055730,0.061400,0.026250,0.000000,0.022030,0.035770,21.790000,0.105100,0.000000,0.000000,0.000424,0,0
182100000000,182400000000,6274140245,171,38743543,0.009659,0.061400,0.061400,0.000048,0.055730,0.061400,0.026860,0.000000,0.188500,0.035710,1.429000,0.000914,0.000000,0.000000,0.004562,0,0
182400000000,182700000000,6274140245,171,38743543,0.055910,0.061340,0.061400,0.000063,0.055730,0.061400,0.020570,0.000000,0.190400,0.035710,1.262000,0.000647,0.000000,0.000000,0.004364,0,0
182700000000,183000000000,6274140245,171,38743543,0.072750,0.061400,0.061400,0.000044,0.055730,0.061460,0.017970,0.000000,0.190400,0.035710,1.234000,0.000620,0.000000,0.000000,0.000412,0,0
183000000000,183300000000,6274140245,171,38743543,0.012660,0.061400,0.061400,0.000043,0.055660,0.061400,0.026670,0.000000,0.188500,0.035770,1.289000,0.000624,0.000000,0.000000,0.186000,0,0
183300000000,183600000000,6274140245,171,38743543,0.002758,0.061400,0.061400,0.000048,0.055730,0.061400,0.028200,0.000000,0.010760,0.035710,1.300000,0.000680,0.000000,0.000000,0.003185,0,0
183600000000,183900000000,6274140245,171,38743543,0.002136,0.061400,0.061400,0.000046,0.055660,0.061400,0.027220,0.000000,0.010060,0.035770,26.550000,0.126800,0.000000,0.000000,0.000975,0,0
183900000000,184200000000,6274140245,171,38743543,0.002041,0.061400,0.061400,0.000045,0.055660,0.061400,0.027130,0.000000,0.011090,0.035770,6.147000,0.026950,0.000000,0.000000,0.000509,0,0
184200000000,184500000000,6274140245,171,38743543,0.002365,0.061400,0.061400,0.000049,0.055730,0.061400,0.026550,0.000000,0.011920,0.035770,7.340000,0.032680,0.000000,0.000000,0.001270,0,0
184500000000,184675000000,6274140245,171,38743543,0.002804,0.061400,0.061400,0.000052,0.055730,0.061400,0.027160,0.000000,0.015140,0.035710,9.850000,0.045390,0.000000,0.000000,0.001810,0,0
184675000000,184800000000,6274140245,171,38743543,0.066280,0.061400,0.061400,0.000042,0.055730,0.061400,0.020290,0.000000,0.192400,0.035710,1.269000,0.000582,0.000000,0.000000,0.004219,0,0
184800000000,185058000000,6274140245,171,38743543,0.035460,0.061400,0.061400,0.000048,0.055730,0.061400,0.026030,0.000000,0.191900,0.035710,1.384000,0.000709,0.000000,0.000000,0.000520,0,0
185058000000,185100000000,6274140245,171,38743543,0.001806,0.061400,0.061400,0.000053,0.055730,0.061400,0.026700,0.000000,0.008621,0.028660,3.003000,0.011790,0.000000,0.000000,0.000506,0,0
185100000000,185400000000,6274140245,171,38743543,0.002308,0.061400,0.061400,0.000051,0.055730,0.061400,0.026430,0.000000,0.011730,0.035710,15.920000,0.074880,0.000000,0.000000,0.006546,0,0
185400000000,185700000000,6274140245,171,38743543,0.042660,0.061400,0.061400,0.000061,0.055730,0.061460,0.020570,0.000000,0.188200,0.035770,1.397000,0.000786,0.000000,0.000000,0.001419,0,0
185700000000,186000000000,6274140245,171,38743543,0.102200,0.060850,0.061580,0.000208,0.055970,0.061460,0.000566,0.000000,0.130900,0.023130,1.341000,0.000737,0.000000,0.000000,0.066160,0,0
186000000000,186300000000,6274140245,171,38743543,0.091430,0.059880,0.061890,0.000243,0.056030,0.060120,0.000017,0.000000,0.135500,0.003857,1.316000,0.000731,0.000000,0.000000,0.062320,0,0
186300000000,186600000000,6274140245,171,38743543,0.101600,0.059750,0.060180,0.000035,0.055790,0.060000,0.000209,0.000000,0.129200,0.019500,1.337000,0.000692,0.000000,0.000000,0.062130,0,0
186600000000,186900000000,6274140245,171,38743543,0.035950,0.059270,0.060120,0.000133,0.055910,0.059570,0.000006,0.000000,0.066770,0.000714,1.363000,0.000794,0.000000,0.000000,0.000090,0,0
186900000000,187200000000,6274140245,171,38743543,0.000155,0.058720,0.060180,0.000133,0.055910,0.058780,0.000001,0.000000,0.003757,0.000286,2.761000,0.011230,0.000000,0.000000,0.000023,0,0
187200000000,187500000000,6274140245,171,38743543,0.076290,0.059330,0.060180,0.000137,0.055910,0.059940,0.000070,0.000000,0.128700,0.006783,1.275000,0.000635,0.000000,0.000000,0.124500,0,0
187500000000,187553000000,6274140245,171,38743543,0.124900,0.059880,0.060180,0.000141,0.055910,0.059940,0.000014,0.000000,0.137000,0.000357,1.321000,0.000716,0.000000,0.000000,0.123900,0,0
187553000000,187714000000,6274140245,171,38743543,0.046020,0.059390,0.060180,0.000812,0.055910,0.059880,0.000789,0.000000,0.129900,0.028930,1.302000,0.000728,0.000000,0.000000,0.000182,0,0
187714000000,187733000000,6274140245,171,38743543,0.000106,0.000000,0.000000,0.000000,0.000000,0.000000,0.000007,0.000000,0.002014,0.000143,2.665000,0.010280,0.000000,0.000000,0.000000,0,0
187733000000,187735000000,6274140245,171,38743543,0.000000,0.000000,0.000000,0.000000,0.000000,0.000000,0.000000,0.000000,0.000000,0.000000,2.665000,0.010280,0.000000,0.000000,0.000000,0,0
