179240000000,179400000000,6274140245,172,1094458,0.000000,0.000000,0.000000,0.000000,0.000000,0.000000,0.000000,0.000000,0.000000,0.000000,0.000000,0.000000,0.000000,0.000000,0.000000,0,0
179400000000,179476000000,6274140245,172,1094458,0.000000,0.000000,0.000000,0.000000,0.000000,0.000000,0.000000,0.000000,0.000000,0.000000,0.000000,0.000000,0.000000,0.000000,0.000000,0,0
179476000000,179615000000,6274140245,172,1094458,0.011930,0.035460,0.036740,0.000292,0.033570,0.062740,0.045350,0.000000,0.184300,0.171400,0.917500,0.001509,0.000000,0.000000,0.001541,0,0
179615000000,179700000000,6274140245,172,1094458,0.183800,0.062740,0.062870,0.001429,0.057190,0.062870,0.000371,0.000000,0.210400,0.015430,1.355000,0.000797,0.000000,0.000000,0.181400,0,0
179700000000,180000000000,6274140245,172,1094458,0.184100,0.061830,0.062870,0.000931,0.056700,0.062260,0.000041,0.000000,0.367200,0.006432,1.323000,0.000726,0.000000,0.000000,0.185500,0,0
180000000000,180012000000,6274140245,172,1094458,0.182900,0.061770,0.062870,0.000923,0.056700,0.061830,0.000030,0.000000,0.187000,0.000357,1.296000,0.000737,0.000000,0.000000,0.186500,0,0
180012000000,180300000000,6274140245,172,1094458,0.183800,0.061950,0.062870,0.000437,0.056210,0.062010,0.000011,0.000000,0.193800,0.001215,1.354000,0.000774,0.000000,0.000000,0.186300,0,0
180300000000,180600000000,6274140245,172,1094458,0.184100,0.061890,0.062870,0.000370,0.056150,0.061950,0.000005,0.000000,0.312500,0.000357,1.337000,0.000756,0.000000,0.000000,0.182400,0,0
180600000000,180900000000,6274140245,172,1094458,0.183100,0.061830,0.062990,0.000371,0.056150,0.062010,0.000004,0.000000,0.371100,0.000215,1.338000,0.000728,0.000000,0.000000,0.182600,0,0
180900000000,181200000000,6274140245,172,1094458,0.181200,0.061710,0.063110,0.000371,0.056150,0.061710,0.000006,0.000000,0.203100,0.000929,1.305000,0.000705,0.000000,0.000000,0.182600,0,0
181200000000,181500000000,6274140245,172,1094458,0.181200,0.061650,0.063110,0.000372,0.056150,0.061710,0.000008,0.000000,0.369600,0.001072,1.411000,0.000804,0.000000,0.000000,0.187300,0,0
181500000000,181800000000,6274140245,172,1094458,0.181200,0.061650,0.063110,0.000372,0.056150,0.061710,0.000006,0.000000,0.228500,0.000786,1.314000,0.000728,0.000000,0.000000,0.186300,0,0
181800000000,182100000000,6274140245,172,1094458,0.181200,0.061650,0.063110,0.000372,0.056150,0.061770,0.000019,0.000000,0.210900,0.003929,1.344000,0.000732,0.000000,0.000000,0.159200,0,0
182100000000,182400000000,6274140245,172,1094458,0.180900,0.061710,0.063110,0.000372,0.056150,0.061770,0.000007,0.000000,0.361300,0.001215,1.341000,0.000727,0.000000,0.000000,0.188500,0,0
182400000000,182700000000,6274140245,172,1094458,0.180200,0.061710,0.063110,0.000373,0.056150,0.061710,0.000004,0.000000,0.222700,0.000143,1.332000,0.000668,0.000000,0.000000,0.187500,0,0
182700000000,183000000000,6274140245,172,1094458,0.176000,0.061580,0.063110,0.000380,0.056150,0.061710,0.000016,0.000000,0.352500,0.002930,1.317000,0.000746,0.000000,0.000000,0.187300,0,0
183000000000,183300000000,6274140245,172,1094458,0.177200,0.061650,0.063110,0.000407,0.056210,0.061710,0.000007,0.000000,0.191400,0.000571,1.310000,0.000733,0.000000,0.000000,0.151400,0,0
183300000000,183600000000,6274140245,172,1094458,0.178200,0.061650,0.063110,0.000407,0.056210,0.061710,0.000012,0.000000,0.194100,0.001215,1.326000,0.000751,0.000000,0.000000,0.181400,0,0
183600000000,183900000000,6274140245,172,1094458,0.132100,0.061520,0.063110,0.000407,0.056210,0.061710,0.000004,0.000000,0.188500,0.000286,1.344000,0.000765,0.000000,0.000000,0.172600,0,0
183900000000,183960000000,6274140245,172,1094458,0.000932,0.060670,0.062440,0.001339,0.056210,0.061160,0.001047,0.000000,0.049440,0.029420,1.433000,0.000793,0.000000,0.000000,0.000066,0,0
183960000000,183977000000,6274140245,172,1094458,0.000133,0.000000,0.000000,0.000000,0.000000,0.000000,0.000072,0.000000,0.002258,0.000714,3.205000,0.012550,0.000000,0.000000,0.000000,0,0
183977000000,183979000000,6274140245,172,1094458,0.000000,0.000000,0.000000,0.000000,0.000000,0.000000,0.000000,0.000000,0.000000,0.000000,3.205000,0.012550,0.000000,0.000000,0.000000,0,0
