179238000000,179400000000,6274140245,173,336021527,0.000000,0.000000,0.000000,0.000000,0.000000,0.000000,0.000000,0.000000,0.000000,0.000000,0.000000,0.000000,0.000000,0.000000,0.000000,0,0
179400000000,179700000000,6274140245,173,336021527,0.000000,0.000000,0.000000,0.000000,0.000000,0.000000,0.000000,0.000000,0.000000,0.000000,0.000000,0.000000,0.000000,0.000000,0.000000,0,0
179700000000,179822000000,6274140245,173,336021527,0.000000,0.000000,0.000000,0.000000,0.000000,0.000000,0.000000,0.000000,0.000000,0.000000,0.000000,0.000000,0.000000,0.000000,0.000000,0,0
179822000000,179968000000,6274140245,173,336021527,0.003197,0.017300,0.018680,0.000274,0.016480,0.036380,0.027100,0.000000,0.022340,0.092900,4.567000,0.020730,0.000000,0.000000,0.005714,0,0
179968000000,180000000000,6274140245,173,336021527,0.002419,0.035580,0.038390,0.000007,0.036320,0.036620,0.020290,0.000000,0.006897,0.043210,2.965000,0.011700,0.000000,0.000000,0.000320,0,0
180000000000,180300000000,6274140245,173,336021527,0.048950,0.055730,0.056580,0.000536,0.053340,0.061770,0.013180,0.000000,0.188200,0.078610,1.234000,0.000649,0.000000,0.000000,0.003880,0,0
180300000000,180600000000,6274140245,173,336021527,0.182400,0.061040,0.061770,0.000739,0.056520,0.061520,0.000083,0.000000,0.200000,0.011140,1.303000,0.000685,0.000000,0.000000,0.128700,0,0
180600000000,180900000000,6274140245,173,336021527,0.182400,0.060970,0.061770,0.000658,0.056460,0.061100,0.000005,0.000000,0.205800,0.000215,1.265000,0.000686,0.000000,0.000000,0.187500,0,0
180900000000,181073000000,6274140245,173,336021527,0.183100,0.061040,0.061770,0.000658,0.056460,0.061100,0.000004,0.000000,0.201200,0.000072,1.361000,0.000782,0.000000,0.000000,0.187300,0,0
181073000000,181200000000,6274140245,173,336021527,0.183100,0.061100,0.061770,0.000607,0.056400,0.061100,0.000002,0.000000,0.191400,0.000072,1.319000,0.000713,0.000000,0.000000,0.171900,0,0
181200000000,181500000000,6274140245,173,336021527,0.183100,0.061040,0.061770,0.000380,0.056150,0.061160,0.000004,0.000000,0.372600,0.000143,1.370000,0.000785,0.000000,0.000000,0.186800,0,0
181500000000,181800000000,6274140245,173,336021527,0.182900,0.061100,0.061770,0.000337,0.056090,0.061160,0.000006,0.000000,0.190200,0.000643,1.373000,0.000750,0.000000,0.000000,0.184600,0,0
181800000000,182100000000,6274140245,173,336021527,0.182100,0.061100,0.061770,0.000338,0.056090,0.061160,0.000004,0.000000,0.191700,0.000072,1.409000,0.000800,0.000000,0.000000,0.187000,0,0
182100000000,182400000000,6274140245,173,336021527,0.179000,0.061100,0.061770,0.000338,0.056090,0.061160,0.000010,0.000000,0.203100,0.001928,1.357000,0.000774,0.000000,0.000000,0.178700,0,0
182400000000,182700000000,6274140245,173,336021527,0.180400,0.061160,0.061770,0.000339,0.056090,0.061160,0.000004,0.000000,0.189000,0.000143,1.347000,0.000753,0.000000,0.000000,0.171600,0,0
182700000000,183000000000,6274140245,173,336021527,0.179900,0.061160,0.061770,0.000340,0.056090,0.061220,0.000012,0.000000,0.192400,0.002499,1.347000,0.000739,0.000000,0.000000,0.187500,0,0
183000000000,183300000000,6274140245,173,336021527,0.179000,0.061160,0.061770,0.000370,0.056150,0.061220,0.000006,0.000000,0.204100,0.000786,1.323000,0.000679,0.000000,0.000000,0.185300,0,0
183300000000,183600000000,6274140245,173,336021527,0.179700,0.061100,0.061770,0.000374,0.056150,0.061160,0.000021,0.000000,0.189900,0.005287,1.359000,0.000747,0.000000,0.000000,0.187300,0,0
183600000000,183900000000,6274140245,173,336021527,0.121100,0.060970,0.061770,0.000375,0.056150,0.061160,0.000004,0.000000,0.188500,0.000072,1.386000,0.000754,0.000000,0.000000,0.062740,0,0
183900000000,183981000000,6274140245,173,336021527,0.054810,0.060790,0.061770,0.001760,0.056150,0.060850,0.001141,0.000000,0.064450,0.029570,1.405000,0.000578,0.000000,0.000000,0.056640,0,0
183981000000,184000000000,6274140245,173,336021527,0.000125,0.000000,0.000000,0.000000,0.000000,0.000000,0.000000,0.000000,0.002380,0.000000,1.463000,0.000847,0.000000,0.000000,0.000000,0,0
184000000000,184001000000,6274140245,173,336021527,0.000000,0.000000,0.000000,0.000000,0.000000,0.000000,0.000000,0.000000,0.000000,0.000000,1.463000,0.000847,0.000000,0.000000,0.000000,0,0
