179239000000,179400000000,6274140245,174,765723,0.000000,0.000000,0.000000,0.000000,0.000000,0.000000,0.000000,0.000000,0.000000,0.000000,0.000000,0.000000,0.000000,0.000000,0.000000,0,0
179400000000,179664000000,6274140245,174,765723,0.000000,0.000000,0.000000,0.000000,0.000000,0.000000,0.000000,0.000000,0.000000,0.000000,0.000000,0.000000,0.000000,0.000000,0.000000,0,0
179664000000,179700000000,6274140245,174,765723,0.002911,0.002113,0.004471,0.000554,0.001768,0.006409,0.020900,0.000000,0.013900,0.052430,0.000000,0.000000,0.000000,0.000000,0.009201,0,0
179700000000,179759000000,6274140245,174,765723,0.004158,0.016080,0.017270,0.000183,0.015290,0.025210,0.029540,0.000000,0.013500,0.049990,35.300000,0.144200,0.000000,0.000000,0.005783,0,0
179759000000,180000000000,6274140245,174,765723,0.057430,0.050780,0.051700,0.000207,0.048770,0.060240,0.022860,0.000000,0.223400,0.119300,1.348000,0.000678,0.000000,0.000000,0.006187,0,0
180000000000,180300000000,6274140245,174,765723,0.175500,0.060550,0.062260,0.000330,0.056030,0.060730,0.002289,0.000000,0.215100,0.043460,1.420000,0.000754,0.000000,0.000000,0.187700,0,0
180300000000,180600000000,6274140245,174,765723,0.187000,0.060550,0.062190,0.000386,0.056150,0.060670,0.000005,0.000000,0.209700,0.000571,1.393000,0.000760,0.000000,0.000000,0.187700,0,0
180600000000,180639000000,6274140245,174,765723,0.187300,0.060490,0.062190,0.000383,0.056150,0.060550,0.000004,0.000000,0.214600,0.000072,1.324000,0.000664,0.000000,0.000000,0.187700,0,0
180639000000,180900000000,6274140245,174,765723,0.187000,0.060610,0.062190,0.000363,0.056150,0.060670,0.000002,0.000000,0.222200,0.000143,1.423000,0.000776,0.000000,0.000000,0.186500,0,0
180900000000,181200000000,6274140245,174,765723,0.187000,0.060550,0.062190,0.000362,0.056150,0.060670,0.000004,0.000000,0.225800,0.000571,1.356000,0.000699,0.000000,0.000000,0.187500,0,0
181200000000,181422000000,6274140245,174,765723,0.186300,0.060610,0.062130,0.000509,0.056030,0.060670,0.000010,0.000000,0.229200,0.001999,1.392000,0.000714,0.000000,0.000000,0.187700,0,0
181422000000,181445000000,6274140245,174,765723,0.004539,0.000000,0.000000,0.000207,0.000207,0.000000,0.000000,0.000000,0.052250,0.000000,1.480000,0.000841,0.000000,0.000000,0.000000,0,1
181445000000,181447000000,6274140245,174,765723,0.000000,0.000000,0.000000,0.000000,0.000000,0.000000,0.000000,0.000000,0.000000,0.000000,1.480000,0.000841,0.000000,0.000000,0.000000,0,0
181465000000,181500000000,6274140245,174,2107708808,0.000000,0.000000,0.000000,0.000000,0.000000,0.000000,0.000000,0.000000,0.000000,0.000000,0.000000,0.000000,0.000000,0.000000,0.000000,0,0
181500000000,181768000000,6274140245,174,2107708808,0.000000,0.000000,0.000000,0.000000,0.000000,0.000000,0.000000,0.000000,0.000000,0.000000,0.000000,0.000000,0.000000,0.000000,0.000000,0,0
181768000000,181800000000,6274140245,174,2107708808,0.003593,0.004257,0.005928,0.000536,0.003727,0.009476,0.052430,0.000000,0.029240,0.072630,0.000000,0.000000,0.000000,0.000000,0.003227,0,0
181800000000,181852000000,6274140245,174,2107708808,0.004356,0.018460,0.019350,0.000202,0.017610,0.025180,0.059630,0.000000,0.028290,0.071410,26.410000,0.135300,0.000000,0.000000,0.003170,0,0
181852000000,182100000000,6274140245,174,2107708808,0.059200,0.047360,0.048580,0.000220,0.045350,0.060240,0.038940,0.000000,0.197000,0.119600,1.262000,0.000581,0.000000,0.000000,0.032530,0,0
182100000000,182400000000,6274140245,174,2107708808,0.167700,0.060550,0.062380,0.000313,0.056030,0.061340,0.006721,0.000000,0.200900,0.086300,1.327000,0.000680,0.000000,0.000000,0.007599,0,0
182400000000,182662000000,6274140245,174,2107708808,0.187300,0.060490,0.062620,0.000389,0.056150,0.060550,0.000010,0.000000,0.206500,0.001215,1.318000,0.000698,0.000000,0.000000,0.185500,0,0
182662000000,182680000000,6274140245,174,2107708808,0.000929,0.003132,0.000000,0.003120,0.003120,0.056400,0.000000,0.000000,0.016720,0.000000,1.353000,0.000712,0.000000,0.000000,0.000000,0,1
182680000000,182681000000,6274140245,174,2107708808,0.000000,0.000000,0.000000,0.000000,0.000000,0.000000,0.000000,0.000000,0.000000,0.000000,1.353000,0.000712,0.000000,0.000000,0.000000,0,0
182681000000,182700000000,6274140245,174,2107708808,0.000000,0.000000,0.000000,0.000000,0.000000,0.000000,0.000000,0.000000,0.000000,0.000000,0.000000,0.000000,0.000000,0.000000,0.000000,0,0
182717000000,182943000000,6274140245,174,459756757,0.000000,0.000000,0.000000,0.000000,0.000000,0.000000,0.000000,0.000000,0.000000,0.000000,0.000000,0.000000,0.000000,0.000000,0.000000,0,0
182943000000,183000000000,6274140245,174,459756757,0.002834,0.008209,0.009552,0.000387,0.007492,0.016420,0.032840,0.000000,0.039430,0.108200,33.210000,0.158500,0.000000,0.000000,0.004257,0,0
183000000000,183085000000,6274140245,174,459756757,0.002567,0.025970,0.027130,0.000010,0.024990,0.032410,0.035770,0.000000,0.006813,0.057980,34.300000,0.165000,0.000000,0.000000,0.001196,0,0
183085000000,183198000000,6274140245,174,459756757,0.008072,0.049130,0.049620,0.000039,0.047850,0.054690,0.042600,0.000000,0.069950,0.122600,26.420000,0.124500,0.000000,0.000000,0.000588,0,0
183198000000,183216000000,6274140245,174,459756757,0.017820,0.000000,0.000000,0.003265,0.003265,0.000000,0.000000,0.000000,0.080200,0.000000,23.290000,0.094210,0.000000,0.000000,0.000000,0,1
183216000000,183217000000,6274140245,174,459756757,0.000000,0.000000,0.000000,0.000000,0.000000,0.000000,0.000000,0.000000,0.000000,0.000000,23.290000,0.094210,0.000000,0.000000,0.000000,0,0
183231000000,183300000000,6274140245,174,459756757,0.004105,0.013730,0.014920,0.000785,0.012330,0.025760,0.036740,0.000000,0.034180,0.116700,3.493000,0.013150,0.000000,0.000000,0.004814,0,0
183300000000,183346000000,6274140245,174,459756757,0.012830,0.035950,0.037110,0.000028,0.034000,0.054810,0.035640,0.000000,0.106300,0.090820,0.846100,0.000413,0.000000,0.000000,0.004997,0,0
183346000000,183362000000,6274140245,174,459756757,0.003338,0.000000,0.000000,0.003269,0.003269,0.000000,0.000000,0.000000,0.026700,0.000000,0.795400,0.000170,0.000000,0.000000,0.000000,0,1
183362000000,183363000000,6274140245,174,459756757,0.000000,0.000000,0.000000,0.000000,0.000000,0.000000,0.000000,0.000000,0.000000,0.000000,0.795400,0.000170,0.000000,0.000000,0.000000,0,0
183379000000,183532000000,6274140245,174,459756757,0.005852,0.029080,0.030060,0.000491,0.027800,0.054870,0.038640,0.000000,0.085570,0.137200,0.849300,0.000335,0.000000,0.000000,0.003685,0,0
183532000000,183549000000,6274140245,174,459756757,0.000996,0.000000,0.000000,0.000000,0.000000,0.000000,0.000000,0.000000,0.016910,0.000000,0.814200,0.000163,0.000000,0.000000,0.000000,0,1
183549000000,183550000000,6274140245,174,459756757,0.000000,0.000000,0.000000,0.000000,0.000000,0.000000,0.000000,0.000000,0.000000,0.000000,0.814200,0.000163,0.000000,0.000000,0.000000,0,0
183564000000,183600000000,6274140245,174,459756757,0.003788,0.005531,0.007072,0.000315,0.004822,0.012100,0.038270,0.000000,0.032590,0.110500,1.376000,0.001775,0.000000,0.000000,0.000124,0,0
183600000000,183730000000,6274140245,174,459756757,0.004829,0.034300,0.035640,0.000321,0.032230,0.052860,0.039060,0.000000,0.062740,0.105200,1.429000,0.002065,0.000000,0.000000,0.004204,0,0
183730000000,183747000000,6274140245,174,459756757,0.002136,0.000000,0.000000,0.000000,0.000000,0.000000,0.000000,0.000000,0.036320,0.000000,1979.000000,4.000000,0.000000,0.000000,0.000000,0,1
183747000000,183748000000,6274140245,174,459756757,0.000000,0.000000,0.000000,0.000000,0.000000,0.000000,0.000000,0.000000,0.000000,0.000000,1979.000000,4.000000,0.000000,0.000000,0.000000,0,0
183764000000,183778000000,6274140245,174,459756757,0.002670,0.001259,0.003876,0.000650,0.001007,0.001892,0.024320,0.000000,0.043270,0.057740,0.000000,0.000000,0.000000,0.000000,0.003330,0,0
183778000000,183794000000,6274140245,174,459756757,0.000165,0.000000,0.000000,0.000000,0.000000,0.000000,0.000201,0.000000,0.002632,0.003429,0.000000,0.000000,0.000000,0.000000,0.000000,0,0
183794000000,183796000000,6274140245,174,459756757,0.000000,0.000000,0.000000,0.000000,0.000000,0.000000,0.000000,0.000000,0.000000,0.000000,0.000000,0.000000,0.000000,0.000000,0.000000,0,0
