179240000000,179400000000,6274140245,175,305376348,0.000000,0.000000,0.000000,0.000000,0.000000,0.000000,0.000000,0.000000,0.000000,0.000000,0.000000,0.000000,0.000000,0.000000,0.000000,0,0
179400000000,179700000000,6274140245,175,305376348,0.000000,0.000000,0.000000,0.000000,0.000000,0.000000,0.000000,0.000000,0.000000,0.000000,0.000000,0.000000,0.000000,0.000000,0.000000,0,0
179700000000,179919000000,6274140245,175,305376348,0.000000,0.000000,0.000000,0.000000,0.000000,0.000000,0.000000,0.000000,0.000000,0.000000,0.000000,0.000000,0.000000,0.000000,0.000000,0,0
179919000000,180000000000,6274140245,175,305376348,0.004478,0.014300,0.015660,0.000209,0.013640,0.026730,0.036620,0.000000,0.044740,0.060360,32.810000,0.158800,0.000000,0.000000,0.002319,0,0
180000000000,180093000000,6274140245,175,305376348,0.007080,0.034970,0.044920,0.000063,0.042300,0.055050,0.036560,0.000000,0.155300,0.058290,34.860000,0.169100,0.000000,0.000000,0.004982,0,0
180093000000,180300000000,6274140245,175,305376348,0.026370,0.060360,0.060490,0.000144,0.055480,0.061040,0.035640,0.000000,0.188200,0.103400,1.123000,0.000579,0.000000,0.000000,0.008270,0,0
180300000000,180600000000,6274140245,175,305376348,0.006271,0.060970,0.061040,0.000051,0.055660,0.061280,0.040590,0.000000,0.173100,0.064330,6.098000,0.021800,0.000000,0.000000,0.007324,0,0
180600000000,180900000000,6274140245,175,305376348,0.185500,0.061770,0.063110,0.000341,0.056090,0.061950,0.000298,0.000000,0.375000,0.023990,1.345000,0.000710,0.000000,0.000000,0.187500,0,0
180900000000,181200000000,6274140245,175,305376348,0.186300,0.061770,0.062990,0.000386,0.056150,0.061830,0.000010,0.000000,0.191900,0.002071,1.327000,0.000687,0.000000,0.000000,0.187000,0,0
181200000000,181500000000,6274140245,175,305376348,0.186000,0.061770,0.062990,0.000385,0.056150,0.061890,0.000004,0.000000,0.372100,0.000072,1.404000,0.000749,0.000000,0.000000,0.185300,0,0
181500000000,181696000000,6274140245,175,305376348,0.185100,0.061770,0.062990,0.000385,0.056150,0.061830,0.000005,0.000000,0.337400,0.000143,1.441000,0.000798,0.000000,0.000000,0.187500,0,0
181696000000,181800000000,6274140245,175,305376348,0.186300,0.061830,0.062990,0.000385,0.056150,0.061830,0.000005,0.000000,0.335900,0.000072,1.438000,0.000787,0.000000,0.000000,0.188000,0,0
181800000000,182100000000,6274140245,175,305376348,0.186000,0.061830,0.062990,0.000385,0.056150,0.061890,0.000004,0.000000,0.192100,0.000072,1.368000,0.000731,0.000000,0.000000,0.187500,0,0
182100000000,182400000000,6274140245,175,305376348,0.186000,0.061830,0.062990,0.000386,0.056150,0.061890,0.000009,0.000000,0.194800,0.000999,1.421000,0.000733,0.000000,0.000000,0.187000,0,0
182400000000,182700000000,6274140245,175,305376348,0.186000,0.061830,0.062990,0.000386,0.056150,0.061890,0.000004,0.000000,0.203100,0.000143,1.385000,0.000738,0.000000,0.000000,0.183600,0,0
182700000000,183000000000,6274140245,175,305376348,0.186300,0.061830,0.062990,0.000387,0.056150,0.061890,0.000026,0.000000,0.373000,0.006355,1.372000,0.000748,0.000000,0.000000,0.187300,0,0
183000000000,183300000000,6274140245,175,305376348,0.186300,0.061830,0.062990,0.000423,0.056210,0.061890,0.000010,0.000000,0.215100,0.001785,1.402000,0.000745,0.000000,0.000000,0.186500,0,0
183300000000,183600000000,6274140245,175,305376348,0.186300,0.061830,0.062990,0.000423,0.056210,0.061890,0.000008,0.000000,0.221200,0.001072,1.390000,0.000766,0.000000,0.000000,0.180900,0,0
183600000000,183900000000,6274140245,175,305376348,0.125200,0.061650,0.062990,0.000423,0.056210,0.061890,0.000008,0.000000,0.189000,0.001429,1.389000,0.000729,0.000000,0.000000,0.062500,0,0
183900000000,183970000000,6274140245,175,305376348,0.054020,0.061460,0.062990,0.001223,0.056210,0.061460,0.000789,0.000000,0.066650,0.023650,1.486000,0.000813,0.000000,0.000000,0.062260,0,0
183970000000,183992000000,6274140245,175,305376348,0.000147,0.002628,0.000000,0.002453,0.002453,0.057860,0.000037,0.000000,0.003235,0.000786,1.523000,0.000845,0.000000,0.000000,0.000000,0,0
183992000000,183994000000,6274140245,175,305376348,0.000000,0.000000,0.000000,0.000000,0.000000,0.000000,0.000000,0.000000,0.000000,0.000000,1.523000,0.000845,0.000000,0.000000,0.000000,0,0
