179237000000,179400000000,6274140245,176,38667394,0.000000,0.000000,0.000000,0.000000,0.000000,0.000000,0.000000,0.000000,0.000000,0.000000,0.000000,0.000000,0.000000,0.000000,0.000000,0,0
179400000000,179583000000,6274140245,176,38667394,0.000000,0.000000,0.000000,0.000000,0.000000,0.000000,0.000000,0.000000,0.000000,0.000000,0.000000,0.000000,0.000000,0.000000,0.000000,0,0
179583000000,179700000000,6274140245,176,38667394,0.002132,0.009872,0.011310,0.000404,0.009232,0.023440,0.015750,0.000000,0.018220,0.023010,1.008000,0.001878,0.000000,0.000000,0.000010,0,0
179700000000,179725000000,6274140245,176,38667394,0.002262,0.026490,0.027620,0.000044,0.025630,0.028810,0.016570,0.000000,0.006233,0.028560,3.039000,0.012770,0.000000,0.000000,0.000336,0,0
179725000000,180000000000,6274140245,176,38667394,0.002998,0.042720,0.045170,0.000051,0.042660,0.058170,0.016570,0.000000,0.062740,0.035710,6.111000,0.028860,0.000000,0.000000,0.000391,0,0
180000000000,180300000000,6274140245,176,38667394,0.043330,0.059690,0.059810,0.000190,0.055850,0.060120,0.011900,0.000000,0.216100,0.021510,1.288000,0.000733,0.000000,0.000000,0.000243,0,0
180300000000,180600000000,6274140245,176,38667394,0.002522,0.060060,0.060060,0.000036,0.055660,0.060060,0.017730,0.000000,0.026400,0.021510,2.996000,0.008959,0.000000,0.000000,0.006424,0,0
180600000000,180900000000,6274140245,176,38667394,0.002766,0.060060,0.060060,0.000038,0.055660,0.060060,0.017270,0.000000,0.021210,0.028560,8.491000,0.038060,0.000000,0.000000,0.007790,0,0
180900000000,181200000000,6274140245,176,38667394,0.003044,0.060060,0.060060,0.000036,0.055660,0.060060,0.017670,0.000000,0.020750,0.027340,3.024000,0.008584,0.000000,0.000000,0.000518,0,0
181200000000,181500000000,6274140245,176,38667394,0.002697,0.060060,0.060060,0.000040,0.055660,0.060060,0.017400,0.000000,0.020050,0.024350,8.019000,0.035630,0.000000,0.000000,0.003071,0,0
181500000000,181800000000,6274140245,176,38667394,0.002594,0.060060,0.060060,0.000040,0.055660,0.060060,0.017030,0.000000,0.018620,0.026370,5.739000,0.023140,0.000000,0.000000,0.003468,0,0
181800000000,181910000000,6274140245,176,38667394,0.002666,0.060060,0.060060,0.000041,0.055660,0.060060,0.017670,0.000000,0.013780,0.028560,2.069000,0.004142,0.000000,0.000000,0.002621,0,0
181910000000,182100000000,6274140245,176,38667394,0.002800,0.060060,0.060060,0.000040,0.055660,0.060060,0.017610,0.000000,0.016270,0.025090,12.290000,0.060440,0.000000,0.000000,0.000617,0,0
182100000000,182400000000,6274140245,176,38667394,0.003059,0.060060,0.060060,0.000039,0.055660,0.060060,0.018070,0.000000,0.021270,0.026370,20.670000,0.103700,0.000000,0.000000,0.010680,0,0
182400000000,182700000000,6274140245,176,38667394,0.002899,0.060000,0.060060,0.000042,0.055660,0.060060,0.018100,0.000000,0.018430,0.026000,3.699000,0.013320,0.000000,0.000000,0.018430,0,0
182700000000,183000000000,6274140245,176,38667394,0.002647,0.060000,0.060060,0.000042,0.055660,0.060060,0.017090,0.000000,0.016270,0.028560,11.790000,0.055570,0.000000,0.000000,0.000862,0,0
183000000000,183300000000,6274140245,176,38667394,0.003101,0.060000,0.060000,0.000039,0.055660,0.060060,0.017760,0.000000,0.017550,0.026860,14.930000,0.072470,0.000000,0.000000,0.000190,0,0
183300000000,183600000000,6274140245,176,38667394,0.002876,0.060000,0.060000,0.000040,0.055660,0.060060,0.016970,0.000000,0.016750,0.021510,25.280000,0.126300,0.000000,0.000000,0.000073,0,0
183600000000,183900000000,6274140245,176,38667394,0.001492,0.060000,0.060000,0.000038,0.055660,0.060060,0.014500,0.000000,0.017030,0.023440,20.430000,0.103000,0.000000,0.000000,0.000360,0,0
183900000000,184200000000,6274140245,176,38667394,0.001757,0.060000,0.060000,0.000043,0.055660,0.060060,0.015030,0.000000,0.013870,0.021510,12.360000,0.059640,0.000000,0.000000,0.000547,0,0
184200000000,184500000000,6274140245,176,38667394,0.002823,0.060000,0.060000,0.000041,0.055660,0.060060,0.016330,0.000000,0.018430,0.021510,16.770000,0.081420,0.000000,0.000000,0.000691,0,0
184500000000,184800000000,6274140245,176,38667394,0.002590,0.060000,0.060000,0.000040,0.055660,0.060060,0.016450,0.000000,0.023100,0.021510,11.150000,0.051990,0.000000,0.000000,0.000313,0,0
184800000000,185100000000,6274140245,176,38667394,0.001108,0.060000,0.060000,0.000041,0.055660,0.060060,0.016910,0.000000,0.011250,0.021510,13.480000,0.064760,0.000000,0.000000,0.000553,0,0
185100000000,185400000000,6274140245,176,38667394,0.002666,0.060000,0.060000,0.000044,0.055660,0.060060,0.017880,0.000000,0.027400,0.021510,7.464000,0.035640,0.000000,0.000000,0.000215,0,0
185400000000,185700000000,6274140245,176,38667394,0.002991,0.060000,0.060000,0.000042,0.055660,0.060060,0.016750,0.000000,0.019590,0.022060,18.800000,0.093920,0.000000,0.000000,0.010940,0,0
185700000000,186000000000,6274140245,176,38667394,0.002884,0.060000,0.060000,0.000047,0.055660,0.060060,0.017490,0.000000,0.018040,0.027860,14.990000,0.074470,0.000000,0.000000,0.002205,0,0
186000000000,186300000000,6274140245,176,38667394,0.002136,0.060000,0.060000,0.000049,0.055660,0.060060,0.017360,0.000000,0.015840,0.022060,12.440000,0.060090,0.000000,0.000000,0.006042,0,0
186300000000,186600000000,6274140245,176,38667394,0.000806,0.060000,0.060000,0.000045,0.055660,0.060060,0.017060,0.000000,0.020020,0.021510,18.080000,0.087970,0.000000,0.000000,0.000155,0,0
186600000000,186900000000,6274140245,176,38667394,0.001171,0.060000,0.060000,0.000043,0.055660,0.060060,0.017760,0.000000,0.010040,0.023220,23.420000,0.117100,0.000000,0.000000,0.004417,0,0
186900000000,187200000000,6274140245,176,38667394,0.003212,0.060000,0.060000,0.000048,0.055660,0.060060,0.017910,0.000000,0.018430,0.026790,22.450000,0.113300,0.000000,0.000000,0.002457,0,0
187200000000,187500000000,6274140245,176,38667394,0.003170,0.060000,0.060000,0.000049,0.055660,0.060060,0.018040,0.000000,0.016570,0.028560,6.743000,0.031440,0.000000,0.000000,0.006645,0,0
187500000000,187800000000,6274140245,176,38667394,0.002918,0.060000,0.060000,0.000049,0.055730,0.060060,0.018340,0.000000,0.021180,0.028560,19.550000,0.095520,0.000000,0.000000,0.000398,0,0
187800000000,188100000000,6274140245,176,38667394,0.003227,0.060000,0.060000,0.000049,0.055730,0.060060,0.018100,0.000000,0.017030,0.028560,16.000000,0.079830,0.000000,0.000000,0.000197,0,0
188100000000,188400000000,6274140245,176,38667394,0.003174,0.060000,0.060000,0.000048,0.055660,0.060060,0.017850,0.000000,0.014920,0.028560,13.060000,0.062620,0.000000,0.000000,0.000073,0,0
188400000000,188700000000,6274140245,176,38667394,0.002853,0.060000,0.060000,0.000048,0.055730,0.060060,0.017520,0.000000,0.037350,0.021510,14.630000,0.072180,0.000000,0.000000,0.002522,0,0
188700000000,189000000000,6274140245,176,38667394,0.002956,0.060000,0.060000,0.000048,0.055660,0.060060,0.017400,0.000000,0.022890,0.021510,16.690000,0.081570,0.000000,0.000000,0.002048,0,0
189000000000,189300000000,6274140245,176,38667394,0.003269,0.060000,0.060000,0.000046,0.055660,0.060060,0.017730,0.000000,0.018070,0.028660,21.050000,0.103100,0.000000,0.000000,0.002926,0,0
189300000000,189600000000,6274140245,176,38667394,0.003231,0.060000,0.060000,0.000045,0.055660,0.060060,0.017400,0.000000,0.025360,0.028560,24.690000,0.121800,0.000000,0.000000,0.000421,0,0
189600000000,189900000000,6274140245,176,38667394,0.002968,0.060000,0.060000,0.000046,0.055660,0.060060,0.016970,0.000000,0.017210,0.022800,24.330000,0.121500,0.000000,0.000000,0.001045,0,0
189900000000,190200000000,6274140245,176,38667394,0.003155,0.060000,0.060000,0.000045,0.055660,0.060060,0.017000,0.000000,0.019990,0.026210,7.322000,0.034930,0.000000,0.000000,0.000058,0,0
190200000000,190500000000,6274140245,176,38667394,0.003117,0.060000,0.060000,0.000047,0.055660,0.060060,0.017460,0.000000,0.019070,0.021510,25.650000,0.132200,0.000000,0.000000,0.001272,0,0
190500000000,190800000000,6274140245,176,38667394,0.003132,0.060000,0.060000,0.000046,0.055660,0.060060,0.017180,0.000000,0.023500,0.028560,21.100000,0.106300,0.000000,0.000000,0.002762,0,0
190800000000,191100000000,6274140245,176,38667394,0.002754,0.060000,0.060000,0.000048,0.055660,0.060060,0.017400,0.000000,0.017060,0.021510,19.320000,0.096650,0.000000,0.000000,0.000240,0,0
191100000000,191400000000,6274140245,176,38667394,0.005180,0.060000,0.060000,0.000045,0.055660,0.060060,0.017180,0.000000,0.164300,0.027340,1.362000,0.000859,0.000000,0.000000,0.012600,0,0
191400000000,191700000000,6274140245,176,38667394,0.003712,0.060000,0.060000,0.000045,0.055660,0.060060,0.016750,0.000000,0.122200,0.026860,4.599000,0.018200,0.000000,0.000000,0.005882,0,0
191700000000,192000000000,6274140245,176,38667394,0.005417,0.060000,0.060000,0.000046,0.055660,0.060060,0.027530,0.000000,0.062130,0.065430,1.823000,0.002000,0.000000,0.000000,0.009552,0,0
192000000000,192192000000,6274140245,176,38667394,0.125200,0.060240,0.061340,0.000224,0.055910,0.060490,0.015720,0.000000,0.253900,0.071410,1.282000,0.000691,0.000000,0.000000,0.008682,0,0
192192000000,192300000000,6274140245,176,38667394,0.172900,0.060240,0.062010,0.000323,0.056030,0.060360,0.000545,0.000000,0.375500,0.022580,1.412000,0.000757,0.000000,0.000000,0.186300,0,0
192300000000,192600000000,6274140245,176,38667394,0.011050,0.058840,0.060550,0.000361,0.056090,0.060240,0.000028,0.000000,0.125500,0.004860,1.424000,0.000765,0.000000,0.000000,0.000058,0,0
192600000000,192900000000,6274140245,176,38667394,0.041690,0.058780,0.060120,0.000370,0.056150,0.059270,0.000037,0.000000,0.129400,0.007286,1.444000,0.000712,0.000000,0.000000,0.000139,0,0
192900000000,193163000000,6274140245,176,38667394,0.083740,0.059330,0.060180,0.000378,0.056150,0.060060,0.000430,0.000000,0.134800,0.038450,1.452000,0.000780,0.000000,0.000000,0.062620,0,0
193163000000,193164000000,6274140245,176,38667394,0.000000,0.060060,0.060000,0.047550,0.056340,0.060060,0.000000,0.000000,0.000000,0.000000,1.579000,0.000782,0.000000,0.000000,0.000000,0,0
193164000000,193183000000,6274140245,176,38667394,0.000667,0.056640,0.058350,0.056340,0.056340,0.056640,0.000004,0.000000,0.012680,0.000072,1.579000,0.000782,0.000000,0.000000,0.000000,0,0
193183000000,193184000000,6274140245,176,38667394,0.000000,0.056640,0.058170,0.056340,0.056340,0.056640,0.000000,0.000000,0.000000,0.000000,1.579000,0.000782,0.000000,0.000000,0.000000,0,0
193184000000,193200000000,6274140245,176,38667394,0.000000,0.000000,0.000000,0.000000,0.000000,0.000000,0.000000,0.000000,0.000000,0.000000,0.000000,0.000000,0.000000,0.000000,0.000000,0,0
