179234000000,179400000000,6274140245,177,1099042,0.000000,0.000000,0.000000,0.000000,0.000000,0.000000,0.000000,0.000000,0.000000,0.000000,0.000000,0.000000,0.000000,0.000000,0.000000,0,0
179400000000,179470000000,6274140245,177,1099042,0.000000,0.000000,0.000000,0.000000,0.000000,0.000000,0.000000,0.000000,0.000000,0.000000,0.000000,0.000000,0.000000,0.000000,0.000000,0,0
179470000000,179609000000,6274140245,177,1099042,0.018680,0.035460,0.036740,0.000306,0.034240,0.062010,0.050290,0.000000,0.188000,0.128900,26.620000,0.127600,0.000000,0.000000,0.008392,0,0
179609000000,179700000000,6274140245,177,1099042,0.186300,0.061830,0.062010,0.001726,0.057500,0.062070,0.000498,0.000000,0.216300,0.017910,1.355000,0.000757,0.000000,0.000000,0.188000,0,0
179700000000,180000000000,6274140245,177,1099042,0.185300,0.060730,0.062010,0.001228,0.057010,0.061100,0.000182,0.000000,0.219500,0.026060,1.297000,0.000649,0.000000,0.000000,0.186800,0,0
180000000000,180007000000,6274140245,177,1099042,0.186000,0.060420,0.062010,0.001102,0.056880,0.060490,0.000000,0.000000,0.188500,0.000000,1.391000,0.000700,0.000000,0.000000,0.186800,0,0
180007000000,180300000000,6274140245,177,1099042,0.185800,0.060790,0.062010,0.001066,0.056820,0.060850,0.000033,0.000000,0.217800,0.003998,1.436000,0.000787,0.000000,0.000000,0.149700,0,0
180300000000,180600000000,6274140245,177,1099042,0.185800,0.060730,0.062010,0.000980,0.056760,0.060850,0.000006,0.000000,0.369100,0.000500,1.427000,0.000792,0.000000,0.000000,0.183600,0,0
180600000000,180900000000,6274140245,177,1099042,0.185800,0.060790,0.062010,0.000218,0.056030,0.060910,0.000024,0.000000,0.280300,0.002998,1.424000,0.000790,0.000000,0.000000,0.187000,0,0
180900000000,181200000000,6274140245,177,1099042,0.185800,0.060850,0.062010,0.000224,0.056030,0.060970,0.000011,0.000000,0.205600,0.002499,1.414000,0.000721,0.000000,0.000000,0.186800,0,0
181200000000,181500000000,6274140245,177,1099042,0.185500,0.060850,0.062010,0.000225,0.056030,0.060910,0.000004,0.000000,0.351100,0.000072,1.449000,0.000777,0.000000,0.000000,0.187500,0,0
181500000000,181800000000,6274140245,177,1099042,0.185800,0.060790,0.062010,0.000225,0.056030,0.060850,0.000003,0.000000,0.194100,0.000072,1.330000,0.000672,0.000000,0.000000,0.187000,0,0
181800000000,182100000000,6274140245,177,1099042,0.186000,0.060850,0.062010,0.000229,0.056030,0.060910,0.000020,0.000000,0.190900,0.004715,1.415000,0.000773,0.000000,0.000000,0.188200,0,0
182100000000,182400000000,6274140245,177,1099042,0.185800,0.060850,0.062010,0.000262,0.056030,0.060910,0.000024,0.000000,0.191900,0.002857,1.416000,0.000750,0.000000,0.000000,0.185800,0,0
182400000000,182700000000,6274140245,177,1099042,0.185100,0.060850,0.062070,0.000262,0.056030,0.060910,0.000006,0.000000,0.195300,0.000286,1.455000,0.000795,0.000000,0.000000,0.187500,0,0
182700000000,183000000000,6274140245,177,1099042,0.186000,0.060850,0.062070,0.000261,0.056030,0.060970,0.000003,0.000000,0.206300,0.000143,1.447000,0.000764,0.000000,0.000000,0.180400,0,0
183000000000,183300000000,6274140245,177,1099042,0.185500,0.060850,0.062070,0.000261,0.056030,0.060970,0.000006,0.000000,0.198200,0.000786,1.417000,0.000732,0.000000,0.000000,0.186500,0,0
183300000000,183600000000,6274140245,177,1099042,0.185800,0.060850,0.062070,0.000261,0.056030,0.060910,0.000011,0.000000,0.196500,0.001785,1.352000,0.000690,0.000000,0.000000,0.187300,0,0
183600000000,183900000000,6274140245,177,1099042,0.174300,0.060910,0.062070,0.000249,0.056030,0.060970,0.000004,0.000000,0.193400,0.000072,1.358000,0.000720,0.000000,0.000000,0.187500,0,0
183900000000,183971000000,6274140245,177,1099042,0.068240,0.060670,0.062070,0.001041,0.056030,0.060850,0.001213,0.000000,0.127000,0.027650,1.346000,0.000657,0.000000,0.000000,0.000407,0,0
183971000000,183987000000,6274140245,177,1099042,0.000183,0.000000,0.000000,0.000000,0.000000,0.000000,0.000067,0.000000,0.002930,0.000999,1.624000,0.001214,0.000000,0.000000,0.000000,0,0
183987000000,183989000000,6274140245,177,1099042,0.000000,0.000000,0.000000,0.000000,0.000000,0.000000,0.000000,0.000000,0.000000,0.000000,1.624000,0.001214,0.000000,0.000000,0.000000,0,0
