179233000000,179400000000,6274140245,178,305376838,0.000000,0.000000,0.000000,0.000000,0.000000,0.000000,0.000000,0.000000,0.000000,0.000000,0.000000,0.000000,0.000000,0.000000,0.000000,0,0
179400000000,179460000000,6274140245,178,305376838,0.000000,0.000000,0.000000,0.000000,0.000000,0.000000,0.000000,0.000000,0.000000,0.000000,0.000000,0.000000,0.000000,0.000000,0.000000,0,0
179460000000,179574000000,6274140245,178,305376838,0.009979,0.033020,0.034420,0.000386,0.032170,0.057310,0.046810,0.000000,0.062740,0.067870,1.797000,0.005840,0.000000,0.000000,0.010180,0,0
179574000000,179599000000,6274140245,178,305376838,0.002144,0.000000,0.000000,0.000000,0.000000,0.000000,0.000000,0.000000,0.053590,0.000000,0.928600,0.001573,0.000000,0.000000,0.000000,0,1
179599000000,179600000000,6274140245,178,305376838,0.000000,0.000000,0.000000,0.000000,0.000000,0.000000,0.000000,0.000000,0.000000,0.000000,0.928600,0.001573,0.000000,0.000000,0.000000,0,0
179621000000,179700000000,6274140245,178,965473,0.000000,0.000000,0.000000,0.000000,0.000000,0.000000,0.000000,0.000000,0.000000,0.000000,0.000000,0.000000,0.000000,0.000000,0.000000,0,0
179700000000,180000000000,6274140245,178,965473,0.000000,0.000000,0.000000,0.000000,0.000000,0.000000,0.000000,0.000000,0.000000,0.000000,0.000000,0.000000,0.000000,0.000000,0.000000,0,0
180000000000,180016000000,6274140245,178,965473,0.000000,0.000000,0.000000,0.000000,0.000000,0.000000,0.000000,0.000000,0.000000,0.000000,0.000000,0.000000,0.000000,0.000000,0.000000,0,0
180016000000,180102000000,6274140245,178,965473,0.001431,0.001802,0.004478,0.000456,0.001581,0.008286,0.010740,0.000000,0.039550,0.064940,1.591000,0.003224,0.000000,0.000000,0.000120,0,0
180102000000,180300000000,6274140245,178,965473,0.002647,0.020260,0.021880,0.000106,0.019740,0.033750,0.019130,0.000000,0.020080,0.055110,3.496000,0.013290,0.000000,0.000000,0.006325,0,0
180300000000,180600000000,6274140245,178,965473,0.093750,0.058170,0.059020,0.000780,0.055050,0.061650,0.010600,0.000000,0.364700,0.107900,1.305000,0.000696,0.000000,0.000000,0.000139,0,0
180600000000,180900000000,6274140245,178,965473,0.185100,0.060850,0.061950,0.000465,0.056210,0.060910,0.000049,0.000000,0.374000,0.009140,1.388000,0.000769,0.000000,0.000000,0.187000,0,0
180900000000,181200000000,6274140245,178,965473,0.184300,0.060850,0.061950,0.000391,0.056150,0.060910,0.000005,0.000000,0.191700,0.000215,1.338000,0.000710,0.000000,0.000000,0.183600,0,0
181200000000,181485000000,6274140245,178,965473,0.183100,0.060910,0.061950,0.000391,0.056150,0.061040,0.000012,0.000000,0.372100,0.001358,1.356000,0.000678,0.000000,0.000000,0.187300,0,0
181485000000,181500000000,6274140245,178,965473,0.179200,0.060970,0.061950,0.000391,0.056150,0.061040,0.000000,0.000000,0.186800,0.000000,1.448000,0.000737,0.000000,0.000000,0.183100,0,0
181500000000,181800000000,6274140245,178,965473,0.183300,0.060910,0.061950,0.000391,0.056150,0.061040,0.000006,0.000000,0.368700,0.000571,1.465000,0.000798,0.000000,0.000000,0.186500,0,0
181800000000,182100000000,6274140245,178,965473,0.179400,0.060910,0.061950,0.000391,0.056150,0.061040,0.000004,0.000000,0.200900,0.000072,1.456000,0.000800,0.000000,0.000000,0.186800,0,0
182100000000,182400000000,6274140245,178,965473,0.185300,0.060970,0.061950,0.000389,0.056150,0.061040,0.000005,0.000000,0.375500,0.000357,1.363000,0.000678,0.000000,0.000000,0.187300,0,0
182400000000,182700000000,6274140245,178,965473,0.186800,0.060910,0.061950,0.000386,0.056150,0.061040,0.000007,0.000000,0.374500,0.000714,1.405000,0.000762,0.000000,0.000000,0.187000,0,0
182700000000,183000000000,6274140245,178,965473,0.185800,0.060910,0.061950,0.000376,0.056150,0.060970,0.000005,0.000000,0.374000,0.000215,1.414000,0.000796,0.000000,0.000000,0.184100,0,0
183000000000,183300000000,6274140245,178,965473,0.186300,0.060970,0.061950,0.000362,0.056150,0.061040,0.000007,0.000000,0.375000,0.000714,1.337000,0.000728,0.000000,0.000000,0.187500,0,0
183300000000,183600000000,6274140245,178,965473,0.186500,0.061040,0.061950,0.000353,0.056150,0.061100,0.000004,0.000000,0.372100,0.000143,1.304000,0.000679,0.000000,0.000000,0.186500,0,0
183600000000,183900000000,6274140245,178,965473,0.143300,0.060910,0.061950,0.000380,0.056150,0.061100,0.000024,0.000000,0.192900,0.003216,1.399000,0.000763,0.000000,0.000000,0.186300,0,0
183900000000,183930000000,6274140245,178,965473,0.001537,0.060120,0.061950,0.002258,0.056150,0.060360,0.002556,0.000000,0.062260,0.033630,3.554000,0.012890,0.000000,0.000000,0.000331,0,0
183930000000,183951000000,6274140245,178,965473,0.000358,0.000000,0.000000,0.000000,0.000000,0.000000,0.000000,0.000000,0.007507,0.000000,3.554000,0.012890,0.000000,0.000000,0.000000,0,0
183951000000,183952000000,6274140245,178,965473,0.000000,0.000000,0.000000,0.000000,0.000000,0.000000,0.000000,0.000000,0.000000,0.000000,3.554000,0.012890,0.000000,0.000000,0.000000,0,0
