179234000000,179400000000,6274140245,179,227394150,0.000000,0.000000,0.000000,0.000000,0.000000,0.000000,0.000000,0.000000,0.000000,0.000000,0.000000,0.000000,0.000000,0.000000,0.000000,0,0
179400000000,179537000000,6274140245,179,227394150,0.000000,0.000000,0.000000,0.000000,0.000000,0.000000,0.000000,0.000000,0.000000,0.000000,0.000000,0.000000,0.000000,0.000000,0.000000,0,0
179537000000,179630000000,6274140245,179,227394150,0.004807,0.015230,0.016390,0.000194,0.014420,0.029690,0.037410,0.000000,0.017300,0.059270,33.400000,0.151200,0.000000,0.000000,0.002949,0,0
179630000000,179700000000,6274140245,179,227394150,0.004097,0.042110,0.042850,0.000034,0.040890,0.053710,0.036440,0.000000,0.013080,0.071410,0.899200,0.001773,0.000000,0.000000,0.004082,0,0
179700000000,180000000000,6274140245,179,227394150,0.133800,0.059390,0.059880,0.000332,0.055300,0.061220,0.009216,0.000000,0.229700,0.093020,1.259000,0.000641,0.000000,0.000000,0.182100,0,0
180000000000,180300000000,6274140245,179,227394150,0.185100,0.061160,0.061650,0.000399,0.056150,0.061280,0.000006,0.000000,0.368700,0.000571,1.419000,0.000774,0.000000,0.000000,0.186300,0,0
180300000000,180443000000,6274140245,179,227394150,0.185500,0.061220,0.061650,0.000370,0.056150,0.061280,0.000015,0.000000,0.229000,0.001715,1.430000,0.000763,0.000000,0.000000,0.186500,0,0
180443000000,180600000000,6274140245,179,227394150,0.185300,0.061100,0.061650,0.000341,0.056090,0.061280,0.000007,0.000000,0.241200,0.000643,1.403000,0.000705,0.000000,0.000000,0.186000,0,0
180600000000,180900000000,6274140245,179,227394150,0.185800,0.061220,0.061650,0.000341,0.056090,0.061280,0.000003,0.000000,0.242900,0.000072,1.351000,0.000687,0.000000,0.000000,0.188700,0,0
180900000000,181200000000,6274140245,179,227394150,0.185800,0.061280,0.061710,0.000320,0.056090,0.061340,0.000004,0.000000,0.206800,0.000072,1.372000,0.000702,0.000000,0.000000,0.179900,0,0
181200000000,181500000000,6274140245,179,227394150,0.185500,0.061220,0.061710,0.000272,0.056030,0.061340,0.000004,0.000000,0.371600,0.000143,1.425000,0.000777,0.000000,0.000000,0.183600,0,0
181500000000,181800000000,6274140245,179,227394150,0.185800,0.061280,0.061650,0.000275,0.056030,0.061340,0.000019,0.000000,0.373500,0.004570,1.340000,0.000670,0.000000,0.000000,0.188700,0,0
181800000000,182100000000,6274140245,179,227394150,0.186000,0.061340,0.061710,0.000278,0.056030,0.061340,0.000004,0.000000,0.371600,0.000215,1.413000,0.000735,0.000000,0.000000,0.186500,0,0
182100000000,182400000000,6274140245,179,227394150,0.185800,0.061280,0.061650,0.000278,0.056030,0.061340,0.000003,0.000000,0.207800,0.000143,1.400000,0.000762,0.000000,0.000000,0.186000,0,0
182400000000,182700000000,6274140245,179,227394150,0.185500,0.061280,0.061650,0.000278,0.056030,0.061400,0.000005,0.000000,0.203900,0.000357,1.398000,0.000763,0.000000,0.000000,0.187300,0,0
182700000000,183000000000,6274140245,179,227394150,0.185500,0.061280,0.061710,0.000278,0.056030,0.061340,0.000008,0.000000,0.204600,0.000714,1.432000,0.000776,0.000000,0.000000,0.188200,0,0
183000000000,183300000000,6274140245,179,227394150,0.186300,0.061280,0.061710,0.000301,0.056090,0.061340,0.000030,0.000000,0.210000,0.007568,1.375000,0.000730,0.000000,0.000000,0.187500,0,0
183300000000,183600000000,6274140245,179,227394150,0.186000,0.061340,0.061710,0.000219,0.055970,0.061400,0.000003,0.000000,0.210200,0.000072,1.367000,0.000707,0.000000,0.000000,0.188000,0,0
183600000000,183900000000,6274140245,179,227394150,0.181600,0.061400,0.061710,0.000216,0.055970,0.061400,0.000004,0.000000,0.207500,0.000072,1.368000,0.000682,0.000000,0.000000,0.187500,0,0
183900000000,184200000000,6274140245,179,227394150,0.125700,0.061160,0.061710,0.000232,0.056030,0.061280,0.000068,0.000000,0.189200,0.011780,1.308000,0.000610,0.000000,0.000000,0.186800,0,0
184200000000,184500000000,6274140245,179,227394150,0.096190,0.061040,0.061710,0.000234,0.056030,0.061160,0.000015,0.000000,0.137200,0.002430,1.391000,0.000690,0.000000,0.000000,0.125200,0,0
184500000000,184561000000,6274140245,179,227394150,0.001083,0.060120,0.061710,0.001156,0.056030,0.060550,0.001919,0.000000,0.043150,0.036620,1.478000,0.000846,0.000000,0.000000,0.000098,0,0
184561000000,184580000000,6274140245,179,227394150,0.000134,0.000000,0.000000,0.000000,0.000000,0.000000,0.000000,0.000000,0.002563,0.000000,2.565000,0.008322,0.000000,0.000000,0.000000,0,0
184580000000,184581000000,6274140245,179,227394150,0.000000,0.000000,0.000000,0.000000,0.000000,0.000000,0.000000,0.000000,0.000000,0.000000,2.565000,0.008322,0.000000,0.000000,0.000000,0,0
