179243000000,179400000000,6274140245,18,400424036,0.000000,0.000000,0.000000,0.000000,0.000000,0.000000,0.000000,0.000000,0.000000,0.000000,0.000000,0.000000,0.000000,0.000000,0.000000,0,0
179400000000,179487000000,6274140245,18,400424036,0.000000,0.000000,0.000000,0.000000,0.000000,0.000000,0.000000,0.000000,0.000000,0.000000,0.000000,0.000000,0.000000,0.000000,0.000000,0,0
179487000000,179638000000,6274140245,18,400424036,0.009171,0.034000,0.035030,0.000138,0.032410,0.059200,0.045840,0.000000,0.073730,0.149700,1.355000,0.002098,0.000000,0.000000,0.073730,0,0
179638000000,179700000000,6274140245,18,400424036,0.155800,0.061830,0.062870,0.001265,0.057010,0.062740,0.006958,0.000000,0.188700,0.079350,1.400000,0.000769,0.000000,0.000000,0.181600,0,0
179700000000,180000000000,6274140245,18,400424036,0.185100,0.061520,0.063110,0.000478,0.056270,0.062740,0.000082,0.000000,0.368200,0.017060,1.368000,0.000752,0.000000,0.000000,0.187000,0,0
180000000000,180156000000,6274140245,18,400424036,0.185500,0.061400,0.062990,0.000386,0.056150,0.061580,0.000024,0.000000,0.223600,0.002644,1.337000,0.000716,0.000000,0.000000,0.155000,0,0
180156000000,180300000000,6274140245,18,400424036,0.186000,0.061520,0.062990,0.000389,0.056150,0.061580,0.000011,0.000000,0.374500,0.001072,1.392000,0.000753,0.000000,0.000000,0.186500,0,0
180300000000,180600000000,6274140245,18,400424036,0.186300,0.061520,0.062990,0.000392,0.056150,0.061520,0.000005,0.000000,0.234600,0.000500,1.342000,0.000725,0.000000,0.000000,0.184800,0,0
180600000000,180900000000,6274140245,18,400424036,0.186000,0.061460,0.062990,0.000392,0.056150,0.061580,0.000004,0.000000,0.233600,0.000143,1.375000,0.000773,0.000000,0.000000,0.186800,0,0
180900000000,181200000000,6274140245,18,400424036,0.186300,0.061520,0.062990,0.000392,0.056150,0.061580,0.000007,0.000000,0.205800,0.000857,1.350000,0.000732,0.000000,0.000000,0.185300,0,0
181200000000,181500000000,6274140245,18,400424036,0.186300,0.061520,0.062990,0.000394,0.056150,0.061650,0.000004,0.000000,0.375000,0.000215,1.335000,0.000688,0.000000,0.000000,0.187000,0,0
181500000000,181800000000,6274140245,18,400424036,0.186000,0.061520,0.062990,0.000384,0.056150,0.061580,0.000004,0.000000,0.192900,0.000286,1.373000,0.000772,0.000000,0.000000,0.182100,0,0
181800000000,182100000000,6274140245,18,400424036,0.185300,0.061520,0.062990,0.000380,0.056150,0.061580,0.000003,0.000000,0.206300,0.000215,1.335000,0.000684,0.000000,0.000000,0.187000,0,0
182100000000,182400000000,6274140245,18,400424036,0.185300,0.061520,0.063110,0.000369,0.056150,0.061580,0.000006,0.000000,0.373500,0.000215,1.334000,0.000691,0.000000,0.000000,0.186000,0,0
182400000000,182700000000,6274140245,18,400424036,0.183600,0.061460,0.063110,0.000376,0.056150,0.061580,0.000025,0.000000,0.373500,0.004425,1.391000,0.000749,0.000000,0.000000,0.187000,0,0
182700000000,183000000000,6274140245,18,400424036,0.185800,0.061580,0.063110,0.000380,0.056150,0.061650,0.000004,0.000000,0.374500,0.000143,1.414000,0.000777,0.000000,0.000000,0.192400,0,0
183000000000,183300000000,6274140245,18,400424036,0.185800,0.061520,0.063110,0.000367,0.056150,0.061580,0.000005,0.000000,0.193800,0.000357,1.344000,0.000704,0.000000,0.000000,0.188200,0,0
183300000000,183600000000,6274140245,18,400424036,0.185800,0.061520,0.063110,0.000360,0.056150,0.061580,0.000004,0.000000,0.191700,0.000143,1.337000,0.000693,0.000000,0.000000,0.188200,0,0
183600000000,183900000000,6274140245,18,400424036,0.138200,0.061460,0.063110,0.000352,0.056150,0.061580,0.000009,0.000000,0.206500,0.001072,1.348000,0.000738,0.000000,0.000000,0.124800,0,0
183900000000,183932000000,6274140245,18,400424036,0.001602,0.060670,0.062260,0.003605,0.056090,0.060910,0.004959,0.000000,0.051330,0.035340,1.180000,0.000523,0.000000,0.000000,0.000101,0,0
183932000000,183947000000,6274140245,18,400424036,0.000171,0.000000,0.000000,0.000000,0.000000,0.000000,0.000029,0.000000,0.002563,0.000286,1.180000,0.000523,0.000000,0.000000,0.000000,0,0
183947000000,183948000000,6274140245,18,400424036,0.000000,0.000000,0.000000,0.000000,0.000000,0.000000,0.000000,0.000000,0.000000,0.000000,1.180000,0.000523,0.000000,0.000000,0.000000,0,0
190719000000,190800000000,6274140245,18,4820095525,0.000000,0.000000,0.000000,0.000000,0.000000,0.000000,0.000000,0.000000,0.000000,0.000000,0.000000,0.000000,0.000000,0.000000,0.000000,0,0
190800000000,190928000000,6274140245,18,4820095525,0.000000,0.000000,0.000000,0.000000,0.000000,0.000000,0.000000,0.000000,0.000000,0.000000,0.000000,0.000000,0.000000,0.000000,0.000000,0,0
190928000000,191008000000,6274140245,18,4820095525,0.000608,0.001724,0.003864,0.000730,0.001295,0.001934,0.005219,0.000000,0.025820,0.060850,2.578000,0.000000,0.000000,0.000000,0.000011,0,0
191008000000,191027000000,6274140245,18,4820095525,0.000139,0.000000,0.000000,0.000000,0.000000,0.000000,0.000000,0.000000,0.002644,0.000000,2.578000,0.000000,0.000000,0.000000,0.000000,0,0
191027000000,191029000000,6274140245,18,4820095525,0.000000,0.000000,0.000000,0.000000,0.000000,0.000000,0.000000,0.000000,0.000000,0.000000,2.578000,0.000000,0.000000,0.000000,0.000000,0,0
