179233000000,179400000000,6274140245,180,2596498917,0.000000,0.000000,0.000000,0.000000,0.000000,0.000000,0.000000,0.000000,0.000000,0.000000,0.000000,0.000000,0.000000,0.000000,0.000000,0,0
179400000000,179700000000,6274140245,180,2596498917,0.000000,0.000000,0.000000,0.000000,0.000000,0.000000,0.000000,0.000000,0.000000,0.000000,0.000000,0.000000,0.000000,0.000000,0.000000,0,0
179700000000,179972000000,6274140245,180,2596498917,0.000000,0.000000,0.000000,0.000000,0.000000,0.000000,0.000000,0.000000,0.000000,0.000000,0.000000,0.000000,0.000000,0.000000,0.000000,0,0
179972000000,180000000000,6274140245,180,2596498917,0.003391,0.003059,0.004906,0.000453,0.002411,0.006851,0.028140,0.000000,0.015550,0.046570,0.000000,0.000000,0.000000,0.000000,0.003078,0,0
180000000000,180064000000,6274140245,180,2596498917,0.000504,0.008240,0.009262,0.000301,0.007294,0.009323,0.003353,0.000000,0.006523,0.014280,30.540000,0.145500,0.000000,0.000000,0.000237,0,0
180064000000,180300000000,6274140245,180,2596498917,0.001581,0.015490,0.021060,0.000037,0.018280,0.020540,0.009415,0.000000,0.013580,0.044740,3.964000,0.015570,0.000000,0.000000,0.000127,0,0
180300000000,180600000000,6274140245,180,2596498917,0.001127,0.019620,0.024570,0.000010,0.021180,0.033140,0.009399,0.000000,0.009277,0.042910,4.007000,0.015860,0.000000,0.000000,0.000134,0,0
180600000000,180900000000,6274140245,180,2596498917,0.002285,0.046080,0.054570,0.000073,0.051510,0.058720,0.009674,0.000000,0.071900,0.046450,1.041000,0.002212,0.000000,0.000000,0.000094,0,0
180900000000,181010000000,6274140245,180,2596498917,0.040830,0.060360,0.060970,0.001291,0.056580,0.063840,0.010280,0.000001,0.195300,0.061340,1.241000,0.000643,0.000000,0.000000,0.031070,0,0
181010000000,181035000000,6274140245,180,2596498917,0.000881,0.000000,0.000000,0.007027,0.007027,0.000000,0.003380,0.000010,0.005501,0.014280,1.460000,0.000817,0.000000,0.000000,0.000000,0,1
181035000000,181036000000,6274140245,180,2596498917,0.000000,0.000000,0.000000,0.000000,0.000000,0.000000,0.000000,0.000010,0.000000,0.000000,1.460000,0.000817,0.000000,0.000000,0.000000,0,0
181070000000,181200000000,6274140245,180,336032827,0.000000,0.000000,0.000000,0.000000,0.000000,0.000000,0.000000,0.000000,0.000000,0.000000,0.000000,0.000000,0.000000,0.000000,0.000000,0,0
181200000000,181280000000,6274140245,180,336032827,0.000000,0.000000,0.000000,0.000000,0.000000,0.000000,0.000000,0.000000,0.000000,0.000000,0.000000,0.000000,0.000000,0.000000,0.000000,0,0
181280000000,181448000000,6274140245,180,336032827,0.006485,0.032410,0.033810,0.000112,0.031370,0.056950,0.044430,0.000000,0.062740,0.127700,1.474000,0.003521,0.000000,0.000000,0.001539,0,0
181448000000,181457000000,6274140245,180,336032827,0.019230,0.058230,0.058900,0.007019,0.055660,0.058960,0.022800,0.000000,0.074340,0.053340,34.860000,0.174900,0.000000,0.000000,0.027830,0,0
181457000000,181485000000,6274140245,180,336032827,0.000416,0.002052,0.000000,0.001919,0.001919,0.057430,0.000000,0.000000,0.011640,0.000000,21.730000,0.105800,0.000000,0.000000,0.000000,0,1
181485000000,181487000000,6274140245,180,336032827,0.000000,0.000000,0.000000,0.000000,0.000000,0.000000,0.000679,0.000000,0.000000,0.000679,6.878000,0.027790,0.000000,0.000000,0.000000,0,0
181487000000,181500000000,6274140245,180,336032827,0.000000,0.000000,0.000000,0.000000,0.000000,0.000000,0.000000,0.000000,0.000000,0.000000,0.000000,0.000000,0.000000,0.000000,0.000000,0,0
181521000000,181700000000,6274140245,180,336032827,0.006577,0.031190,0.033080,0.000228,0.030060,0.058960,0.041990,0.000000,0.062870,0.181400,1.472000,0.004167,0.000000,0.000000,0.031860,0,0
181700000000,181720000000,6274140245,180,336032827,0.004097,0.002869,0.000000,0.002781,0.002781,0.057370,0.000000,0.000000,0.081910,0.000000,0.923400,0.000581,0.000000,0.000000,0.000000,0,1
181720000000,181721000000,6274140245,180,336032827,0.000000,0.000000,0.000000,0.000000,0.000000,0.000000,0.000000,0.000000,0.000000,0.000000,0.918900,0.000556,0.000000,0.000000,0.000000,0,0
181751000000,181800000000,6274140245,180,17503756,0.000000,0.000000,0.000000,0.000000,0.000000,0.000000,0.000000,0.000000,0.000000,0.000000,0.000000,0.000000,0.000000,0.000000,0.000000,0,0
181800000000,181935000000,6274140245,180,17503756,0.000000,0.000000,0.000000,0.000000,0.000000,0.000000,0.000000,0.000000,0.000000,0.000000,0.000000,0.000000,0.000000,0.000000,0.000000,0,0
181935000000,182100000000,6274140245,180,17503756,0.007965,0.033260,0.034480,0.000153,0.031800,0.059390,0.050900,0.000000,0.062990,0.156700,1.468000,0.003946,0.000000,0.000000,0.006203,0,0
182100000000,182109000000,6274140245,180,17503756,0.043760,0.059390,0.059390,0.000234,0.055910,0.059390,0.040890,0.000000,0.061460,0.096680,1.056000,0.002022,0.000000,0.000000,0.054690,0,0
182109000000,182400000000,6274140245,180,17503756,0.162400,0.060670,0.061340,0.000330,0.056090,0.061040,0.007286,0.000000,0.192400,0.064820,1.333000,0.000718,0.000000,0.000000,0.014680,0,0
182400000000,182646000000,6274140245,180,17503756,0.187000,0.060910,0.061460,0.000380,0.056150,0.061040,0.000017,0.000000,0.374500,0.003216,1.317000,0.000635,0.000000,0.000000,0.188200,0,0
182646000000,182700000000,6274140245,180,17503756,0.187000,0.060970,0.061460,0.000368,0.056150,0.061040,0.000001,0.000000,0.189200,0.000072,1.249000,0.000542,0.000000,0.000000,0.187700,0,0
182700000000,183000000000,6274140245,180,17503756,0.186500,0.060970,0.061460,0.000335,0.056090,0.061040,0.000008,0.000000,0.206500,0.001358,1.354000,0.000677,0.000000,0.000000,0.187300,0,0
183000000000,183300000000,6274140245,180,17503756,0.186500,0.060970,0.061460,0.000295,0.056030,0.061100,0.000004,0.000000,0.205300,0.000143,1.416000,0.000765,0.000000,0.000000,0.187500,0,0
183300000000,183600000000,6274140245,180,17503756,0.186800,0.060970,0.061460,0.000263,0.056030,0.061040,0.000004,0.000000,0.197000,0.000143,1.327000,0.000672,0.000000,0.000000,0.187500,0,0
183600000000,183900000000,6274140245,180,17503756,0.115000,0.060730,0.061460,0.000249,0.056030,0.061040,0.000019,0.000000,0.189000,0.004646,1.363000,0.000708,0.000000,0.000000,0.000184,0,0
183900000000,183931000000,6274140245,180,17503756,0.001638,0.059450,0.061460,0.002995,0.056030,0.059570,0.003883,0.000000,0.049800,0.046690,3.348000,0.012180,0.000000,0.000000,0.000165,0,0
183931000000,183951000000,6274140245,180,17503756,0.000137,0.000000,0.000000,0.000000,0.000000,0.000000,0.000035,0.000000,0.002747,0.000571,3.348000,0.012180,0.000000,0.000000,0.000000,0,0
183951000000,183952000000,6274140245,180,17503756,0.000000,0.000000,0.000000,0.000000,0.000000,0.000000,0.000000,0.000000,0.000000,0.000000,3.348000,0.012180,0.000000,0.000000,0.000000,0,0
