179233000000,179400000000,6274140245,181,336074262,0.000000,0.000000,0.000000,0.000000,0.000000,0.000000,0.000000,0.000000,0.000000,0.000000,0.000000,0.000000,0.000000,0.000000,0.000000,0,0
179400000000,179620000000,6274140245,181,336074262,0.000000,0.000000,0.000000,0.000000,0.000000,0.000000,0.000000,0.000000,0.000000,0.000000,0.000000,0.000000,0.000000,0.000000,0.000000,0,0
179620000000,179700000000,6274140245,181,336074262,0.004005,0.012890,0.014220,0.000265,0.011890,0.027310,0.034000,0.000000,0.017790,0.104100,1.222000,0.002077,0.000000,0.000000,0.003624,0,0
179700000000,179762000000,6274140245,181,336074262,0.004211,0.031490,0.041990,0.000037,0.039490,0.036440,0.037110,0.000000,0.017400,0.057920,6.913000,0.031380,0.000000,0.000000,0.002075,0,0
179762000000,180000000000,6274140245,181,336074262,0.076170,0.058900,0.060300,0.000182,0.055540,0.061160,0.020420,0.000000,0.188700,0.133500,1.358000,0.000809,0.000000,0.000000,0.187300,0,0
180000000000,180300000000,6274140245,181,336074262,0.005074,0.061100,0.061100,0.000046,0.055660,0.061160,0.039250,0.000000,0.015580,0.059080,2.434000,0.005007,0.000000,0.000000,0.006584,0,0
180300000000,180600000000,6274140245,181,336074262,0.006615,0.061100,0.061100,0.000048,0.055660,0.061100,0.043640,0.000000,0.032350,0.062740,2.304000,0.004585,0.000000,0.000000,0.005898,0,0
180600000000,180900000000,6274140245,181,336074262,0.006866,0.061100,0.061100,0.000051,0.055660,0.061100,0.043270,0.000000,0.067260,0.064580,22.280000,0.102600,0.000000,0.000000,0.005676,0,0
180900000000,181200000000,6274140245,181,336074262,0.006683,0.061100,0.061100,0.000049,0.055730,0.061100,0.039490,0.000000,0.022280,0.057130,4.472000,0.016240,0.000000,0.000000,0.008347,0,0
181200000000,181500000000,6274140245,181,336074262,0.020110,0.061100,0.061100,0.000048,0.055660,0.061160,0.038760,0.000000,0.188500,0.057800,1.427000,0.000792,0.000000,0.000000,0.007072,0,0
181500000000,181800000000,6274140245,181,336074262,0.029600,0.061160,0.061340,0.000074,0.055730,0.061520,0.035280,0.000000,0.192100,0.057130,1.318000,0.000713,0.000000,0.000000,0.007088,0,0
181800000000,181854000000,6274140245,181,336074262,0.186300,0.061460,0.063110,0.000335,0.056030,0.061520,0.000025,0.000000,0.375000,0.000929,1.303000,0.000687,0.000000,0.000000,0.188700,0,0
181854000000,182100000000,6274140245,181,336074262,0.185100,0.061220,0.063110,0.000364,0.056090,0.061400,0.000105,0.000000,0.375000,0.012150,1.318000,0.000729,0.000000,0.000000,0.187700,0,0
182100000000,182400000000,6274140245,181,336074262,0.186500,0.061220,0.063110,0.000385,0.056150,0.061280,0.000026,0.000000,0.375000,0.005432,1.323000,0.000706,0.000000,0.000000,0.186500,0,0
182400000000,182700000000,6274140245,181,336074262,0.186800,0.061280,0.063110,0.000388,0.056150,0.061340,0.000026,0.000000,0.190700,0.002144,1.350000,0.000773,0.000000,0.000000,0.188500,0,0
182700000000,182855000000,6274140245,181,336074262,0.187000,0.061220,0.063110,0.000390,0.056150,0.061340,0.000002,0.000000,0.206500,0.000072,1.348000,0.000750,0.000000,0.000000,0.188200,0,0
182855000000,183000000000,6274140245,181,336074262,0.186800,0.061280,0.063110,0.000390,0.056150,0.061340,0.000008,0.000000,0.192900,0.000786,1.310000,0.000714,0.000000,0.000000,0.187300,0,0
183000000000,183300000000,6274140245,181,336074262,0.186800,0.061280,0.063110,0.000390,0.056150,0.061340,0.000005,0.000000,0.195300,0.000500,1.345000,0.000765,0.000000,0.000000,0.185300,0,0
183300000000,183600000000,6274140245,181,336074262,0.186500,0.061280,0.063110,0.000390,0.056150,0.061340,0.000003,0.000000,0.191900,0.000072,1.337000,0.000709,0.000000,0.000000,0.188700,0,0
183600000000,183900000000,6274140245,181,336074262,0.143300,0.061220,0.063110,0.000390,0.056150,0.061340,0.000004,0.000000,0.205300,0.000215,1.292000,0.000670,0.000000,0.000000,0.125000,0,0
183900000000,183960000000,6274140245,181,336074262,0.036620,0.060850,0.062990,0.001328,0.056150,0.060970,0.001055,0.000000,0.064330,0.025790,1.391000,0.000802,0.000000,0.000000,0.000459,0,0
183960000000,183978000000,6274140245,181,336074262,0.000261,0.000000,0.000000,0.000000,0.000000,0.000000,0.000004,0.000000,0.004700,0.000072,19.040000,0.098110,0.000000,0.000000,0.000000,0,0
183978000000,183979000000,6274140245,181,336074262,0.000000,0.000000,0.000000,0.000000,0.000000,0.000000,0.000000,0.000000,0.000000,0.000000,19.040000,0.098110,0.000000,0.000000,0.000000,0,0
