179239000000,179400000000,6274140245,182,6565530,0.000000,0.000000,0.000000,0.000000,0.000000,0.000000,0.000000,0.000000,0.000000,0.000000,0.000000,0.000000,0.000000,0.000000,0.000000,0,0
179400000000,179475000000,6274140245,182,6565530,0.000000,0.000000,0.000000,0.000000,0.000000,0.000000,0.000000,0.000000,0.000000,0.000000,0.000000,0.000000,0.000000,0.000000,0.000000,0,0
179475000000,179604000000,6274140245,182,6565530,0.006111,0.029720,0.030790,0.000117,0.028810,0.053530,0.056150,0.000000,0.062870,0.072270,4.007000,0.015260,0.000000,0.000000,0.006226,0,0
179604000000,179700000000,6274140245,182,6565530,0.114000,0.058650,0.059940,0.000340,0.055360,0.060850,0.015840,0.000000,0.188700,0.161400,1.177000,0.000526,0.000000,0.000000,0.023010,0,0
179700000000,180000000000,6274140245,182,6565530,0.186300,0.060850,0.061770,0.000352,0.056090,0.060970,0.000112,0.000000,0.375000,0.014790,1.369000,0.000738,0.000000,0.000000,0.187500,0,0
180000000000,180137000000,6274140245,182,6565530,0.186800,0.060790,0.061770,0.000384,0.056150,0.060850,0.000005,0.000000,0.380400,0.000215,1.386000,0.000724,0.000000,0.000000,0.187000,0,0
180137000000,180300000000,6274140245,182,6565530,0.187000,0.060850,0.061770,0.000383,0.056150,0.060910,0.000006,0.000000,0.375000,0.000500,1.296000,0.000682,0.000000,0.000000,0.186800,0,0
180300000000,180600000000,6274140245,182,6565530,0.187000,0.060790,0.061770,0.000383,0.056150,0.060910,0.000005,0.000000,0.205300,0.000072,1.348000,0.000706,0.000000,0.000000,0.185500,0,0
180600000000,180900000000,6274140245,182,6565530,0.186800,0.060850,0.061770,0.000379,0.056150,0.060910,0.000005,0.000000,0.206500,0.000215,1.423000,0.000762,0.000000,0.000000,0.188200,0,0
180900000000,181200000000,6274140245,182,6565530,0.186800,0.060910,0.061830,0.000371,0.056150,0.060970,0.000012,0.000000,0.206100,0.002571,1.375000,0.000733,0.000000,0.000000,0.187500,0,0
181200000000,181500000000,6274140245,182,6565530,0.186800,0.060850,0.061830,0.000362,0.056150,0.060970,0.000005,0.000000,0.206500,0.000357,1.354000,0.000696,0.000000,0.000000,0.186300,0,0
181500000000,181800000000,6274140245,182,6565530,0.186800,0.060790,0.061830,0.000354,0.056090,0.060910,0.000003,0.000000,0.205800,0.000072,1.387000,0.000717,0.000000,0.000000,0.188000,0,0
181800000000,182100000000,6274140245,182,6565530,0.186800,0.060910,0.061830,0.000336,0.056090,0.060970,0.000006,0.000000,0.192100,0.000714,1.374000,0.000698,0.000000,0.000000,0.187300,0,0
182100000000,182400000000,6274140245,182,6565530,0.187000,0.060910,0.061830,0.000325,0.056090,0.060970,0.000005,0.000000,0.189700,0.000500,1.412000,0.000758,0.000000,0.000000,0.188700,0,0
182400000000,182700000000,6274140245,182,6565530,0.186800,0.060910,0.061830,0.000329,0.056090,0.060970,0.000022,0.000000,0.192100,0.005356,1.412000,0.000768,0.000000,0.000000,0.187700,0,0
182700000000,183000000000,6274140245,182,6565530,0.186800,0.060910,0.061830,0.000344,0.056090,0.060970,0.000004,0.000000,0.193100,0.000072,1.345000,0.000685,0.000000,0.000000,0.187500,0,0
183000000000,183300000000,6274140245,182,6565530,0.186500,0.060910,0.061830,0.000331,0.056090,0.060970,0.000006,0.000000,0.211200,0.000428,1.358000,0.000696,0.000000,0.000000,0.185800,0,0
183300000000,183600000000,6274140245,182,6565530,0.186800,0.060910,0.061830,0.000310,0.056090,0.060970,0.000004,0.000000,0.191900,0.000072,1.366000,0.000687,0.000000,0.000000,0.188000,0,0
183600000000,183900000000,6274140245,182,6565530,0.147700,0.060790,0.061830,0.000282,0.056030,0.060970,0.000004,0.000000,0.188700,0.000072,1.428000,0.000781,0.000000,0.000000,0.124900,0,0
183900000000,184010000000,6274140245,182,6565530,0.094970,0.060670,0.061830,0.000806,0.056090,0.060730,0.000921,0.000000,0.136700,0.035770,1.529000,0.000813,0.000000,0.000000,0.125200,0,0
184010000000,184028000000,6274140245,182,6565530,0.001064,0.000000,0.000000,0.000000,0.000000,0.000000,0.000051,0.000000,0.019170,0.000857,1.482000,0.000826,0.000000,0.000000,0.000000,0,0
184028000000,184030000000,6274140245,182,6565530,0.000000,0.000000,0.000000,0.000000,0.000000,0.000000,0.000000,0.000000,0.000000,0.000000,1.482000,0.000826,0.000000,0.000000,0.000000,0,0
