179228000000,179400000000,6274140245,183,3060413173,0.000000,0.000000,0.000000,0.000000,0.000000,0.000000,0.000000,0.000000,0.000000,0.000000,0.000000,0.000000,0.000000,0.000000,0.000000,0,0
179400000000,179700000000,6274140245,183,3060413173,0.000000,0.000000,0.000000,0.000000,0.000000,0.000000,0.000000,0.000000,0.000000,0.000000,0.000000,0.000000,0.000000,0.000000,0.000000,0,0
179700000000,179821000000,6274140245,183,3060413173,0.000000,0.000000,0.000000,0.000000,0.000000,0.000000,0.000000,0.000000,0.000000,0.000000,0.000000,0.000000,0.000000,0.000000,0.000000,0,0
179821000000,179907000000,6274140245,183,3060413173,0.001434,0.004486,0.006020,0.000629,0.003922,0.008896,0.011510,0.000000,0.013460,0.041500,1.082000,0.001626,0.000000,0.000000,0.000198,0,0
179907000000,180000000000,6274140245,183,3060413173,0.001719,0.014660,0.016240,0.000162,0.014240,0.018100,0.012480,0.000000,0.022580,0.028560,1.909000,0.005882,0.000000,0.000000,0.001017,0,0
180000000000,180300000000,6274140245,183,3060413173,0.000730,0.009766,0.012760,0.000027,0.010730,0.018010,0.003044,0.000000,0.015120,0.017700,3.358000,0.013180,0.000000,0.000000,0.000115,0,0
180300000000,180600000000,6274140245,183,3060413173,0.001226,0.009750,0.012970,0.000028,0.010540,0.012590,0.005226,0.000000,0.025210,0.035710,7.952000,0.034680,0.000000,0.000000,0.002037,0,0
180600000000,180900000000,6274140245,183,3060413173,0.001030,0.024870,0.027920,0.000010,0.025270,0.053340,0.009613,0.000000,0.006248,0.042850,2.973000,0.011340,0.000000,0.000000,0.000254,0,0
180900000000,181200000000,6274140245,183,3060413173,0.030520,0.058350,0.059140,0.000805,0.055300,0.061950,0.008362,0.000001,0.217300,0.080570,1.193000,0.000476,0.000000,0.000000,0.000097,0,0
181200000000,181208000000,6274140245,183,3060413173,0.002140,0.061890,0.061890,0.007683,0.056400,0.061950,0.004974,0.000010,0.058350,0.022860,0.000000,0.000000,0.000000,0.000000,0.000078,0,0
181208000000,181230000000,6274140245,183,3060413173,0.000431,0.000000,0.000000,0.002449,0.002449,0.000000,0.000000,0.000010,0.004738,0.000000,0.000000,0.000000,0.000000,0.000000,0.000000,0,1
181230000000,181232000000,6274140245,183,3060413173,0.000000,0.000000,0.000000,0.000000,0.000000,0.000000,0.000000,0.000010,0.000000,0.000000,0.000000,0.000000,0.000000,0.000000,0.000000,0,0
181258000000,181451000000,6274140245,183,1333251,0.000000,0.000000,0.000000,0.000000,0.000000,0.000000,0.000000,0.000000,0.000000,0.000000,0.000000,0.000000,0.000000,0.000000,0.000000,0,0
181451000000,181500000000,6274140245,183,1333251,0.005051,0.007477,0.008987,0.000344,0.006927,0.019130,0.039980,0.000000,0.022340,0.064330,36.750000,0.167900,0.000000,0.000000,0.004387,0,0
181500000000,181630000000,6274140245,183,1333251,0.007469,0.042240,0.043150,0.000490,0.040890,0.056880,0.038760,0.000000,0.097050,0.108500,0.795600,0.000250,0.000000,0.000000,0.000059,0,0
181630000000,181639000000,6274140245,183,1333251,0.000508,0.000000,0.006310,0.006096,0.006096,0.000000,0.000000,0.000000,0.002289,0.000000,0.776900,0.000163,0.000000,0.000000,0.000000,0,0
181639000000,181650000000,6274140245,183,1333251,0.000000,0.000000,0.000000,0.000000,0.000000,0.000000,0.000000,0.000000,0.000000,0.000000,0.776900,0.000163,0.000000,0.000000,0.000000,0,1
181650000000,181651000000,6274140245,183,1333251,0.000000,0.000000,0.000000,0.000000,0.000000,0.000000,0.000000,0.000000,0.000000,0.000000,0.776900,0.000163,0.000000,0.000000,0.000000,0,0
181669000000,181800000000,6274140245,183,1333251,0.005531,0.026790,0.027950,0.000134,0.025880,0.053770,0.044130,0.000000,0.023410,0.065920,1.424000,0.002894,0.000000,0.000000,0.009033,0,0
181800000000,181847000000,6274140245,183,1333251,0.010930,0.054630,0.055300,0.001347,0.052730,0.056880,0.032710,0.000000,0.062620,0.062740,358.500000,0.699100,0.000000,0.000000,0.000980,0,0
181847000000,181867000000,6274140245,183,1333251,0.000249,0.000233,0.000000,0.000168,0.000168,0.004654,0.000000,0.000000,0.004974,0.000000,50.960000,0.188800,0.000000,0.000000,0.000000,0,1
181867000000,181868000000,6274140245,183,1333251,0.000000,0.000000,0.000000,0.000000,0.000000,0.000000,0.000000,0.000000,0.000000,0.000000,50.570000,0.188200,0.000000,0.000000,0.000000,0,0
181889000000,182071000000,6274140245,183,1333251,0.007080,0.033080,0.034060,0.000431,0.031860,0.056880,0.043330,0.000000,0.062500,0.078490,4.926000,0.019120,0.000000,0.000000,0.007500,0,0
182071000000,182093000000,6274140245,183,1333251,0.000919,0.000000,0.000000,0.000000,0.000000,0.000000,0.000000,0.000000,0.020230,0.000000,40.870000,0.188700,0.000000,0.000000,0.000000,0,1
182093000000,182094000000,6274140245,183,1333251,0.000000,0.000000,0.000000,0.000000,0.000000,0.000000,0.000000,0.000000,0.000000,0.000000,40.870000,0.188700,0.000000,0.000000,0.000000,0,0
182094000000,182100000000,6274140245,183,1333251,0.000000,0.000000,0.000000,0.000000,0.000000,0.000000,0.000000,0.000000,0.000000,0.000000,0.000000,0.000000,0.000000,0.000000,0.000000,0,0
182134000000,182327000000,6274140245,183,1333251,0.008316,0.036190,0.037230,0.000129,0.034730,0.058840,0.042720,0.000000,0.118200,0.099980,1.349000,0.001943,0.000000,0.000000,0.062260,0,0
182327000000,182339000000,6274140245,183,1333251,0.000526,0.000000,0.000000,0.000000,0.000000,0.000000,0.000000,0.000000,0.006317,0.000000,1.144000,0.001506,0.000000,0.000000,0.000000,0,1
182339000000,182340000000,6274140245,183,1333251,0.000000,0.000000,0.000000,0.000000,0.000000,0.000000,0.000000,0.000000,0.000000,0.000000,30.070000,0.092070,0.000000,0.000000,0.000000,0,0
182358000000,182400000000,6274140245,183,1333251,0.005852,0.008911,0.010590,0.000343,0.008316,0.019590,0.044010,0.000000,0.028080,0.057130,35.920000,0.159800,0.000000,0.000000,0.005363,0,0
182400000000,182573000000,6274140245,183,1333251,0.008224,0.046570,0.047000,0.000393,0.045040,0.058840,0.041020,0.000000,0.062990,0.068360,0.849200,0.000600,0.000000,0.000000,0.013490,0,0
182573000000,182595000000,6274140245,183,1333251,0.000605,0.000000,0.002598,0.000088,0.000088,0.000000,0.000000,0.000000,0.006653,0.000000,1.260000,0.002100,0.000000,0.000000,0.000000,0,1
182595000000,182596000000,6274140245,183,1333251,0.000000,0.000000,0.000000,0.000000,0.000000,0.000000,0.000000,0.000000,0.000000,0.000000,4.306000,0.013580,0.000000,0.000000,0.000000,0,0
182627000000,182700000000,6274140245,183,2712135562,0.000000,0.000000,0.000000,0.000000,0.000000,0.000000,0.000000,0.000000,0.000000,0.000000,0.000000,0.000000,0.000000,0.000000,0.000000,0,0
182700000000,182835000000,6274140245,183,2712135562,0.000000,0.000000,0.000000,0.000000,0.000000,0.000000,0.000000,0.000000,0.000000,0.000000,0.000000,0.000000,0.000000,0.000000,0.000000,0,0
182835000000,182974000000,6274140245,183,2712135562,0.010390,0.033450,0.034850,0.000327,0.032780,0.058470,0.049440,0.000000,0.063350,0.073000,1.273000,0.001653,0.000000,0.000000,0.002819,0,0
182974000000,183000000000,6274140245,183,2712135562,0.061340,0.058780,0.059270,0.000292,0.055970,0.059390,0.034360,0.000000,0.188200,0.064450,0.882100,0.001050,0.000000,0.000000,0.050110,0,0
183000000000,183300000000,6274140245,183,2712135562,0.186800,0.060490,0.060670,0.000250,0.055970,0.060610,0.000436,0.000000,0.206500,0.034910,1.365000,0.000732,0.000000,0.000000,0.188000,0,0
183300000000,183367000000,6274140245,183,2712135562,0.187500,0.060550,0.060670,0.000143,0.055910,0.060550,0.000008,0.000000,0.189200,0.000428,1.428000,0.000812,0.000000,0.000000,0.188700,0,0
183367000000,183600000000,6274140245,183,2712135562,0.187300,0.060490,0.060670,0.000139,0.055910,0.060550,0.000060,0.000000,0.198200,0.008789,1.415000,0.000783,0.000000,0.000000,0.187500,0,0
183600000000,183900000000,6274140245,183,2712135562,0.141600,0.060420,0.060670,0.000129,0.055910,0.060550,0.000037,0.000000,0.250000,0.006714,1.373000,0.000706,0.000000,0.000000,0.187700,0,0
183900000000,183931000000,6274140245,183,2712135562,0.001579,0.059940,0.060670,0.001953,0.055910,0.060180,0.004395,0.000000,0.040340,0.049990,1.398000,0.000609,0.000000,0.000000,0.000357,0,0
183931000000,183951000000,6274140245,183,2712135562,0.000143,0.000000,0.000000,0.000000,0.000000,0.000000,0.000014,0.000000,0.002853,0.000286,3.092000,0.008267,0.000000,0.000000,0.000000,0,0
183951000000,183952000000,6274140245,183,2712135562,0.000000,0.000000,0.000000,0.000000,0.000000,0.000000,0.000000,0.000000,0.000000,0.000000,3.092000,0.008267,0.000000,0.000000,0.000000,0,0
