179238000000,179400000000,6274140245,184,1094186,0.000000,0.000000,0.000000,0.000000,0.000000,0.000000,0.000000,0.000000,0.000000,0.000000,0.000000,0.000000,0.000000,0.000000,0.000000,0,0
179400000000,179444000000,6274140245,184,1094186,0.000000,0.000000,0.000000,0.000000,0.000000,0.000000,0.000000,0.000000,0.000000,0.000000,0.000000,0.000000,0.000000,0.000000,0.000000,0,0
179444000000,179552000000,6274140245,184,1094186,0.012990,0.032960,0.033870,0.000110,0.032040,0.057010,0.059330,0.000000,0.067380,0.195300,1.384000,0.003860,0.000000,0.000000,0.004501,0,0
179552000000,179573000000,6274140245,184,1094186,0.000932,0.002689,0.000000,0.001650,0.002617,0.056460,0.000004,0.000000,0.019560,0.000072,0.955000,0.001885,0.000000,0.000000,0.000000,0,1
179573000000,179574000000,6274140245,184,1094186,0.000000,0.000000,0.000000,0.000000,0.000000,0.000000,0.000000,0.000000,0.000000,0.000000,0.955000,0.001885,0.000000,0.000000,0.000000,0,0
179615000000,179700000000,6274140245,184,431037417,0.000000,0.000000,0.000000,0.000000,0.000000,0.000000,0.000000,0.000000,0.000000,0.000000,0.000000,0.000000,0.000000,0.000000,0.000000,0,0
179700000000,179873000000,6274140245,184,431037417,0.000000,0.000000,0.000000,0.000000,0.000000,0.000000,0.000000,0.000000,0.000000,0.000000,0.000000,0.000000,0.000000,0.000000,0.000000,0,0
179873000000,179969000000,6274140245,184,431037417,0.003414,0.014050,0.015110,0.000133,0.013310,0.024750,0.048400,0.000000,0.015010,0.066160,3.258000,0.012160,0.000000,0.000000,0.002182,0,0
179969000000,180000000000,6274140245,184,431037417,0.003426,0.026790,0.027190,0.000020,0.025050,0.029270,0.048460,0.000000,0.010360,0.064330,4.964000,0.020550,0.000000,0.000000,0.003689,0,0
180000000000,180300000000,6274140245,184,431037417,0.122700,0.055420,0.059200,0.000235,0.054570,0.061400,0.016820,0.000000,0.188200,0.122900,1.359000,0.000787,0.000000,0.000000,0.186800,0,0
180300000000,180600000000,6274140245,184,431037417,0.183600,0.061280,0.061580,0.000174,0.055910,0.061340,0.000048,0.000000,0.372100,0.004570,1.391000,0.000797,0.000000,0.000000,0.185800,0,0
180600000000,180784000000,6274140245,184,431037417,0.181400,0.061280,0.061580,0.000164,0.055910,0.061340,0.000018,0.000000,0.189500,0.001642,1.327000,0.000760,0.000000,0.000000,0.174300,0,0
180784000000,180900000000,6274140245,184,431037417,0.179900,0.061160,0.061580,0.000168,0.055910,0.061340,0.000003,0.000000,0.187300,0.000072,1.307000,0.000674,0.000000,0.000000,0.182100,0,0
180900000000,181200000000,6274140245,184,431037417,0.179900,0.061340,0.061580,0.000134,0.055910,0.061400,0.000008,0.000000,0.364300,0.000786,1.381000,0.000725,0.000000,0.000000,0.179700,0,0
181200000000,181500000000,6274140245,184,431037417,0.181900,0.061340,0.061580,0.000108,0.055850,0.061400,0.000007,0.000000,0.190900,0.001072,1.414000,0.000800,0.000000,0.000000,0.186500,0,0
181500000000,181800000000,6274140245,184,431037417,0.186300,0.061340,0.061580,0.000111,0.055850,0.061400,0.000005,0.000000,0.375000,0.000143,1.417000,0.000761,0.000000,0.000000,0.187500,0,0
181800000000,182100000000,6274140245,184,431037417,0.186800,0.061400,0.061580,0.000111,0.055850,0.061460,0.000005,0.000000,0.206100,0.000357,1.414000,0.000740,0.000000,0.000000,0.187500,0,0
182100000000,182400000000,6274140245,184,431037417,0.187000,0.061340,0.061710,0.000112,0.055850,0.061460,0.000011,0.000000,0.375000,0.001429,1.355000,0.000684,0.000000,0.000000,0.191900,0,0
182400000000,182700000000,6274140245,184,431037417,0.186800,0.061340,0.061710,0.000117,0.055910,0.061400,0.000028,0.000000,0.372100,0.006714,1.422000,0.000760,0.000000,0.000000,0.187000,0,0
182700000000,183000000000,6274140245,184,431037417,0.186800,0.061340,0.061710,0.000151,0.055910,0.061400,0.000004,0.000000,0.375000,0.000357,1.412000,0.000761,0.000000,0.000000,0.187500,0,0
183000000000,183300000000,6274140245,184,431037417,0.187000,0.061280,0.061710,0.000153,0.055910,0.061340,0.000014,0.000000,0.375000,0.002930,1.415000,0.000761,0.000000,0.000000,0.187500,0,0
183300000000,183600000000,6274140245,184,431037417,0.186300,0.061340,0.061710,0.000157,0.055910,0.061400,0.000016,0.000000,0.376000,0.003784,1.389000,0.000724,0.000000,0.000000,0.187500,0,0
183600000000,183900000000,6274140245,184,431037417,0.101300,0.061040,0.061710,0.000162,0.055910,0.061400,0.000005,0.000000,0.191400,0.000286,1.450000,0.000755,0.000000,0.000000,0.062500,0,0
183900000000,184200000000,6274140245,184,431037417,0.062500,0.060420,0.061710,0.000181,0.055970,0.060850,0.000072,0.000000,0.067140,0.013210,1.344000,0.000519,0.000000,0.000000,0.062620,0,0
184200000000,184331000000,6274140245,184,431037417,0.062500,0.060120,0.061710,0.000183,0.055970,0.060120,0.000011,0.000000,0.066770,0.000786,1.538000,0.000779,0.000000,0.000000,0.062440,0,0
184331000000,184500000000,6274140245,184,431037417,0.058290,0.060120,0.061710,0.000183,0.055970,0.060120,0.000011,0.000000,0.125500,0.000786,1.512000,0.000769,0.000000,0.000000,0.062260,0,0
184500000000,184800000000,6274140245,184,431037417,0.058590,0.060060,0.061710,0.000185,0.055970,0.060120,0.000021,0.000000,0.127400,0.001499,1.454000,0.000760,0.000000,0.000000,0.062870,0,0
184800000000,184851000000,6274140245,184,431037417,0.001167,0.059750,0.061710,0.002357,0.055970,0.059940,0.002094,0.000000,0.052370,0.041870,1.246000,0.000596,0.000000,0.000000,0.000137,0,0
184851000000,184872000000,6274140245,184,431037417,0.000072,0.000000,0.000000,0.000000,0.000000,0.000000,0.000051,0.000000,0.001526,0.000786,2.001000,0.006070,0.000000,0.000000,0.000000,0,0
184872000000,184873000000,6274140245,184,431037417,0.000000,0.000000,0.000000,0.000000,0.000000,0.000000,0.000000,0.000000,0.000000,0.000000,2.001000,0.006070,0.000000,0.000000,0.000000,0,0
