179240000000,179400000000,6274140245,185,288963057,0.000000,0.000000,0.000000,0.000000,0.000000,0.000000,0.000000,0.000000,0.000000,0.000000,0.000000,0.000000,0.000000,0.000000,0.000000,0,0
179400000000,179455000000,6274140245,185,288963057,0.000000,0.000000,0.000000,0.000000,0.000000,0.000000,0.000000,0.000000,0.000000,0.000000,0.000000,0.000000,0.000000,0.000000,0.000000,0,0
179455000000,179595000000,6274140245,185,288963057,0.037480,0.041320,0.042420,0.000164,0.039550,0.060360,0.045040,0.000000,0.188000,0.172600,33.650000,0.168600,0.000000,0.000000,0.009827,0,0
179595000000,179596000000,6274140245,185,288963057,0.000000,0.060360,0.061340,0.000287,0.055970,0.060360,0.000000,0.000000,0.000000,0.000000,33.470000,0.169500,0.000000,0.000000,0.000000,0,0
179596000000,179614000000,6274140245,185,288963057,0.003601,0.003162,0.000000,0.003109,0.003109,0.056950,0.000000,0.000000,0.064820,0.000000,33.470000,0.169500,0.000000,0.000000,0.000000,0,1
179614000000,179615000000,6274140245,185,288963057,0.000000,0.000000,0.000000,0.000000,0.000000,0.000000,0.000000,0.000000,0.000000,0.000000,33.470000,0.169500,0.000000,0.000000,0.000000,0,0
179662000000,179700000000,6274140245,185,1094231,0.000000,0.000000,0.000000,0.000000,0.000000,0.000000,0.000000,0.000000,0.000000,0.000000,0.000000,0.000000,0.000000,0.000000,0.000000,0,0
179700000000,180000000000,6274140245,185,1094231,0.000000,0.000000,0.000000,0.000000,0.000000,0.000000,0.000000,0.000000,0.000000,0.000000,0.000000,0.000000,0.000000,0.000000,0.000000,0,0
180000000000,180060000000,6274140245,185,1094231,0.000000,0.000000,0.000000,0.000000,0.000000,0.000000,0.000000,0.000000,0.000000,0.000000,0.000000,0.000000,0.000000,0.000000,0.000000,0,0
180060000000,180255000000,6274140245,185,1094231,0.004539,0.030700,0.031740,0.000136,0.029660,0.053830,0.033330,0.000000,0.062740,0.072390,3.335000,0.014390,0.000000,0.000000,0.003269,0,0
180255000000,180300000000,6274140245,185,1094231,0.013530,0.056090,0.056640,0.000233,0.053960,0.059810,0.028080,0.000000,0.047850,0.091670,22.160000,0.114400,0.000000,0.000000,0.002815,0,0
180300000000,180600000000,6274140245,185,1094231,0.176500,0.060970,0.061580,0.000363,0.056090,0.061220,0.001980,0.000000,0.375000,0.073850,1.308000,0.000722,0.000000,0.000000,0.000583,0,0
180600000000,180900000000,6274140245,185,1094231,0.187300,0.061040,0.061710,0.000402,0.056150,0.061100,0.000006,0.000000,0.206500,0.000786,1.270000,0.000639,0.000000,0.000000,0.187700,0,0
180900000000,181055000000,6274140245,185,1094231,0.186800,0.060970,0.061710,0.000402,0.056150,0.061100,0.000006,0.000000,0.375000,0.000357,1.264000,0.000667,0.000000,0.000000,0.187500,0,0
181055000000,181200000000,6274140245,185,1094231,0.187300,0.061040,0.061710,0.000400,0.056150,0.061100,0.000003,0.000000,0.191400,0.000072,1.241000,0.000630,0.000000,0.000000,0.186800,0,0
181200000000,181500000000,6274140245,185,1094231,0.187000,0.061100,0.061710,0.000395,0.056150,0.061220,0.000005,0.000000,0.374500,0.000215,1.350000,0.000766,0.000000,0.000000,0.187700,0,0
181500000000,181800000000,6274140245,185,1094231,0.187300,0.061100,0.061710,0.000365,0.056150,0.061160,0.000004,0.000000,0.206800,0.000072,1.282000,0.000685,0.000000,0.000000,0.187000,0,0
181800000000,182100000000,6274140245,185,1094231,0.187300,0.061040,0.061710,0.000366,0.056150,0.061160,0.000004,0.000000,0.206300,0.000143,1.315000,0.000714,0.000000,0.000000,0.187500,0,0
182100000000,182400000000,6274140245,185,1094231,0.187300,0.061100,0.061710,0.000366,0.056150,0.061160,0.000004,0.000000,0.375500,0.000143,1.315000,0.000744,0.000000,0.000000,0.187700,0,0
182400000000,182700000000,6274140245,185,1094231,0.187000,0.061100,0.061710,0.000366,0.056150,0.061160,0.000004,0.000000,0.191700,0.000143,1.296000,0.000657,0.000000,0.000000,0.187300,0,0
182700000000,183000000000,6274140245,185,1094231,0.186800,0.061160,0.061710,0.000388,0.056150,0.061220,0.000026,0.000000,0.375500,0.006714,1.324000,0.000729,0.000000,0.000000,0.187500,0,0
183000000000,183300000000,6274140245,185,1094231,0.186800,0.061100,0.061710,0.000405,0.056150,0.061160,0.000008,0.000000,0.375000,0.001286,1.303000,0.000683,0.000000,0.000000,0.187700,0,0
183300000000,183600000000,6274140245,185,1094231,0.187000,0.061100,0.061710,0.000405,0.056150,0.061160,0.000010,0.000000,0.374000,0.001928,1.295000,0.000717,0.000000,0.000000,0.186800,0,0
183600000000,183890000000,6274140245,185,1094231,0.101600,0.060730,0.061710,0.000451,0.056150,0.061160,0.000278,0.000000,0.191400,0.036620,1.367000,0.000793,0.000000,0.000000,0.124500,0,0
183890000000,183900000000,6274140245,185,1094231,0.002209,0.000000,0.000000,0.000000,0.000000,0.000000,0.000014,0.000000,0.022090,0.000143,2.573000,0.009767,0.000000,0.000000,0.000000,0,0
183900000000,183907000000,6274140245,185,1094231,0.000000,0.000000,0.000000,0.000000,0.000000,0.000000,0.000000,0.000000,0.000000,0.000000,2.573000,0.009767,0.000000,0.000000,0.000000,0,0
183907000000,183908000000,6274140245,185,1094231,0.000000,0.000000,0.000000,0.000000,0.000000,0.000000,0.000000,0.000000,0.000000,0.000000,2.573000,0.009767,0.000000,0.000000,0.000000,0,0
