179233000000,179400000000,6274140245,186,1438969263,0.000000,0.000000,0.000000,0.000000,0.000000,0.000000,0.000000,0.000000,0.000000,0.000000,0.000000,0.000000,0.000000,0.000000,0.000000,0,0
179400000000,179700000000,6274140245,186,1438969263,0.000000,0.000000,0.000000,0.000000,0.000000,0.000000,0.000000,0.000000,0.000000,0.000000,0.000000,0.000000,0.000000,0.000000,0.000000,0,0
179700000000,179972000000,6274140245,186,1438969263,0.000000,0.000000,0.000000,0.000000,0.000000,0.000000,0.000000,0.000000,0.000000,0.000000,0.000000,0.000000,0.000000,0.000000,0.000000,0,0
179972000000,180000000000,6274140245,186,1438969263,0.002373,0.001692,0.003834,0.000517,0.001047,0.003754,0.026730,0.000000,0.019840,0.052490,0.000000,0.000000,0.000000,0.000000,0.000640,0,0
180000000000,180072000000,6274140245,186,1438969263,0.003666,0.015350,0.016510,0.000120,0.014240,0.026790,0.031310,0.000000,0.012890,0.050170,1.498000,0.002090,0.000000,0.000000,0.005638,0,0
180072000000,180300000000,6274140245,186,1438969263,0.012130,0.050420,0.051210,0.000220,0.047730,0.061040,0.024870,0.000000,0.196300,0.112900,0.902800,0.000597,0.000000,0.000000,0.003353,0,0
180300000000,180600000000,6274140245,186,1438969263,0.163800,0.062070,0.063230,0.000302,0.056030,0.062320,0.001297,0.000000,0.379900,0.026860,1.364000,0.000696,0.000000,0.000000,0.187000,0,0
180600000000,180900000000,6274140245,186,1438969263,0.186500,0.062190,0.062990,0.000379,0.056150,0.062260,0.000089,0.000000,0.206100,0.022220,1.391000,0.000743,0.000000,0.000000,0.188700,0,0
180900000000,181144000000,6274140245,186,1438969263,0.185300,0.062190,0.062990,0.000380,0.056150,0.062260,0.000006,0.000000,0.377000,0.000215,1.385000,0.000754,0.000000,0.000000,0.187300,0,0
181144000000,181200000000,6274140245,186,1438969263,0.185800,0.062260,0.062990,0.000380,0.056150,0.062260,0.000003,0.000000,0.206100,0.000072,1.464000,0.000753,0.000000,0.000000,0.186000,0,0
181200000000,181500000000,6274140245,186,1438969263,0.187000,0.062190,0.062990,0.000379,0.056150,0.062260,0.000009,0.000000,0.208300,0.001358,1.352000,0.000649,0.000000,0.000000,0.186000,0,0
181500000000,181800000000,6274140245,186,1438969263,0.185300,0.062190,0.062990,0.000379,0.056150,0.062320,0.000010,0.000000,0.376000,0.001572,1.365000,0.000750,0.000000,0.000000,0.179400,0,0
181800000000,182100000000,6274140245,186,1438969263,0.186000,0.062260,0.062990,0.000379,0.056150,0.062320,0.000004,0.000000,0.331500,0.000143,1.378000,0.000724,0.000000,0.000000,0.184300,0,0
182100000000,182400000000,6274140245,186,1438969263,0.184600,0.062260,0.062990,0.000379,0.056150,0.062320,0.000006,0.000000,0.371600,0.000143,1.423000,0.000784,0.000000,0.000000,0.183100,0,0
182400000000,182700000000,6274140245,186,1438969263,0.186300,0.062190,0.062990,0.000380,0.056150,0.062260,0.000009,0.000000,0.374500,0.001429,1.361000,0.000713,0.000000,0.000000,0.186800,0,0
182700000000,183000000000,6274140245,186,1438969263,0.186300,0.062190,0.062990,0.000375,0.056150,0.062260,0.000005,0.000000,0.371100,0.000428,1.411000,0.000721,0.000000,0.000000,0.186300,0,0
183000000000,183300000000,6274140245,186,1438969263,0.186800,0.062190,0.062990,0.000368,0.056150,0.062260,0.000004,0.000000,0.395500,0.000215,1.354000,0.000712,0.000000,0.000000,0.187300,0,0
183300000000,183600000000,6274140245,186,1438969263,0.186000,0.062190,0.062990,0.000365,0.056150,0.062320,0.000004,0.000000,0.376000,0.000143,1.351000,0.000705,0.000000,0.000000,0.187500,0,0
183600000000,183900000000,6274140245,186,1438969263,0.136700,0.062130,0.062990,0.000391,0.056150,0.062320,0.000045,0.000000,0.207000,0.009140,1.411000,0.000689,0.000000,0.000000,0.179200,0,0
183900000000,184200000000,6274140245,186,1438969263,0.088990,0.061650,0.062990,0.000400,0.056150,0.061830,0.000049,0.000000,0.250500,0.005501,1.472000,0.000746,0.000000,0.000000,0.062440,0,0
184200000000,184398000000,6274140245,186,1438969263,0.093630,0.061460,0.062990,0.000402,0.056150,0.061650,0.000011,0.000000,0.141100,0.000786,1.362000,0.000642,0.000000,0.000000,0.124300,0,0
184398000000,184500000000,6274140245,186,1438969263,0.052370,0.061160,0.062990,0.000402,0.056150,0.061520,0.000009,0.000000,0.219500,0.000215,1.441000,0.000769,0.000000,0.000000,0.128900,0,0
184500000000,184800000000,6274140245,186,1438969263,0.094600,0.061280,0.062990,0.000403,0.056150,0.061650,0.000016,0.000000,0.138700,0.000571,1.401000,0.000689,0.000000,0.000000,0.062500,0,0
184800000000,184951000000,6274140245,186,1438969263,0.077640,0.061400,0.062990,0.001144,0.056150,0.061650,0.000730,0.000000,0.138200,0.032230,1.406000,0.000701,0.000000,0.000000,0.062260,0,0
184951000000,184969000000,6274140245,186,1438969263,0.000179,0.000000,0.000000,0.000000,0.000000,0.000000,0.000329,0.000000,0.003235,0.005928,1.497000,0.000800,0.000000,0.000000,0.000000,0,0
184969000000,184970000000,6274140245,186,1438969263,0.000000,0.000000,0.000000,0.000000,0.000000,0.000000,0.000000,0.000000,0.000000,0.000000,1.497000,0.000800,0.000000,0.000000,0.000000,0,0
