179239000000,179400000000,6274140245,187,4820101410,0.000000,0.000000,0.000000,0.000000,0.000000,0.000000,0.000000,0.000000,0.000000,0.000000,0.000000,0.000000,0.000000,0.000000,0.000000,0,0
179400000000,179534000000,6274140245,187,4820101410,0.000000,0.000000,0.000000,0.000000,0.000000,0.000000,0.000000,0.000000,0.000000,0.000000,0.000000,0.000000,0.000000,0.000000,0.000000,0,0
179534000000,179700000000,6274140245,187,4820101410,0.008072,0.027070,0.028110,0.000110,0.025970,0.054440,0.040340,0.000000,0.061890,0.153100,37.820000,0.000000,0.000000,0.000000,0.018220,0,0
179700000000,179707000000,6274140245,187,4820101410,0.013090,0.054440,0.054930,0.000013,0.052670,0.054500,0.035280,0.000000,0.028500,0.059450,0.000000,0.000000,0.000000,0.000000,0.028500,0,0
179707000000,179796000000,6274140245,187,4820101410,0.041750,0.059940,0.060120,0.000295,0.055850,0.060300,0.027590,0.000000,0.187300,0.084470,0.790100,0.000000,0.000000,0.000000,0.008331,0,0
179796000000,179824000000,6274140245,187,4820101410,0.001471,0.000000,0.000000,0.000000,0.000000,0.000000,0.000000,0.000000,0.010300,0.000000,35.620000,0.000000,0.000000,0.000000,0.000000,0,1
179824000000,179826000000,6274140245,187,4820101410,0.000000,0.000000,0.000000,0.000000,0.000000,0.000000,0.000035,0.000000,0.000000,0.000072,35.620000,0.000000,0.000000,0.000000,0.000000,0,0
179876000000,180000000000,6274140245,187,207926898,0.000000,0.000000,0.000000,0.000000,0.000000,0.000000,0.000000,0.000000,0.000000,0.000000,0.000000,0.000000,0.000000,0.000000,0.000000,0,0
180000000000,180300000000,6274140245,187,207926898,0.000000,0.000000,0.000000,0.000000,0.000000,0.000000,0.000000,0.000000,0.000000,0.000000,0.000000,0.000000,0.000000,0.000000,0.000000,0,0
180300000000,180600000000,6274140245,187,207926898,0.000000,0.000000,0.000000,0.000000,0.000000,0.000000,0.000000,0.000000,0.000000,0.000000,0.000000,0.000000,0.000000,0.000000,0.000000,0,0
180600000000,180900000000,6274140245,187,207926898,0.000000,0.000000,0.000000,0.000000,0.000000,0.000000,0.000000,0.000000,0.000000,0.000000,0.000000,0.000000,0.000000,0.000000,0.000000,0,0
180900000000,181159000000,6274140245,187,207926898,0.000000,0.000000,0.000000,0.000000,0.000000,0.000000,0.000000,0.000000,0.000000,0.000000,0.000000,0.000000,0.000000,0.000000,0.000000,0,0
181159000000,181200000000,6274140245,187,207926898,0.000883,0.000856,0.003880,0.000421,0.000665,0.001818,0.010710,0.000000,0.015380,0.035770,0.000000,0.000000,0.000000,0.000000,0.000458,0,0
181200000000,181243000000,6274140245,187,207926898,0.000996,0.002823,0.003868,0.000754,0.002159,0.003326,0.004166,0.000000,0.012120,0.028440,2.381000,0.005859,0.000000,0.000000,0.000084,0,0
181243000000,181500000000,6274140245,187,207926898,0.000963,0.009811,0.011670,0.000199,0.010130,0.016020,0.006973,0.000000,0.028780,0.054380,3.180000,0.010630,0.000000,0.000000,0.000122,0,0
181500000000,181800000000,6274140245,187,207926898,0.001066,0.008591,0.010860,0.000020,0.009033,0.012820,0.007423,0.000000,0.028110,0.043270,3.144000,0.011130,0.000000,0.000000,0.000022,0,0
181800000000,182100000000,6274140245,187,207926898,0.000961,0.009338,0.011980,0.000010,0.009888,0.013150,0.007393,0.000000,0.017940,0.057010,2.990000,0.010570,0.000000,0.000000,0.000141,0,0
182100000000,182400000000,6274140245,187,207926898,0.015870,0.033940,0.035640,0.000150,0.032780,0.060300,0.020170,0.000000,0.252400,0.155300,0.772900,0.000177,0.000000,0.000000,0.003185,0,0
182400000000,182614000000,6274140245,187,207926898,0.155800,0.060730,0.061710,0.000611,0.056090,0.062190,0.003960,0.000001,0.393600,0.033260,1.389000,0.000748,0.000000,0.000000,0.168500,0,0
182614000000,182636000000,6274140245,187,207926898,0.000410,0.002613,0.000000,0.002583,0.002583,0.057500,0.000003,0.000011,0.009018,0.000072,1.487000,0.000856,0.000000,0.000000,0.000000,0,1
182636000000,182638000000,6274140245,187,207926898,0.000000,0.000000,0.000000,0.000000,0.000000,0.000000,0.000000,0.000011,0.000000,0.000000,1.487000,0.000856,0.000000,0.000000,0.000000,0,0
182685000000,182700000000,6274140245,187,54,0.000000,0.000000,0.000000,0.000000,0.000000,0.000000,0.000000,0.000000,0.000000,0.000000,0.000000,0.000000,0.000000,0.000000,0.000000,0,0
182700000000,182888000000,6274140245,187,54,0.000000,0.000000,0.000000,0.000000,0.000000,0.000000,0.000000,0.000000,0.000000,0.000000,0.000000,0.000000,0.000000,0.000000,0.000000,0,0
182888000000,183000000000,6274140245,187,54,0.007431,0.027860,0.028960,0.000146,0.026610,0.054140,0.052060,0.000000,0.062620,0.119900,34.870000,0.160300,0.000000,0.000000,0.000249,0,0
183000000000,183033000000,6274140245,187,54,0.026980,0.057500,0.058900,0.000614,0.054870,0.061100,0.037350,0.000000,0.062870,0.155800,47.740000,0.160200,0.000000,0.000000,0.001358,0,0
183033000000,183300000000,6274140245,187,54,0.088130,0.061160,0.061400,0.000193,0.055850,0.061460,0.024440,0.000000,0.190400,0.060850,1.404000,0.000758,0.000000,0.000000,0.186800,0,0
183300000000,183434000000,6274140245,187,54,0.186800,0.061400,0.063480,0.000345,0.056090,0.061580,0.000167,0.000000,0.191900,0.010930,1.309000,0.000637,0.000000,0.000000,0.187000,0,0
183434000000,183600000000,6274140245,187,54,0.186500,0.061340,0.063480,0.000374,0.056150,0.061460,0.000168,0.000000,0.190700,0.016200,1.428000,0.000780,0.000000,0.000000,0.187300,0,0
183600000000,183900000000,6274140245,187,54,0.134000,0.061220,0.063230,0.000385,0.056150,0.061400,0.000004,0.000000,0.206300,0.000143,1.398000,0.000738,0.000000,0.000000,0.188700,0,0
183900000000,183931000000,6274140245,187,54,0.001810,0.060000,0.061520,0.003983,0.056150,0.060180,0.002964,0.000000,0.054500,0.036010,3.487000,0.013300,0.000000,0.000000,0.000241,0,0
183931000000,183952000000,6274140245,187,54,0.000142,0.000000,0.000000,0.000000,0.000000,0.000000,0.000000,0.000000,0.002975,0.000000,3.487000,0.013300,0.000000,0.000000,0.000000,0,0
183952000000,183953000000,6274140245,187,54,0.000000,0.000000,0.000000,0.000000,0.000000,0.000000,0.000000,0.000000,0.000000,0.000000,3.487000,0.013300,0.000000,0.000000,0.000000,0,0
