179235000000,179400000000,6274140245,188,1303271,0.000000,0.000000,0.000000,0.000000,0.000000,0.000000,0.000000,0.000000,0.000000,0.000000,0.000000,0.000000,0.000000,0.000000,0.000000,0,0
179400000000,179539000000,6274140245,188,1303271,0.000000,0.000000,0.000000,0.000000,0.000000,0.000000,0.000000,0.000000,0.000000,0.000000,0.000000,0.000000,0.000000,0.000000,0.000000,0,0
179539000000,179650000000,6274140245,188,1303271,0.003094,0.017490,0.018890,0.000180,0.016970,0.026400,0.023740,0.000000,0.016360,0.060670,31.570000,0.145700,0.000000,0.000000,0.005539,0,0
179650000000,179700000000,6274140245,188,1303271,0.003246,0.025820,0.028350,0.000030,0.026400,0.026310,0.023990,0.000000,0.013060,0.057190,29.560000,0.145100,0.000000,0.000000,0.001217,0,0
179700000000,180000000000,6274140245,188,1303271,0.017460,0.055660,0.056210,0.000110,0.052550,0.060000,0.035950,0.000000,0.193800,0.119300,1.119000,0.000488,0.000000,0.000000,0.002533,0,0
180000000000,180300000000,6274140245,188,1303271,0.052860,0.060240,0.060610,0.000113,0.055790,0.061100,0.030550,0.000000,0.199200,0.058590,1.407000,0.000709,0.000000,0.000000,0.010150,0,0
180300000000,180600000000,6274140245,188,1303271,0.181200,0.060910,0.061710,0.000349,0.056090,0.061040,0.000080,0.000000,0.371600,0.011220,1.359000,0.000746,0.000000,0.000000,0.181600,0,0
180600000000,180900000000,6274140245,188,1303271,0.179000,0.060970,0.061710,0.000382,0.056150,0.061100,0.000027,0.000000,0.190200,0.006500,1.415000,0.000736,0.000000,0.000000,0.165500,0,0
180900000000,181200000000,6274140245,188,1303271,0.178200,0.060910,0.061710,0.000389,0.056150,0.061100,0.000003,0.000000,0.345200,0.000215,1.397000,0.000758,0.000000,0.000000,0.169400,0,0
181200000000,181212000000,6274140245,188,1303271,0.179000,0.061040,0.061710,0.000389,0.056150,0.061100,0.000000,0.000000,0.187700,0.000000,1.396000,0.000708,0.000000,0.000000,0.186300,0,0
181212000000,181500000000,6274140245,188,1303271,0.180200,0.061040,0.061710,0.000389,0.056150,0.061100,0.000003,0.000000,0.356900,0.000072,1.407000,0.000789,0.000000,0.000000,0.183800,0,0
181500000000,181800000000,6274140245,188,1303271,0.181600,0.060970,0.061710,0.000390,0.056150,0.061040,0.000008,0.000000,0.204800,0.001358,1.393000,0.000778,0.000000,0.000000,0.168000,0,0
181800000000,182100000000,6274140245,188,1303271,0.178200,0.060970,0.061710,0.000391,0.056150,0.061100,0.000003,0.000000,0.189900,0.000072,1.351000,0.000704,0.000000,0.000000,0.169400,0,0
182100000000,182400000000,6274140245,188,1303271,0.178000,0.061100,0.061710,0.000391,0.056150,0.061100,0.000003,0.000000,0.188700,0.000215,1.349000,0.000728,0.000000,0.000000,0.181400,0,0
182400000000,182700000000,6274140245,188,1303271,0.176800,0.061040,0.061710,0.000390,0.056150,0.061100,0.000004,0.000000,0.188700,0.000357,1.429000,0.000808,0.000000,0.000000,0.187300,0,0
182700000000,183000000000,6274140245,188,1303271,0.177200,0.061100,0.061710,0.000387,0.056150,0.061100,0.000003,0.000000,0.191900,0.000072,1.401000,0.000802,0.000000,0.000000,0.187300,0,0
183000000000,183300000000,6274140245,188,1303271,0.178700,0.061040,0.061710,0.000387,0.056150,0.061100,0.000007,0.000000,0.189000,0.000999,1.384000,0.000752,0.000000,0.000000,0.179200,0,0
183300000000,183600000000,6274140245,188,1303271,0.177500,0.061040,0.061710,0.000388,0.056150,0.061100,0.000004,0.000000,0.201400,0.000143,1.372000,0.000749,0.000000,0.000000,0.171100,0,0
183600000000,183900000000,6274140245,188,1303271,0.155800,0.060970,0.061710,0.000388,0.056150,0.061100,0.000004,0.000000,0.199700,0.000072,1.385000,0.000732,0.000000,0.000000,0.165500,0,0
183900000000,183960000000,6274140245,188,1303271,0.009018,0.060360,0.061710,0.001226,0.056150,0.060670,0.001167,0.000000,0.062870,0.025630,1.431000,0.000730,0.000000,0.000000,0.000571,0,0
183960000000,183981000000,6274140245,188,1303271,0.001236,0.000000,0.000000,0.000000,0.000000,0.000000,0.000051,0.000000,0.025940,0.001072,1.472000,0.000858,0.000000,0.000000,0.000000,0,0
183981000000,183982000000,6274140245,188,1303271,0.000000,0.000000,0.000000,0.000000,0.000000,0.000000,0.000000,0.000000,0.000000,0.000000,1.472000,0.000858,0.000000,0.000000,0.000000,0,0
