179240000000,179400000000,6274140245,19,336030340,0.000000,0.000000,0.000000,0.000000,0.000000,0.000000,0.000000,0.000000,0.000000,0.000000,0.000000,0.000000,0.000000,0.000000,0.000000,0,0
179400000000,179447000000,6274140245,19,336030340,0.000000,0.000000,0.000000,0.000000,0.000000,0.000000,0.000000,0.000000,0.000000,0.000000,0.000000,0.000000,0.000000,0.000000,0.000000,0,0
179447000000,179596000000,6274140245,19,336030340,0.023680,0.036740,0.037900,0.000159,0.035030,0.060000,0.049740,0.000000,0.188500,0.162600,0.867900,0.000570,0.000000,0.000000,0.045960,0,0
179596000000,179700000000,6274140245,19,336030340,0.187000,0.060970,0.061280,0.000304,0.056030,0.061220,0.000520,0.000000,0.189000,0.018070,1.291000,0.000727,0.000000,0.000000,0.184300,0,0
179700000000,179874000000,6274140245,19,336030340,0.186500,0.061160,0.061280,0.000111,0.055850,0.061220,0.000702,0.000000,0.192100,0.055790,1.263000,0.000633,0.000000,0.000000,0.185100,0,0
179874000000,180000000000,6274140245,19,336030340,0.187000,0.061100,0.061220,0.000054,0.055790,0.061160,0.000039,0.000000,0.191400,0.001572,1.272000,0.000660,0.000000,0.000000,0.187500,0,0
180000000000,180300000000,6274140245,19,336030340,0.185100,0.061220,0.061220,0.000071,0.055790,0.061280,0.002274,0.000000,0.376000,0.064210,1.322000,0.000684,0.000000,0.000000,0.188700,0,0
180300000000,180600000000,6274140245,19,336030340,0.184600,0.061160,0.061280,0.000066,0.055790,0.061280,0.003033,0.000000,0.196500,0.060790,1.269000,0.000641,0.000000,0.000000,0.187500,0,0
180600000000,180900000000,6274140245,19,336030340,0.180700,0.061280,0.061280,0.000052,0.055790,0.061280,0.007217,0.000000,0.207000,0.072750,1.337000,0.000666,0.000000,0.000000,0.187700,0,0
180900000000,181200000000,6274140245,19,336030340,0.179700,0.061340,0.062870,0.000318,0.056030,0.061710,0.003223,0.000000,0.193600,0.070070,1.374000,0.000769,0.000000,0.000000,0.187700,0,0
181200000000,181500000000,6274140245,19,336030340,0.186300,0.061220,0.063230,0.000373,0.056150,0.061280,0.000006,0.000000,0.375000,0.000786,1.326000,0.000698,0.000000,0.000000,0.187500,0,0
181500000000,181800000000,6274140245,19,336030340,0.187000,0.061160,0.063230,0.000374,0.056150,0.061280,0.000004,0.000000,0.193800,0.000072,1.327000,0.000680,0.000000,0.000000,0.130900,0,0
181800000000,182100000000,6274140245,19,336030340,0.187000,0.061220,0.063230,0.000373,0.056150,0.061280,0.000003,0.000000,0.192600,0.000072,1.368000,0.000738,0.000000,0.000000,0.186800,0,0
182100000000,182400000000,6274140245,19,336030340,0.186300,0.061160,0.063230,0.000372,0.056150,0.061280,0.000004,0.000000,0.195100,0.000143,1.300000,0.000695,0.000000,0.000000,0.187500,0,0
182400000000,182700000000,6274140245,19,336030340,0.186500,0.061220,0.063230,0.000373,0.056150,0.061280,0.000004,0.000000,0.193800,0.000143,1.361000,0.000762,0.000000,0.000000,0.187000,0,0
182700000000,183000000000,6274140245,19,336030340,0.187000,0.061220,0.063230,0.000380,0.056150,0.061340,0.000023,0.000000,0.196500,0.005501,1.303000,0.000674,0.000000,0.000000,0.187700,0,0
183000000000,183300000000,6274140245,19,336030340,0.187000,0.061220,0.063230,0.000415,0.056150,0.061280,0.000004,0.000000,0.206500,0.000072,1.314000,0.000701,0.000000,0.000000,0.187500,0,0
183300000000,183600000000,6274140245,19,336030340,0.183600,0.061280,0.063230,0.000415,0.056150,0.061340,0.000005,0.000000,0.206500,0.000428,1.361000,0.000704,0.000000,0.000000,0.187500,0,0
183600000000,183900000000,6274140245,19,336030340,0.158200,0.061160,0.062990,0.000413,0.056150,0.061340,0.000006,0.000000,0.206500,0.000714,1.335000,0.000700,0.000000,0.000000,0.187700,0,0
183900000000,183970000000,6274140245,19,336030340,0.036990,0.060610,0.061520,0.001211,0.056150,0.060730,0.000951,0.000000,0.065670,0.023350,1.243000,0.000474,0.000000,0.000000,0.041690,0,0
183970000000,183984000000,6274140245,19,336030340,0.000183,0.000000,0.000000,0.000000,0.000000,0.000000,0.000035,0.000000,0.002563,0.000215,2.916000,0.011500,0.000000,0.000000,0.000000,0,0
183984000000,183985000000,6274140245,19,336030340,0.000000,0.000000,0.000000,0.000000,0.000000,0.000000,0.000000,0.000000,0.000000,0.000000,2.916000,0.011500,0.000000,0.000000,0.000000,0,0
190722000000,190800000000,6274140245,19,4802491016,0.000000,0.000000,0.000000,0.000000,0.000000,0.000000,0.000000,0.000000,0.000000,0.000000,0.000000,0.000000,0.000000,0.000000,0.000000,0,0
190800000000,190907000000,6274140245,19,4802491016,0.000000,0.000000,0.000000,0.000000,0.000000,0.000000,0.000000,0.000000,0.000000,0.000000,0.000000,0.000000,0.000000,0.000000,0.000000,0,0
190907000000,190988000000,6274140245,19,4802491016,0.000668,0.001564,0.003883,0.000672,0.001207,0.001841,0.006378,0.000000,0.014370,0.041080,1.126000,0.000000,0.000000,0.000000,0.004829,0,0
190988000000,191005000000,6274140245,19,4802491016,0.000133,0.000000,0.000000,0.000000,0.000000,0.000000,0.000009,0.000000,0.002258,0.000143,2.600000,0.000000,0.000000,0.000000,0.000000,0,0
191005000000,191006000000,6274140245,19,4802491016,0.000000,0.000000,0.000000,0.000000,0.000000,0.000000,0.000000,0.000000,0.000000,0.000000,2.600000,0.000000,0.000000,0.000000,0.000000,0,0
