179240000000,179400000000,6274140245,2,6653713,0.000000,0.000000,0.000000,0.000000,0.000000,0.000000,0.000000,0.000000,0.000000,0.000000,0.000000,0.000000,0.000000,0.000000,0.000000,0,0
179400000000,179700000000,6274140245,2,6653713,0.000000,0.000000,0.000000,0.000000,0.000000,0.000000,0.000000,0.000000,0.000000,0.000000,0.000000,0.000000,0.000000,0.000000,0.000000,0,0
179700000000,179883000000,6274140245,2,6653713,0.000000,0.000000,0.000000,0.000000,0.000000,0.000000,0.000000,0.000000,0.000000,0.000000,0.000000,0.000000,0.000000,0.000000,0.000000,0,0
179883000000,180000000000,6274140245,2,6653713,0.006378,0.028350,0.029790,0.000169,0.026890,0.054440,0.042600,0.000000,0.052250,0.061650,1.398000,0.002259,0.000000,0.000000,0.008163,0,0
180000000000,180022000000,6274140245,2,6653713,0.017850,0.055850,0.056270,0.000056,0.053410,0.057370,0.032100,0.000000,0.061830,0.065920,1.077000,0.002364,0.000000,0.000000,0.007774,0,0
180022000000,180300000000,6274140245,2,6653713,0.175000,0.061220,0.061340,0.000193,0.055910,0.061460,0.002346,0.000000,0.373000,0.078250,1.343000,0.000758,0.000000,0.000000,0.186800,0,0
180300000000,180597000000,6274140245,2,6653713,0.038020,0.061400,0.061400,0.000044,0.055660,0.061460,0.045100,0.000000,0.194800,0.065430,1.373000,0.000674,0.000000,0.000000,0.002769,0,0
180597000000,180600000000,6274140245,2,6653713,0.005486,0.061400,0.061400,0.000048,0.055660,0.061400,0.049990,0.000000,0.013400,0.049990,5.152000,0.018270,0.000000,0.000000,0.010190,0,0
180600000000,180900000000,6274140245,2,6653713,0.152100,0.061400,0.061400,0.000064,0.055790,0.061460,0.011920,0.000000,0.206500,0.066770,1.361000,0.000761,0.000000,0.000000,0.188000,0,0
180900000000,181200000000,6274140245,2,6653713,0.018250,0.061400,0.061400,0.000050,0.055730,0.061460,0.048460,0.000000,0.191200,0.070680,1.390000,0.000864,0.000000,0.000000,0.006927,0,0
181200000000,181500000000,6274140245,2,6653713,0.111700,0.061400,0.061400,0.000068,0.055790,0.061460,0.024140,0.000000,0.375000,0.065310,1.357000,0.000727,0.000000,0.000000,0.189200,0,0
181500000000,181800000000,6274140245,2,6653713,0.184800,0.061400,0.061460,0.000047,0.055790,0.061460,0.001883,0.000000,0.374500,0.055730,1.365000,0.000765,0.000000,0.000000,0.187500,0,0
181800000000,182100000000,6274140245,2,6653713,0.178200,0.061460,0.061460,0.000054,0.055790,0.061460,0.006447,0.000000,0.195300,0.061100,1.346000,0.000737,0.000000,0.000000,0.185800,0,0
182100000000,182400000000,6274140245,2,6653713,0.105600,0.061460,0.061460,0.000045,0.055730,0.061460,0.026950,0.000000,0.374500,0.072020,1.355000,0.000717,0.000000,0.000000,0.187500,0,0
182400000000,182700000000,6274140245,2,6653713,0.031310,0.061460,0.061460,0.000047,0.055660,0.061460,0.050780,0.000000,0.189900,0.072020,1.765000,0.001661,0.000000,0.000000,0.185800,0,0
182700000000,183000000000,6274140245,2,6653713,0.022860,0.061460,0.061460,0.000048,0.055660,0.061460,0.052980,0.000000,0.190200,0.072750,1.400000,0.000898,0.000000,0.000000,0.188000,0,0
183000000000,183007000000,6274140245,2,6653713,0.012310,0.061400,0.061400,0.000047,0.055660,0.061460,0.060490,0.000000,0.016390,0.065310,10.300000,0.042710,0.000000,0.000000,0.015290,0,0
183007000000,183300000000,6274140245,2,6653713,0.030980,0.061400,0.061400,0.000044,0.055660,0.061460,0.053280,0.000000,0.196000,0.070680,1.387000,0.000849,0.000000,0.000000,0.009354,0,0
183300000000,183600000000,6274140245,2,6653713,0.013730,0.061400,0.061400,0.000038,0.055660,0.061460,0.060670,0.000000,0.040220,0.124300,20.670000,0.083480,0.000000,0.000000,0.011920,0,0
183600000000,183900000000,6274140245,2,6653713,0.013280,0.061400,0.061400,0.000041,0.055660,0.061400,0.061520,0.000000,0.063840,0.086300,22.750000,0.093690,0.000000,0.000000,0.020940,0,0
183900000000,184200000000,6274140245,2,6653713,0.014950,0.061400,0.061400,0.000043,0.055660,0.061400,0.061400,0.000000,0.033940,0.079590,22.120000,0.091090,0.000000,0.000000,0.013890,0,0
184200000000,184258000000,6274140245,2,6653713,0.015530,0.061400,0.061400,0.000039,0.055660,0.061400,0.060120,0.000000,0.030430,0.072390,18.590000,0.073700,0.000000,0.000000,0.017580,0,0
184258000000,184500000000,6274140245,2,6653713,0.015810,0.061400,0.061400,0.000037,0.055660,0.061400,0.060490,0.000000,0.034850,0.072390,19.500000,0.076610,0.000000,0.000000,0.018520,0,0
184500000000,184800000000,6274140245,2,6653713,0.013000,0.061400,0.061400,0.000045,0.055660,0.061400,0.058900,0.000000,0.028900,0.073240,21.930000,0.090840,0.000000,0.000000,0.020140,0,0
184800000000,185100000000,6274140245,2,6653713,0.013320,0.061400,0.061400,0.000044,0.055660,0.061400,0.059510,0.000000,0.029480,0.080930,11.650000,0.046540,0.000000,0.000000,0.016420,0,0
185100000000,185400000000,6274140245,2,6653713,0.013930,0.061400,0.061400,0.000047,0.055660,0.061400,0.060970,0.000000,0.030330,0.075680,20.470000,0.084610,0.000000,0.000000,0.013850,0,0
185400000000,185700000000,6274140245,2,6653713,0.026280,0.061400,0.061400,0.000051,0.055730,0.061460,0.057680,0.000000,0.188700,0.075810,3.545000,0.009338,0.000000,0.000000,0.018550,0,0
185700000000,186000000000,6274140245,2,6653713,0.092160,0.060790,0.061770,0.000247,0.055970,0.061460,0.000497,0.000000,0.127700,0.034550,1.373000,0.000786,0.000000,0.000000,0.054380,0,0
186000000000,186043000000,6274140245,2,6653713,0.099610,0.059880,0.062010,0.000322,0.056090,0.059880,0.000002,0.000000,0.215800,0.000072,1.119000,0.000573,0.000000,0.000000,0.122900,0,0
186043000000,186300000000,6274140245,2,6653713,0.099370,0.059810,0.062070,0.000322,0.056090,0.059940,0.000005,0.000000,0.237300,0.000714,1.245000,0.000629,0.000000,0.000000,0.124600,0,0
186300000000,186600000000,6274140245,2,6653713,0.062500,0.059390,0.060610,0.000298,0.056090,0.059750,0.000004,0.000000,0.125700,0.000786,1.292000,0.000689,0.000000,0.000000,0.116600,0,0
186600000000,186900000000,6274140245,2,6653713,0.025150,0.059020,0.060120,0.000296,0.056030,0.059270,0.000009,0.000000,0.063110,0.002357,1.365000,0.000813,0.000000,0.000000,0.000033,0,0
186900000000,187001000000,6274140245,2,6653713,0.000147,0.058650,0.060120,0.000298,0.056090,0.058720,0.000000,0.000000,0.000641,0.000000,2.979000,0.011610,0.000000,0.000000,0.000086,0,0
187001000000,187041000000,6274140245,2,6653713,0.001167,0.058650,0.060120,0.003094,0.056090,0.058780,0.001881,0.000000,0.038700,0.024870,7.870000,0.037700,0.000000,0.000000,0.001375,0,0
187041000000,187060000000,6274140245,2,6653713,0.000101,0.000000,0.000000,0.000000,0.000000,0.000000,0.000000,0.000000,0.001923,0.000000,2.323000,0.008197,0.000000,0.000000,0.000000,0,0
187060000000,187061000000,6274140245,2,6653713,0.000000,0.000000,0.000000,0.000000,0.000000,0.000000,0.000000,0.000000,0.000000,0.000000,2.323000,0.008197,0.000000,0.000000,0.000000,0,0
190684000000,190800000000,6274140245,2,4802126722,0.000000,0.000000,0.000000,0.000000,0.000000,0.000000,0.000000,0.000000,0.000000,0.000000,0.000000,0.000000,0.000000,0.000000,0.000000,0,0
190800000000,190906000000,6274140245,2,4802126722,0.000000,0.000000,0.000000,0.000000,0.000000,0.000000,0.000000,0.000000,0.000000,0.000000,0.000000,0.000000,0.000000,0.000000,0.000000,0,0
190906000000,190958000000,6274140245,2,4802126722,0.000757,0.001623,0.003872,0.000670,0.001163,0.001972,0.007088,0.000000,0.019410,0.050900,2.487000,0.000000,0.000000,0.000000,0.000033,0,0
190958000000,190974000000,6274140245,2,4802126722,0.000149,0.000000,0.000000,0.000000,0.000000,0.000000,0.000098,0.000000,0.002388,0.001572,2.487000,0.000000,0.000000,0.000000,0.000000,0,0
190974000000,190975000000,6274140245,2,4802126722,0.000000,0.000000,0.000000,0.000000,0.000000,0.000000,0.000000,0.000000,0.000000,0.000000,2.487000,0.000000,0.000000,0.000000,0.000000,0,0
