179238000000,179400000000,6274140245,20,294949136,0.000000,0.000000,0.000000,0.000000,0.000000,0.000000,0.000000,0.000000,0.000000,0.000000,0.000000,0.000000,0.000000,0.000000,0.000000,0,0
179400000000,179594000000,6274140245,20,294949136,0.000000,0.000000,0.000000,0.000000,0.000000,0.000000,0.000000,0.000000,0.000000,0.000000,0.000000,0.000000,0.000000,0.000000,0.000000,0,0
179594000000,179700000000,6274140245,20,294949136,0.004166,0.018680,0.019710,0.000171,0.017150,0.034000,0.039250,0.000000,0.018280,0.058650,28.740000,0.153200,0.000000,0.000000,0.018280,0,0
179700000000,179786000000,6274140245,20,294949136,0.004631,0.048950,0.050050,0.000068,0.046630,0.054570,0.034730,0.000000,0.062870,0.050290,27.750000,0.145600,0.000000,0.000000,0.003273,0,0
179786000000,180000000000,6274140245,20,294949136,0.133300,0.060790,0.061650,0.000313,0.055730,0.062070,0.009888,0.000000,0.375000,0.108600,1.334000,0.000741,0.000000,0.000000,0.188000,0,0
180000000000,180300000000,6274140245,20,294949136,0.186800,0.061770,0.063230,0.000371,0.056150,0.061890,0.000004,0.000000,0.191400,0.000072,1.315000,0.000717,0.000000,0.000000,0.187700,0,0
180300000000,180587000000,6274140245,20,294949136,0.187000,0.061830,0.063230,0.000369,0.056150,0.061890,0.000005,0.000000,0.192900,0.000428,1.303000,0.000713,0.000000,0.000000,0.188700,0,0
180587000000,180600000000,6274140245,20,294949136,0.187300,0.061890,0.063230,0.000369,0.056150,0.061890,0.000011,0.000000,0.188500,0.000072,1.352000,0.000789,0.000000,0.000000,0.188500,0,0
180600000000,180722000000,6274140245,20,294949136,0.186800,0.061890,0.063230,0.000369,0.056150,0.061950,0.000003,0.000000,0.190400,0.000072,1.359000,0.000709,0.000000,0.000000,0.186500,0,0
180722000000,180736000000,6274140245,20,294949136,0.000258,0.008240,0.000000,0.008011,0.008011,0.057680,0.000005,0.000000,0.003601,0.000072,1.426000,0.000800,0.000000,0.000000,0.000000,0,1
180736000000,180737000000,6274140245,20,294949136,0.000000,0.000000,0.000000,0.000000,0.000000,0.000000,0.000000,0.000000,0.000000,0.000000,1.426000,0.000800,0.000000,0.000000,0.000000,0,0
180774000000,180900000000,6274140245,20,4491856352,0.000000,0.000000,0.000000,0.000000,0.000000,0.000000,0.000000,0.000000,0.000000,0.000000,0.000000,0.000000,0.000000,0.000000,0.000000,0,0
180900000000,181012000000,6274140245,20,4491856352,0.000000,0.000000,0.000000,0.000000,0.000000,0.000000,0.000000,0.000000,0.000000,0.000000,0.000000,0.000000,0.000000,0.000000,0.000000,0,0
181012000000,181200000000,6274140245,20,4491856352,0.004753,0.029850,0.031490,0.000134,0.028290,0.054140,0.034910,0.000000,0.062990,0.099980,1.482000,0.003481,0.000000,0.000000,0.004295,0,0
181200000000,181204000000,6274140245,20,4491856352,0.057740,0.054140,0.057620,0.000225,0.052000,0.054140,0.001715,0.000000,0.062990,0.006714,6.020000,0.015980,0.000000,0.000000,0.062320,0,0
181204000000,181500000000,6274140245,20,4491856352,0.155500,0.060910,0.061100,0.000163,0.055850,0.061460,0.005737,0.000000,0.222900,0.110700,1.330000,0.000658,0.000000,0.000000,0.185800,0,0
181500000000,181800000000,6274140245,20,4491856352,0.178700,0.061400,0.061460,0.000064,0.055790,0.061460,0.003231,0.000000,0.236300,0.052310,1.333000,0.000701,0.000000,0.000000,0.187500,0,0
181800000000,181849000000,6274140245,20,4491856352,0.182400,0.061400,0.061460,0.000083,0.055850,0.061460,0.000019,0.000000,0.189000,0.000500,1.413000,0.000789,0.000000,0.000000,0.174800,0,0
181849000000,182100000000,6274140245,20,4491856352,0.159400,0.061460,0.061460,0.000034,0.055730,0.061460,0.008865,0.000000,0.364300,0.057920,1.371000,0.000720,0.000000,0.000000,0.178700,0,0
182100000000,182400000000,6274140245,20,4491856352,0.156200,0.061400,0.061460,0.000073,0.055790,0.061460,0.006821,0.000000,0.367200,0.057430,1.426000,0.000810,0.000000,0.000000,0.187000,0,0
182400000000,182700000000,6274140245,20,4491856352,0.181400,0.061340,0.061520,0.000051,0.055790,0.061460,0.000138,0.000000,0.195600,0.012860,1.364000,0.000780,0.000000,0.000000,0.174100,0,0
182700000000,183000000000,6274140245,20,4491856352,0.184600,0.061280,0.061520,0.000073,0.055850,0.061460,0.000021,0.000000,0.376000,0.004211,1.379000,0.000736,0.000000,0.000000,0.186800,0,0
183000000000,183300000000,6274140245,20,4491856352,0.186300,0.061400,0.061520,0.000067,0.055850,0.061460,0.000011,0.000000,0.196300,0.002213,1.340000,0.000704,0.000000,0.000000,0.187700,0,0
183300000000,183600000000,6274140245,20,4491856352,0.186800,0.061460,0.061520,0.000032,0.055790,0.061460,0.000007,0.000000,0.205100,0.000857,1.408000,0.000769,0.000000,0.000000,0.187000,0,0
183600000000,183900000000,6274140245,20,4491856352,0.150400,0.061340,0.061520,0.000035,0.055790,0.061460,0.000033,0.000000,0.205800,0.007500,1.408000,0.000784,0.000000,0.000000,0.125000,0,0
183900000000,183961000000,6274140245,20,4491856352,0.049990,0.060970,0.061520,0.000984,0.055850,0.061100,0.001947,0.000000,0.063600,0.042790,1.506000,0.000813,0.000000,0.000000,0.063600,0,0
183961000000,183976000000,6274140245,20,4491856352,0.000228,0.000000,0.000000,0.000000,0.000000,0.000000,0.000072,0.000000,0.003418,0.001072,4.052000,0.009257,0.000000,0.000000,0.000000,0,0
183976000000,183977000000,6274140245,20,4491856352,0.000000,0.000000,0.000000,0.000000,0.000000,0.000000,0.000000,0.000000,0.000000,0.000000,4.052000,0.009257,0.000000,0.000000,0.000000,0,0
190729000000,190800000000,6274140245,20,854210220,0.005127,0.014300,0.015690,0.000286,0.013630,0.029540,0.043030,0.000000,0.020290,0.068730,1.274000,0.001595,0.000000,0.000000,0.004631,0,0
190800000000,191100000000,6274140245,20,854210220,0.117900,0.056090,0.057130,0.000278,0.052860,0.060790,0.015490,0.000000,0.219500,0.116800,1.384000,0.000745,0.000000,0.000000,0.052430,0,0
191100000000,191400000000,6274140245,20,854210220,0.067020,0.059630,0.061160,0.000375,0.056090,0.060550,0.000032,0.000000,0.220900,0.008713,1.348000,0.000653,0.000000,0.000000,0.000468,0,0
191400000000,191700000000,6274140245,20,854210220,0.000153,0.058590,0.060240,0.000379,0.056150,0.058590,0.000010,0.000000,0.003567,0.002285,3.339000,0.013510,0.000000,0.000000,0.000034,0,0
191700000000,191808000000,6274140245,20,854210220,0.000151,0.058590,0.060240,0.000380,0.056150,0.058650,0.000001,0.000000,0.000603,0.000072,2.247000,0.006956,0.000000,0.000000,0.000130,0,0
191808000000,192000000000,6274140245,20,854210220,0.000149,0.058590,0.060240,0.000380,0.056150,0.058590,0.000000,0.000000,0.003662,0.000072,2.554000,0.009204,0.000000,0.000000,0.000344,0,0
192000000000,192300000000,6274140245,20,854210220,0.000149,0.058590,0.060240,0.000385,0.056150,0.058650,0.000028,0.000000,0.004150,0.008148,2.452000,0.008843,0.000000,0.000000,0.000108,0,0
192300000000,192600000000,6274140245,20,854210220,0.052670,0.059020,0.060240,0.000391,0.056150,0.059200,0.000003,0.000000,0.063480,0.000072,1.438000,0.000730,0.000000,0.000000,0.000054,0,0
192600000000,192900000000,6274140245,20,854210220,0.056090,0.059200,0.060240,0.000391,0.056150,0.059630,0.000002,0.000000,0.126000,0.000143,1.277000,0.000574,0.000000,0.000000,0.062070,0,0
192900000000,193139000000,6274140245,20,854210220,0.043520,0.059270,0.060240,0.000858,0.056150,0.059450,0.000340,0.000000,0.068970,0.018490,1.379000,0.000661,0.000000,0.000000,0.063110,0,0
193139000000,193169000000,6274140245,20,854210220,0.000075,0.001884,0.000000,0.001762,0.001762,0.056520,0.000020,0.000000,0.002274,0.000428,3.017000,0.007798,0.000000,0.000000,0.000000,0,0
193169000000,193175000000,6274140245,20,854210220,0.000000,0.000000,0.000000,0.000000,0.000000,0.000000,0.000000,0.000000,0.000000,0.000000,3.022000,0.007788,0.000000,0.000000,0.000000,0,0
