179240000000,179400000000,6274140245,21,294927051,0.000000,0.000000,0.000000,0.000000,0.000000,0.000000,0.000000,0.000000,0.000000,0.000000,0.000000,0.000000,0.000000,0.000000,0.000000,0,0
179400000000,179516000000,6274140245,21,294927051,0.000000,0.000000,0.000000,0.000000,0.000000,0.000000,0.000000,0.000000,0.000000,0.000000,0.000000,0.000000,0.000000,0.000000,0.000000,0,0
179516000000,179700000000,6274140245,21,294927051,0.005959,0.031310,0.032170,0.000153,0.030360,0.053280,0.036070,0.000000,0.062740,0.114300,2.809000,0.010560,0.000000,0.000000,0.000195,0,0
179700000000,179708000000,6274140245,21,294927051,0.006546,0.053710,0.055110,0.006660,0.052550,0.054140,0.033260,0.000000,0.016480,0.059390,0.000000,0.000000,0.000000,0.000000,0.013120,0,0
179708000000,179728000000,6274140245,21,294927051,0.001240,0.002724,0.000000,0.002659,0.002659,0.054440,0.000000,0.000000,0.024780,0.000000,0.000000,0.000000,0.000000,0.000000,0.000000,0,1
179728000000,179729000000,6274140245,21,294927051,0.000000,0.000000,0.000000,0.000000,0.000000,0.000000,0.000000,0.000000,0.000000,0.000000,0.000000,0.000000,0.000000,0.000000,0.000000,0,0
179749000000,179919000000,6274140245,21,294927051,0.003990,0.028260,0.029240,0.000164,0.027310,0.052800,0.034300,0.000000,0.027310,0.097050,2.826000,0.010910,0.000000,0.000000,0.000421,0,0
179919000000,179941000000,6274140245,21,294927051,0.000752,0.000000,0.000000,0.002319,0.002319,0.000000,0.000000,0.000000,0.008270,0.000000,0.000000,0.000000,0.000000,0.000000,0.000000,0,1
179941000000,179942000000,6274140245,21,294927051,0.000000,0.000000,0.000000,0.000000,0.000000,0.000000,0.000000,0.000000,0.000000,0.000000,0.000000,0.000000,0.000000,0.000000,0.000000,0,0
179974000000,180000000000,6274140245,21,84913442,0.000000,0.000000,0.000000,0.000000,0.000000,0.000000,0.000000,0.000000,0.000000,0.000000,0.000000,0.000000,0.000000,0.000000,0.000000,0,0
180000000000,180206000000,6274140245,21,84913442,0.000000,0.000000,0.000000,0.000000,0.000000,0.000000,0.000000,0.000000,0.000000,0.000000,0.000000,0.000000,0.000000,0.000000,0.000000,0,0
180206000000,180300000000,6274140245,21,84913442,0.003662,0.010730,0.011980,0.000257,0.010010,0.024960,0.033630,0.000000,0.018890,0.111000,1.373000,0.002770,0.000000,0.000000,0.002529,0,0
180300000000,180341000000,6274140245,21,84913442,0.003284,0.028020,0.028900,0.000010,0.026700,0.030490,0.032900,0.000000,0.008224,0.064450,3.169000,0.012440,0.000000,0.000000,0.000173,0,0
180341000000,180426000000,6274140245,21,84913442,0.001411,0.034480,0.045780,0.000596,0.042360,0.035950,0.032840,0.000000,0.011030,0.057250,2.926000,0.011970,0.000000,0.000000,0.005470,0,0
180426000000,180444000000,6274140245,21,84913442,0.008606,0.000000,0.000000,0.000000,0.000000,0.000000,0.000000,0.000000,0.077390,0.000000,2928.000000,5.000000,0.000000,0.000000,0.000000,0,1
180444000000,180445000000,6274140245,21,84913442,0.000000,0.000000,0.000000,0.000000,0.000000,0.000000,0.000000,0.000000,0.000000,0.000000,2928.000000,5.000000,0.000000,0.000000,0.000000,0,0
180473000000,180600000000,6274140245,21,770714,0.000000,0.000000,0.000000,0.000000,0.000000,0.000000,0.000000,0.000000,0.000000,0.000000,0.000000,0.000000,0.000000,0.000000,0.000000,0,0
180600000000,180671000000,6274140245,21,770714,0.000000,0.000000,0.000000,0.000000,0.000000,0.000000,0.000000,0.000000,0.000000,0.000000,0.000000,0.000000,0.000000,0.000000,0.000000,0,0
180671000000,180831000000,6274140245,21,770714,0.047730,0.042180,0.044130,0.000607,0.039920,0.063230,0.041500,0.000000,0.190400,0.167700,1.326000,0.000720,0.000000,0.000000,0.006233,0,0
180831000000,180900000000,6274140245,21,770714,0.182900,0.062870,0.064580,0.002010,0.057800,0.063350,0.000110,0.000000,0.189900,0.004929,1.354000,0.000727,0.000000,0.000000,0.187000,0,0
180900000000,180916000000,6274140245,21,770714,0.184600,0.061710,0.063350,0.001873,0.057620,0.061950,0.000067,0.000000,0.374000,0.000857,1.396000,0.000783,0.000000,0.000000,0.187000,0,0
180916000000,181200000000,6274140245,21,770714,0.187000,0.061520,0.063350,0.001711,0.057500,0.061650,0.000029,0.000000,0.375000,0.001928,1.393000,0.000769,0.000000,0.000000,0.187300,0,0
181200000000,181500000000,6274140245,21,770714,0.186800,0.061520,0.063350,0.001621,0.057370,0.061650,0.000015,0.000000,0.375500,0.002213,1.407000,0.000763,0.000000,0.000000,0.187500,0,0
181500000000,181800000000,6274140245,21,770714,0.186800,0.061520,0.063350,0.001078,0.056820,0.061580,0.000005,0.000000,0.376000,0.000215,1.340000,0.000677,0.000000,0.000000,0.187000,0,0
181800000000,182100000000,6274140245,21,770714,0.187000,0.061580,0.063350,0.000338,0.056090,0.061650,0.000007,0.000000,0.374500,0.000643,1.337000,0.000701,0.000000,0.000000,0.187700,0,0
182100000000,182400000000,6274140245,21,770714,0.187000,0.061580,0.063350,0.000339,0.056090,0.061650,0.000008,0.000000,0.351100,0.001358,1.319000,0.000680,0.000000,0.000000,0.187500,0,0
182400000000,182700000000,6274140245,21,770714,0.186800,0.061520,0.063350,0.000339,0.056090,0.061650,0.000004,0.000000,0.190900,0.000143,1.406000,0.000771,0.000000,0.000000,0.185500,0,0
182700000000,183000000000,6274140245,21,770714,0.185800,0.061580,0.063350,0.000340,0.056090,0.061580,0.000005,0.000000,0.373500,0.000286,1.326000,0.000643,0.000000,0.000000,0.176500,0,0
183000000000,183300000000,6274140245,21,770714,0.186300,0.061580,0.063350,0.000342,0.056090,0.061710,0.000011,0.000000,0.375000,0.002144,1.391000,0.000704,0.000000,0.000000,0.188700,0,0
183300000000,183600000000,6274140245,21,770714,0.187000,0.061580,0.063350,0.000371,0.056150,0.061650,0.000021,0.000000,0.375500,0.005074,1.378000,0.000677,0.000000,0.000000,0.185100,0,0
183600000000,183900000000,6274140245,21,770714,0.102500,0.061160,0.062990,0.000379,0.056150,0.061650,0.000010,0.000000,0.206100,0.001999,1.411000,0.000754,0.000000,0.000000,0.063110,0,0
183900000000,183910000000,6274140245,21,770714,0.003670,0.059630,0.061520,0.005981,0.056210,0.059750,0.007050,0.000000,0.062500,0.029790,3.139000,0.010790,0.000000,0.000000,0.000183,0,0
183910000000,183927000000,6274140245,21,770714,0.001009,0.000000,0.000000,0.000000,0.000000,0.000000,0.000012,0.000000,0.017150,0.000143,3.139000,0.010790,0.000000,0.000000,0.000000,0,0
183927000000,183928000000,6274140245,21,770714,0.000000,0.000000,0.000000,0.000000,0.000000,0.000000,0.000000,0.000000,0.000000,0.000000,3.139000,0.010790,0.000000,0.000000,0.000000,0,0
190729000000,190800000000,6274140245,21,3230934413,0.000000,0.000000,0.000000,0.000000,0.000000,0.000000,0.000000,0.000000,0.000000,0.000000,0.000000,0.000000,0.000000,0.000000,0.000000,0,0
190800000000,190947000000,6274140245,21,3230934413,0.000000,0.000000,0.000000,0.000000,0.000000,0.000000,0.000000,0.000000,0.000000,0.000000,0.000000,0.000000,0.000000,0.000000,0.000000,0,0
190947000000,191018000000,6274140245,21,3230934413,0.000583,0.001740,0.003876,0.000728,0.001305,0.001898,0.005180,0.000000,0.019710,0.066410,2.250000,0.007974,0.000000,0.000000,0.000040,0,0
191018000000,191036000000,6274140245,21,3230934413,0.000113,0.000000,0.000000,0.000000,0.000000,0.000000,0.000008,0.000000,0.002052,0.000143,2.250000,0.007974,0.000000,0.000000,0.000000,0,0
191036000000,191037000000,6274140245,21,3230934413,0.000000,0.000000,0.000000,0.000000,0.000000,0.000000,0.000000,0.000000,0.000000,0.000000,2.250000,0.007974,0.000000,0.000000,0.000000,0,0
