179230000000,179400000000,6274140245,22,1807152790,0.000000,0.000000,0.000000,0.000000,0.000000,0.000000,0.000000,0.000000,0.000000,0.000000,0.000000,0.000000,0.000000,0.000000,0.000000,0,0
179400000000,179700000000,6274140245,22,1807152790,0.000000,0.000000,0.000000,0.000000,0.000000,0.000000,0.000000,0.000000,0.000000,0.000000,0.000000,0.000000,0.000000,0.000000,0.000000,0,0
179700000000,179802000000,6274140245,22,1807152790,0.000000,0.000000,0.000000,0.000000,0.000000,0.000000,0.000000,0.000000,0.000000,0.000000,0.000000,0.000000,0.000000,0.000000,0.000000,0,0
179802000000,179951000000,6274140245,22,1807152790,0.003063,0.016780,0.018250,0.000264,0.015930,0.030180,0.026950,0.000000,0.048830,0.092900,1.419000,0.002127,0.000000,0.000000,0.001579,0,0
179951000000,180000000000,6274140245,22,1807152790,0.003361,0.030640,0.032960,0.000001,0.029880,0.035640,0.030670,0.000000,0.015380,0.042850,3.468000,0.012750,0.000000,0.000000,0.004517,0,0
180000000000,180300000000,6274140245,22,1807152790,0.116100,0.059810,0.060670,0.000996,0.055540,0.063110,0.011810,0.000000,0.188700,0.106700,1.265000,0.000660,0.000000,0.000000,0.186800,0,0
180300000000,180600000000,6274140245,22,1807152790,0.186300,0.061950,0.063110,0.001057,0.056820,0.062070,0.000026,0.000000,0.204800,0.004211,1.309000,0.000671,0.000000,0.000000,0.187300,0,0
180600000000,180896000000,6274140245,22,1807152790,0.185800,0.062010,0.063110,0.001038,0.056820,0.062070,0.000008,0.000000,0.191400,0.001072,1.402000,0.000746,0.000000,0.000000,0.191400,0,0
180896000000,180900000000,6274140245,22,1807152790,0.186000,0.062010,0.063110,0.001036,0.056820,0.062010,0.000000,0.000000,0.188000,0.000000,1.345000,0.000650,0.000000,0.000000,0.186800,0,0
180900000000,181200000000,6274140245,22,1807152790,0.186000,0.062010,0.063110,0.001036,0.056820,0.062070,0.000004,0.000000,0.192100,0.000143,1.395000,0.000741,0.000000,0.000000,0.187500,0,0
181200000000,181500000000,6274140245,22,1807152790,0.184800,0.062010,0.063110,0.001028,0.056820,0.062070,0.000010,0.000000,0.372600,0.000714,1.403000,0.000770,0.000000,0.000000,0.182400,0,0
181500000000,181800000000,6274140245,22,1807152790,0.186000,0.061950,0.063110,0.000954,0.056700,0.062070,0.000004,0.000000,0.205300,0.000143,1.403000,0.000776,0.000000,0.000000,0.187300,0,0
181800000000,182100000000,6274140245,22,1807152790,0.185500,0.061950,0.063110,0.000954,0.056700,0.062070,0.000007,0.000000,0.191700,0.000357,1.391000,0.000764,0.000000,0.000000,0.185100,0,0
182100000000,182400000000,6274140245,22,1807152790,0.186300,0.061950,0.063110,0.000954,0.056700,0.062070,0.000004,0.000000,0.191900,0.000143,1.381000,0.000733,0.000000,0.000000,0.179200,0,0
182400000000,182700000000,6274140245,22,1807152790,0.186500,0.061950,0.063110,0.000954,0.056700,0.062070,0.000003,0.000000,0.205600,0.000072,1.374000,0.000761,0.000000,0.000000,0.188200,0,0
182700000000,183000000000,6274140245,22,1807152790,0.186500,0.062010,0.063110,0.000954,0.056700,0.062070,0.000006,0.000000,0.375000,0.000714,1.430000,0.000777,0.000000,0.000000,0.186800,0,0
183000000000,183300000000,6274140245,22,1807152790,0.186500,0.062070,0.063110,0.000956,0.056700,0.062070,0.000015,0.000000,0.191900,0.002930,1.413000,0.000766,0.000000,0.000000,0.185800,0,0
183300000000,183600000000,6274140245,22,1807152790,0.185500,0.062070,0.063110,0.000371,0.056150,0.062130,0.000030,0.000000,0.375500,0.006287,1.368000,0.000723,0.000000,0.000000,0.186500,0,0
183600000000,183900000000,6274140245,22,1807152790,0.114700,0.061830,0.063110,0.000260,0.056030,0.062070,0.000011,0.000000,0.203100,0.002644,1.407000,0.000777,0.000000,0.000000,0.062740,0,0
183900000000,183970000000,6274140245,22,1807152790,0.058590,0.061650,0.063110,0.001064,0.056030,0.061770,0.001209,0.000000,0.067140,0.032230,1.422000,0.000780,0.000000,0.000000,0.063110,0,0
183970000000,183984000000,6274140245,22,1807152790,0.001286,0.000000,0.000000,0.000000,0.000000,0.000000,0.000020,0.000000,0.018010,0.000143,1.380000,0.000515,0.000000,0.000000,0.000000,0,0
183984000000,183985000000,6274140245,22,1807152790,0.000000,0.000000,0.000000,0.000000,0.000000,0.000000,0.000000,0.000000,0.000000,0.000000,1.380000,0.000515,0.000000,0.000000,0.000000,0,0
190733000000,190800000000,6274140245,22,4820262670,0.000000,0.000000,0.000000,0.000000,0.000000,0.000000,0.000000,0.000000,0.000000,0.000000,0.000000,0.000000,0.000000,0.000000,0.000000,0,0
190800000000,190951000000,6274140245,22,4820262670,0.000000,0.000000,0.000000,0.000000,0.000000,0.000000,0.000000,0.000000,0.000000,0.000000,0.000000,0.000000,0.000000,0.000000,0.000000,0,0
190951000000,191038000000,6274140245,22,4820262670,0.000509,0.001762,0.003792,0.000694,0.001230,0.002056,0.004890,0.000000,0.050720,0.055110,29.410000,0.000000,0.000000,0.000000,0.000053,0,0
191038000000,191048000000,6274140245,22,4820262670,0.000264,0.000141,0.000000,0.000000,0.000000,0.001411,0.000021,0.000000,0.002644,0.000215,29.410000,0.000000,0.000000,0.000000,0.000000,0,0
191048000000,191049000000,6274140245,22,4820262670,0.000000,0.000000,0.000000,0.000000,0.000000,0.000000,0.000000,0.000000,0.000000,0.000000,29.410000,0.000000,0.000000,0.000000,0.000000,0,0
