179237000000,179400000000,6274140245,23,3571484904,0.000000,0.000000,0.000000,0.000000,0.000000,0.000000,0.000000,0.000000,0.000000,0.000000,0.000000,0.000000,0.000000,0.000000,0.000000,0,0
179400000000,179700000000,6274140245,23,3571484904,0.000000,0.000000,0.000000,0.000000,0.000000,0.000000,0.000000,0.000000,0.000000,0.000000,0.000000,0.000000,0.000000,0.000000,0.000000,0,0
179700000000,179898000000,6274140245,23,3571484904,0.000000,0.000000,0.000000,0.000000,0.000000,0.000000,0.000000,0.000000,0.000000,0.000000,0.000000,0.000000,0.000000,0.000000,0.000000,0,0
179898000000,179999000000,6274140245,23,3571484904,0.003788,0.013890,0.015210,0.000230,0.013080,0.028930,0.029850,0.000000,0.026610,0.094240,18.470000,0.083770,0.000000,0.000000,0.006973,0,0
179999000000,180000000000,6274140245,23,3571484904,0.000000,0.028930,0.030850,0.000019,0.028050,0.028930,0.035710,0.000000,0.000000,0.035710,3.306000,0.012140,0.000000,0.000000,0.000000,0,0
180587000000,180600000000,6274140245,23,207833376,0.000000,0.000000,0.000000,0.000000,0.000000,0.000000,0.000000,0.000000,0.000000,0.000000,0.000000,0.000000,0.000000,0.000000,0.000000,1,0
180600000000,180834000000,6274140245,23,207833376,0.000000,0.000000,0.000000,0.000000,0.000000,0.000000,0.000000,0.000000,0.000000,0.000000,0.000000,0.000000,0.000000,0.000000,0.000000,0,0
180831000000,180860000000,6274140245,23,3571484904,0.000000,0.035640,0.028260,0.000027,0.000027,0.035640,0.000000,0.000000,0.000000,0.000000,0.000000,0.000000,0.000000,0.000000,0.000000,0,0
180834000000,180900000000,6274140245,23,207833376,0.003387,0.008606,0.009903,0.000287,0.007935,0.017700,0.036620,0.000000,0.018520,0.067380,28.710000,0.153900,0.000000,0.000000,0.003246,0,0
180860000000,180893000000,6274140245,23,3571484904,0.061160,0.000000,0.000000,0.000002,0.000002,0.000000,0.000000,0.000000,0.100800,0.000000,0.000000,0.000000,0.000000,0.000000,0.000000,0,0
180893000000,180900000000,6274140245,23,3571484904,0.000000,0.000000,0.000000,0.000000,0.000000,0.000000,0.000000,0.000000,0.000000,0.000000,0.000000,0.000000,0.000000,0.000000,0.000000,0,0
180900000000,180977000000,6274140245,23,207833376,0.003242,0.028350,0.029540,0.000047,0.027680,0.035280,0.038880,0.000000,0.014180,0.064330,30.400000,0.158600,0.000000,0.000000,0.000127,0,0
180900000000,180901000000,6274140245,23,3571484904,0.000000,0.000000,0.000000,0.000000,0.000000,0.000000,0.000000,0.000000,0.000000,0.000000,0.000000,0.000000,0.000000,0.000000,0.000000,0,0
180977000000,181200000000,6274140245,23,207833376,0.073610,0.055050,0.056090,0.000260,0.052490,0.060970,0.021510,0.000000,0.227100,0.077880,1.267000,0.000676,0.000000,0.000000,0.026700,0,0
181200000000,181500000000,6274140245,23,207833376,0.186000,0.060730,0.061770,0.000356,0.056090,0.060970,0.000061,0.000000,0.227100,0.011080,1.285000,0.000718,0.000000,0.000000,0.164800,0,0
181500000000,181794000000,6274140245,23,207833376,0.185500,0.060730,0.061770,0.000382,0.056150,0.060790,0.000024,0.000000,0.370100,0.002357,1.308000,0.000695,0.000000,0.000000,0.187000,0,0
181794000000,181800000000,6274140245,23,207833376,0.182100,0.060730,0.061770,0.000389,0.056150,0.060730,0.000000,0.000000,0.188700,0.000000,1.373000,0.000767,0.000000,0.000000,0.188700,0,0
181800000000,182100000000,6274140245,23,207833376,0.186300,0.060730,0.061770,0.000388,0.056150,0.060790,0.000011,0.000000,0.205800,0.002071,1.309000,0.000736,0.000000,0.000000,0.164100,0,0
182100000000,182400000000,6274140245,23,207833376,0.186500,0.060730,0.061770,0.000388,0.056150,0.060790,0.000011,0.000000,0.373500,0.001215,1.233000,0.000649,0.000000,0.000000,0.187500,0,0
182400000000,182700000000,6274140245,23,207833376,0.185800,0.060730,0.061770,0.000388,0.056150,0.060850,0.000005,0.000000,0.205800,0.000286,1.288000,0.000712,0.000000,0.000000,0.187300,0,0
182700000000,183000000000,6274140245,23,207833376,0.186500,0.060790,0.061770,0.000388,0.056150,0.060850,0.000007,0.000000,0.206300,0.000999,1.311000,0.000697,0.000000,0.000000,0.186500,0,0
183000000000,183300000000,6274140245,23,207833376,0.186500,0.060790,0.061770,0.000388,0.056150,0.060850,0.000010,0.000000,0.205800,0.001785,1.345000,0.000736,0.000000,0.000000,0.186800,0,0
183300000000,183600000000,6274140245,23,207833376,0.186800,0.060790,0.061770,0.000389,0.056150,0.060850,0.000008,0.000000,0.206100,0.001215,1.322000,0.000733,0.000000,0.000000,0.187300,0,0
183600000000,183900000000,6274140245,23,207833376,0.121700,0.060610,0.061770,0.000400,0.056150,0.060790,0.000025,0.000000,0.206300,0.003929,1.289000,0.000681,0.000000,0.000000,0.187300,0,0
183900000000,183930000000,6274140245,23,207833376,0.001013,0.059330,0.061400,0.002285,0.056210,0.059510,0.002651,0.000000,0.061280,0.037170,2.688000,0.010660,0.000000,0.000000,0.061280,0,0
183930000000,183945000000,6274140245,23,207833376,0.001324,0.000000,0.000000,0.000000,0.000000,0.000000,0.000000,0.000000,0.019870,0.000000,3.241000,0.008987,0.000000,0.000000,0.000000,0,0
183945000000,183946000000,6274140245,23,207833376,0.000000,0.000000,0.000000,0.000000,0.000000,0.000000,0.000000,0.000000,0.000000,0.000000,3.269000,0.008901,0.000000,0.000000,0.000000,0,0
190729000000,190800000000,6274140245,23,4820092871,0.000000,0.000000,0.000000,0.000000,0.000000,0.000000,0.000000,0.000000,0.000000,0.000000,0.000000,0.000000,0.000000,0.000000,0.000000,0,0
190800000000,190819000000,6274140245,23,4820092871,0.000000,0.000000,0.000000,0.000000,0.000000,0.000000,0.000000,0.000000,0.000000,0.000000,0.000000,0.000000,0.000000,0.000000,0.000000,0,1
190819000000,190820000000,6274140245,23,4820092871,0.000000,0.000000,0.000000,0.000000,0.000000,0.000000,0.000000,0.000000,0.000000,0.000000,0.000000,0.000000,0.000000,0.000000,0.000000,0,0
190834000000,191041000000,6274140245,23,4820103578,0.000000,0.000000,0.000000,0.000000,0.000000,0.000000,0.000000,0.000000,0.000000,0.000000,0.000000,0.000000,0.000000,0.000000,0.000000,0,0
191041000000,191100000000,6274140245,23,4820103578,0.000744,0.001595,0.003883,0.000679,0.001213,0.001902,0.008514,0.000000,0.019320,0.054570,2.649000,0.000000,0.000000,0.000000,0.000109,0,0
191100000000,191199000000,6274140245,23,4820103578,0.000131,0.001406,0.003880,0.000743,0.001377,0.001892,0.000001,0.000000,0.003708,0.000072,2.927000,0.000000,0.000000,0.000000,0.000471,0,0
191199000000,191400000000,6274140245,23,4820103578,0.000154,0.000651,0.003880,0.000732,0.001371,0.000895,0.000007,0.000000,0.002228,0.001215,2.633000,0.000000,0.000000,0.000000,0.000093,0,0
191400000000,191700000000,6274140245,23,4820103578,0.000138,0.000605,0.003880,0.000730,0.001371,0.000626,0.000003,0.000000,0.004707,0.000571,2.530000,0.000000,0.000000,0.000000,0.000053,0,0
191700000000,192000000000,6274140245,23,4820103578,0.000139,0.000610,0.003880,0.000730,0.001371,0.000621,0.000000,0.000000,0.003658,0.000072,2.909000,0.000000,0.000000,0.000000,0.000025,0,0
192000000000,192300000000,6274140245,23,4820103578,0.002903,0.010700,0.013020,0.000428,0.010850,0.053160,0.017490,0.000000,0.031800,0.074220,2.653000,0.000000,0.000000,0.000000,0.009064,0,0
192300000000,192454000000,6274140245,23,4820103578,0.043520,0.058170,0.058650,0.000711,0.055540,0.060000,0.013640,0.000000,0.075200,0.132300,1.023000,0.000000,0.000000,0.000000,0.001698,0,0
192454000000,192600000000,6274140245,23,4820103578,0.062130,0.059200,0.060060,0.000304,0.056090,0.059390,0.000009,0.000000,0.076290,0.000500,1.218000,0.000000,0.000000,0.000000,0.062500,0,0
192600000000,192900000000,6274140245,23,4820103578,0.091670,0.059510,0.060060,0.000251,0.056030,0.059880,0.000132,0.000000,0.219700,0.015000,1.249000,0.000000,0.000000,0.000000,0.062380,0,0
192900000000,192905000000,6274140245,23,4820103578,0.123800,0.059880,0.060060,0.000133,0.055910,0.059880,0.000000,0.000000,0.125200,0.000000,1.246000,0.000000,0.000000,0.000000,0.124900,0,0
192905000000,193135000000,6274140245,23,4820103578,0.070800,0.059690,0.060060,0.000700,0.055850,0.059880,0.000853,0.000000,0.187500,0.037050,1.252000,0.000000,0.000000,0.000000,0.125700,0,0
193135000000,193156000000,6274140245,23,4820103578,0.000158,0.000000,0.000000,0.000000,0.000000,0.000000,0.000094,0.000000,0.003334,0.001999,2.961000,0.000000,0.000000,0.000000,0.000000,0,0
193156000000,193159000000,6274140245,23,4820103578,0.000000,0.000000,0.000000,0.000000,0.000000,0.000000,0.000000,0.000000,0.000000,0.000000,2.961000,0.000000,0.000000,0.000000,0.000000,0,0
