179226000000,179400000000,6274140245,24,1841803,0.000000,0.000000,0.000000,0.000000,0.000000,0.000000,0.000000,0.000000,0.000000,0.000000,0.000000,0.000000,0.000000,0.000000,0.000000,0,0
179400000000,179700000000,6274140245,24,1841803,0.000000,0.000000,0.000000,0.000000,0.000000,0.000000,0.000000,0.000000,0.000000,0.000000,0.000000,0.000000,0.000000,0.000000,0.000000,0,0
179700000000,179711000000,6274140245,24,1841803,0.000000,0.000000,0.000000,0.000000,0.000000,0.000000,0.000000,0.000000,0.000000,0.000000,0.000000,0.000000,0.000000,0.000000,0.000000,0,0
179711000000,179795000000,6274140245,24,1841803,0.003773,0.011960,0.013200,0.000301,0.011150,0.023040,0.039370,0.000000,0.020320,0.058720,1.375000,0.001963,0.000000,0.000000,0.002575,0,0
179795000000,180000000000,6274140245,24,1841803,0.006516,0.042790,0.044490,0.000078,0.041630,0.058170,0.042910,0.000000,0.062740,0.118900,0.904900,0.000848,0.000000,0.000000,0.028050,0,0
180000000000,180300000000,6274140245,24,1841803,0.175800,0.060970,0.062010,0.001474,0.057190,0.062010,0.002312,0.000000,0.375500,0.050420,1.378000,0.000752,0.000000,0.000000,0.187500,0,0
180300000000,180600000000,6274140245,24,1841803,0.185800,0.060610,0.062010,0.000598,0.056400,0.060730,0.000083,0.000000,0.375500,0.012500,1.346000,0.000702,0.000000,0.000000,0.186800,0,0
180600000000,180796000000,6274140245,24,1841803,0.183800,0.060730,0.062010,0.000382,0.056150,0.060790,0.000010,0.000000,0.371600,0.000857,1.321000,0.000690,0.000000,0.000000,0.187700,0,0
180796000000,180900000000,6274140245,24,1841803,0.183600,0.060730,0.062010,0.000382,0.056150,0.060730,0.000003,0.000000,0.367700,0.000072,1.296000,0.000682,0.000000,0.000000,0.188200,0,0
180900000000,181200000000,6274140245,24,1841803,0.183800,0.060670,0.062010,0.000382,0.056150,0.060730,0.000005,0.000000,0.369600,0.000357,1.354000,0.000747,0.000000,0.000000,0.187700,0,0
181200000000,181500000000,6274140245,24,1841803,0.187000,0.060730,0.062010,0.000382,0.056150,0.060790,0.000003,0.000000,0.388700,0.000072,1.398000,0.000726,0.000000,0.000000,0.187700,0,0
181500000000,181800000000,6274140245,24,1841803,0.185300,0.060730,0.062010,0.000382,0.056150,0.060790,0.000005,0.000000,0.375500,0.000143,1.414000,0.000766,0.000000,0.000000,0.187500,0,0
181800000000,182100000000,6274140245,24,1841803,0.185100,0.060670,0.062010,0.000382,0.056150,0.060730,0.000004,0.000000,0.375000,0.000215,1.393000,0.000755,0.000000,0.000000,0.186500,0,0
182100000000,182400000000,6274140245,24,1841803,0.185100,0.060730,0.062010,0.000382,0.056150,0.060790,0.000004,0.000000,0.375500,0.000072,1.385000,0.000779,0.000000,0.000000,0.187500,0,0
182400000000,182700000000,6274140245,24,1841803,0.186800,0.060670,0.062010,0.000385,0.056150,0.060730,0.000014,0.000000,0.375500,0.003143,1.341000,0.000703,0.000000,0.000000,0.187500,0,0
182700000000,183000000000,6274140245,24,1841803,0.187000,0.060670,0.062010,0.000411,0.056210,0.060730,0.000008,0.000000,0.194100,0.000999,1.333000,0.000696,0.000000,0.000000,0.187700,0,0
183000000000,183300000000,6274140245,24,1841803,0.187300,0.060670,0.062010,0.000414,0.056210,0.060730,0.000005,0.000000,0.375000,0.000357,1.324000,0.000706,0.000000,0.000000,0.188000,0,0
183300000000,183600000000,6274140245,24,1841803,0.187300,0.060670,0.062010,0.000414,0.056210,0.060730,0.000006,0.000000,0.375500,0.000571,1.373000,0.000719,0.000000,0.000000,0.187300,0,0
183600000000,183890000000,6274140245,24,1841803,0.093870,0.060300,0.061830,0.000607,0.056210,0.060790,0.000267,0.000000,0.196500,0.039490,1.387000,0.000739,0.000000,0.000000,0.000144,0,0
183890000000,183900000000,6274140245,24,1841803,0.000201,0.000000,0.000000,0.000000,0.000000,0.000000,0.000193,0.000000,0.002014,0.001499,2.861000,0.010780,0.000000,0.000000,0.000000,0,0
183900000000,183910000000,6274140245,24,1841803,0.000000,0.000000,0.000000,0.000000,0.000000,0.000000,0.000000,0.000000,0.000000,0.000000,2.861000,0.010780,0.000000,0.000000,0.000000,0,0
183910000000,183911000000,6274140245,24,1841803,0.000000,0.000000,0.000000,0.000000,0.000000,0.000000,0.000000,0.000000,0.000000,0.000000,2.861000,0.010780,0.000000,0.000000,0.000000,0,0
190732000000,190800000000,6274140245,24,907849,0.000000,0.000000,0.000000,0.000000,0.000000,0.000000,0.000000,0.000000,0.000000,0.000000,0.000000,0.000000,0.000000,0.000000,0.000000,0,0
190800000000,190960000000,6274140245,24,907849,0.000000,0.000000,0.000000,0.000000,0.000000,0.000000,0.000000,0.000000,0.000000,0.000000,0.000000,0.000000,0.000000,0.000000,0.000000,0,0
190960000000,191028000000,6274140245,24,907849,0.000636,0.001776,0.003876,0.000725,0.001310,0.001911,0.005661,0.000000,0.017180,0.065310,1.242000,0.001396,0.000000,0.000000,0.003315,0,0
191028000000,191040000000,6274140245,24,907849,0.000179,0.000000,0.000000,0.000000,0.000000,0.000000,0.000000,0.000000,0.002148,0.000000,1.343000,0.001845,0.000000,0.000000,0.000000,0,0
191040000000,191041000000,6274140245,24,907849,0.000000,0.000000,0.000000,0.000000,0.000000,0.000000,0.000000,0.000000,0.000000,0.000000,4.603000,0.016250,0.000000,0.000000,0.000000,0,0
