179251000000,179400000000,6274140245,25,905601,0.000000,0.000000,0.000000,0.000000,0.000000,0.000000,0.000000,0.000000,0.000000,0.000000,0.000000,0.000000,0.000000,0.000000,0.000000,0,0
179400000000,179484000000,6274140245,25,905601,0.000000,0.000000,0.000000,0.000000,0.000000,0.000000,0.000000,0.000000,0.000000,0.000000,0.000000,0.000000,0.000000,0.000000,0.000000,0,0
179484000000,179604000000,6274140245,25,905601,0.012740,0.033200,0.034300,0.000171,0.031430,0.060670,0.054020,0.000000,0.062870,0.143100,10.130000,0.042640,0.000000,0.000000,0.062870,0,0
179604000000,179700000000,6274140245,25,905601,0.034240,0.060790,0.060790,0.000153,0.055790,0.060850,0.052860,0.000000,0.188700,0.104400,1.420000,0.000827,0.000000,0.000000,0.053100,0,0
179700000000,180000000000,6274140245,25,905601,0.160400,0.061710,0.062740,0.000286,0.055970,0.062130,0.009872,0.000000,0.376000,0.072020,1.395000,0.000793,0.000000,0.000000,0.188700,0,0
180000000000,180300000000,6274140245,25,905601,0.185800,0.061830,0.063110,0.000379,0.056150,0.061950,0.000062,0.000000,0.374000,0.014070,1.425000,0.000774,0.000000,0.000000,0.186500,0,0
180300000000,180365000000,6274140245,25,905601,0.186000,0.061830,0.063110,0.000382,0.056150,0.061890,0.000007,0.000000,0.375000,0.000357,1.434000,0.000778,0.000000,0.000000,0.182100,0,0
180365000000,180600000000,6274140245,25,905601,0.185800,0.061830,0.063110,0.000382,0.056150,0.061890,0.000004,0.000000,0.217000,0.000143,1.382000,0.000760,0.000000,0.000000,0.186800,0,0
180600000000,180900000000,6274140245,25,905601,0.187000,0.061830,0.063110,0.000382,0.056150,0.061890,0.000005,0.000000,0.373500,0.000286,1.321000,0.000658,0.000000,0.000000,0.168900,0,0
180900000000,181200000000,6274140245,25,905601,0.187000,0.061830,0.063230,0.000384,0.056150,0.061950,0.000006,0.000000,0.375000,0.000643,1.336000,0.000662,0.000000,0.000000,0.187500,0,0
181200000000,181500000000,6274140245,25,905601,0.187000,0.061890,0.063230,0.000384,0.056150,0.061950,0.000005,0.000000,0.375000,0.000143,1.394000,0.000762,0.000000,0.000000,0.187700,0,0
181500000000,181800000000,6274140245,25,905601,0.186500,0.061890,0.063230,0.000384,0.056150,0.061950,0.000004,0.000000,0.374500,0.000072,1.413000,0.000748,0.000000,0.000000,0.188000,0,0
181800000000,182100000000,6274140245,25,905601,0.186300,0.061890,0.063230,0.000384,0.056150,0.061890,0.000013,0.000000,0.373500,0.001715,1.379000,0.000711,0.000000,0.000000,0.186800,0,0
182100000000,182400000000,6274140245,25,905601,0.187000,0.061890,0.063230,0.000384,0.056150,0.061950,0.000007,0.000000,0.376000,0.000571,1.334000,0.000694,0.000000,0.000000,0.187500,0,0
182400000000,182700000000,6274140245,25,905601,0.186800,0.061830,0.063230,0.000420,0.056210,0.061890,0.000024,0.000000,0.374500,0.005714,1.394000,0.000746,0.000000,0.000000,0.185500,0,0
182700000000,183000000000,6274140245,25,905601,0.187000,0.061830,0.063230,0.000411,0.056150,0.061890,0.000005,0.000000,0.375000,0.000286,1.302000,0.000657,0.000000,0.000000,0.187700,0,0
183000000000,183300000000,6274140245,25,905601,0.187000,0.061830,0.063230,0.000403,0.056150,0.061950,0.000005,0.000000,0.206100,0.000357,1.364000,0.000722,0.000000,0.000000,0.188000,0,0
183300000000,183600000000,6274140245,25,905601,0.187000,0.061890,0.063230,0.000403,0.056150,0.061950,0.000004,0.000000,0.193400,0.000072,1.378000,0.000722,0.000000,0.000000,0.187700,0,0
183600000000,183900000000,6274140245,25,905601,0.152300,0.061830,0.063230,0.000400,0.056150,0.061950,0.000008,0.000000,0.191200,0.000786,1.380000,0.000705,0.000000,0.000000,0.187700,0,0
183900000000,183960000000,6274140245,25,905601,0.057680,0.061520,0.063230,0.001324,0.056150,0.061580,0.001102,0.000000,0.064210,0.025510,1.481000,0.000768,0.000000,0.000000,0.062620,0,0
183960000000,183976000000,6274140245,25,905601,0.000191,0.000000,0.000000,0.000000,0.000000,0.000000,0.000035,0.000000,0.003052,0.000357,1.398000,0.000683,0.000000,0.000000,0.000000,0,0
183976000000,183977000000,6274140245,25,905601,0.000000,0.000000,0.000000,0.000000,0.000000,0.000000,0.000000,0.000000,0.000000,0.000000,1.398000,0.000683,0.000000,0.000000,0.000000,0,0
190734000000,190800000000,6274140245,25,4820236868,0.000000,0.000000,0.000000,0.000000,0.000000,0.000000,0.000000,0.000000,0.000000,0.000000,0.000000,0.000000,0.000000,0.000000,0.000000,0,0
190800000000,190901000000,6274140245,25,4820236868,0.000000,0.000000,0.000000,0.000000,0.000000,0.000000,0.000000,0.000000,0.000000,0.000000,0.000000,0.000000,0.000000,0.000000,0.000000,0,0
190901000000,190928000000,6274140245,25,4820236868,0.001612,0.001633,0.003864,0.000717,0.001230,0.001902,0.009796,0.000000,0.017330,0.055850,6.738000,0.000000,0.000000,0.000000,0.000010,0,0
190928000000,190945000000,6274140245,25,4820236868,0.000160,0.000000,0.000000,0.000000,0.000000,0.000000,0.000012,0.000000,0.002728,0.000143,6.738000,0.000000,0.000000,0.000000,0.000000,0,0
190945000000,190946000000,6274140245,25,4820236868,0.000000,0.000000,0.000000,0.000000,0.000000,0.000000,0.000000,0.000000,0.000000,0.000000,6.738000,0.000000,0.000000,0.000000,0.000000,0,0
