179230000000,179400000000,6274140245,26,1271694,0.000000,0.000000,0.000000,0.000000,0.000000,0.000000,0.000000,0.000000,0.000000,0.000000,0.000000,0.000000,0.000000,0.000000,0.000000,0,0
179400000000,179445000000,6274140245,26,1271694,0.000000,0.000000,0.000000,0.000000,0.000000,0.000000,0.000000,0.000000,0.000000,0.000000,0.000000,0.000000,0.000000,0.000000,0.000000,0,0
179445000000,179585000000,6274140245,26,1271694,0.023530,0.038450,0.039550,0.000242,0.037350,0.060000,0.048830,0.000000,0.187300,0.089230,0.572500,0.000530,0.000000,0.000000,0.062440,0,0
179585000000,179700000000,6274140245,26,1271694,0.169400,0.060120,0.060180,0.000227,0.055910,0.060180,0.005524,0.000000,0.190700,0.064330,1.358000,0.000799,0.000000,0.000000,0.187000,0,0
179700000000,179873000000,6274140245,26,1271694,0.099610,0.060360,0.061400,0.000176,0.055850,0.060610,0.028290,0.000000,0.189200,0.071410,1.341000,0.000735,0.000000,0.000000,0.163800,0,0
179873000000,180000000000,6274140245,26,1271694,0.178200,0.060360,0.062070,0.000356,0.056090,0.060550,0.000175,0.000000,0.191400,0.012360,1.379000,0.000747,0.000000,0.000000,0.183300,0,0
180000000000,180300000000,6274140245,26,1271694,0.179900,0.060240,0.062070,0.000382,0.056150,0.060360,0.000016,0.000000,0.205800,0.001143,1.362000,0.000733,0.000000,0.000000,0.180900,0,0
180300000000,180600000000,6274140245,26,1271694,0.180200,0.060300,0.062070,0.000382,0.056150,0.060420,0.000003,0.000000,0.217000,0.000072,1.356000,0.000729,0.000000,0.000000,0.186500,0,0
180600000000,180900000000,6274140245,26,1271694,0.180200,0.060360,0.062070,0.000382,0.056150,0.060420,0.000010,0.000000,0.224400,0.000999,1.408000,0.000766,0.000000,0.000000,0.188000,0,0
180900000000,181200000000,6274140245,26,1271694,0.180400,0.060360,0.062070,0.000383,0.056150,0.060420,0.000004,0.000000,0.204600,0.000215,1.375000,0.000763,0.000000,0.000000,0.182900,0,0
181200000000,181500000000,6274140245,26,1271694,0.176000,0.060360,0.062070,0.000383,0.056150,0.060420,0.000005,0.000000,0.358400,0.000357,1.391000,0.000789,0.000000,0.000000,0.185800,0,0
181500000000,181800000000,6274140245,26,1271694,0.180200,0.060360,0.062070,0.000383,0.056150,0.060420,0.000004,0.000000,0.191900,0.000215,1.399000,0.000767,0.000000,0.000000,0.176800,0,0
181800000000,182100000000,6274140245,26,1271694,0.179900,0.060360,0.062070,0.000384,0.056150,0.060420,0.000007,0.000000,0.192600,0.000571,1.362000,0.000747,0.000000,0.000000,0.160600,0,0
182100000000,182400000000,6274140245,26,1271694,0.179200,0.060420,0.062070,0.000384,0.056150,0.060420,0.000007,0.000000,0.205800,0.000929,1.357000,0.000762,0.000000,0.000000,0.180900,0,0
182400000000,182700000000,6274140245,26,1271694,0.179700,0.060420,0.062070,0.000384,0.056150,0.060490,0.000005,0.000000,0.191900,0.000500,1.344000,0.000684,0.000000,0.000000,0.180200,0,0
182700000000,183000000000,6274140245,26,1271694,0.179400,0.060490,0.062070,0.000402,0.056150,0.060490,0.000023,0.000000,0.340300,0.004570,1.297000,0.000689,0.000000,0.000000,0.182100,0,0
183000000000,183300000000,6274140245,26,1271694,0.181600,0.060360,0.062070,0.000421,0.056210,0.060490,0.000006,0.000000,0.206800,0.000857,1.275000,0.000663,0.000000,0.000000,0.186500,0,0
183300000000,183600000000,6274140245,26,1271694,0.187500,0.060420,0.062070,0.000421,0.056210,0.060490,0.000004,0.000000,0.213400,0.000072,1.336000,0.000720,0.000000,0.000000,0.187000,0,0
183600000000,183900000000,6274140245,26,1271694,0.185300,0.060420,0.062070,0.000421,0.056210,0.060490,0.000004,0.000000,0.208500,0.000072,1.376000,0.000739,0.000000,0.000000,0.185500,0,0
183900000000,183970000000,6274140245,26,1271694,0.051700,0.060120,0.062070,0.002018,0.056210,0.060360,0.000828,0.000000,0.126000,0.020720,1.398000,0.000694,0.000000,0.000000,0.016050,0,0
183970000000,183993000000,6274140245,26,1271694,0.000112,0.000000,0.000000,0.000000,0.000000,0.000000,0.000028,0.000000,0.002563,0.000428,1.391000,0.000714,0.000000,0.000000,0.000000,0,0
183993000000,183994000000,6274140245,26,1271694,0.000000,0.000000,0.000000,0.000000,0.000000,0.000000,0.000000,0.000000,0.000000,0.000000,3.234000,0.008510,0.000000,0.000000,0.000000,0,0
190738000000,190800000000,6274140245,26,4820183646,0.000000,0.000000,0.000000,0.000000,0.000000,0.000000,0.000000,0.000000,0.000000,0.000000,0.000000,0.000000,0.000000,0.000000,0.000000,0,0
190800000000,190906000000,6274140245,26,4820183646,0.000000,0.000000,0.000000,0.000000,0.000000,0.000000,0.000000,0.000000,0.000000,0.000000,0.000000,0.000000,0.000000,0.000000,0.000000,0,0
190906000000,190938000000,6274140245,26,4820183646,0.001106,0.001005,0.003880,0.000372,0.000609,0.001114,0.004585,0.000000,0.018920,0.082030,0.000000,0.000000,0.000000,0.000000,0.000009,0,0
190938000000,190956000000,6274140245,26,4820183646,0.000132,0.000000,0.000000,0.000000,0.000000,0.000000,0.000031,0.000000,0.002369,0.000357,0.000000,0.000000,0.000000,0.000000,0.000000,0,0
190956000000,190957000000,6274140245,26,4820183646,0.000000,0.000000,0.000000,0.000000,0.000000,0.000000,0.000000,0.000000,0.000000,0.000000,0.000000,0.000000,0.000000,0.000000,0.000000,0,0
