179239000000,179400000000,6274140245,27,6897117,0.000000,0.000000,0.000000,0.000000,0.000000,0.000000,0.000000,0.000000,0.000000,0.000000,0.000000,0.000000,0.000000,0.000000,0.000000,0,0
179400000000,179700000000,6274140245,27,6897117,0.000000,0.000000,0.000000,0.000000,0.000000,0.000000,0.000000,0.000000,0.000000,0.000000,0.000000,0.000000,0.000000,0.000000,0.000000,0,0
179700000000,179726000000,6274140245,27,6897117,0.000000,0.000000,0.000000,0.000000,0.000000,0.000000,0.000000,0.000000,0.000000,0.000000,0.000000,0.000000,0.000000,0.000000,0.000000,0,0
179726000000,179884000000,6274140245,27,6897117,0.003696,0.023010,0.024510,0.000202,0.022310,0.036190,0.029720,0.000000,0.037600,0.051570,37.310000,0.170100,0.000000,0.000000,0.004120,0,0
179884000000,180000000000,6274140245,27,6897117,0.009735,0.053220,0.055180,0.000387,0.051390,0.061650,0.029660,0.000000,0.184600,0.115600,0.757900,0.000176,0.000000,0.000000,0.014630,0,0
180000000000,180300000000,6274140245,27,6897117,0.182900,0.061220,0.061710,0.000711,0.056460,0.061710,0.000281,0.000000,0.386700,0.019070,1.445000,0.000846,0.000000,0.000000,0.188500,0,0
180300000000,180600000000,6274140245,27,6897117,0.184100,0.061100,0.061710,0.000354,0.056150,0.061220,0.000009,0.000000,0.371600,0.000999,1.375000,0.000720,0.000000,0.000000,0.187500,0,0
180600000000,180756000000,6274140245,27,6897117,0.184100,0.061160,0.061710,0.000312,0.056090,0.061280,0.000012,0.000000,0.197300,0.001499,1.373000,0.000740,0.000000,0.000000,0.187000,0,0
180756000000,180900000000,6274140245,27,6897117,0.184800,0.061160,0.061710,0.000300,0.056090,0.061220,0.000008,0.000000,0.367700,0.000357,1.394000,0.000731,0.000000,0.000000,0.188700,0,0
180900000000,181200000000,6274140245,27,6897117,0.185800,0.061160,0.061710,0.000288,0.056030,0.061220,0.000003,0.000000,0.374000,0.000143,1.329000,0.000674,0.000000,0.000000,0.185800,0,0
181200000000,181500000000,6274140245,27,6897117,0.186000,0.061220,0.061710,0.000279,0.056030,0.061220,0.000004,0.000000,0.192600,0.000072,1.407000,0.000780,0.000000,0.000000,0.185500,0,0
181500000000,181800000000,6274140245,27,6897117,0.185300,0.061160,0.061710,0.000277,0.056030,0.061220,0.000007,0.000000,0.373500,0.000571,1.378000,0.000749,0.000000,0.000000,0.186500,0,0
181800000000,182100000000,6274140245,27,6897117,0.185500,0.061160,0.061710,0.000273,0.056030,0.061280,0.000008,0.000000,0.205800,0.000571,1.396000,0.000759,0.000000,0.000000,0.187300,0,0
182100000000,182400000000,6274140245,27,6897117,0.186000,0.061160,0.061710,0.000266,0.056030,0.061220,0.000004,0.000000,0.374000,0.000286,1.359000,0.000709,0.000000,0.000000,0.188200,0,0
182400000000,182700000000,6274140245,27,6897117,0.186300,0.061220,0.061710,0.000268,0.056030,0.061340,0.000032,0.000000,0.192400,0.007500,1.349000,0.000711,0.000000,0.000000,0.186500,0,0
182700000000,183000000000,6274140245,27,6897117,0.185100,0.061280,0.061710,0.000288,0.056030,0.061340,0.000010,0.000000,0.374500,0.002213,1.352000,0.000720,0.000000,0.000000,0.186000,0,0
183000000000,183300000000,6274140245,27,6897117,0.186000,0.061220,0.061710,0.000287,0.056030,0.061220,0.000014,0.000000,0.373500,0.002499,1.434000,0.000822,0.000000,0.000000,0.187500,0,0
183300000000,183600000000,6274140245,27,6897117,0.186300,0.061160,0.061710,0.000280,0.056030,0.061220,0.000010,0.000000,0.372600,0.001858,1.404000,0.000764,0.000000,0.000000,0.187700,0,0
183600000000,183900000000,6274140245,27,6897117,0.149400,0.061100,0.061650,0.000278,0.056030,0.061220,0.000004,0.000000,0.205600,0.000143,1.420000,0.000737,0.000000,0.000000,0.124400,0,0
183900000000,184200000000,6274140245,27,6897117,0.088380,0.060730,0.061650,0.000286,0.056030,0.061100,0.000043,0.000000,0.137700,0.006432,1.424000,0.000772,0.000000,0.000000,0.062070,0,0
184200000000,184311000000,6274140245,27,6897117,0.124800,0.060550,0.061650,0.000287,0.056030,0.060550,0.000006,0.000000,0.133500,0.000215,1.372000,0.000725,0.000000,0.000000,0.124900,0,0
184311000000,184500000000,6274140245,27,6897117,0.049440,0.060120,0.061650,0.000286,0.056030,0.060550,0.000006,0.000000,0.134500,0.000215,1.348000,0.000737,0.000000,0.000000,0.062990,0,0
184500000000,184511000000,6274140245,27,6897117,0.004387,0.059690,0.061650,0.010150,0.056090,0.059810,0.008118,0.000000,0.032170,0.036010,3.082000,0.010700,0.000000,0.000000,0.000106,0,0
184511000000,184530000000,6274140245,27,6897117,0.000110,0.000000,0.000000,0.000000,0.000000,0.000000,0.000045,0.000000,0.002075,0.000786,2.547000,0.008166,0.000000,0.000000,0.000000,0,0
184530000000,184531000000,6274140245,27,6897117,0.000000,0.000000,0.000000,0.000000,0.000000,0.000000,0.000000,0.000000,0.000000,0.000000,1.757000,0.004424,0.000000,0.000000,0.000000,0,0
190758000000,190800000000,6274140245,27,1099042,0.008530,0.012650,0.014010,0.000226,0.012010,0.025180,0.060180,0.000000,0.044740,0.072020,29.480000,0.143600,0.000000,0.000000,0.004311,0,0
190800000000,191100000000,6274140245,27,1099042,0.048580,0.056090,0.056760,0.000403,0.053340,0.060120,0.015550,0.000000,0.065800,0.112100,1.310000,0.000600,0.000000,0.000000,0.062620,0,0
191100000000,191175000000,6274140245,27,1099042,0.062620,0.059390,0.060120,0.000377,0.056150,0.059390,0.000002,0.000000,0.065920,0.000072,1.452000,0.000741,0.000000,0.000000,0.062740,0,0
191175000000,191400000000,6274140245,27,1099042,0.000876,0.058840,0.060120,0.000385,0.056150,0.059390,0.000032,0.000000,0.070070,0.005859,1.371000,0.000680,0.000000,0.000000,0.000125,0,0
191400000000,191700000000,6274140245,27,1099042,0.049130,0.059200,0.060120,0.000389,0.056150,0.059390,0.000024,0.000000,0.066280,0.004356,1.416000,0.000672,0.000000,0.000000,0.062500,0,0
191700000000,192000000000,6274140245,27,1099042,0.017730,0.059020,0.060120,0.000403,0.056150,0.059450,0.000007,0.000000,0.063230,0.001499,1.433000,0.000628,0.000000,0.000000,0.000036,0,0
192000000000,192300000000,6274140245,27,1099042,0.027680,0.059020,0.060120,0.000404,0.056150,0.059390,0.000008,0.000000,0.066530,0.001715,1.432000,0.000749,0.000000,0.000000,0.062500,0,0
192300000000,192450000000,6274140245,27,1099042,0.062500,0.059390,0.060120,0.000404,0.056150,0.059450,0.000004,0.000000,0.069460,0.000072,1.452000,0.000751,0.000000,0.000000,0.062740,0,0
192450000000,192600000000,6274140245,27,1099042,0.012240,0.059080,0.060120,0.000404,0.056150,0.059450,0.000001,0.000000,0.063230,0.000072,1.336000,0.000549,0.000000,0.000000,0.062990,0,0
192600000000,192900000000,6274140245,27,1099042,0.039980,0.059140,0.060120,0.000404,0.056150,0.059450,0.000002,0.000000,0.125500,0.000072,1.452000,0.000709,0.000000,0.000000,0.000327,0,0
192900000000,193131000000,6274140245,27,1099042,0.031560,0.059200,0.060120,0.000646,0.056210,0.059450,0.000266,0.000000,0.066160,0.031740,1.482000,0.000708,0.000000,0.000000,0.000034,0,0
193131000000,193152000000,6274140245,27,1099042,0.000583,0.000000,0.000000,0.000000,0.000000,0.000000,0.000028,0.000000,0.012240,0.000357,2.801000,0.007590,0.000000,0.000000,0.000000,0,0
193152000000,193153000000,6274140245,27,1099042,0.000000,0.000000,0.000000,0.000000,0.000000,0.000000,0.000000,0.000000,0.000000,0.000000,2.803000,0.007569,0.000000,0.000000,0.000000,0,0
