179243000000,179400000000,6274140245,28,336045605,0.000000,0.000000,0.000000,0.000000,0.000000,0.000000,0.000000,0.000000,0.000000,0.000000,0.000000,0.000000,0.000000,0.000000,0.000000,0,0
179400000000,179535000000,6274140245,28,336045605,0.000000,0.000000,0.000000,0.000000,0.000000,0.000000,0.000000,0.000000,0.000000,0.000000,0.000000,0.000000,0.000000,0.000000,0.000000,0,0
179535000000,179700000000,6274140245,28,336045605,0.003811,0.026310,0.027340,0.000147,0.025300,0.053590,0.036680,0.000000,0.033200,0.058350,6.274000,0.029270,0.000000,0.000000,0.005806,0,0
179700000000,179731000000,6274140245,28,336045605,0.003517,0.053590,0.054200,0.000190,0.051940,0.053710,0.031620,0.000000,0.062870,0.032590,30.130000,0.168000,0.000000,0.000000,0.001347,0,0
179731000000,180000000000,6274140245,28,336045605,0.150600,0.060360,0.061040,0.001041,0.056400,0.062010,0.005638,0.000000,0.213900,0.073120,1.349000,0.000754,0.000000,0.000000,0.187500,0,0
180000000000,180300000000,6274140245,28,336045605,0.187300,0.060970,0.061950,0.000909,0.056700,0.061040,0.000037,0.000000,0.375500,0.008575,1.344000,0.000721,0.000000,0.000000,0.187500,0,0
180300000000,180479000000,6274140245,28,336045605,0.187000,0.060970,0.061950,0.000885,0.056640,0.061040,0.000005,0.000000,0.207000,0.000072,1.338000,0.000734,0.000000,0.000000,0.186800,0,0
180479000000,180600000000,6274140245,28,336045605,0.187300,0.060910,0.061950,0.000858,0.056640,0.061040,0.000003,0.000000,0.191400,0.000072,1.345000,0.000666,0.000000,0.000000,0.187700,0,0
180600000000,180900000000,6274140245,28,336045605,0.187000,0.060970,0.061950,0.000842,0.056640,0.061040,0.000009,0.000000,0.193100,0.001642,1.321000,0.000693,0.000000,0.000000,0.187300,0,0
180900000000,181200000000,6274140245,28,336045605,0.187300,0.060970,0.061950,0.000819,0.056580,0.061100,0.000004,0.000000,0.207800,0.000143,1.349000,0.000658,0.000000,0.000000,0.186500,0,0
181200000000,181500000000,6274140245,28,336045605,0.187300,0.061040,0.061950,0.000819,0.056580,0.061100,0.000004,0.000000,0.356400,0.000072,1.395000,0.000764,0.000000,0.000000,0.187500,0,0
181500000000,181800000000,6274140245,28,336045605,0.187300,0.061040,0.061950,0.000820,0.056580,0.061100,0.000009,0.000000,0.206500,0.001572,1.340000,0.000712,0.000000,0.000000,0.186500,0,0
181800000000,182100000000,6274140245,28,336045605,0.187300,0.061040,0.061950,0.000821,0.056580,0.061100,0.000004,0.000000,0.221400,0.000072,1.390000,0.000725,0.000000,0.000000,0.189000,0,0
182100000000,182400000000,6274140245,28,336045605,0.187000,0.061040,0.061950,0.000457,0.056210,0.061100,0.000004,0.000000,0.219500,0.000072,1.423000,0.000759,0.000000,0.000000,0.188700,0,0
182400000000,182700000000,6274140245,28,336045605,0.187300,0.061100,0.061950,0.000380,0.056150,0.061160,0.000004,0.000000,0.224400,0.000072,1.401000,0.000768,0.000000,0.000000,0.187700,0,0
182700000000,183000000000,6274140245,28,336045605,0.187000,0.061100,0.061950,0.000380,0.056150,0.061160,0.000005,0.000000,0.206500,0.000357,1.417000,0.000770,0.000000,0.000000,0.187300,0,0
183000000000,183300000000,6274140245,28,336045605,0.187000,0.061100,0.061950,0.000404,0.056150,0.061220,0.000016,0.000000,0.192400,0.003071,1.316000,0.000657,0.000000,0.000000,0.187500,0,0
183300000000,183600000000,6274140245,28,336045605,0.187500,0.061100,0.061950,0.000415,0.056210,0.061160,0.000003,0.000000,0.192400,0.000072,1.326000,0.000634,0.000000,0.000000,0.187000,0,0
183600000000,183900000000,6274140245,28,336045605,0.177200,0.061160,0.061950,0.000415,0.056210,0.061160,0.000004,0.000000,0.191900,0.000215,1.326000,0.000668,0.000000,0.000000,0.187500,0,0
183900000000,184010000000,6274140245,28,336045605,0.060490,0.060790,0.061950,0.000926,0.056210,0.061040,0.000829,0.000000,0.066280,0.039000,1.355000,0.000722,0.000000,0.000000,0.062500,0,0
184010000000,184030000000,6274140245,28,336045605,0.000479,0.000000,0.000000,0.000000,0.000000,0.000000,0.000010,0.000000,0.009583,0.000143,1.402000,0.000733,0.000000,0.000000,0.000000,0,0
184030000000,184031000000,6274140245,28,336045605,0.000000,0.000000,0.000000,0.000000,0.000000,0.000000,0.000000,0.000000,0.000000,0.000000,1.402000,0.000733,0.000000,0.000000,0.000000,0,0
190759000000,190800000000,6274140245,28,2712135562,0.001051,0.001564,0.003880,0.000670,0.001205,0.001829,0.010450,0.000000,0.038020,0.064820,1.349000,0.001685,0.000000,0.000000,0.000188,0,0
190800000000,190808000000,6274140245,28,2712135562,0.000073,0.001829,0.003880,0.000753,0.001387,0.001831,0.000018,0.000000,0.000100,0.000143,1.349000,0.001685,0.000000,0.000000,0.000017,0,0
190808000000,190830000000,6274140245,28,2712135562,0.000109,0.000000,0.000000,0.000000,0.000000,0.000000,0.000007,0.000000,0.002388,0.000143,1.349000,0.001685,0.000000,0.000000,0.000000,0,0
190830000000,190831000000,6274140245,28,2712135562,0.000000,0.000000,0.000000,0.000000,0.000000,0.000000,0.000000,0.000000,0.000000,0.000000,1.349000,0.001685,0.000000,0.000000,0.000000,0,0
