179236000000,179400000000,6274140245,29,1760950962,0.000000,0.000000,0.000000,0.000000,0.000000,0.000000,0.000000,0.000000,0.000000,0.000000,0.000000,0.000000,0.000000,0.000000,0.000000,0,0
179400000000,179651000000,6274140245,29,1760950962,0.000000,0.000000,0.000000,0.000000,0.000000,0.000000,0.000000,0.000000,0.000000,0.000000,0.000000,0.000000,0.000000,0.000000,0.000000,0,0
179651000000,179700000000,6274140245,29,1760950962,0.002464,0.003342,0.005333,0.000562,0.002987,0.009048,0.020690,0.000000,0.017000,0.071410,1.022000,0.001290,0.000000,0.000000,0.000134,0,0
179700000000,179840000000,6274140245,29,1760950962,0.002674,0.022950,0.024990,0.000113,0.022610,0.030060,0.022580,0.000000,0.022980,0.059390,2.352000,0.007665,0.000000,0.000000,0.004662,0,0
179840000000,180000000000,6274140245,29,1760950962,0.005455,0.044620,0.046140,0.000033,0.043820,0.053960,0.025120,0.000000,0.064210,0.077880,0.590700,0.000384,0.000000,0.000000,0.002556,0,0
180000000000,180300000000,6274140245,29,1760950962,0.068970,0.060000,0.060300,0.000233,0.055730,0.061400,0.006927,0.000000,0.358900,0.075810,1.354000,0.000662,0.000000,0.000000,0.186500,0,0
180300000000,180600000000,6274140245,29,1760950962,0.009460,0.061340,0.061400,0.000057,0.055730,0.061400,0.008636,0.000000,0.455100,0.036380,1.363000,0.000685,0.000000,0.000000,0.000002,0,0
180600000000,180900000000,6274140245,29,1760950962,0.023320,0.061340,0.061400,0.000054,0.055730,0.061400,0.021550,0.000000,0.188200,0.046260,1.376000,0.000789,0.000000,0.000000,0.001247,0,0
180900000000,181200000000,6274140245,29,1760950962,0.014590,0.061340,0.061400,0.000051,0.055730,0.061400,0.021450,0.000000,0.196800,0.050230,1.450000,0.002637,0.000000,0.000000,0.130100,0,0
181200000000,181500000000,6274140245,29,1760950962,0.005791,0.061340,0.061340,0.000050,0.055660,0.061400,0.020050,0.000000,0.186500,0.042850,2.271000,0.003966,0.000000,0.000000,0.000313,0,0
181500000000,181800000000,6274140245,29,1760950962,0.016720,0.061340,0.061400,0.000049,0.055730,0.061400,0.018160,0.000000,0.188500,0.043460,1.572000,0.001228,0.000000,0.000000,0.007751,0,0
181800000000,182074000000,6274140245,29,1760950962,0.004448,0.061340,0.061400,0.000051,0.055730,0.061400,0.017970,0.000000,0.180400,0.043030,1.363000,0.000627,0.000000,0.000000,0.001135,0,0
182074000000,182100000000,6274140245,29,1760950962,0.000954,0.061340,0.061340,0.000051,0.055660,0.061400,0.015200,0.000000,0.008087,0.035710,18.870000,0.077700,0.000000,0.000000,0.000159,0,0
182100000000,182400000000,6274140245,29,1760950962,0.015170,0.061340,0.061400,0.000055,0.055730,0.061400,0.016540,0.000000,0.372100,0.043030,1.229000,0.000545,0.000000,0.000000,0.127900,0,0
182400000000,182700000000,6274140245,29,1760950962,0.023130,0.061340,0.061400,0.000050,0.055730,0.061400,0.011170,0.000000,0.196300,0.043030,1.426000,0.000755,0.000000,0.000000,0.001009,0,0
182700000000,183000000000,6274140245,29,1760950962,0.002232,0.061340,0.061340,0.000051,0.055730,0.061400,0.022220,0.000000,0.022370,0.043520,8.446000,0.033980,0.000000,0.000000,0.000464,0,0
183000000000,183300000000,6274140245,29,1760950962,0.002956,0.061340,0.061340,0.000051,0.055730,0.061400,0.025940,0.000000,0.029110,0.044310,26.140000,0.106000,0.000000,0.000000,0.001011,0,0
183300000000,183600000000,6274140245,29,1760950962,0.005325,0.061340,0.061340,0.000050,0.055660,0.061400,0.029850,0.000000,0.191400,0.050230,8.232000,0.031150,0.000000,0.000000,0.000661,0,0
183600000000,183900000000,6274140245,29,1760950962,0.003738,0.061340,0.061340,0.000052,0.055730,0.061400,0.030610,0.000000,0.094850,0.050230,7.783000,0.028600,0.000000,0.000000,0.006020,0,0
183900000000,184200000000,6274140245,29,1760950962,0.005173,0.061340,0.061340,0.000053,0.055730,0.061400,0.029940,0.000000,0.136000,0.057740,4.464000,0.014200,0.000000,0.000000,0.000003,0,0
184200000000,184500000000,6274140245,29,1760950962,0.040160,0.061040,0.061400,0.000159,0.055910,0.061400,0.009064,0.000000,0.125700,0.050350,1.412000,0.000681,0.000000,0.000000,0.000104,0,0
184500000000,184752000000,6274140245,29,1760950962,0.103800,0.060970,0.061400,0.000159,0.055910,0.061400,0.008652,0.000000,0.241200,0.043580,1.432000,0.000750,0.000000,0.000000,0.124800,0,0
184752000000,184800000000,6274140245,29,1760950962,0.001228,0.061400,0.061400,0.000068,0.055730,0.061400,0.014890,0.000000,0.013080,0.042850,4.678000,0.013260,0.000000,0.000000,0.000327,0,0
184800000000,185100000000,6274140245,29,1760950962,0.029570,0.061400,0.061400,0.000061,0.055730,0.061400,0.019260,0.000000,0.361300,0.051880,1.476000,0.000845,0.000000,0.000000,0.073000,0,0
185100000000,185400000000,6274140245,29,1760950962,0.013320,0.061400,0.061400,0.000061,0.055730,0.061460,0.018250,0.000000,0.185100,0.050600,1.439000,0.000843,0.000000,0.000000,0.000673,0,0
185400000000,185700000000,6274140245,29,1760950962,0.011320,0.061400,0.061400,0.000058,0.055730,0.061460,0.024660,0.000000,0.184100,0.052310,1.345000,0.000868,0.000000,0.000000,0.010380,0,0
185700000000,186000000000,6274140245,29,1760950962,0.081050,0.060610,0.061890,0.000288,0.056030,0.061580,0.004013,0.000000,0.184100,0.050350,1.300000,0.000686,0.000000,0.000000,0.123800,0,0
186000000000,186300000000,6274140245,29,1760950962,0.116200,0.059940,0.060550,0.000068,0.055850,0.060120,0.000015,0.000000,0.232900,0.003429,1.314000,0.000721,0.000000,0.000000,0.124400,0,0
186300000000,186600000000,6274140245,29,1760950962,0.070800,0.059570,0.060790,0.000091,0.055850,0.060490,0.000419,0.000000,0.187300,0.021580,1.318000,0.000748,0.000000,0.000000,0.124800,0,0
186600000000,186900000000,6274140245,29,1760950962,0.103000,0.059810,0.060240,0.000148,0.055910,0.059940,0.000116,0.000000,0.137500,0.006859,1.271000,0.000661,0.000000,0.000000,0.124500,0,0
186900000000,187200000000,6274140245,29,1760950962,0.000181,0.058840,0.060240,0.000172,0.055910,0.059020,0.000041,0.000000,0.004242,0.007355,1.437000,0.000905,0.000000,0.000000,0.000028,0,0
187200000000,187500000000,6274140245,29,1760950962,0.053470,0.059140,0.060240,0.000184,0.055970,0.059880,0.000034,0.000000,0.249000,0.009720,1.349000,0.000763,0.000000,0.000000,0.108200,0,0
187500000000,187746000000,6274140245,29,1760950962,0.070310,0.059570,0.060240,0.000874,0.055970,0.059880,0.000583,0.000000,0.248800,0.036010,1.402000,0.000837,0.000000,0.000000,0.000237,0,0
187746000000,187762000000,6274140245,29,1760950962,0.000114,0.000000,0.000000,0.000000,0.000000,0.000000,0.000000,0.000000,0.001831,0.000000,2.844000,0.010800,0.000000,0.000000,0.000000,0,0
187762000000,187763000000,6274140245,29,1760950962,0.000000,0.000000,0.000000,0.000000,0.000000,0.000000,0.000000,0.000000,0.000000,0.000000,2.844000,0.010800,0.000000,0.000000,0.000000,0,0
190758000000,190800000000,6274140245,29,2006599354,0.006119,0.008926,0.010440,0.000409,0.008316,0.021120,0.053410,0.000000,0.032230,0.139600,0.000000,0.000000,0.000000,0.000000,0.003056,0,0
190800000000,191100000000,6274140245,29,2006599354,0.071780,0.052860,0.053280,0.000298,0.050230,0.060180,0.021090,0.000000,0.133800,0.127000,1.367000,0.000766,0.000000,0.000000,0.124300,0,0
191100000000,191123000000,6274140245,29,2006599354,0.124900,0.059880,0.060120,0.000235,0.055970,0.059880,0.000326,0.000000,0.127400,0.007072,1.397000,0.000710,0.000000,0.000000,0.117100,0,0
191123000000,191400000000,6274140245,29,2006599354,0.051030,0.059750,0.060120,0.000216,0.055970,0.059940,0.000197,0.000000,0.129200,0.028290,1.326000,0.000688,0.000000,0.000000,0.125000,0,0
191400000000,191690000000,6274140245,29,2006599354,0.000255,0.059080,0.060120,0.000403,0.055970,0.059570,0.000334,0.000000,0.055050,0.040590,3.374000,0.013680,0.000000,0.000000,0.000041,0,0
191690000000,191700000000,6274140245,29,2006599354,0.002659,0.000000,0.000000,0.000000,0.000000,0.000000,0.000000,0.000000,0.026580,0.000000,26.980000,0.138700,0.000000,0.000000,0.000000,0,0
191700000000,191715000000,6274140245,29,2006599354,0.000000,0.000000,0.000000,0.000000,0.000000,0.000000,0.000000,0.000000,0.000000,0.000000,26.980000,0.138700,0.000000,0.000000,0.000000,0,0
191715000000,191716000000,6274140245,29,2006599354,0.000000,0.000000,0.000000,0.000000,0.000000,0.000000,0.000000,0.000000,0.000000,0.000000,26.980000,0.138700,0.000000,0.000000,0.000000,0,0
