179226000000,179400000000,6274140245,3,765971,0.000000,0.000000,0.000000,0.000000,0.000000,0.000000,0.000000,0.000000,0.000000,0.000000,0.000000,0.000000,0.000000,0.000000,0.000000,0,0
179400000000,179480000000,6274140245,3,765971,0.000000,0.000000,0.000000,0.000000,0.000000,0.000000,0.000000,0.000000,0.000000,0.000000,0.000000,0.000000,0.000000,0.000000,0.000000,0,0
179480000000,179570000000,6274140245,3,765971,0.006493,0.019810,0.020780,0.000168,0.018740,0.034670,0.061040,0.000000,0.026370,0.135700,1.077000,0.001809,0.000000,0.000000,0.001392,0,0
179570000000,179700000000,6274140245,3,765971,0.076780,0.056030,0.057800,0.000322,0.053410,0.060610,0.031100,0.000000,0.189000,0.124400,1.351000,0.000698,0.000000,0.000000,0.062440,0,0
179700000000,180000000000,6274140245,3,765971,0.186000,0.060790,0.061950,0.000373,0.056150,0.060970,0.000117,0.000000,0.374000,0.012500,1.317000,0.000702,0.000000,0.000000,0.182900,0,0
180000000000,180224000000,6274140245,3,765971,0.187000,0.060730,0.061950,0.000375,0.056150,0.060850,0.000005,0.000000,0.376000,0.000286,1.326000,0.000686,0.000000,0.000000,0.186800,0,0
180224000000,180300000000,6274140245,3,765971,0.187300,0.060850,0.061950,0.000375,0.056150,0.060850,0.000003,0.000000,0.190200,0.000072,1.321000,0.000639,0.000000,0.000000,0.187300,0,0
180300000000,180600000000,6274140245,3,765971,0.186800,0.060790,0.061950,0.000375,0.056150,0.060850,0.000005,0.000000,0.206500,0.000500,1.379000,0.000700,0.000000,0.000000,0.187500,0,0
180600000000,180900000000,6274140245,3,765971,0.187000,0.060790,0.061950,0.000375,0.056150,0.060850,0.000007,0.000000,0.206800,0.000571,1.362000,0.000685,0.000000,0.000000,0.186800,0,0
180900000000,181200000000,6274140245,3,765971,0.186800,0.060730,0.061950,0.000375,0.056150,0.060850,0.000006,0.000000,0.206800,0.000571,1.356000,0.000736,0.000000,0.000000,0.187500,0,0
181200000000,181500000000,6274140245,3,765971,0.186500,0.060790,0.061950,0.000374,0.056150,0.060850,0.000005,0.000000,0.206100,0.000571,1.374000,0.000730,0.000000,0.000000,0.182900,0,0
181500000000,181800000000,6274140245,3,765971,0.186800,0.060790,0.061950,0.000375,0.056150,0.060850,0.000004,0.000000,0.206300,0.000500,1.289000,0.000674,0.000000,0.000000,0.186300,0,0
181800000000,182100000000,6274140245,3,765971,0.187000,0.060790,0.061950,0.000375,0.056150,0.060850,0.000003,0.000000,0.206500,0.000072,1.369000,0.000742,0.000000,0.000000,0.188200,0,0
182100000000,182400000000,6274140245,3,765971,0.187000,0.060790,0.061950,0.000376,0.056150,0.060850,0.000003,0.000000,0.371100,0.000143,1.330000,0.000714,0.000000,0.000000,0.188200,0,0
182400000000,182700000000,6274140245,3,765971,0.187000,0.060790,0.061950,0.000377,0.056150,0.060850,0.000004,0.000000,0.189700,0.000072,1.362000,0.000722,0.000000,0.000000,0.187000,0,0
182700000000,183000000000,6274140245,3,765971,0.186800,0.060790,0.061950,0.000380,0.056150,0.060850,0.000023,0.000000,0.376000,0.005356,1.378000,0.000719,0.000000,0.000000,0.187000,0,0
183000000000,183300000000,6274140245,3,765971,0.187000,0.060850,0.061950,0.000410,0.056150,0.060850,0.000006,0.000000,0.206300,0.000714,1.316000,0.000665,0.000000,0.000000,0.187500,0,0
183300000000,183600000000,6274140245,3,765971,0.186800,0.060790,0.061950,0.000400,0.056150,0.060850,0.000005,0.000000,0.206800,0.000643,1.323000,0.000669,0.000000,0.000000,0.186300,0,0
183600000000,183900000000,6274140245,3,765971,0.148200,0.060670,0.061950,0.000400,0.056150,0.060790,0.000004,0.000000,0.206100,0.000072,1.375000,0.000725,0.000000,0.000000,0.119500,0,0
183900000000,183970000000,6274140245,3,765971,0.084840,0.060550,0.061950,0.001207,0.056150,0.060670,0.001028,0.000000,0.127000,0.031220,1.365000,0.000720,0.000000,0.000000,0.124600,0,0
183970000000,183989000000,6274140245,3,765971,0.000373,0.000000,0.000000,0.000000,0.000000,0.000000,0.000008,0.000000,0.007080,0.000072,1.332000,0.000677,0.000000,0.000000,0.000000,0,0
183989000000,183990000000,6274140245,3,765971,0.000000,0.000000,0.000000,0.000000,0.000000,0.000000,0.000000,0.000000,0.000000,0.000000,1.332000,0.000677,0.000000,0.000000,0.000000,0,0
190686000000,190800000000,6274140245,3,4802863302,0.000000,0.000000,0.000000,0.000000,0.000000,0.000000,0.000000,0.000000,0.000000,0.000000,0.000000,0.000000,0.000000,0.000000,0.000000,0,0
190800000000,190907000000,6274140245,3,4802863302,0.000000,0.000000,0.000000,0.000000,0.000000,0.000000,0.000000,0.000000,0.000000,0.000000,0.000000,0.000000,0.000000,0.000000,0.000000,0,0
190907000000,190948000000,6274140245,3,4802863302,0.000975,0.001650,0.003880,0.000680,0.001228,0.001888,0.009277,0.000000,0.047360,0.060000,2.615000,0.000000,0.000000,0.000000,0.000366,0,0
190948000000,190958000000,6274140245,3,4802863302,0.000315,0.000000,0.000000,0.000000,0.000000,0.000000,0.000029,0.000000,0.003147,0.000286,2.615000,0.000000,0.000000,0.000000,0.000000,0,0
190958000000,190959000000,6274140245,3,4802863302,0.000000,0.000000,0.000000,0.000000,0.000000,0.000000,0.000000,0.000000,0.000000,0.000000,2.615000,0.000000,0.000000,0.000000,0.000000,0,0
