179235000000,179400000000,6274140245,30,5771519,0.000000,0.000000,0.000000,0.000000,0.000000,0.000000,0.000000,0.000000,0.000000,0.000000,0.000000,0.000000,0.000000,0.000000,0.000000,0,0
179400000000,179630000000,6274140245,30,5771519,0.000000,0.000000,0.000000,0.000000,0.000000,0.000000,0.000000,0.000000,0.000000,0.000000,0.000000,0.000000,0.000000,0.000000,0.000000,0,0
179630000000,179700000000,6274140245,30,5771519,0.002216,0.006271,0.007828,0.000400,0.005646,0.013090,0.019350,0.000000,0.013050,0.046140,0.973900,0.001203,0.000000,0.000000,0.005287,0,0
179700000000,179721000000,6274140245,30,5771519,0.001808,0.015560,0.016600,0.000094,0.014620,0.017550,0.013810,0.000000,0.007706,0.035710,0.973900,0.001203,0.000000,0.000000,0.001938,0,0
179721000000,180000000000,6274140245,30,5771519,0.034360,0.046750,0.047850,0.000151,0.044980,0.060910,0.021120,0.000000,0.373500,0.080200,1.155000,0.000534,0.000000,0.000000,0.007736,0,0
180000000000,180300000000,6274140245,30,5771519,0.184100,0.060970,0.061710,0.000355,0.056090,0.061100,0.000249,0.000000,0.212900,0.021510,1.363000,0.000783,0.000000,0.000000,0.187500,0,0
180300000000,180600000000,6274140245,30,5771519,0.187000,0.060970,0.061710,0.000378,0.056150,0.061040,0.000005,0.000000,0.193600,0.000500,1.308000,0.000674,0.000000,0.000000,0.186500,0,0
180600000000,180741000000,6274140245,30,5771519,0.187000,0.061040,0.061710,0.000356,0.056090,0.061100,0.000003,0.000000,0.374500,0.000072,1.320000,0.000684,0.000000,0.000000,0.185100,0,0
180741000000,180900000000,6274140245,30,5771519,0.187000,0.061040,0.061710,0.000354,0.056090,0.061100,0.000005,0.000000,0.300300,0.000072,1.348000,0.000738,0.000000,0.000000,0.187500,0,0
180900000000,181200000000,6274140245,30,5771519,0.187000,0.061040,0.061710,0.000354,0.056090,0.061100,0.000006,0.000000,0.375500,0.000215,1.373000,0.000740,0.000000,0.000000,0.188700,0,0
181200000000,181500000000,6274140245,30,5771519,0.187300,0.061100,0.061710,0.000354,0.056090,0.061100,0.000006,0.000000,0.375500,0.000357,1.302000,0.000611,0.000000,0.000000,0.187700,0,0
181500000000,181800000000,6274140245,30,5771519,0.187000,0.061100,0.061710,0.000355,0.056090,0.061160,0.000004,0.000000,0.338900,0.000072,1.344000,0.000683,0.000000,0.000000,0.187500,0,0
181800000000,182100000000,6274140245,30,5771519,0.187000,0.061040,0.061710,0.000385,0.056150,0.061100,0.000037,0.000000,0.376500,0.009506,1.330000,0.000719,0.000000,0.000000,0.186800,0,0
182100000000,182400000000,6274140245,30,5771519,0.185300,0.061040,0.061710,0.000388,0.056150,0.061100,0.000005,0.000000,0.373500,0.000571,1.341000,0.000727,0.000000,0.000000,0.187500,0,0
182400000000,182700000000,6274140245,30,5771519,0.185300,0.061040,0.061650,0.000389,0.056150,0.061100,0.000007,0.000000,0.191700,0.001215,1.322000,0.000698,0.000000,0.000000,0.179700,0,0
182700000000,183000000000,6274140245,30,5771519,0.184300,0.061040,0.061650,0.000392,0.056150,0.061040,0.000004,0.000000,0.192600,0.000072,1.341000,0.000721,0.000000,0.000000,0.187500,0,0
183000000000,183300000000,6274140245,30,5771519,0.185100,0.061100,0.061650,0.000392,0.056150,0.061100,0.000005,0.000000,0.205300,0.000357,1.339000,0.000726,0.000000,0.000000,0.187700,0,0
183300000000,183600000000,6274140245,30,5771519,0.185300,0.061040,0.061650,0.000393,0.056150,0.061100,0.000004,0.000000,0.205600,0.000072,1.325000,0.000706,0.000000,0.000000,0.184600,0,0
183600000000,183900000000,6274140245,30,5771519,0.160400,0.060970,0.061650,0.000393,0.056150,0.061100,0.000003,0.000000,0.190700,0.000072,1.328000,0.000725,0.000000,0.000000,0.187300,0,0
183900000000,184031000000,6274140245,30,5771519,0.060180,0.060670,0.061650,0.001251,0.056150,0.060790,0.000864,0.000000,0.066650,0.031010,1.439000,0.000698,0.000000,0.000000,0.062620,0,0
184031000000,184050000000,6274140245,30,5771519,0.000132,0.000000,0.000000,0.000000,0.000000,0.000000,0.000207,0.000000,0.002502,0.002857,1.385000,0.000642,0.000000,0.000000,0.000000,0,0
184050000000,184051000000,6274140245,30,5771519,0.000000,0.000000,0.000000,0.000000,0.000000,0.000000,0.000000,0.000000,0.000000,0.000000,1.385000,0.000642,0.000000,0.000000,0.000000,0,0
190757000000,190800000000,6274140245,30,1092965,0.005959,0.009720,0.011250,0.000289,0.009094,0.022000,0.050480,0.000000,0.021300,0.122200,0.000000,0.000000,0.000000,0.000000,0.004929,0,0
190800000000,191100000000,6274140245,30,1092965,0.051090,0.052920,0.053410,0.000197,0.050050,0.060180,0.020970,0.000000,0.128700,0.132800,1.236000,0.000623,0.000000,0.000000,0.117700,0,0
191100000000,191138000000,6274140245,30,1092965,0.062500,0.059810,0.060180,0.000152,0.055910,0.059880,0.000002,0.000000,0.063110,0.000072,1.389000,0.000760,0.000000,0.000000,0.062500,0,0
191138000000,191400000000,6274140245,30,1092965,0.042180,0.059630,0.060180,0.000160,0.055910,0.059810,0.000037,0.000000,0.066280,0.004715,1.265000,0.000616,0.000000,0.000000,0.000272,0,0
191400000000,191700000000,6274140245,30,1092965,0.033810,0.059270,0.060180,0.000191,0.055970,0.059570,0.000100,0.000000,0.068730,0.014430,1.331000,0.000618,0.000000,0.000000,0.062740,0,0
191700000000,192000000000,6274140245,30,1092965,0.054380,0.059510,0.060120,0.000226,0.055970,0.059570,0.000005,0.000000,0.066410,0.000215,1.318000,0.000672,0.000000,0.000000,0.062500,0,0
192000000000,192300000000,6274140245,30,1092965,0.055240,0.059450,0.060180,0.000154,0.055910,0.060180,0.000002,0.000000,0.187700,0.000215,1.274000,0.000609,0.000000,0.000000,0.123500,0,0
192300000000,192600000000,6274140245,30,1092965,0.042790,0.060180,0.060180,0.000039,0.055730,0.060180,0.006699,0.000000,0.236100,0.039980,1.372000,0.000786,0.000000,0.000000,0.125700,0,0
192600000000,192900000000,6274140245,30,1092965,0.000818,0.060180,0.060180,0.000049,0.055730,0.060180,0.007713,0.000000,0.019170,0.034910,1.392000,0.000971,0.000000,0.000000,0.000657,0,0
192900000000,193150000000,6274140245,30,1092965,0.001234,0.060120,0.060180,0.000052,0.055730,0.060180,0.012210,0.000000,0.009979,0.035710,26.170000,0.128200,0.000000,0.000000,0.000032,0,0
193150000000,193154000000,6274140245,30,1092965,0.000963,0.060120,0.060120,0.012620,0.055730,0.060180,0.007446,0.000000,0.003212,0.021420,26.160000,0.127900,0.000000,0.000000,0.000139,0,0
193154000000,193168000000,6274140245,30,1092965,0.001434,0.000000,0.000000,0.000000,0.000000,0.000000,0.000005,0.000000,0.020080,0.000072,31.710000,0.159000,0.000000,0.000000,0.000000,0,0
193168000000,193169000000,6274140245,30,1092965,0.000000,0.000000,0.000000,0.000000,0.000000,0.000000,0.000000,0.000000,0.000000,0.000000,31.710000,0.159000,0.000000,0.000000,0.000000,0,0
