179245000000,179400000000,6274140245,31,711987,0.000000,0.000000,0.000000,0.000000,0.000000,0.000000,0.000000,0.000000,0.000000,0.000000,0.000000,0.000000,0.000000,0.000000,0.000000,0,0
179400000000,179690000000,6274140245,31,711987,0.000000,0.000000,0.000000,0.000000,0.000000,0.000000,0.000000,0.000000,0.000000,0.000000,0.000000,0.000000,0.000000,0.000000,0.000000,0,0
179690000000,179700000000,6274140245,31,711987,0.000317,0.000243,0.003799,0.000083,0.000089,0.000337,0.009247,0.000000,0.001713,0.014860,0.000000,0.000000,0.000000,0.000000,0.000954,0,0
179700000000,179784000000,6274140245,31,711987,0.003117,0.006355,0.008484,0.000316,0.005951,0.019350,0.021910,0.000000,0.034550,0.097410,27.980000,0.126700,0.000000,0.000000,0.001869,0,0
179784000000,180000000000,6274140245,31,711987,0.004410,0.039490,0.041380,0.000073,0.039060,0.054440,0.023770,0.000000,0.062620,0.086550,35.830000,0.165200,0.000000,0.000000,0.000220,0,0
180000000000,180300000000,6274140245,31,711987,0.136000,0.059510,0.061100,0.000420,0.056030,0.060610,0.004082,0.000000,0.371100,0.067500,1.283000,0.000646,0.000000,0.000000,0.170900,0,0
180300000000,180600000000,6274140245,31,711987,0.183300,0.060420,0.062190,0.000445,0.056210,0.060490,0.000031,0.000000,0.628900,0.005646,1.328000,0.000662,0.000000,0.000000,0.187000,0,0
180600000000,180900000000,6274140245,31,711987,0.182600,0.060420,0.062190,0.000379,0.056150,0.060490,0.000030,0.000000,0.370100,0.004211,1.382000,0.000776,0.000000,0.000000,0.187300,0,0
180900000000,180921000000,6274140245,31,711987,0.182400,0.060490,0.062190,0.000380,0.056150,0.060490,0.000007,0.000000,0.187500,0.000143,1.364000,0.000774,0.000000,0.000000,0.186000,0,0
180921000000,181200000000,6274140245,31,711987,0.185300,0.060360,0.062190,0.000380,0.056150,0.060490,0.000010,0.000000,0.475100,0.000857,1.352000,0.000699,0.000000,0.000000,0.187500,0,0
181200000000,181500000000,6274140245,31,711987,0.185800,0.060490,0.062190,0.000380,0.056150,0.060550,0.000010,0.000000,0.370600,0.001143,1.373000,0.000751,0.000000,0.000000,0.187500,0,0
181500000000,181800000000,6274140245,31,711987,0.186000,0.060490,0.062190,0.000380,0.056150,0.060550,0.000008,0.000000,0.374000,0.001429,1.449000,0.000829,0.000000,0.000000,0.187000,0,0
181800000000,182100000000,6274140245,31,711987,0.183100,0.060490,0.062190,0.000378,0.056150,0.060550,0.000004,0.000000,0.373000,0.000143,1.374000,0.000721,0.000000,0.000000,0.185800,0,0
182100000000,182400000000,6274140245,31,711987,0.182600,0.060550,0.062190,0.000369,0.056150,0.060610,0.000005,0.000000,0.365200,0.000143,1.414000,0.000777,0.000000,0.000000,0.182100,0,0
182400000000,182700000000,6274140245,31,711987,0.181900,0.060550,0.062190,0.000369,0.056150,0.060610,0.000003,0.000000,0.365700,0.000143,1.403000,0.000763,0.000000,0.000000,0.173300,0,0
182700000000,183000000000,6274140245,31,711987,0.182600,0.060550,0.062190,0.000378,0.056150,0.060670,0.000032,0.000000,0.373500,0.005142,1.386000,0.000733,0.000000,0.000000,0.186000,0,0
183000000000,183300000000,6274140245,31,711987,0.186300,0.060490,0.062190,0.000404,0.056150,0.060610,0.000009,0.000000,0.375000,0.001358,1.352000,0.000727,0.000000,0.000000,0.188200,0,0
183300000000,183600000000,6274140245,31,711987,0.186800,0.060490,0.062190,0.000405,0.056150,0.060550,0.000006,0.000000,0.374500,0.000571,1.316000,0.000693,0.000000,0.000000,0.187500,0,0
183600000000,183900000000,6274140245,31,711987,0.163800,0.060490,0.062190,0.000405,0.056150,0.060550,0.000004,0.000000,0.191900,0.000215,1.363000,0.000780,0.000000,0.000000,0.180200,0,0
183900000000,183961000000,6274140245,31,711987,0.056640,0.060180,0.062190,0.001730,0.056210,0.060240,0.001646,0.000000,0.064330,0.035220,1.472000,0.000848,0.000000,0.000000,0.062500,0,0
183961000000,183979000000,6274140245,31,711987,0.000173,0.000000,0.000000,0.000000,0.000000,0.000000,0.000044,0.000000,0.003113,0.000428,1.497000,0.000846,0.000000,0.000000,0.000000,0,0
183979000000,183980000000,6274140245,31,711987,0.000000,0.000000,0.000000,0.000000,0.000000,0.000000,0.000000,0.000000,0.000000,0.000000,1.497000,0.000846,0.000000,0.000000,0.000000,0,0
190750000000,190800000000,6274140245,31,4802853535,0.000000,0.000000,0.000000,0.000000,0.000000,0.000000,0.000000,0.000000,0.000000,0.000000,0.000000,0.000000,0.000000,0.000000,0.000000,0,0
190800000000,190923000000,6274140245,31,4802853535,0.000000,0.000000,0.000000,0.000000,0.000000,0.000000,0.000000,0.000000,0.000000,0.000000,0.000000,0.000000,0.000000,0.000000,0.000000,0,0
190923000000,190979000000,6274140245,31,4802853535,0.000656,0.001390,0.003876,0.000354,0.000904,0.001518,0.002655,0.000000,0.016660,0.067260,2.357000,0.000000,0.000000,0.000000,0.000333,0,0
190979000000,190995000000,6274140245,31,4802853535,0.000115,0.000000,0.000000,0.000000,0.000000,0.000000,0.000147,0.000000,0.001844,0.002357,2.357000,0.000000,0.000000,0.000000,0.000000,0,0
190995000000,190996000000,6274140245,31,4802853535,0.000000,0.000000,0.000000,0.000000,0.000000,0.000000,0.000000,0.000000,0.000000,0.000000,2.357000,0.000000,0.000000,0.000000,0.000000,0,0
