179245000000,179400000000,6274140245,32,2596402168,0.000000,0.000000,0.000000,0.000000,0.000000,0.000000,0.000000,0.000000,0.000000,0.000000,0.000000,0.000000,0.000000,0.000000,0.000000,0,0
179400000000,179479000000,6274140245,32,2596402168,0.000000,0.000000,0.000000,0.000000,0.000000,0.000000,0.000000,0.000000,0.000000,0.000000,0.000000,0.000000,0.000000,0.000000,0.000000,0,0
179479000000,179569000000,6274140245,32,2596402168,0.006409,0.018040,0.019290,0.000144,0.017550,0.030980,0.062130,0.000000,0.028690,0.088750,3.110000,0.011520,0.000000,0.000000,0.005211,0,0
179569000000,179700000000,6274140245,32,2596402168,0.064820,0.053220,0.054690,0.000199,0.051150,0.059750,0.036990,0.000000,0.190200,0.109700,1.060000,0.000461,0.000000,0.000000,0.188000,0,0
179700000000,180000000000,6274140245,32,2596402168,0.184300,0.059880,0.060240,0.000289,0.055420,0.060240,0.000842,0.000000,0.375500,0.038510,1.375000,0.000731,0.000000,0.000000,0.187300,0,0
180000000000,180216000000,6274140245,32,2596402168,0.122400,0.060420,0.061580,0.000228,0.055910,0.060730,0.021910,0.000000,0.374500,0.072020,1.347000,0.000702,0.000000,0.000000,0.202100,0,0
180216000000,180300000000,6274140245,32,2596402168,0.184800,0.060420,0.062130,0.000314,0.056090,0.060420,0.000048,0.000000,0.376500,0.003716,1.317000,0.000706,0.000000,0.000000,0.187500,0,0
180300000000,180600000000,6274140245,32,2596402168,0.183600,0.060360,0.062130,0.000318,0.056090,0.060490,0.000011,0.000000,0.371100,0.001858,1.355000,0.000701,0.000000,0.000000,0.189000,0,0
180600000000,180900000000,6274140245,32,2596402168,0.184300,0.060420,0.062190,0.000320,0.056090,0.060550,0.000006,0.000000,0.202600,0.000428,1.384000,0.000728,0.000000,0.000000,0.187300,0,0
180900000000,181200000000,6274140245,32,2596402168,0.186800,0.060360,0.062130,0.000320,0.056090,0.060490,0.000010,0.000000,0.205800,0.001928,1.420000,0.000780,0.000000,0.000000,0.132100,0,0
181200000000,181500000000,6274140245,32,2596402168,0.185500,0.060420,0.062130,0.000320,0.056090,0.060550,0.000004,0.000000,0.192900,0.000143,1.376000,0.000705,0.000000,0.000000,0.188200,0,0
181500000000,181800000000,6274140245,32,2596402168,0.186800,0.060490,0.062190,0.000322,0.056090,0.060610,0.000024,0.000000,0.192100,0.006142,1.363000,0.000702,0.000000,0.000000,0.186800,0,0
181800000000,182100000000,6274140245,32,2596402168,0.187000,0.060490,0.062190,0.000359,0.056150,0.060550,0.000005,0.000000,0.192900,0.000357,1.372000,0.000706,0.000000,0.000000,0.187500,0,0
182100000000,182400000000,6274140245,32,2596402168,0.186800,0.060490,0.062130,0.000359,0.056150,0.060550,0.000006,0.000000,0.376000,0.000643,1.446000,0.000787,0.000000,0.000000,0.187700,0,0
182400000000,182700000000,6274140245,32,2596402168,0.185500,0.060490,0.062130,0.000359,0.056150,0.060550,0.000006,0.000000,0.375500,0.000286,1.440000,0.000784,0.000000,0.000000,0.187700,0,0
182700000000,183000000000,6274140245,32,2596402168,0.186500,0.060490,0.062190,0.000359,0.056150,0.060550,0.000003,0.000000,0.373000,0.000072,1.335000,0.000662,0.000000,0.000000,0.186000,0,0
183000000000,183300000000,6274140245,32,2596402168,0.186300,0.060490,0.062190,0.000360,0.056150,0.060550,0.000005,0.000000,0.203600,0.000286,1.385000,0.000743,0.000000,0.000000,0.188000,0,0
183300000000,183600000000,6274140245,32,2596402168,0.186000,0.060420,0.062130,0.000360,0.056150,0.060550,0.000004,0.000000,0.197000,0.000072,1.410000,0.000739,0.000000,0.000000,0.185500,0,0
183600000000,183900000000,6274140245,32,2596402168,0.131300,0.060420,0.062190,0.000360,0.056150,0.060550,0.000003,0.000000,0.200200,0.000072,1.415000,0.000745,0.000000,0.000000,0.062440,0,0
183900000000,183960000000,6274140245,32,2596402168,0.003464,0.059750,0.062130,0.001297,0.056150,0.060180,0.001520,0.000000,0.062620,0.040710,1.531000,0.000852,0.000000,0.000000,0.000478,0,0
183960000000,183979000000,6274140245,32,2596402168,0.000855,0.000000,0.000000,0.000000,0.000000,0.000000,0.000023,0.000000,0.016240,0.000428,26.580000,0.117300,0.000000,0.000000,0.000000,0,0
183979000000,183980000000,6274140245,32,2596402168,0.000000,0.000000,0.000000,0.000000,0.000000,0.000000,0.000000,0.000000,0.000000,0.000000,26.580000,0.117300,0.000000,0.000000,0.000000,0,0
190749000000,190800000000,6274140245,32,4802476128,0.000000,0.000000,0.000000,0.000000,0.000000,0.000000,0.000000,0.000000,0.000000,0.000000,0.000000,0.000000,0.000000,0.000000,0.000000,0,0
190800000000,190932000000,6274140245,32,4802476128,0.000000,0.000000,0.000000,0.000000,0.000000,0.000000,0.000000,0.000000,0.000000,0.000000,0.000000,0.000000,0.000000,0.000000,0.000000,0,0
190932000000,191008000000,6274140245,32,4802476128,0.000567,0.001743,0.003876,0.000722,0.001303,0.001879,0.004623,0.000000,0.017030,0.061520,2.251000,0.000000,0.000000,0.000000,0.000030,0,0
191008000000,191021000000,6274140245,32,4802476128,0.000184,0.000000,0.000000,0.000000,0.000000,0.000000,0.000000,0.000000,0.002388,0.000000,2.251000,0.000000,0.000000,0.000000,0.000000,0,0
191021000000,191022000000,6274140245,32,4802476128,0.000000,0.000000,0.000000,0.000000,0.000000,0.000000,0.002144,0.000000,0.000000,0.002144,2.251000,0.000000,0.000000,0.000000,0.000000,0,0
