179244000000,179400000000,6274140245,33,30269957,0.000000,0.000000,0.000000,0.000000,0.000000,0.000000,0.000000,0.000000,0.000000,0.000000,0.000000,0.000000,0.000000,0.000000,0.000000,0,0
179400000000,179597000000,6274140245,33,30269957,0.000000,0.000000,0.000000,0.000000,0.000000,0.000000,0.000000,0.000000,0.000000,0.000000,0.000000,0.000000,0.000000,0.000000,0.000000,0,0
179597000000,179700000000,6274140245,33,30269957,0.006203,0.025300,0.026520,0.000153,0.024140,0.054260,0.060120,0.000000,0.032710,0.129900,3.389000,0.013070,0.000000,0.000000,0.005409,0,0
179700000000,179740000000,6274140245,33,30269957,0.011570,0.054930,0.056150,0.000163,0.052610,0.057740,0.047850,0.000000,0.062620,0.111900,33.010000,0.156800,0.000000,0.000000,0.017120,0,0
179740000000,180000000000,6274140245,33,30269957,0.142600,0.061520,0.062320,0.000287,0.055970,0.061950,0.014570,0.000000,0.205800,0.136700,1.245000,0.000623,0.000000,0.000000,0.007858,0,0
180000000000,180268000000,6274140245,33,30269957,0.187000,0.061710,0.063230,0.000362,0.056090,0.061830,0.000094,0.000000,0.192100,0.014790,1.287000,0.000626,0.000000,0.000000,0.187300,0,0
180268000000,180300000000,6274140245,33,30269957,0.187500,0.061770,0.063230,0.000371,0.056150,0.061770,0.000002,0.000000,0.189200,0.000072,1.329000,0.000698,0.000000,0.000000,0.187700,0,0
180300000000,180600000000,6274140245,33,30269957,0.187000,0.061710,0.063230,0.000372,0.056150,0.061830,0.000005,0.000000,0.300300,0.000500,1.380000,0.000745,0.000000,0.000000,0.188500,0,0
180600000000,180900000000,6274140245,33,30269957,0.187000,0.061710,0.063230,0.000372,0.056150,0.061770,0.000007,0.000000,0.189000,0.000714,1.386000,0.000727,0.000000,0.000000,0.187500,0,0
180900000000,181200000000,6274140245,33,30269957,0.187000,0.061770,0.063230,0.000372,0.056150,0.061830,0.000004,0.000000,0.199500,0.000072,1.348000,0.000703,0.000000,0.000000,0.186300,0,0
181200000000,181500000000,6274140245,33,30269957,0.187000,0.061770,0.063230,0.000372,0.056150,0.061830,0.000004,0.000000,0.376000,0.000072,1.405000,0.000752,0.000000,0.000000,0.187300,0,0
181500000000,181800000000,6274140245,33,30269957,0.187300,0.061830,0.063230,0.000372,0.056150,0.061830,0.000003,0.000000,0.191700,0.000072,1.331000,0.000684,0.000000,0.000000,0.188200,0,0
181800000000,182100000000,6274140245,33,30269957,0.187000,0.061830,0.063230,0.000373,0.056150,0.061890,0.000004,0.000000,0.206500,0.000072,1.328000,0.000688,0.000000,0.000000,0.186800,0,0
182100000000,182400000000,6274140245,33,30269957,0.187300,0.061830,0.063230,0.000374,0.056150,0.061890,0.000007,0.000000,0.192900,0.001143,1.344000,0.000647,0.000000,0.000000,0.188200,0,0
182400000000,182700000000,6274140245,33,30269957,0.186000,0.061770,0.063230,0.000399,0.056150,0.061890,0.000023,0.000000,0.206800,0.005783,1.383000,0.000726,0.000000,0.000000,0.187700,0,0
182700000000,183000000000,6274140245,33,30269957,0.187300,0.061830,0.063230,0.000412,0.056150,0.061890,0.000003,0.000000,0.206800,0.000072,1.353000,0.000686,0.000000,0.000000,0.187500,0,0
183000000000,183300000000,6274140245,33,30269957,0.187300,0.061890,0.063230,0.000412,0.056150,0.061890,0.000005,0.000000,0.207000,0.000286,1.387000,0.000724,0.000000,0.000000,0.186800,0,0
183300000000,183600000000,6274140245,33,30269957,0.187300,0.061830,0.063230,0.000412,0.056150,0.061890,0.000004,0.000000,0.204300,0.000072,1.375000,0.000709,0.000000,0.000000,0.187300,0,0
183600000000,183900000000,6274140245,33,30269957,0.127400,0.061710,0.063230,0.000411,0.056150,0.061830,0.000004,0.000000,0.191400,0.000072,1.399000,0.000723,0.000000,0.000000,0.125200,0,0
183900000000,183930000000,6274140245,33,30269957,0.001524,0.060790,0.062740,0.002274,0.056210,0.061040,0.002388,0.000000,0.062620,0.033200,2.883000,0.010190,0.000000,0.000000,0.000146,0,0
183930000000,183946000000,6274140245,33,30269957,0.000485,0.000000,0.000000,0.000000,0.000000,0.000000,0.000033,0.000000,0.007751,0.000428,2.883000,0.010190,0.000000,0.000000,0.000000,0,0
183946000000,183948000000,6274140245,33,30269957,0.000000,0.000000,0.000000,0.000000,0.000000,0.000000,0.000000,0.000000,0.000000,0.000000,2.883000,0.010190,0.000000,0.000000,0.000000,0,0
190771000000,190800000000,6274140245,33,294847211,0.001221,0.001541,0.003868,0.000647,0.001152,0.001900,0.011220,0.000000,0.015240,0.068480,0.000000,0.000000,0.000000,0.000000,0.000046,0,0
190800000000,191100000000,6274140245,33,294847211,0.035580,0.046630,0.047360,0.000518,0.044560,0.060000,0.021580,0.000000,0.066280,0.162600,1.254000,0.000662,0.000000,0.000000,0.062500,0,0
191100000000,191169000000,6274140245,33,294847211,0.062440,0.059270,0.060000,0.000682,0.056460,0.059270,0.000023,0.000000,0.065800,0.001358,1.384000,0.000764,0.000000,0.000000,0.062740,0,0
191169000000,191400000000,6274140245,33,294847211,0.044620,0.059080,0.059940,0.000622,0.056400,0.059270,0.000152,0.000000,0.125000,0.013210,1.347000,0.000730,0.000000,0.000000,0.000285,0,0
191400000000,191700000000,6274140245,33,294847211,0.050600,0.059140,0.059940,0.000606,0.056400,0.059270,0.000015,0.000000,0.068850,0.003643,1.282000,0.000610,0.000000,0.000000,0.062440,0,0
191700000000,192000000000,6274140245,33,294847211,0.000141,0.058650,0.059940,0.000608,0.056400,0.058720,0.000000,0.000000,0.003281,0.000072,2.620000,0.010350,0.000000,0.000000,0.000040,0,0
192000000000,192300000000,6274140245,33,294847211,0.039310,0.059020,0.059940,0.000461,0.056270,0.059690,0.000006,0.000000,0.128400,0.001143,1.340000,0.000741,0.000000,0.000000,0.124900,0,0
192300000000,192600000000,6274140245,33,294847211,0.031560,0.059200,0.059940,0.000177,0.055970,0.059510,0.000013,0.000000,0.066530,0.002857,1.442000,0.000673,0.000000,0.000000,0.062620,0,0
192600000000,192900000000,6274140245,33,294847211,0.079710,0.059390,0.060000,0.000114,0.055910,0.060000,0.000140,0.000000,0.317900,0.021420,1.336000,0.000639,0.000000,0.000000,0.000060,0,0
192900000000,193164000000,6274140245,33,294847211,0.081670,0.059880,0.060120,0.000074,0.055850,0.060120,0.000884,0.000000,0.177200,0.035640,1.343000,0.000616,0.000000,0.000000,0.062190,0,0
193164000000,193167000000,6274140245,33,294847211,0.034610,0.060060,0.060060,0.018710,0.056030,0.060120,0.017210,0.000000,0.067750,0.028020,1.382000,0.000679,0.000000,0.000000,0.067750,0,0
193167000000,193190000000,6274140245,33,294847211,0.000890,0.000000,0.000000,0.000000,0.000000,0.000000,0.000003,0.000000,0.020480,0.000072,1.382000,0.000679,0.000000,0.000000,0.000000,0,0
193190000000,193194000000,6274140245,33,294847211,0.000000,0.000000,0.000000,0.000000,0.000000,0.000000,0.000000,0.000000,0.000000,0.000000,1.382000,0.000679,0.000000,0.000000,0.000000,0,0
193194000000,193200000000,6274140245,33,294847211,0.000000,0.000000,0.000000,0.000000,0.000000,0.000000,0.000000,0.000000,0.000000,0.000000,1.382000,0.000679,0.000000,0.000000,0.000000,0,0
