179230000000,179400000000,6274140245,34,2888386635,0.000000,0.000000,0.000000,0.000000,0.000000,0.000000,0.000000,0.000000,0.000000,0.000000,0.000000,0.000000,0.000000,0.000000,0.000000,0,0
179400000000,179595000000,6274140245,34,2888386635,0.000000,0.000000,0.000000,0.000000,0.000000,0.000000,0.000000,0.000000,0.000000,0.000000,0.000000,0.000000,0.000000,0.000000,0.000000,0,0
179595000000,179687000000,6274140245,34,2888386635,0.002991,0.008667,0.010240,0.000438,0.008179,0.022770,0.023710,0.000000,0.023470,0.052490,1.340000,0.001731,0.000000,0.000000,0.004280,0,0
179687000000,179700000000,6274140245,34,2888386635,0.003414,0.024930,0.025850,0.000019,0.024080,0.026860,0.027980,0.000000,0.022890,0.042850,14.920000,0.067090,0.000000,0.000000,0.004196,0,0
179700000000,180000000000,6274140245,34,2888386635,0.007324,0.051880,0.052490,0.000079,0.049740,0.059510,0.030360,0.000000,0.117900,0.088990,1.433000,0.000931,0.000000,0.000000,0.008209,0,0
180000000000,180300000000,6274140245,34,2888386635,0.123200,0.060610,0.060970,0.000220,0.055910,0.061400,0.009796,0.000000,0.375500,0.064580,1.266000,0.000686,0.000000,0.000000,0.189000,0,0
180300000000,180600000000,6274140245,34,2888386635,0.186000,0.061220,0.061520,0.000171,0.055910,0.061340,0.000031,0.000000,0.376000,0.002998,1.331000,0.000714,0.000000,0.000000,0.185800,0,0
180600000000,180900000000,6274140245,34,2888386635,0.186000,0.061340,0.061520,0.000134,0.055910,0.061400,0.000018,0.000000,0.375000,0.001858,1.323000,0.000714,0.000000,0.000000,0.187700,0,0
180900000000,181049000000,6274140245,34,2888386635,0.186800,0.061340,0.061520,0.000122,0.055910,0.061340,0.000005,0.000000,0.375000,0.000357,1.311000,0.000721,0.000000,0.000000,0.184100,0,0
181049000000,181200000000,6274140245,34,2888386635,0.186800,0.061280,0.061520,0.000123,0.055910,0.061340,0.000025,0.000000,0.190200,0.003284,1.296000,0.000680,0.000000,0.000000,0.184600,0,0
181200000000,181500000000,6274140245,34,2888386635,0.187000,0.061340,0.061520,0.000130,0.055910,0.061400,0.000004,0.000000,0.375000,0.000143,1.295000,0.000703,0.000000,0.000000,0.188700,0,0
181500000000,181800000000,6274140245,34,2888386635,0.187000,0.061340,0.061520,0.000122,0.055910,0.061340,0.000007,0.000000,0.375500,0.000714,1.356000,0.000764,0.000000,0.000000,0.187000,0,0
181800000000,182100000000,6274140245,34,2888386635,0.187000,0.061340,0.061580,0.000118,0.055910,0.061400,0.000005,0.000000,0.191200,0.000286,1.333000,0.000724,0.000000,0.000000,0.188000,0,0
182100000000,182400000000,6274140245,34,2888386635,0.187000,0.061400,0.061580,0.000121,0.055910,0.061400,0.000012,0.000000,0.368700,0.002071,1.329000,0.000718,0.000000,0.000000,0.187000,0,0
182400000000,182700000000,6274140245,34,2888386635,0.186800,0.061340,0.061520,0.000114,0.055850,0.061460,0.000061,0.000000,0.191400,0.008499,1.340000,0.000742,0.000000,0.000000,0.186000,0,0
182700000000,183000000000,6274140245,34,2888386635,0.186500,0.061340,0.061580,0.000085,0.055850,0.061400,0.000020,0.000000,0.375500,0.003716,1.288000,0.000684,0.000000,0.000000,0.185300,0,0
183000000000,183300000000,6274140245,34,2888386635,0.187000,0.061340,0.061520,0.000093,0.055850,0.061400,0.000004,0.000000,0.375500,0.000286,1.329000,0.000723,0.000000,0.000000,0.187300,0,0
183300000000,183600000000,6274140245,34,2888386635,0.187300,0.061340,0.061520,0.000093,0.055850,0.061400,0.000003,0.000000,0.376000,0.000143,1.392000,0.000758,0.000000,0.000000,0.184800,0,0
183600000000,183900000000,6274140245,34,2888386635,0.187300,0.061340,0.061520,0.000094,0.055850,0.061400,0.000004,0.000000,0.192600,0.000357,1.363000,0.000760,0.000000,0.000000,0.188000,0,0
183900000000,183971000000,6274140245,34,2888386635,0.108800,0.061280,0.061520,0.001541,0.055910,0.061400,0.001816,0.000000,0.188000,0.049130,1.329000,0.000713,0.000000,0.000000,0.126000,0,0
183971000000,183993000000,6274140245,34,2888386635,0.000133,0.000000,0.000000,0.000000,0.000000,0.000000,0.000019,0.000000,0.002930,0.000428,1.220000,0.000555,0.000000,0.000000,0.000000,0,0
183993000000,183994000000,6274140245,34,2888386635,0.000000,0.000000,0.000000,0.000000,0.000000,0.000000,0.000000,0.000000,0.000000,0.000000,1.220000,0.000555,0.000000,0.000000,0.000000,0,0
190773000000,190800000000,6274140245,34,6566540,0.001379,0.001450,0.003876,0.000615,0.001104,0.001886,0.012630,0.000000,0.016820,0.059690,0.000000,0.000000,0.000000,0.000000,0.000034,0,0
190800000000,191100000000,6274140245,34,6566540,0.031560,0.044680,0.045720,0.000443,0.042910,0.060300,0.023010,0.000000,0.068970,0.129200,1.446000,0.000726,0.000000,0.000000,0.006851,0,0
191100000000,191121000000,6274140245,34,6566540,0.062380,0.059020,0.060300,0.000370,0.056090,0.059080,0.000000,0.000000,0.063110,0.000000,1.157000,0.000496,0.000000,0.000000,0.062990,0,0
191121000000,191400000000,6274140245,34,6566540,0.059940,0.059020,0.060300,0.000387,0.056150,0.059080,0.000103,0.000000,0.067020,0.009720,1.325000,0.000618,0.000000,0.000000,0.062620,0,0
191400000000,191700000000,6274140245,34,6566540,0.049560,0.058960,0.060300,0.000400,0.056210,0.059080,0.000002,0.000000,0.068850,0.000072,1.426000,0.000717,0.000000,0.000000,0.062500,0,0
191700000000,192000000000,6274140245,34,6566540,0.000152,0.058470,0.060300,0.000400,0.056210,0.058530,0.000007,0.000000,0.003799,0.001858,1.792000,0.003126,0.000000,0.000000,0.000268,0,0
192000000000,192300000000,6274140245,34,6566540,0.055110,0.058900,0.060300,0.000400,0.056210,0.059690,0.000003,0.000000,0.150400,0.000215,1.358000,0.000720,0.000000,0.000000,0.000201,0,0
192300000000,192600000000,6274140245,34,6566540,0.069950,0.059330,0.060240,0.000400,0.056210,0.059750,0.000005,0.000000,0.200400,0.000571,1.389000,0.000707,0.000000,0.000000,0.000201,0,0
192600000000,192900000000,6274140245,34,6566540,0.011510,0.058590,0.060240,0.000400,0.056210,0.058960,0.000002,0.000000,0.063840,0.000143,1.306000,0.000669,0.000000,0.000000,0.000060,0,0
192900000000,193134000000,6274140245,34,6566540,0.000352,0.058530,0.060240,0.000877,0.056210,0.058650,0.000294,0.000000,0.038640,0.024930,2.730000,0.009884,0.000000,0.000000,0.000118,0,0
193134000000,193151000000,6274140245,34,6566540,0.000153,0.000000,0.000000,0.000000,0.000000,0.000000,0.000004,0.000000,0.002617,0.000072,2.702000,0.009529,0.000000,0.000000,0.000000,0,0
193151000000,193152000000,6274140245,34,6566540,0.000000,0.000000,0.000000,0.000000,0.000000,0.000000,0.000000,0.000000,0.000000,0.000000,2.702000,0.009529,0.000000,0.000000,0.000000,0,0
