179238000000,179400000000,6274140245,35,418574,0.000000,0.000000,0.000000,0.000000,0.000000,0.000000,0.000000,0.000000,0.000000,0.000000,0.000000,0.000000,0.000000,0.000000,0.000000,0,0
179400000000,179594000000,6274140245,35,418574,0.000000,0.000000,0.000000,0.000000,0.000000,0.000000,0.000000,0.000000,0.000000,0.000000,0.000000,0.000000,0.000000,0.000000,0.000000,0,0
179594000000,179695000000,6274140245,35,418574,0.001545,0.002956,0.005379,0.000470,0.002644,0.011920,0.014470,0.000000,0.030240,0.066160,1.293000,0.001485,0.000000,0.000000,0.000000,0,0
179695000000,179700000000,6274140245,35,418574,0.003868,0.012790,0.013550,0.000326,0.012070,0.013400,0.032590,0.000000,0.026490,0.036010,1.282000,0.001442,0.000000,0.000000,0.005135,0,0
179700000000,180000000000,6274140245,35,418574,0.004776,0.044740,0.046450,0.000195,0.043880,0.060000,0.022670,0.000000,0.063720,0.078610,0.978900,0.001078,0.000000,0.000000,0.001099,0,0
180000000000,180300000000,6274140245,35,418574,0.021790,0.060000,0.060060,0.000190,0.055850,0.060060,0.004684,0.000000,0.188700,0.014280,1.362000,0.000758,0.000000,0.000000,0.000033,0,0
180300000000,180600000000,6274140245,35,418574,0.000555,0.060000,0.060060,0.000063,0.055730,0.060060,0.008240,0.000000,0.013090,0.022000,3.592000,0.013600,0.000000,0.000000,0.000101,0,0
180600000000,180900000000,6274140245,35,418574,0.000808,0.060000,0.060060,0.000058,0.055730,0.060060,0.009918,0.000000,0.077510,0.014430,20.960000,0.092160,0.000000,0.000000,0.000593,0,0
180900000000,180939000000,6274140245,35,418574,0.000490,0.060000,0.060060,0.000064,0.055730,0.060060,0.008606,0.000000,0.017850,0.014280,19.650000,0.089070,0.000000,0.000000,0.003452,0,0
180939000000,181200000000,6274140245,35,418574,0.002243,0.060000,0.060060,0.000056,0.055730,0.060060,0.009933,0.000000,0.132600,0.014360,1.392000,0.000796,0.000000,0.000000,0.000284,0,0
181200000000,181500000000,6274140245,35,418574,0.001856,0.060000,0.060060,0.000057,0.055730,0.060060,0.010130,0.000000,0.165300,0.014430,11.430000,0.050520,0.000000,0.000000,0.001169,0,0
181500000000,181800000000,6274140245,35,418574,0.001364,0.060000,0.060060,0.000049,0.055660,0.060060,0.010280,0.000000,0.120100,0.014360,1.189000,0.002682,0.000000,0.000000,0.000711,0,0
181800000000,182100000000,6274140245,35,418574,0.000826,0.060000,0.060060,0.000052,0.055660,0.060060,0.011430,0.000000,0.018340,0.014920,7.959000,0.031010,0.000000,0.000000,0.000522,0,0
182100000000,182400000000,6274140245,35,418574,0.000720,0.060000,0.060060,0.000052,0.055730,0.060060,0.011430,0.000000,0.026610,0.021580,12.920000,0.054880,0.000000,0.000000,0.000163,0,0
182400000000,182700000000,6274140245,35,418574,0.000647,0.060000,0.060060,0.000053,0.055730,0.060060,0.009903,0.000000,0.022430,0.014500,17.870000,0.079880,0.000000,0.000000,0.000210,0,0
182700000000,182877000000,6274140245,35,418574,0.000791,0.060000,0.060060,0.000373,0.055730,0.060060,0.008835,0.000000,0.060060,0.014430,4.619000,0.017200,0.000000,0.000000,0.000421,0,0
182877000000,182898000000,6274140245,35,418574,0.000328,0.005341,0.000000,0.005295,0.005295,0.056090,0.000007,0.000000,0.003448,0.000143,3.031000,0.009561,0.000000,0.000000,0.000000,0,1
182898000000,182899000000,6274140245,35,418574,0.000000,0.000000,0.000000,0.000000,0.000000,0.000000,0.000000,0.000000,0.000000,0.000000,3.031000,0.009561,0.000000,0.000000,0.000000,0,0
182919000000,183000000000,6274140245,35,257500744,0.000000,0.000000,0.000000,0.000000,0.000000,0.000000,0.000000,0.000000,0.000000,0.000000,0.000000,0.000000,0.000000,0.000000,0.000000,0,0
183000000000,183091000000,6274140245,35,257500744,0.000000,0.000000,0.000000,0.000000,0.000000,0.000000,0.000000,0.000000,0.000000,0.000000,0.000000,0.000000,0.000000,0.000000,0.000000,0,0
183091000000,183300000000,6274140245,35,257500744,0.088620,0.046200,0.047790,0.000289,0.043520,0.061040,0.030640,0.000000,0.206300,0.245800,1.305000,0.000661,0.000000,0.000000,0.186500,0,0
183300000000,183600000000,6274140245,35,257500744,0.186500,0.060910,0.061950,0.000384,0.056150,0.061040,0.000010,0.000000,0.206300,0.001572,1.435000,0.000779,0.000000,0.000000,0.187700,0,0
183600000000,183900000000,6274140245,35,257500744,0.178700,0.060850,0.061950,0.000383,0.056150,0.060970,0.000013,0.000000,0.237300,0.001642,1.339000,0.000706,0.000000,0.000000,0.187700,0,0
183900000000,184200000000,6274140245,35,257500744,0.099850,0.060490,0.061950,0.000388,0.056150,0.060970,0.000044,0.000000,0.189000,0.003784,1.356000,0.000640,0.000000,0.000000,0.187300,0,0
184200000000,184500000000,6274140245,35,257500744,0.187000,0.061040,0.061950,0.000390,0.056150,0.061100,0.000008,0.000000,0.206500,0.000428,1.373000,0.000723,0.000000,0.000000,0.187700,0,0
184500000000,184800000000,6274140245,35,257500744,0.106800,0.060420,0.061890,0.000414,0.056210,0.061100,0.000035,0.000000,0.191400,0.005928,1.348000,0.000685,0.000000,0.000000,0.125700,0,0
184800000000,185100000000,6274140245,35,257500744,0.099490,0.060300,0.061890,0.000429,0.056210,0.060420,0.000037,0.000000,0.137900,0.003502,1.269000,0.000581,0.000000,0.000000,0.124800,0,0
185100000000,185178000000,6274140245,35,257500744,0.062620,0.059630,0.061890,0.000431,0.056210,0.059750,0.000028,0.000000,0.064090,0.001499,1.473000,0.000814,0.000000,0.000000,0.062620,0,0
185178000000,185400000000,6274140245,35,257500744,0.083010,0.059880,0.061890,0.000431,0.056210,0.060300,0.000020,0.000000,0.127700,0.000428,1.439000,0.000726,0.000000,0.000000,0.062740,0,0
185400000000,185700000000,6274140245,35,257500744,0.106300,0.060240,0.061950,0.000432,0.056210,0.060360,0.000009,0.000000,0.129600,0.000786,1.372000,0.000685,0.000000,0.000000,0.062740,0,0
185700000000,186000000000,6274140245,35,257500744,0.064940,0.059940,0.061950,0.000432,0.056210,0.060300,0.000006,0.000000,0.126500,0.000357,1.434000,0.000701,0.000000,0.000000,0.062500,0,0
186000000000,186300000000,6274140245,35,257500744,0.046450,0.059450,0.060850,0.000432,0.056210,0.059880,0.000012,0.000000,0.067140,0.001642,1.406000,0.000710,0.000000,0.000000,0.000138,0,0
186300000000,186600000000,6274140245,35,257500744,0.109900,0.059750,0.060180,0.000269,0.056030,0.059940,0.000017,0.000000,0.129600,0.003857,1.415000,0.000722,0.000000,0.000000,0.116300,0,0
186600000000,186900000000,6274140245,35,257500744,0.047970,0.059510,0.060120,0.000197,0.055970,0.059940,0.000003,0.000000,0.126000,0.000286,1.367000,0.000741,0.000000,0.000000,0.000030,0,0
186900000000,187200000000,6274140245,35,257500744,0.000176,0.058840,0.060120,0.000197,0.055970,0.058900,0.000002,0.000000,0.004082,0.000215,3.206000,0.012600,0.000000,0.000000,0.000102,0,0
187200000000,187500000000,6274140245,35,257500744,0.053340,0.059140,0.060120,0.000197,0.055970,0.059810,0.000004,0.000000,0.132800,0.000357,1.450000,0.000796,0.000000,0.000000,0.124600,0,0
187500000000,187800000000,6274140245,35,257500744,0.070560,0.059510,0.060180,0.000197,0.055970,0.059880,0.000012,0.000000,0.241700,0.000286,1.430000,0.000821,0.000000,0.000000,0.125200,0,0
187800000000,188100000000,6274140245,35,257500744,0.049680,0.059140,0.060120,0.000203,0.055970,0.059690,0.000015,0.000000,0.126000,0.003502,1.428000,0.000616,0.000000,0.000000,0.062320,0,0
188100000000,188400000000,6274140245,35,257500744,0.111900,0.059750,0.060180,0.000210,0.055970,0.059880,0.000014,0.000000,0.137700,0.001499,1.334000,0.000617,0.000000,0.000000,0.062320,0,0
188400000000,188700000000,6274140245,35,257500744,0.010590,0.058960,0.060120,0.000226,0.055970,0.059450,0.000001,0.000000,0.125200,0.000143,1.425000,0.000706,0.000000,0.000000,0.000069,0,0
188700000000,189000000000,6274140245,35,257500744,0.014070,0.058840,0.060120,0.000226,0.055970,0.059080,0.000002,0.000000,0.066650,0.000286,1.456000,0.000776,0.000000,0.000000,0.062500,0,0
189000000000,189300000000,6274140245,35,257500744,0.064090,0.059270,0.060120,0.000226,0.055970,0.059810,0.000007,0.000000,0.245400,0.001072,1.420000,0.000810,0.000000,0.000000,0.125000,0,0
189300000000,189600000000,6274140245,35,257500744,0.066410,0.059510,0.060180,0.000223,0.055970,0.059880,0.000005,0.000000,0.250500,0.000929,1.405000,0.000733,0.000000,0.000000,0.124300,0,0
189600000000,189900000000,6274140245,35,257500744,0.051570,0.059080,0.060120,0.000223,0.055970,0.059270,0.000010,0.000000,0.067870,0.001429,1.415000,0.000696,0.000000,0.000000,0.062740,0,0
189900000000,190200000000,6274140245,35,257500744,0.028990,0.058960,0.060120,0.000223,0.055970,0.059270,0.000009,0.000000,0.123000,0.001642,1.479000,0.000754,0.000000,0.000000,0.000242,0,0
190200000000,190500000000,6274140245,35,257500744,0.039730,0.059080,0.060120,0.000210,0.055970,0.059200,0.000005,0.000000,0.067380,0.000643,1.487000,0.000858,0.000000,0.000000,0.063110,0,0
190500000000,190674000000,6274140245,35,257500744,0.068120,0.059140,0.060120,0.000170,0.055910,0.060180,0.000028,0.000000,0.188500,0.002430,1.413000,0.000797,0.000000,0.000000,0.000066,0,0
190674000000,190692000000,6274140245,35,257500744,0.031860,0.060180,0.060180,0.000035,0.055660,0.060180,0.052190,0.000000,0.180900,0.064450,1.410000,0.000775,0.000000,0.000000,0.002605,0,0
190692000000,190800000000,6274140245,35,257500744,0.178000,0.060670,0.062440,0.000316,0.056030,0.060730,0.001743,0.000000,0.188200,0.064820,1.347000,0.000747,0.000000,0.000000,0.188200,0,0
190800000000,191100000000,6274140245,35,257500744,0.083250,0.059880,0.061400,0.000237,0.055970,0.060550,0.000088,0.000000,0.356000,0.011930,1.411000,0.000804,0.000000,0.000000,0.002228,0,0
191100000000,191400000000,6274140245,35,257500744,0.000176,0.058840,0.060120,0.000037,0.055790,0.058840,0.000012,0.000000,0.004539,0.003284,2.749000,0.009691,0.000000,0.000000,0.000136,0,0
191400000000,191700000000,6274140245,35,257500744,0.000171,0.058840,0.060120,0.000044,0.055790,0.058840,0.000015,0.000000,0.004372,0.003857,2.830000,0.010470,0.000000,0.000000,0.000167,0,0
191700000000,192000000000,6274140245,35,257500744,0.000165,0.058840,0.060120,0.000046,0.055790,0.058840,0.000001,0.000000,0.004753,0.000072,2.691000,0.009765,0.000000,0.000000,0.000114,0,0
192000000000,192300000000,6274140245,35,257500744,0.027370,0.058960,0.060120,0.000083,0.055850,0.059330,0.000150,0.000000,0.096920,0.034120,1.506000,0.000785,0.000000,0.000000,0.062740,0,0
192300000000,192600000000,6274140245,35,257500744,0.087040,0.059570,0.060180,0.000124,0.055910,0.059880,0.000012,0.000000,0.250000,0.001858,1.406000,0.000725,0.000000,0.000000,0.062870,0,0
192600000000,192900000000,6274140245,35,257500744,0.032100,0.059200,0.060120,0.000124,0.055910,0.059510,0.000005,0.000000,0.125000,0.000929,1.396000,0.000711,0.000000,0.000000,0.062620,0,0
192900000000,193132000000,6274140245,35,257500744,0.000380,0.058780,0.060120,0.000366,0.055910,0.059020,0.000564,0.000000,0.062130,0.047060,3.474000,0.012450,0.000000,0.000000,0.000330,0,0
193132000000,193152000000,6274140245,35,257500744,0.000586,0.000000,0.000000,0.000000,0.000000,0.000000,0.000000,0.000000,0.011720,0.000000,2.525000,0.008560,0.000000,0.000000,0.000000,0,0
193152000000,193153000000,6274140245,35,257500744,0.000000,0.000000,0.000000,0.000000,0.000000,0.000000,0.000000,0.000000,0.000000,0.000000,2.525000,0.008560,0.000000,0.000000,0.000000,0,0
