179243000000,179400000000,6274140245,36,3949007738,0.000000,0.000000,0.000000,0.000000,0.000000,0.000000,0.000000,0.000000,0.000000,0.000000,0.000000,0.000000,0.000000,0.000000,0.000000,0,0
179400000000,179700000000,6274140245,36,3949007738,0.000000,0.000000,0.000000,0.000000,0.000000,0.000000,0.000000,0.000000,0.000000,0.000000,0.000000,0.000000,0.000000,0.000000,0.000000,0,0
179700000000,179825000000,6274140245,36,3949007738,0.000000,0.000000,0.000000,0.000000,0.000000,0.000000,0.000000,0.000000,0.000000,0.000000,0.000000,0.000000,0.000000,0.000000,0.000000,0,0
179825000000,179921000000,6274140245,36,3949007738,0.001972,0.003185,0.005501,0.000388,0.002811,0.013570,0.015500,0.000000,0.025760,0.057860,1.502000,0.002502,0.000000,0.000000,0.000006,0,0
179921000000,180000000000,6274140245,36,3949007738,0.003208,0.022740,0.023590,0.000024,0.021700,0.029330,0.027440,0.000000,0.015660,0.049990,4.742000,0.019680,0.000000,0.000000,0.001261,0,0
180000000000,180300000000,6274140245,36,3949007738,0.042540,0.050050,0.051820,0.000162,0.047850,0.061340,0.021240,0.000000,0.191700,0.123000,1.263000,0.000726,0.000000,0.000000,0.003265,0,0
180300000000,180600000000,6274140245,36,3949007738,0.184300,0.061280,0.061650,0.000318,0.056030,0.061400,0.000171,0.000000,0.205800,0.024080,1.312000,0.000736,0.000000,0.000000,0.177700,0,0
180600000000,180900000000,6274140245,36,3949007738,0.184100,0.061280,0.061650,0.000277,0.056030,0.061340,0.000007,0.000000,0.206300,0.000643,1.354000,0.000744,0.000000,0.000000,0.185500,0,0
180900000000,181200000000,6274140245,36,3949007738,0.187000,0.061220,0.061650,0.000278,0.056030,0.061280,0.000004,0.000000,0.375000,0.000215,1.385000,0.000751,0.000000,0.000000,0.184600,0,0
181200000000,181202000000,6274140245,36,3949007738,0.187300,0.061280,0.061580,0.000278,0.056030,0.061280,0.000035,0.000000,0.187700,0.000072,1.319000,0.000679,0.000000,0.000000,0.187700,0,0
181202000000,181500000000,6274140245,36,3949007738,0.187000,0.061280,0.061650,0.000234,0.055970,0.061340,0.000010,0.000000,0.212200,0.001858,1.325000,0.000651,0.000000,0.000000,0.187500,0,0
181500000000,181800000000,6274140245,36,3949007738,0.187000,0.061340,0.061650,0.000104,0.055850,0.061400,0.000033,0.000000,0.214400,0.006142,1.349000,0.000718,0.000000,0.000000,0.187700,0,0
181800000000,182100000000,6274140245,36,3949007738,0.187300,0.061340,0.061580,0.000095,0.055850,0.061400,0.000004,0.000000,0.216100,0.000143,1.343000,0.000705,0.000000,0.000000,0.188200,0,0
182100000000,182400000000,6274140245,36,3949007738,0.187300,0.061340,0.061580,0.000098,0.055850,0.061400,0.000010,0.000000,0.225600,0.001215,1.360000,0.000695,0.000000,0.000000,0.186300,0,0
182400000000,182700000000,6274140245,36,3949007738,0.186800,0.061400,0.061580,0.000118,0.055910,0.061400,0.000034,0.000000,0.229000,0.007935,1.381000,0.000729,0.000000,0.000000,0.186500,0,0
182700000000,183000000000,6274140245,36,3949007738,0.187000,0.061340,0.061580,0.000142,0.055910,0.061400,0.000004,0.000000,0.231900,0.000215,1.363000,0.000708,0.000000,0.000000,0.187700,0,0
183000000000,183300000000,6274140245,36,3949007738,0.187300,0.061400,0.061580,0.000143,0.055910,0.061400,0.000005,0.000000,0.231900,0.000500,1.356000,0.000727,0.000000,0.000000,0.187500,0,0
183300000000,183600000000,6274140245,36,3949007738,0.187000,0.061280,0.061580,0.000145,0.055910,0.061400,0.000004,0.000000,0.234900,0.000143,1.356000,0.000735,0.000000,0.000000,0.187300,0,0
183600000000,183900000000,6274140245,36,3949007738,0.116800,0.061160,0.061580,0.000154,0.055910,0.061400,0.000026,0.000000,0.237100,0.006714,1.308000,0.000665,0.000000,0.000000,0.061830,0,0
183900000000,183951000000,6274140245,36,3949007738,0.024440,0.060850,0.061580,0.002361,0.055970,0.060970,0.002453,0.000000,0.063230,0.041380,1.246000,0.000528,0.000000,0.000000,0.062620,0,0
183951000000,183970000000,6274140245,36,3949007738,0.000202,0.003029,0.000000,0.000000,0.000000,0.057500,0.000182,0.000000,0.003845,0.003643,3.631000,0.012030,0.000000,0.000000,0.000000,0,0
183970000000,183972000000,6274140245,36,3949007738,0.000000,0.000000,0.000000,0.000000,0.000000,0.000000,0.000000,0.000000,0.000000,0.000000,3.631000,0.012030,0.000000,0.000000,0.000000,0,0
190773000000,190800000000,6274140245,36,336030340,0.001261,0.001551,0.003864,0.000666,0.001188,0.001860,0.012040,0.000000,0.015560,0.066160,2.047000,0.008000,0.000000,0.000000,0.014600,0,0
190800000000,191100000000,6274140245,36,336030340,0.038330,0.047850,0.048950,0.001335,0.045900,0.061950,0.021480,0.000000,0.066280,0.149200,1.219000,0.000613,0.000000,0.000000,0.004654,0,0
191100000000,191192000000,6274140245,36,336030340,0.062500,0.059330,0.060120,0.000791,0.056520,0.059330,0.000071,0.000000,0.068850,0.005859,1.294000,0.000632,0.000000,0.000000,0.062130,0,0
191192000000,191400000000,6274140245,36,336030340,0.015620,0.058960,0.060120,0.000440,0.056210,0.059330,0.000113,0.000000,0.070310,0.019930,1.350000,0.000741,0.000000,0.000000,0.000288,0,0
191400000000,191700000000,6274140245,36,336030340,0.000122,0.058650,0.060120,0.000159,0.055910,0.058720,0.000009,0.000000,0.003185,0.002499,2.198000,0.008566,0.000000,0.000000,0.000046,0,0
191700000000,192000000000,6274140245,36,336030340,0.000126,0.058650,0.060120,0.000168,0.055910,0.058720,0.000028,0.000000,0.002438,0.008148,2.187000,0.008330,0.000000,0.000000,0.000148,0,0
192000000000,192300000000,6274140245,36,336030340,0.055180,0.059140,0.060120,0.000192,0.055970,0.059880,0.000059,0.000000,0.126500,0.012920,1.389000,0.000736,0.000000,0.000000,0.125700,0,0
192300000000,192600000000,6274140245,36,336030340,0.092410,0.059750,0.060120,0.000147,0.055910,0.059940,0.000006,0.000000,0.249500,0.000500,1.247000,0.000630,0.000000,0.000000,0.125500,0,0
192600000000,192900000000,6274140245,36,336030340,0.079710,0.059450,0.060120,0.000119,0.055910,0.059940,0.000004,0.000000,0.336900,0.000286,1.309000,0.000677,0.000000,0.000000,0.124900,0,0
192900000000,193132000000,6274140245,36,336030340,0.046450,0.059390,0.060120,0.000571,0.055850,0.059940,0.000557,0.000000,0.126000,0.050900,1.306000,0.000666,0.000000,0.000000,0.125000,0,0
193132000000,193150000000,6274140245,36,336030340,0.000130,0.000000,0.000000,0.000000,0.000000,0.000000,0.000016,0.000000,0.002335,0.000215,2.456000,0.006605,0.000000,0.000000,0.000000,0,0
193150000000,193151000000,6274140245,36,336030340,0.000000,0.000000,0.000000,0.000000,0.000000,0.000000,0.000000,0.000000,0.000000,0.000000,2.456000,0.006605,0.000000,0.000000,0.000000,0,0
