179228000000,179400000000,6274140245,37,4802151519,0.000000,0.000000,0.000000,0.000000,0.000000,0.000000,0.000000,0.000000,0.000000,0.000000,0.000000,0.000000,0.000000,0.000000,0.000000,0,0
179400000000,179561000000,6274140245,37,4802151519,0.000000,0.000000,0.000000,0.000000,0.000000,0.000000,0.000000,0.000000,0.000000,0.000000,0.000000,0.000000,0.000000,0.000000,0.000000,0,0
179561000000,179661000000,6274140245,37,4802151519,0.001221,0.001764,0.004410,0.000496,0.001492,0.009644,0.008148,0.000000,0.035520,0.057130,0.788800,0.000000,0.000000,0.000000,0.000000,0,0
179661000000,179700000000,6274140245,37,4802151519,0.004280,0.018370,0.019440,0.000057,0.017090,0.025600,0.023990,0.000000,0.013120,0.048950,1.151000,0.000000,0.000000,0.000000,0.003632,0,0
179700000000,180000000000,6274140245,37,4802151519,0.004349,0.045650,0.050780,0.000121,0.048160,0.059940,0.013310,0.000000,0.069460,0.078000,0.931900,0.000000,0.000000,0.000000,0.001732,0,0
180000000000,180300000000,6274140245,37,4802151519,0.008743,0.060000,0.060000,0.000198,0.055850,0.060060,0.006111,0.000000,0.187500,0.046200,0.919300,0.000000,0.000000,0.000000,0.000092,0,0
180300000000,180600000000,6274140245,37,4802151519,0.001520,0.060000,0.060060,0.000059,0.055730,0.060060,0.009125,0.000000,0.054020,0.036320,4.534000,0.000000,0.000000,0.000000,0.000001,0,0
180600000000,180900000000,6274140245,37,4802151519,0.000889,0.060000,0.060060,0.000065,0.055730,0.060060,0.007156,0.000000,0.063600,0.027220,1.718000,0.000000,0.000000,0.000000,0.000138,0,0
180900000000,180901000000,6274140245,37,4802151519,0.000057,0.060060,0.060060,0.000094,0.055730,0.060060,0.003571,0.000000,0.000057,0.007141,8.896000,0.000000,0.000000,0.000000,0.000033,0,0
180901000000,181200000000,6274140245,37,4802151519,0.002239,0.060000,0.060060,0.000053,0.055730,0.060060,0.005585,0.000000,0.120500,0.021580,3.378000,0.000000,0.000000,0.000000,0.000036,0,0
181200000000,181469000000,6274140245,37,4802151519,0.081670,0.060420,0.060970,0.000183,0.055850,0.061100,0.005104,0.000000,0.188700,0.028780,1.171000,0.000000,0.000000,0.000000,0.000023,0,0
181469000000,181500000000,6274140245,37,4802151519,0.185800,0.061100,0.061950,0.000371,0.056150,0.061100,0.000332,0.000000,0.189200,0.007141,1.147000,0.000000,0.000000,0.000000,0.186500,0,0
181500000000,181800000000,6274140245,37,4802151519,0.185100,0.061100,0.062010,0.000368,0.056150,0.061100,0.000025,0.000000,0.374500,0.002285,1.165000,0.000000,0.000000,0.000000,0.186000,0,0
181800000000,182100000000,6274140245,37,4802151519,0.185800,0.061100,0.062010,0.000353,0.056090,0.061160,0.000005,0.000000,0.379900,0.000215,1.200000,0.000000,0.000000,0.000000,0.181900,0,0
182100000000,182400000000,6274140245,37,4802151519,0.185800,0.061040,0.061950,0.000353,0.056090,0.061100,0.000008,0.000000,0.374000,0.001358,1.194000,0.000000,0.000000,0.000000,0.187500,0,0
182400000000,182506000000,6274140245,37,4802151519,0.185300,0.060910,0.061950,0.000358,0.056150,0.061040,0.000004,0.000000,0.200000,0.000072,1.199000,0.000000,0.000000,0.000000,0.187500,0,0
182506000000,182700000000,6274140245,37,4802151519,0.184800,0.061040,0.061950,0.000357,0.056150,0.061100,0.000019,0.000000,0.371100,0.002285,1.220000,0.000000,0.000000,0.000000,0.187700,0,0
182700000000,183000000000,6274140245,37,4802151519,0.185800,0.061040,0.061950,0.000360,0.056150,0.061160,0.000026,0.000000,0.206500,0.003784,1.212000,0.000000,0.000000,0.000000,0.175500,0,0
183000000000,183300000000,6274140245,37,4802151519,0.185500,0.061100,0.062010,0.000364,0.056150,0.061160,0.000010,0.000000,0.376000,0.001642,1.243000,0.000000,0.000000,0.000000,0.186300,0,0
183300000000,183600000000,6274140245,37,4802151519,0.184100,0.061040,0.061950,0.000365,0.056150,0.061160,0.000010,0.000000,0.374500,0.000643,1.277000,0.000000,0.000000,0.000000,0.186800,0,0
183600000000,183900000000,6274140245,37,4802151519,0.156500,0.061100,0.061950,0.000366,0.056150,0.061160,0.000004,0.000000,0.189200,0.000215,1.187000,0.000000,0.000000,0.000000,0.125200,0,0
183900000000,184200000000,6274140245,37,4802151519,0.106700,0.060790,0.061950,0.000379,0.056150,0.060970,0.000060,0.000000,0.188500,0.006859,1.238000,0.000000,0.000000,0.000000,0.125200,0,0
184200000000,184438000000,6274140245,37,4802151519,0.085080,0.060550,0.061950,0.000380,0.056150,0.060850,0.000006,0.000000,0.133100,0.000215,1.214000,0.000000,0.000000,0.000000,0.062620,0,0
184438000000,184500000000,6274140245,37,4802151519,0.107200,0.060490,0.062010,0.000382,0.056150,0.060550,0.000026,0.000000,0.126000,0.001072,1.228000,0.000000,0.000000,0.000000,0.124300,0,0
184500000000,184800000000,6274140245,37,4802151519,0.076660,0.060360,0.061950,0.000382,0.056150,0.060550,0.000039,0.000000,0.130100,0.002213,1.188000,0.000000,0.000000,0.000000,0.062740,0,0
184800000000,185100000000,6274140245,37,4802151519,0.056580,0.060120,0.061950,0.000384,0.056150,0.060300,0.000038,0.000000,0.139600,0.001715,1.214000,0.000000,0.000000,0.000000,0.062740,0,0
185100000000,185400000000,6274140245,37,4802151519,0.074580,0.060120,0.061950,0.000421,0.056210,0.060550,0.000043,0.000000,0.129200,0.005783,1.210000,0.000000,0.000000,0.000000,0.062740,0,0
185400000000,185700000000,6274140245,37,4802151519,0.060790,0.060000,0.062010,0.000443,0.056210,0.060420,0.000005,0.000000,0.234600,0.000357,1.227000,0.000000,0.000000,0.000000,0.062010,0,0
185700000000,186000000000,6274140245,37,4802151519,0.147200,0.060730,0.062070,0.000432,0.056210,0.061100,0.000019,0.000000,0.375000,0.003071,1.171000,0.000000,0.000000,0.000000,0.189000,0,0
186000000000,186300000000,6274140245,37,4802151519,0.022460,0.059510,0.061100,0.000421,0.056210,0.060060,0.000004,0.000000,0.122400,0.000500,1.195000,0.000000,0.000000,0.000000,0.000139,0,0
186300000000,186600000000,6274140245,37,4802151519,0.103000,0.059940,0.060300,0.000186,0.055970,0.060300,0.001451,0.000000,0.252400,0.036320,1.140000,0.000000,0.000000,0.000000,0.124100,0,0
186600000000,186900000000,6274140245,37,4802151519,0.107400,0.060490,0.061950,0.000295,0.056030,0.060970,0.003040,0.000000,0.195300,0.036320,1.222000,0.000000,0.000000,0.000000,0.000162,0,0
186900000000,187200000000,6274140245,37,4802151519,0.007042,0.059200,0.060610,0.000294,0.056030,0.059810,0.000056,0.000000,0.063350,0.012070,1.240000,0.000000,0.000000,0.000000,0.000196,0,0
187200000000,187500000000,6274140245,37,4802151519,0.053650,0.059390,0.060300,0.000294,0.056030,0.059940,0.000044,0.000000,0.127200,0.012440,1.247000,0.000000,0.000000,0.000000,0.125000,0,0
187500000000,187800000000,6274140245,37,4802151519,0.069090,0.059570,0.060300,0.000243,0.056030,0.059940,0.000056,0.000000,0.236300,0.004143,1.221000,0.000000,0.000000,0.000000,0.000058,0,0
187800000000,188100000000,6274140245,37,4802151519,0.062500,0.059330,0.060300,0.000235,0.055970,0.059390,0.000012,0.000000,0.125200,0.001928,1.168000,0.000000,0.000000,0.000000,0.063110,0,0
188100000000,188400000000,6274140245,37,4802151519,0.048280,0.059200,0.060300,0.000236,0.056030,0.059390,0.000010,0.000000,0.069460,0.001715,1.219000,0.000000,0.000000,0.000000,0.062500,0,0
188400000000,188700000000,6274140245,37,4802151519,0.045170,0.059200,0.060300,0.000238,0.056030,0.059330,0.000003,0.000000,0.069460,0.000286,1.245000,0.000000,0.000000,0.000000,0.000146,0,0
188700000000,189000000000,6274140245,37,4802151519,0.103800,0.059750,0.060300,0.000238,0.056030,0.059940,0.000004,0.000000,0.249800,0.000072,1.234000,0.000000,0.000000,0.000000,0.124400,0,0
189000000000,189300000000,6274140245,37,4802151519,0.088620,0.059630,0.060300,0.000238,0.056030,0.060000,0.000011,0.000000,0.132600,0.000786,1.195000,0.000000,0.000000,0.000000,0.124300,0,0
189300000000,189600000000,6274140245,37,4802151519,0.066040,0.059510,0.060300,0.000237,0.056030,0.059940,0.000005,0.000000,0.537100,0.000286,1.187000,0.000000,0.000000,0.000000,0.000188,0,0
189600000000,189900000000,6274140245,37,4802151519,0.030520,0.059140,0.060300,0.000214,0.055970,0.059330,0.000025,0.000000,0.125200,0.002285,1.172000,0.000000,0.000000,0.000000,0.062380,0,0
189900000000,190200000000,6274140245,37,4802151519,0.086180,0.059510,0.060300,0.000217,0.055970,0.060000,0.000012,0.000000,0.250000,0.001928,1.234000,0.000000,0.000000,0.000000,0.125200,0,0
190200000000,190500000000,6274140245,37,4802151519,0.112100,0.059810,0.060300,0.000217,0.055970,0.059940,0.000004,0.000000,0.239500,0.000143,1.175000,0.000000,0.000000,0.000000,0.125700,0,0
190500000000,190800000000,6274140245,37,4802151519,0.062320,0.059880,0.060300,0.000123,0.055850,0.060300,0.014510,0.000000,0.189700,0.059690,1.259000,0.000000,0.000000,0.000000,0.187000,0,0
190800000000,191100000000,6274140245,37,4802151519,0.146200,0.060610,0.062070,0.000327,0.056030,0.060910,0.001783,0.000000,0.375000,0.057500,1.255000,0.000000,0.000000,0.000000,0.188500,0,0
191100000000,191400000000,6274140245,37,4802151519,0.000215,0.059200,0.060550,0.000083,0.055850,0.060000,0.000012,0.000000,0.004753,0.003716,1.506000,0.000000,0.000000,0.000000,0.000087,0,0
191400000000,191700000000,6274140245,37,4802151519,0.000171,0.059020,0.060300,0.000061,0.055790,0.059080,0.000066,0.000000,0.004555,0.019070,2.489000,0.000000,0.000000,0.000000,0.000101,0,0
191700000000,192000000000,6274140245,37,4802151519,0.000168,0.059020,0.060300,0.000110,0.055850,0.059080,0.000000,0.000000,0.004639,0.000072,2.954000,0.000000,0.000000,0.000000,0.000296,0,0
192000000000,192300000000,6274140245,37,4802151519,0.000168,0.059020,0.060300,0.000115,0.055850,0.059080,0.000186,0.000000,0.004768,0.030790,2.613000,0.000000,0.000000,0.000000,0.000164,0,0
192300000000,192600000000,6274140245,37,4802151519,0.000168,0.059020,0.060300,0.000128,0.055910,0.059020,0.000008,0.000000,0.004890,0.001715,2.607000,0.000000,0.000000,0.000000,0.000327,0,0
192600000000,192814000000,6274140245,37,4802151519,0.041810,0.059200,0.060300,0.000151,0.055910,0.059750,0.000355,0.000000,0.126500,0.007217,1.467000,0.000000,0.000000,0.000000,0.062620,0,0
192814000000,192900000000,6274140245,37,4802151519,0.002178,0.059140,0.060300,0.000164,0.055910,0.059510,0.000048,0.000000,0.062740,0.003998,1.483000,0.000000,0.000000,0.000000,0.000078,0,0
192900000000,193153000000,6274140245,37,4802151519,0.000408,0.058960,0.060300,0.003010,0.055970,0.059020,0.000527,0.000000,0.043700,0.015080,3.538000,0.000000,0.000000,0.000000,0.000109,0,0
193153000000,193172000000,6274140245,37,4802151519,0.000110,0.000000,0.000000,0.002960,0.002960,0.000000,0.000004,0.000000,0.001038,0.000072,2.726000,0.000000,0.000000,0.000000,0.000000,0,0
193172000000,193173000000,6274140245,37,4802151519,0.000000,0.000000,0.000000,0.000000,0.000000,0.000000,0.000000,0.000000,0.000000,0.000000,2.726000,0.000000,0.000000,0.000000,0.000000,0,0
