179229000000,179400000000,6274140245,38,6566545,0.000000,0.000000,0.000000,0.000000,0.000000,0.000000,0.000000,0.000000,0.000000,0.000000,0.000000,0.000000,0.000000,0.000000,0.000000,0,0
179400000000,179593000000,6274140245,38,6566545,0.000000,0.000000,0.000000,0.000000,0.000000,0.000000,0.000000,0.000000,0.000000,0.000000,0.000000,0.000000,0.000000,0.000000,0.000000,0,0
179593000000,179700000000,6274140245,38,6566545,0.003788,0.014910,0.016240,0.000291,0.014040,0.030610,0.029270,0.000000,0.028500,0.097050,1.266000,0.002249,0.000000,0.000000,0.001343,0,0
179700000000,179841000000,6274140245,38,6566545,0.006203,0.046390,0.048280,0.000109,0.045290,0.057920,0.030610,0.000000,0.062620,0.100800,3.071000,0.011060,0.000000,0.000000,0.013870,0,0
179841000000,180000000000,6274140245,38,6566545,0.165300,0.061220,0.061710,0.001192,0.056950,0.061770,0.002979,0.000000,0.205600,0.072020,1.306000,0.000662,0.000000,0.000000,0.186800,0,0
180000000000,180300000000,6274140245,38,6566545,0.186800,0.060850,0.061710,0.000744,0.056520,0.060970,0.000020,0.000000,0.374000,0.002144,1.405000,0.000762,0.000000,0.000000,0.187700,0,0
180300000000,180600000000,6274140245,38,6566545,0.186300,0.060850,0.061710,0.000711,0.056460,0.060970,0.000006,0.000000,0.373500,0.000357,1.378000,0.000713,0.000000,0.000000,0.187300,0,0
180600000000,180602000000,6274140245,38,6566545,0.184600,0.060850,0.061710,0.000679,0.056460,0.060850,0.000000,0.000000,0.188000,0.000000,1.381000,0.000633,0.000000,0.000000,0.186500,0,0
180602000000,180900000000,6274140245,38,6566545,0.180900,0.060850,0.061770,0.000500,0.056270,0.060910,0.000013,0.000000,0.365700,0.001429,1.406000,0.000762,0.000000,0.000000,0.186300,0,0
180900000000,181200000000,6274140245,38,6566545,0.181900,0.060850,0.061830,0.000347,0.056090,0.060910,0.000004,0.000000,0.206100,0.000286,1.400000,0.000740,0.000000,0.000000,0.152300,0,0
181200000000,181500000000,6274140245,38,6566545,0.184800,0.060850,0.061830,0.000347,0.056090,0.060910,0.000017,0.000000,0.375500,0.003784,1.418000,0.000747,0.000000,0.000000,0.187000,0,0
181500000000,181800000000,6274140245,38,6566545,0.186800,0.060850,0.061830,0.000368,0.056150,0.060910,0.000005,0.000000,0.376000,0.000500,1.410000,0.000742,0.000000,0.000000,0.186800,0,0
181800000000,182100000000,6274140245,38,6566545,0.187000,0.060850,0.061830,0.000368,0.056150,0.060970,0.000004,0.000000,0.375500,0.000215,1.401000,0.000738,0.000000,0.000000,0.188200,0,0
182100000000,182400000000,6274140245,38,6566545,0.187000,0.060910,0.061830,0.000368,0.056150,0.060910,0.000006,0.000000,0.375500,0.000643,1.385000,0.000704,0.000000,0.000000,0.171900,0,0
182400000000,182700000000,6274140245,38,6566545,0.186300,0.060910,0.061830,0.000368,0.056150,0.060970,0.000003,0.000000,0.374000,0.000215,1.430000,0.000780,0.000000,0.000000,0.186500,0,0
182700000000,183000000000,6274140245,38,6566545,0.186000,0.060850,0.061830,0.000366,0.056150,0.060910,0.000004,0.000000,0.374000,0.000143,1.395000,0.000696,0.000000,0.000000,0.187500,0,0
183000000000,183300000000,6274140245,38,6566545,0.186000,0.060850,0.061830,0.000365,0.056150,0.060910,0.000006,0.000000,0.375500,0.000571,1.369000,0.000699,0.000000,0.000000,0.187500,0,0
183300000000,183600000000,6274140245,38,6566545,0.186500,0.060850,0.061830,0.000362,0.056150,0.060910,0.000003,0.000000,0.370100,0.000072,1.349000,0.000691,0.000000,0.000000,0.188500,0,0
183600000000,183900000000,6274140245,38,6566545,0.135700,0.060790,0.061830,0.000343,0.056090,0.060970,0.000005,0.000000,0.192900,0.000428,1.421000,0.000699,0.000000,0.000000,0.124900,0,0
183900000000,184050000000,6274140245,38,6566545,0.055660,0.060550,0.061830,0.000691,0.056150,0.060550,0.000612,0.000000,0.066890,0.032840,1.496000,0.000777,0.000000,0.000000,0.004158,0,0
184050000000,184068000000,6274140245,38,6566545,0.001381,0.000000,0.000000,0.000000,0.000000,0.000000,0.000055,0.000000,0.024840,0.000714,1.482000,0.000746,0.000000,0.000000,0.000000,0,0
184068000000,184069000000,6274140245,38,6566545,0.000000,0.000000,0.000000,0.000000,0.000000,0.000000,0.000000,0.000000,0.000000,0.000000,1.851000,0.004438,0.000000,0.000000,0.000000,0,0
190770000000,190800000000,6274140245,38,4820103514,0.000000,0.000000,0.000000,0.000000,0.000000,0.000000,0.000000,0.000000,0.000000,0.000000,0.000000,0.000000,0.000000,0.000000,0.000000,0,0
190800000000,190969000000,6274140245,38,4820103514,0.000000,0.000000,0.000000,0.000000,0.000000,0.000000,0.000000,0.000000,0.000000,0.000000,0.000000,0.000000,0.000000,0.000000,0.000000,0,0
190969000000,191100000000,6274140245,38,4820103514,0.000723,0.002041,0.003998,0.000733,0.001627,0.007317,0.006126,0.000000,0.015870,0.131600,2.460000,0.000000,0.000000,0.000000,0.000335,0,0
191100000000,191133000000,6274140245,38,4820103514,0.007217,0.014890,0.016020,0.000065,0.014130,0.020810,0.037230,0.000000,0.023710,0.065800,2.647000,0.000000,0.000000,0.000000,0.022130,0,0
191133000000,191400000000,6274140245,38,4820103514,0.032710,0.049800,0.051150,0.001202,0.047550,0.062190,0.020870,0.000000,0.125000,0.155000,1.212000,0.000000,0.000000,0.000000,0.030120,0,0
191400000000,191700000000,6274140245,38,4820103514,0.031860,0.059690,0.061400,0.000539,0.056270,0.060000,0.000063,0.000000,0.125500,0.007500,1.175000,0.000000,0.000000,0.000000,0.062740,0,0
191700000000,192000000000,6274140245,38,4820103514,0.000141,0.059270,0.060300,0.000262,0.056030,0.059270,0.000033,0.000000,0.003754,0.006142,2.313000,0.000000,0.000000,0.000000,0.000043,0,0
192000000000,192300000000,6274140245,38,4820103514,0.039430,0.059750,0.061040,0.000274,0.056030,0.060790,0.000691,0.000000,0.272500,0.047300,1.158000,0.000000,0.000000,0.000000,0.124400,0,0
192300000000,192396000000,6274140245,38,4820103514,0.062380,0.060240,0.062190,0.000363,0.056090,0.060420,0.000025,0.000000,0.084840,0.001785,1.202000,0.000000,0.000000,0.000000,0.062130,0,0
192396000000,192600000000,6274140245,38,4820103514,0.048460,0.060120,0.062130,0.000363,0.056090,0.060240,0.000007,0.000000,0.125200,0.000857,1.166000,0.000000,0.000000,0.000000,0.062130,0,0
192600000000,192871000000,6274140245,38,4820103514,0.050840,0.059750,0.060300,0.000216,0.055970,0.060300,0.000061,0.000000,0.135000,0.004784,1.241000,0.000000,0.000000,0.000000,0.000031,0,0
192871000000,192900000000,6274140245,38,4820103514,0.061650,0.060060,0.060300,0.000061,0.055850,0.060060,0.000000,0.000000,0.063230,0.000000,1.271000,0.000000,0.000000,0.000000,0.061890,0,0
192900000000,193134000000,6274140245,38,4820103514,0.025540,0.059690,0.060300,0.000351,0.055850,0.060060,0.000629,0.000000,0.064090,0.042660,1.103000,0.000000,0.000000,0.000000,0.000059,0,0
193134000000,193155000000,6274140245,38,4820103514,0.000322,0.000000,0.000000,0.000000,0.000000,0.000000,0.000017,0.000000,0.006775,0.000143,2.628000,0.000000,0.000000,0.000000,0.000000,0,0
193155000000,193157000000,6274140245,38,4820103514,0.000000,0.000000,0.000000,0.000000,0.000000,0.000000,0.000000,0.000000,0.000000,0.000000,2.628000,0.000000,0.000000,0.000000,0.000000,0,0
