179230000000,179400000000,6274140245,39,705685,0.000000,0.000000,0.000000,0.000000,0.000000,0.000000,0.000000,0.000000,0.000000,0.000000,0.000000,0.000000,0.000000,0.000000,0.000000,0,0
179400000000,179577000000,6274140245,39,705685,0.024290,0.038270,0.039430,0.000171,0.036560,0.060300,0.050720,0.000000,0.188200,0.186800,1.288000,0.000642,0.000000,0.000000,0.004303,0,0
179577000000,179642000000,6274140245,39,705685,0.182100,0.060970,0.061400,0.001228,0.056090,0.061280,0.000614,0.000000,0.203600,0.015870,1.289000,0.000639,0.000000,0.000000,0.186800,0,0
179642000000,179665000000,6274140245,39,705685,0.000542,0.000000,0.000000,0.000000,0.000000,0.000000,0.000027,0.000000,0.012470,0.000643,1.295000,0.000668,0.000000,0.000000,0.000000,0,1
179665000000,179667000000,6274140245,39,705685,0.000000,0.000000,0.000000,0.000000,0.000000,0.000000,0.000000,0.000000,0.000000,0.000000,1.295000,0.000668,0.000000,0.000000,0.000000,0,0
179757000000,180000000000,6274140245,39,682858,0.000000,0.000000,0.000000,0.000000,0.000000,0.000000,0.000001,0.000000,0.000000,0.000072,0.000000,0.000000,0.000000,0.000000,0.000000,0,0
180000000000,180281000000,6274140245,39,682858,0.000000,0.000000,0.000000,0.000000,0.000000,0.000000,0.000000,0.000000,0.000000,0.000000,0.000000,0.000000,0.000000,0.000000,0.000000,0,0
180281000000,180300000000,6274140245,39,682858,0.004562,0.002491,0.004448,0.000573,0.002064,0.005760,0.038210,0.000000,0.041930,0.061950,0.000000,0.000000,0.000000,0.000000,0.023900,0,0
180300000000,180374000000,6274140245,39,682858,0.004341,0.022220,0.023280,0.000127,0.021240,0.030980,0.034790,0.000000,0.025180,0.064820,32.310000,0.159200,0.000000,0.000000,0.001204,0,0
180374000000,180600000000,6274140245,39,682858,0.085210,0.054320,0.055540,0.000250,0.051570,0.060910,0.023280,0.000000,0.247300,0.092770,1.330000,0.000670,0.000000,0.000000,0.057310,0,0
180600000000,180900000000,6274140245,39,682858,0.186300,0.060730,0.062190,0.000384,0.056150,0.060910,0.000096,0.000000,0.374000,0.007996,1.360000,0.000723,0.000000,0.000000,0.186300,0,0
180900000000,181131000000,6274140245,39,682858,0.186300,0.060670,0.062190,0.000407,0.056150,0.060730,0.000005,0.000000,0.204100,0.000357,1.384000,0.000718,0.000000,0.000000,0.186300,0,0
181131000000,181200000000,6274140245,39,682858,0.186300,0.060730,0.062190,0.000407,0.056150,0.060730,0.000004,0.000000,0.193600,0.000072,1.422000,0.000778,0.000000,0.000000,0.184300,0,0
181200000000,181500000000,6274140245,39,682858,0.183600,0.060670,0.062190,0.000407,0.056150,0.060730,0.000005,0.000000,0.364300,0.000143,1.422000,0.000771,0.000000,0.000000,0.187000,0,0
181500000000,181800000000,6274140245,39,682858,0.180400,0.060670,0.062190,0.000407,0.056150,0.060790,0.000005,0.000000,0.358900,0.000286,1.394000,0.000819,0.000000,0.000000,0.174100,0,0
181800000000,182100000000,6274140245,39,682858,0.180200,0.060730,0.062190,0.000408,0.056150,0.060730,0.000006,0.000000,0.199700,0.000571,1.427000,0.000800,0.000000,0.000000,0.169700,0,0
182100000000,182400000000,6274140245,39,682858,0.180200,0.060670,0.062190,0.000408,0.056150,0.060790,0.000007,0.000000,0.363300,0.000857,1.372000,0.000763,0.000000,0.000000,0.170400,0,0
182400000000,182700000000,6274140245,39,682858,0.179900,0.060730,0.062190,0.000408,0.056150,0.060790,0.000004,0.000000,0.361800,0.000072,1.391000,0.000777,0.000000,0.000000,0.188000,0,0
182700000000,183000000000,6274140245,39,682858,0.179900,0.060670,0.062190,0.000408,0.056150,0.060790,0.000006,0.000000,0.192400,0.000999,1.437000,0.000830,0.000000,0.000000,0.180200,0,0
183000000000,183300000000,6274140245,39,682858,0.183100,0.060610,0.062190,0.000408,0.056150,0.060730,0.000008,0.000000,0.374000,0.001286,1.318000,0.000652,0.000000,0.000000,0.186500,0,0
183300000000,183600000000,6274140245,39,682858,0.186000,0.060730,0.062190,0.000410,0.056150,0.060730,0.000025,0.000000,0.203400,0.006142,1.400000,0.000789,0.000000,0.000000,0.175800,0,0
183600000000,183900000000,6274140245,39,682858,0.147000,0.060610,0.062190,0.000449,0.056210,0.060730,0.000011,0.000000,0.205600,0.001928,1.384000,0.000736,0.000000,0.000000,0.188200,0,0
183900000000,184200000000,6274140245,39,682858,0.103500,0.060240,0.062190,0.000454,0.056210,0.060670,0.000046,0.000000,0.189500,0.005501,1.417000,0.000731,0.000000,0.000000,0.187000,0,0
184200000000,184500000000,6274140245,39,682858,0.145000,0.060550,0.062190,0.000455,0.056210,0.060730,0.000008,0.000000,0.191700,0.000571,1.391000,0.000713,0.000000,0.000000,0.186800,0,0
184500000000,184581000000,6274140245,39,682858,0.068850,0.060180,0.062190,0.001835,0.056210,0.060490,0.000878,0.000000,0.127000,0.027340,1.439000,0.000757,0.000000,0.000000,0.063110,0,0
184581000000,184599000000,6274140245,39,682858,0.000109,0.000000,0.000000,0.000000,0.000000,0.000000,0.000004,0.000000,0.001953,0.000072,1.429000,0.000763,0.000000,0.000000,0.000000,0,0
184599000000,184600000000,6274140245,39,682858,0.000000,0.000000,0.000000,0.000000,0.000000,0.000000,0.000000,0.000000,0.000000,0.000000,1.429000,0.000763,0.000000,0.000000,0.000000,0,0
190764000000,190800000000,6274140245,39,4820096768,0.000000,0.000000,0.000000,0.000000,0.000000,0.000000,0.000000,0.000000,0.000000,0.000000,0.000000,0.000000,0.000000,0.000000,0.000000,0,0
190800000000,190938000000,6274140245,39,4820096768,0.000000,0.000000,0.000000,0.000000,0.000000,0.000000,0.000000,0.000000,0.000000,0.000000,0.000000,0.000000,0.000000,0.000000,0.000000,0,0
190938000000,191018000000,6274140245,39,4820096768,0.000556,0.001734,0.003864,0.000716,0.001289,0.001896,0.005196,0.000000,0.041690,0.053770,1.284000,0.000000,0.000000,0.000000,0.000132,0,0
191018000000,191035000000,6274140245,39,4820096768,0.000132,0.000000,0.000000,0.000000,0.000000,0.000000,0.000000,0.000000,0.002235,0.000000,2.234000,0.000000,0.000000,0.000000,0.000000,0,0
191035000000,191037000000,6274140245,39,4820096768,0.000000,0.000000,0.000000,0.000000,0.000000,0.000000,0.000035,0.000000,0.000000,0.000072,2.234000,0.000000,0.000000,0.000000,0.000000,0,0
