179248000000,179400000000,6274140245,4,3998905372,0.000000,0.000000,0.000000,0.000000,0.000000,0.000000,0.000000,0.000000,0.000000,0.000000,0.000000,0.000000,0.000000,0.000000,0.000000,0,0
179400000000,179482000000,6274140245,4,3998905372,0.000000,0.000000,0.000000,0.000000,0.000000,0.000000,0.000000,0.000000,0.000000,0.000000,0.000000,0.000000,0.000000,0.000000,0.000000,0,0
179482000000,179634000000,6274140245,4,3998905372,0.019680,0.035030,0.036560,0.000366,0.033810,0.061830,0.052060,0.000000,0.188200,0.192900,0.859200,0.000490,0.000000,0.000000,0.062320,0,0
179634000000,179700000000,6274140245,4,3998905372,0.187000,0.061770,0.061830,0.001490,0.057190,0.061830,0.000916,0.000000,0.194800,0.025150,1.273000,0.000641,0.000000,0.000000,0.187700,0,0
179700000000,180000000000,6274140245,4,3998905372,0.186000,0.060850,0.061890,0.001045,0.056820,0.061520,0.000048,0.000000,0.374500,0.012860,1.349000,0.000729,0.000000,0.000000,0.188000,0,0
180000000000,180095000000,6274140245,4,3998905372,0.185500,0.060850,0.061890,0.001007,0.056760,0.060850,0.000025,0.000000,0.191400,0.002071,1.411000,0.000812,0.000000,0.000000,0.187300,0,0
180095000000,180300000000,6274140245,4,3998905372,0.185300,0.060850,0.061890,0.000486,0.056270,0.060910,0.000014,0.000000,0.189000,0.001358,1.359000,0.000754,0.000000,0.000000,0.183300,0,0
180300000000,180600000000,6274140245,4,3998905372,0.185500,0.060850,0.061890,0.000404,0.056150,0.060910,0.000004,0.000000,0.373000,0.000286,1.374000,0.000783,0.000000,0.000000,0.187300,0,0
180600000000,180900000000,6274140245,4,3998905372,0.185300,0.060790,0.061890,0.000404,0.056150,0.060850,0.000004,0.000000,0.205300,0.000143,1.331000,0.000712,0.000000,0.000000,0.187300,0,0
180900000000,181200000000,6274140245,4,3998905372,0.186000,0.060850,0.061890,0.000405,0.056150,0.060910,0.000009,0.000000,0.206500,0.001572,1.320000,0.000679,0.000000,0.000000,0.188500,0,0
181200000000,181500000000,6274140245,4,3998905372,0.185500,0.060850,0.061890,0.000406,0.056150,0.060910,0.000004,0.000000,0.191700,0.000215,1.321000,0.000716,0.000000,0.000000,0.186000,0,0
181500000000,181800000000,6274140245,4,3998905372,0.185300,0.060790,0.061890,0.000417,0.056210,0.060910,0.000014,0.000000,0.372100,0.003216,1.337000,0.000746,0.000000,0.000000,0.186500,0,0
181800000000,182100000000,6274140245,4,3998905372,0.185300,0.060850,0.061890,0.000423,0.056210,0.060910,0.000010,0.000000,0.205300,0.001572,1.333000,0.000713,0.000000,0.000000,0.184800,0,0
182100000000,182400000000,6274140245,4,3998905372,0.184600,0.060790,0.061950,0.000412,0.056210,0.060910,0.000005,0.000000,0.197500,0.000286,1.310000,0.000722,0.000000,0.000000,0.187300,0,0
182400000000,182700000000,6274140245,4,3998905372,0.185300,0.060790,0.062010,0.000409,0.056150,0.060850,0.000008,0.000000,0.374500,0.000857,1.342000,0.000730,0.000000,0.000000,0.188200,0,0
182700000000,183000000000,6274140245,4,3998905372,0.185500,0.060730,0.062010,0.000385,0.056150,0.060850,0.000005,0.000000,0.371100,0.000428,1.353000,0.000711,0.000000,0.000000,0.184100,0,0
183000000000,183300000000,6274140245,4,3998905372,0.187000,0.060730,0.062010,0.000378,0.056150,0.060850,0.000004,0.000000,0.375000,0.000357,1.289000,0.000661,0.000000,0.000000,0.188700,0,0
183300000000,183600000000,6274140245,4,3998905372,0.186000,0.060670,0.062010,0.000362,0.056150,0.060790,0.000005,0.000000,0.206300,0.000571,1.290000,0.000665,0.000000,0.000000,0.188700,0,0
183600000000,183900000000,6274140245,4,3998905372,0.167200,0.060730,0.062010,0.000356,0.056150,0.060850,0.000019,0.000000,0.198000,0.002998,1.345000,0.000707,0.000000,0.000000,0.185800,0,0
183900000000,183980000000,6274140245,4,3998905372,0.058230,0.060420,0.062010,0.001043,0.056150,0.060490,0.001099,0.000000,0.065670,0.029630,1.473000,0.000859,0.000000,0.000000,0.062130,0,0
183980000000,183999000000,6274140245,4,3998905372,0.001574,0.000000,0.000000,0.000000,0.000000,0.000000,0.000019,0.000000,0.029910,0.000286,1.428000,0.000780,0.000000,0.000000,0.000000,0,0
183999000000,184000000000,6274140245,4,3998905372,0.000000,0.000000,0.000000,0.000000,0.000000,0.000000,0.000000,0.000000,0.000000,0.000000,1.547000,0.002933,0.000000,0.000000,0.000000,0,0
190686000000,190800000000,6274140245,4,906517,0.000000,0.000000,0.000000,0.000000,0.000000,0.000000,0.000000,0.000000,0.000000,0.000000,0.000000,0.000000,0.000000,0.000000,0.000000,0,0
190800000000,190901000000,6274140245,4,906517,0.000000,0.000000,0.000000,0.000000,0.000000,0.000000,0.000000,0.000000,0.000000,0.000000,0.000000,0.000000,0.000000,0.000000,0.000000,0,0
190901000000,190928000000,6274140245,4,906517,0.001434,0.001532,0.003876,0.000688,0.001158,0.001907,0.016170,0.000000,0.015870,0.062740,0.000000,0.000000,0.000000,0.000000,0.000053,0,0
190928000000,190943000000,6274140245,4,906517,0.000153,0.000000,0.000000,0.000000,0.000000,0.000000,0.000005,0.000000,0.002285,0.000072,4.813000,0.018690,0.000000,0.000000,0.000000,0,0
190943000000,190944000000,6274140245,4,906517,0.000000,0.000000,0.000000,0.000000,0.000000,0.000000,0.000000,0.000000,0.000000,0.000000,4.813000,0.018690,0.000000,0.000000,0.000000,0,0
