179228000000,179400000000,6274140245,40,640773423,0.000000,0.000000,0.000000,0.000000,0.000000,0.000000,0.000000,0.000000,0.000000,0.000000,0.000000,0.000000,0.000000,0.000000,0.000000,0,0
179400000000,179502000000,6274140245,40,640773423,0.000000,0.000000,0.000000,0.000000,0.000000,0.000000,0.000000,0.000000,0.000000,0.000000,0.000000,0.000000,0.000000,0.000000,0.000000,0,0
179502000000,179628000000,6274140245,40,640773423,0.008636,0.028350,0.029450,0.000174,0.027470,0.053590,0.049560,0.000000,0.062740,0.072630,34.500000,0.157700,0.000000,0.000000,0.008453,0,0
179628000000,179700000000,6274140245,40,640773423,0.071900,0.058530,0.058960,0.000430,0.055660,0.059880,0.025120,0.000000,0.193400,0.115200,1.323000,0.000689,0.000000,0.000000,0.172900,0,0
179700000000,180000000000,6274140245,40,640773423,0.174600,0.060550,0.061950,0.000323,0.056030,0.060730,0.002411,0.000000,0.367200,0.064820,1.353000,0.000729,0.000000,0.000000,0.187300,0,0
180000000000,180170000000,6274140245,40,640773423,0.183600,0.060490,0.061950,0.000384,0.056150,0.060670,0.000144,0.000000,0.372600,0.017490,1.347000,0.000722,0.000000,0.000000,0.186800,0,0
180170000000,180300000000,6274140245,40,640773423,0.182100,0.060420,0.061950,0.000384,0.056150,0.060490,0.000003,0.000000,0.373500,0.000072,1.400000,0.000788,0.000000,0.000000,0.187300,0,0
180300000000,180600000000,6274140245,40,640773423,0.180900,0.060420,0.061950,0.000384,0.056150,0.060490,0.000010,0.000000,0.367200,0.001999,1.379000,0.000729,0.000000,0.000000,0.187000,0,0
180600000000,180900000000,6274140245,40,640773423,0.181900,0.060420,0.061950,0.000385,0.056150,0.060490,0.000004,0.000000,0.373000,0.000215,1.357000,0.000715,0.000000,0.000000,0.174800,0,0
180900000000,181200000000,6274140245,40,640773423,0.185800,0.060490,0.061950,0.000385,0.056150,0.060490,0.000010,0.000000,0.376000,0.001785,1.395000,0.000745,0.000000,0.000000,0.187300,0,0
181200000000,181500000000,6274140245,40,640773423,0.184600,0.060490,0.061950,0.000385,0.056150,0.060550,0.000010,0.000000,0.376000,0.002285,1.337000,0.000703,0.000000,0.000000,0.187300,0,0
181500000000,181800000000,6274140245,40,640773423,0.183600,0.060490,0.061950,0.000386,0.056150,0.060550,0.000003,0.000000,0.371100,0.000072,1.329000,0.000695,0.000000,0.000000,0.187000,0,0
181800000000,182100000000,6274140245,40,640773423,0.183100,0.060490,0.061950,0.000387,0.056150,0.060550,0.000005,0.000000,0.191700,0.000286,1.351000,0.000728,0.000000,0.000000,0.179900,0,0
182100000000,182400000000,6274140245,40,640773423,0.183600,0.060420,0.061950,0.000387,0.056150,0.060490,0.000003,0.000000,0.204800,0.000072,1.361000,0.000722,0.000000,0.000000,0.186500,0,0
182400000000,182700000000,6274140245,40,640773423,0.186800,0.060420,0.061950,0.000400,0.056150,0.060490,0.000023,0.000000,0.376000,0.005356,1.384000,0.000728,0.000000,0.000000,0.186800,0,0
182700000000,183000000000,6274140245,40,640773423,0.186300,0.060420,0.061950,0.000424,0.056210,0.060490,0.000004,0.000000,0.354500,0.000072,1.364000,0.000718,0.000000,0.000000,0.187300,0,0
183000000000,183300000000,6274140245,40,640773423,0.186500,0.060420,0.061950,0.000424,0.056210,0.060490,0.000005,0.000000,0.375500,0.000428,1.327000,0.000645,0.000000,0.000000,0.188200,0,0
183300000000,183600000000,6274140245,40,640773423,0.187000,0.060420,0.061950,0.000424,0.056210,0.060420,0.000004,0.000000,0.376000,0.000215,1.356000,0.000700,0.000000,0.000000,0.187700,0,0
183600000000,183900000000,6274140245,40,640773423,0.163300,0.060420,0.061950,0.000424,0.056210,0.060490,0.000004,0.000000,0.192400,0.000143,1.374000,0.000703,0.000000,0.000000,0.125200,0,0
183900000000,183970000000,6274140245,40,640773423,0.089360,0.060300,0.061950,0.001223,0.056210,0.060420,0.001097,0.000000,0.129600,0.037170,1.456000,0.000767,0.000000,0.000000,0.125000,0,0
183970000000,183990000000,6274140245,40,640773423,0.000629,0.000000,0.000000,0.000000,0.000000,0.000000,0.000014,0.000000,0.012570,0.000215,1.429000,0.000736,0.000000,0.000000,0.000000,0,0
183990000000,183991000000,6274140245,40,640773423,0.000000,0.000000,0.000000,0.000000,0.000000,0.000000,0.000000,0.000000,0.000000,0.000000,1.429000,0.000736,0.000000,0.000000,0.000000,0,0
190782000000,190800000000,6274140245,40,4820060364,0.002041,0.001102,0.003876,0.000500,0.000874,0.001926,0.016450,0.000000,0.018620,0.064450,0.000000,0.000000,0.000000,0.000000,0.000251,0,0
190800000000,190898000000,6274140245,40,4820060364,0.000126,0.001780,0.003876,0.000753,0.001381,0.001928,0.000009,0.000000,0.000503,0.000571,2.724000,0.000000,0.000000,0.000000,0.000044,0,0
190898000000,190914000000,6274140245,40,4820060364,0.000176,0.000055,0.000000,0.000000,0.000000,0.000891,0.000009,0.000000,0.002819,0.000072,31.210000,0.000000,0.000000,0.000000,0.000000,0,0
190914000000,190916000000,6274140245,40,4820060364,0.000000,0.000000,0.000000,0.000000,0.000000,0.000000,0.000000,0.000000,0.000000,0.000000,31.210000,0.000000,0.000000,0.000000,0.000000,0,0
