179236000000,179400000000,6274140245,41,294771563,0.000000,0.000000,0.000000,0.000000,0.000000,0.000000,0.000000,0.000000,0.000000,0.000000,0.000000,0.000000,0.000000,0.000000,0.000000,0,0
179400000000,179538000000,6274140245,41,294771563,0.000000,0.000000,0.000000,0.000000,0.000000,0.000000,0.000000,0.000000,0.000000,0.000000,0.000000,0.000000,0.000000,0.000000,0.000000,0,0
179538000000,179680000000,6274140245,41,294771563,0.037780,0.037660,0.039430,0.000304,0.035890,0.061160,0.045840,0.000000,0.188500,0.158200,2.550000,0.010190,0.000000,0.000000,0.054870,0,0
179680000000,179700000000,6274140245,41,294771563,0.187500,0.061160,0.061220,0.000106,0.055790,0.061220,0.001146,0.000000,0.208300,0.014360,1.215000,0.000574,0.000000,0.000000,0.186500,0,0
179700000000,180000000000,6274140245,41,294771563,0.179900,0.061580,0.063110,0.000339,0.056030,0.061830,0.002560,0.000000,0.375500,0.057740,1.243000,0.000621,0.000000,0.000000,0.188700,0,0
180000000000,180093000000,6274140245,41,294771563,0.187300,0.061520,0.063110,0.000400,0.056150,0.061580,0.000006,0.000000,0.189500,0.000286,1.317000,0.000717,0.000000,0.000000,0.189200,0,0
180093000000,180300000000,6274140245,41,294771563,0.187300,0.061580,0.063110,0.000398,0.056150,0.061650,0.000006,0.000000,0.192900,0.000428,1.291000,0.000650,0.000000,0.000000,0.186500,0,0
180300000000,180600000000,6274140245,41,294771563,0.187000,0.061650,0.063110,0.000398,0.056150,0.061710,0.000004,0.000000,0.206300,0.000215,1.317000,0.000665,0.000000,0.000000,0.187500,0,0
180600000000,180900000000,6274140245,41,294771563,0.186800,0.061650,0.063110,0.000398,0.056150,0.061710,0.000003,0.000000,0.192600,0.000143,1.330000,0.000666,0.000000,0.000000,0.189000,0,0
180900000000,181200000000,6274140245,41,294771563,0.186500,0.061580,0.063110,0.000398,0.056150,0.061770,0.000004,0.000000,0.205300,0.000072,1.343000,0.000711,0.000000,0.000000,0.186500,0,0
181200000000,181500000000,6274140245,41,294771563,0.187000,0.061650,0.063110,0.000398,0.056150,0.061710,0.000006,0.000000,0.376000,0.000714,1.301000,0.000620,0.000000,0.000000,0.188200,0,0
181500000000,181800000000,6274140245,41,294771563,0.187000,0.061710,0.063110,0.000399,0.056150,0.061770,0.000007,0.000000,0.190900,0.000999,1.371000,0.000736,0.000000,0.000000,0.188000,0,0
181800000000,182100000000,6274140245,41,294771563,0.187000,0.061710,0.063110,0.000402,0.056150,0.061710,0.000016,0.000000,0.193800,0.003784,1.286000,0.000650,0.000000,0.000000,0.188000,0,0
182100000000,182400000000,6274140245,41,294771563,0.187000,0.061650,0.063110,0.000432,0.056210,0.061710,0.000006,0.000000,0.375000,0.000714,1.297000,0.000680,0.000000,0.000000,0.189000,0,0
182400000000,182700000000,6274140245,41,294771563,0.187300,0.061710,0.063110,0.000432,0.056210,0.061710,0.000005,0.000000,0.376000,0.000215,1.273000,0.000630,0.000000,0.000000,0.149200,0,0
182700000000,183000000000,6274140245,41,294771563,0.187000,0.061710,0.063110,0.000433,0.056210,0.061770,0.000003,0.000000,0.375500,0.000072,1.319000,0.000674,0.000000,0.000000,0.186500,0,0
183000000000,183300000000,6274140245,41,294771563,0.187300,0.061710,0.063110,0.000429,0.056210,0.061770,0.000004,0.000000,0.205600,0.000143,1.280000,0.000650,0.000000,0.000000,0.187500,0,0
183300000000,183600000000,6274140245,41,294771563,0.187300,0.061650,0.063110,0.000408,0.056150,0.061710,0.000004,0.000000,0.376000,0.000143,1.274000,0.000663,0.000000,0.000000,0.187300,0,0
183600000000,183900000000,6274140245,41,294771563,0.147200,0.061580,0.063110,0.000387,0.056150,0.061770,0.000005,0.000000,0.192100,0.000357,1.363000,0.000726,0.000000,0.000000,0.062620,0,0
183900000000,183950000000,6274140245,41,294771563,0.004066,0.060850,0.062740,0.001503,0.056150,0.061280,0.001570,0.000000,0.062740,0.034060,1.377000,0.000705,0.000000,0.000000,0.000058,0,0
183950000000,183966000000,6274140245,41,294771563,0.000160,0.000000,0.000000,0.000000,0.000000,0.000000,0.000035,0.000000,0.002563,0.000571,1.427000,0.000948,0.000000,0.000000,0.000000,0,0
183966000000,183967000000,6274140245,41,294771563,0.000000,0.000000,0.000000,0.000000,0.000000,0.000000,0.000000,0.000000,0.000000,0.000000,3.137000,0.009326,0.000000,0.000000,0.000000,0,0
190775000000,190800000000,6274140245,41,200656798,0.001572,0.001337,0.003880,0.000589,0.001036,0.001860,0.015210,0.000000,0.017270,0.058040,0.000000,0.000000,0.000000,0.000000,0.000321,0,0
190800000000,190868000000,6274140245,41,200656798,0.000106,0.001799,0.003880,0.000765,0.001398,0.001860,0.000012,0.000000,0.000794,0.000643,2.269000,0.007906,0.000000,0.000000,0.000112,0,0
190868000000,190881000000,6274140245,41,200656798,0.000169,0.000000,0.000000,0.000000,0.000000,0.000000,0.000006,0.000000,0.002193,0.000072,2.269000,0.007906,0.000000,0.000000,0.000000,0,0
190881000000,190882000000,6274140245,41,200656798,0.000000,0.000000,0.000000,0.000000,0.000000,0.000000,0.000000,0.000000,0.000000,0.000000,2.269000,0.007906,0.000000,0.000000,0.000000,0,0
