179235000000,179400000000,6274140245,42,336068386,0.000000,0.000000,0.000000,0.000000,0.000000,0.000000,0.000000,0.000000,0.000000,0.000000,0.000000,0.000000,0.000000,0.000000,0.000000,0,0
179400000000,179630000000,6274140245,42,336068386,0.000000,0.000000,0.000000,0.000000,0.000000,0.000000,0.000000,0.000000,0.000000,0.000000,0.000000,0.000000,0.000000,0.000000,0.000000,0,0
179630000000,179700000000,6274140245,42,336068386,0.004585,0.014770,0.016080,0.000199,0.013980,0.027370,0.044740,0.000000,0.025150,0.065310,1.214000,0.001479,0.000000,0.000000,0.002266,0,0
179700000000,179818000000,6274140245,42,336068386,0.012770,0.046940,0.048030,0.000156,0.045650,0.059200,0.038270,0.000000,0.188000,0.145800,13.470000,0.068680,0.000000,0.000000,0.004761,0,0
179818000000,180000000000,6274140245,42,336068386,0.167700,0.060490,0.061340,0.000287,0.055970,0.060850,0.005287,0.000000,0.203400,0.057740,1.341000,0.000765,0.000000,0.000000,0.187500,0,0
180000000000,180300000000,6274140245,42,336068386,0.186500,0.060790,0.061580,0.000374,0.056090,0.060970,0.000078,0.000000,0.375500,0.017580,1.263000,0.000623,0.000000,0.000000,0.188000,0,0
180300000000,180512000000,6274140245,42,336068386,0.187000,0.060850,0.061520,0.000386,0.056150,0.060970,0.000005,0.000000,0.192600,0.000357,1.259000,0.000651,0.000000,0.000000,0.188000,0,0
180512000000,180600000000,6274140245,42,336068386,0.187300,0.060790,0.061520,0.000387,0.056150,0.060910,0.000003,0.000000,0.192400,0.000072,1.357000,0.000763,0.000000,0.000000,0.188000,0,0
180600000000,180900000000,6274140245,42,336068386,0.186300,0.060910,0.061520,0.000385,0.056150,0.060970,0.000006,0.000000,0.198500,0.000571,1.357000,0.000707,0.000000,0.000000,0.186300,0,0
180900000000,181200000000,6274140245,42,336068386,0.186800,0.060850,0.061520,0.000384,0.056150,0.060970,0.000004,0.000000,0.196000,0.000072,1.312000,0.000660,0.000000,0.000000,0.188700,0,0
181200000000,181500000000,6274140245,42,336068386,0.187000,0.060910,0.061520,0.000384,0.056150,0.060970,0.000007,0.000000,0.375500,0.001215,1.325000,0.000646,0.000000,0.000000,0.187700,0,0
181500000000,181800000000,6274140245,42,336068386,0.187000,0.060910,0.061520,0.000384,0.056150,0.060970,0.000005,0.000000,0.194800,0.000571,1.365000,0.000758,0.000000,0.000000,0.188700,0,0
181800000000,182100000000,6274140245,42,336068386,0.186500,0.060910,0.061520,0.000413,0.056150,0.061040,0.000029,0.000000,0.193100,0.007217,1.380000,0.000749,0.000000,0.000000,0.186300,0,0
182100000000,182400000000,6274140245,42,336068386,0.187000,0.060910,0.061520,0.000416,0.056150,0.060970,0.000002,0.000000,0.195800,0.000072,1.327000,0.000730,0.000000,0.000000,0.185800,0,0
182400000000,182700000000,6274140245,42,336068386,0.186800,0.060910,0.061520,0.000416,0.056150,0.060970,0.000007,0.000000,0.193600,0.001143,1.305000,0.000692,0.000000,0.000000,0.188000,0,0
182700000000,183000000000,6274140245,42,336068386,0.186800,0.060910,0.061520,0.000417,0.056150,0.060970,0.000010,0.000000,0.373000,0.002213,1.325000,0.000725,0.000000,0.000000,0.189000,0,0
183000000000,183300000000,6274140245,42,336068386,0.186500,0.060910,0.061520,0.000418,0.056150,0.060970,0.000003,0.000000,0.194600,0.000072,1.361000,0.000714,0.000000,0.000000,0.187700,0,0
183300000000,183600000000,6274140245,42,336068386,0.186800,0.060910,0.061520,0.000377,0.056150,0.060970,0.000004,0.000000,0.195600,0.000143,1.335000,0.000659,0.000000,0.000000,0.187300,0,0
183600000000,183900000000,6274140245,42,336068386,0.141400,0.060790,0.061520,0.000363,0.056150,0.060970,0.000005,0.000000,0.189500,0.000357,1.306000,0.000621,0.000000,0.000000,0.125200,0,0
183900000000,184060000000,6274140245,42,336068386,0.117100,0.060670,0.061520,0.000719,0.056150,0.060670,0.000558,0.000000,0.128400,0.034970,1.280000,0.000650,0.000000,0.000000,0.125700,0,0
184060000000,184084000000,6274140245,42,336068386,0.000438,0.000000,0.000000,0.000000,0.000000,0.000000,0.000031,0.000000,0.010500,0.000786,1.221000,0.000589,0.000000,0.000000,0.000000,0,0
184084000000,184086000000,6274140245,42,336068386,0.000000,0.000000,0.000000,0.000000,0.000000,0.000000,0.000000,0.000000,0.000000,0.000000,1.221000,0.000589,0.000000,0.000000,0.000000,0,0
190772000000,190800000000,6274140245,42,4820149848,0.000000,0.000000,0.000000,0.000000,0.000000,0.000000,0.000000,0.000000,0.000000,0.000000,0.000000,0.000000,0.000000,0.000000,0.000000,0,0
190800000000,191009000000,6274140245,42,4820149848,0.000000,0.000000,0.000000,0.000000,0.000000,0.000000,0.000000,0.000000,0.000000,0.000000,0.000000,0.000000,0.000000,0.000000,0.000000,0,0
191009000000,191100000000,6274140245,42,4820149848,0.000478,0.001659,0.003872,0.000698,0.001245,0.001925,0.004990,0.000000,0.008835,0.051640,1.291000,0.000000,0.000000,0.000000,0.004173,0,0
191100000000,191162000000,6274140245,42,4820149848,0.000111,0.001312,0.003872,0.000764,0.001398,0.001642,0.000000,0.000000,0.000458,0.000000,2.295000,0.000000,0.000000,0.000000,0.000069,0,0
191162000000,191400000000,6274140245,42,4820149848,0.000140,0.000670,0.003868,0.000757,0.001396,0.000988,0.000007,0.000000,0.003983,0.001499,2.796000,0.000000,0.000000,0.000000,0.000006,0,0
191400000000,191700000000,6274140245,42,4820149848,0.000130,0.000615,0.003868,0.000745,0.001387,0.000645,0.000000,0.000000,0.003395,0.000072,2.383000,0.000000,0.000000,0.000000,0.000040,0,0
191700000000,192000000000,6274140245,42,4820149848,0.000133,0.000629,0.003868,0.000736,0.001379,0.000650,0.000010,0.000000,0.003960,0.002785,2.378000,0.000000,0.000000,0.000000,0.000145,0,0
192000000000,192300000000,6274140245,42,4820149848,0.003319,0.013580,0.016170,0.000440,0.013670,0.056400,0.016940,0.000000,0.062190,0.113300,2.645000,0.000000,0.000000,0.000000,0.000013,0,0
192300000000,192398000000,6274140245,42,4820149848,0.085820,0.059810,0.061160,0.000924,0.056640,0.060970,0.009476,0.000000,0.163800,0.093990,1.202000,0.000000,0.000000,0.000000,0.020080,0,0
192398000000,192456000000,6274140245,42,4820149848,0.124300,0.060360,0.062260,0.001083,0.056820,0.060910,0.000030,0.000000,0.249800,0.001572,1.232000,0.000000,0.000000,0.000000,0.124900,0,0
192456000000,192600000000,6274140245,42,4820149848,0.123400,0.059880,0.062260,0.000407,0.056150,0.059880,0.000052,0.000000,0.273400,0.002453,1.162000,0.000000,0.000000,0.000000,0.124300,0,0
192600000000,192900000000,6274140245,42,4820149848,0.071170,0.059630,0.060550,0.000402,0.056150,0.059940,0.000030,0.000000,0.272900,0.006218,1.183000,0.000000,0.000000,0.000000,0.061520,0,0
192900000000,193133000000,6274140245,42,4820149848,0.022250,0.059140,0.060300,0.000675,0.056150,0.059630,0.000419,0.000000,0.125500,0.027920,1.242000,0.000000,0.000000,0.000000,0.000151,0,0
193133000000,193157000000,6274140245,42,4820149848,0.000113,0.000000,0.000000,0.000000,0.000000,0.000000,0.000009,0.000000,0.002731,0.000143,2.313000,0.000000,0.000000,0.000000,0.000000,0,0
193157000000,193161000000,6274140245,42,4820149848,0.000000,0.000000,0.000000,0.000000,0.000000,0.000000,0.000000,0.000000,0.000000,0.000000,2.313000,0.000000,0.000000,0.000000,0.000000,0,0
