179239000000,179400000000,6274140245,43,5426762331,0.000000,0.000000,0.000000,0.000000,0.000000,0.000000,0.000000,0.000000,0.000000,0.000000,0.000000,0.000000,0.000000,0.000000,0.000000,0,0
179400000000,179616000000,6274140245,43,5426762331,0.000000,0.000000,0.000000,0.000000,0.000000,0.000000,0.000000,0.000000,0.000000,0.000000,0.000000,0.000000,0.000000,0.000000,0.000000,0,0
179616000000,179700000000,6274140245,43,5426762331,0.003887,0.011660,0.012860,0.000266,0.010830,0.023250,0.035220,0.000000,0.026520,0.128400,3.528000,0.000000,0.000000,0.000000,0.001614,0,0
179700000000,179780000000,6274140245,43,5426762331,0.006546,0.024540,0.025270,0.000018,0.023530,0.033330,0.035710,0.000000,0.027190,0.086060,7.367000,0.000000,0.000000,0.000000,0.009705,0,0
179780000000,180000000000,6274140245,43,5426762331,0.037290,0.056150,0.057560,0.000365,0.053710,0.060300,0.021390,0.000000,0.181400,0.133500,1.200000,0.000000,0.000000,0.000000,0.000175,0,0
180000000000,180300000000,6274140245,43,5426762331,0.086550,0.060550,0.061340,0.000223,0.055910,0.060910,0.017430,0.000000,0.259300,0.086670,1.242000,0.000000,0.000000,0.000000,0.170400,0,0
180300000000,180600000000,6274140245,43,5426762331,0.158400,0.060730,0.062190,0.000373,0.056150,0.060790,0.000006,0.000000,0.297400,0.000643,1.193000,0.000000,0.000000,0.000000,0.161100,0,0
180600000000,180900000000,6274140245,43,5426762331,0.151400,0.060790,0.062190,0.000372,0.056150,0.060850,0.000005,0.000000,0.282700,0.000286,1.254000,0.000000,0.000000,0.000000,0.119500,0,0
180900000000,181047000000,6274140245,43,5426762331,0.146000,0.060670,0.062190,0.000372,0.056150,0.060790,0.000005,0.000000,0.266100,0.000215,1.206000,0.000000,0.000000,0.000000,0.182900,0,0
181047000000,181200000000,6274140245,43,5426762331,0.143300,0.060610,0.062190,0.000372,0.056150,0.060730,0.000004,0.000000,0.266600,0.000143,1.235000,0.000000,0.000000,0.000000,0.164300,0,0
181200000000,181500000000,6274140245,43,5426762331,0.150600,0.060670,0.062130,0.000373,0.056150,0.060790,0.000005,0.000000,0.282200,0.000143,1.277000,0.000000,0.000000,0.000000,0.140600,0,0
181500000000,181525000000,6274140245,43,5426762331,0.146700,0.060790,0.062130,0.000373,0.056150,0.060790,0.000003,0.000000,0.183300,0.000072,1.169000,0.000000,0.000000,0.000000,0.130900,0,0
181525000000,181553000000,6274140245,43,5426762331,0.132300,0.060670,0.062130,0.000373,0.056150,0.060790,0.000005,0.000000,0.245100,0.000072,1.207000,0.000000,0.000000,0.000000,0.068480,0,0
181553000000,181583000000,6274140245,43,5426762331,0.158900,0.060730,0.062190,0.000373,0.056150,0.060730,0.000002,0.000000,0.262700,0.000072,1.207000,0.000000,0.000000,0.000000,0.174600,0,0
181583000000,181610000000,6274140245,43,5426762331,0.151900,0.060730,0.062190,0.000373,0.056150,0.060790,0.000000,0.000000,0.201700,0.000000,1.253000,0.000000,0.000000,0.000000,0.151100,0,0
181610000000,181800000000,6274140245,43,5426762331,0.152100,0.060730,0.062130,0.000373,0.056150,0.060850,0.000010,0.000000,0.247300,0.000643,1.210000,0.000000,0.000000,0.000000,0.152600,0,0
181800000000,182100000000,6274140245,43,5426762331,0.154100,0.060790,0.062190,0.000373,0.056150,0.060850,0.000010,0.000000,0.277800,0.001286,1.208000,0.000000,0.000000,0.000000,0.121600,0,0
182100000000,182400000000,6274140245,43,5426762331,0.156000,0.060730,0.062190,0.000373,0.056150,0.060850,0.000005,0.000000,0.305700,0.000571,1.236000,0.000000,0.000000,0.000000,0.166700,0,0
182400000000,182700000000,6274140245,43,5426762331,0.154300,0.060790,0.062130,0.000374,0.056150,0.060910,0.000008,0.000000,0.242700,0.001286,1.237000,0.000000,0.000000,0.000000,0.180200,0,0
182700000000,183000000000,6274140245,43,5426762331,0.155000,0.060850,0.062130,0.000375,0.056150,0.060910,0.000007,0.000000,0.272000,0.000643,1.243000,0.000000,0.000000,0.000000,0.171600,0,0
183000000000,183300000000,6274140245,43,5426762331,0.158200,0.060790,0.062190,0.000375,0.056150,0.060910,0.000005,0.000000,0.304700,0.000286,1.247000,0.000000,0.000000,0.000000,0.161600,0,0
183300000000,183600000000,6274140245,43,5426762331,0.153800,0.060850,0.062130,0.000375,0.056150,0.060910,0.000006,0.000000,0.215600,0.000286,1.256000,0.000000,0.000000,0.000000,0.175300,0,0
183600000000,183900000000,6274140245,43,5426762331,0.090330,0.060550,0.062190,0.000376,0.056150,0.060850,0.000004,0.000000,0.188200,0.000095,1.257000,0.000000,0.000000,0.000000,0.000241,0,0
183900000000,183911000000,6274140245,43,5426762331,0.005058,0.059450,0.060790,0.009842,0.056150,0.059510,0.005135,0.000000,0.035950,0.022710,3.445000,0.000000,0.000000,0.000000,0.000166,0,0
183911000000,183930000000,6274140245,43,5426762331,0.000209,0.000000,0.000000,0.000000,0.000000,0.000000,0.000102,0.000000,0.003967,0.001928,3.445000,0.000000,0.000000,0.000000,0.000000,0,0
183930000000,183934000000,6274140245,43,5426762331,0.000000,0.000000,0.000000,0.000000,0.000000,0.000000,0.000000,0.000000,0.000000,0.000000,3.445000,0.000000,0.000000,0.000000,0.000000,0,0
190792000000,190800000000,6274140245,43,257332335,0.003983,0.001024,0.003876,0.000500,0.000813,0.001913,0.037110,0.000000,0.022550,0.073970,0.000000,0.000000,0.000000,0.000000,0.000059,0,0
190800000000,190908000000,6274140245,43,257332335,0.000102,0.001762,0.003872,0.000781,0.001413,0.001917,0.000006,0.000000,0.000782,0.000428,2.236000,0.007731,0.000000,0.000000,0.000076,0,0
190908000000,190922000000,6274140245,43,257332335,0.000166,0.000000,0.000000,0.000000,0.000000,0.000000,0.000010,0.000000,0.002327,0.000143,2.169000,0.007838,0.000000,0.000000,0.000000,0,0
190922000000,190923000000,6274140245,43,257332335,0.000000,0.000000,0.000000,0.000000,0.000000,0.000000,0.000000,0.000000,0.000000,0.000000,2.169000,0.007838,0.000000,0.000000,0.000000,0,0
