179233000000,179400000000,6274140245,44,1335876,0.000000,0.000000,0.000000,0.000000,0.000000,0.000000,0.000000,0.000000,0.000000,0.000000,0.000000,0.000000,0.000000,0.000000,0.000000,0,0
179400000000,179488000000,6274140245,44,1335876,0.000000,0.000000,0.000000,0.000000,0.000000,0.000000,0.000000,0.000000,0.000000,0.000000,0.000000,0.000000,0.000000,0.000000,0.000000,0,0
179488000000,179640000000,6274140245,44,1335876,0.007416,0.031560,0.032590,0.000153,0.030430,0.056880,0.034480,0.000000,0.062870,0.067380,0.846100,0.000492,0.000000,0.000000,0.002338,0,0
179640000000,179700000000,6274140245,44,1335876,0.093630,0.059880,0.060420,0.000444,0.056150,0.060730,0.011200,0.000000,0.188200,0.068480,1.208000,0.000498,0.000000,0.000000,0.001431,0,0
179700000000,180000000000,6274140245,44,1335876,0.184600,0.061160,0.061710,0.000367,0.056090,0.061340,0.000133,0.000000,0.205300,0.019010,1.331000,0.000712,0.000000,0.000000,0.189000,0,0
180000000000,180300000000,6274140245,44,1335876,0.184300,0.061160,0.061710,0.000371,0.056150,0.061220,0.000010,0.000000,0.205300,0.001358,1.379000,0.000728,0.000000,0.000000,0.178700,0,0
180300000000,180306000000,6274140245,44,1335876,0.185800,0.061220,0.061710,0.000372,0.056150,0.061220,0.000000,0.000000,0.187500,0.000000,1.450000,0.000805,0.000000,0.000000,0.187300,0,0
180306000000,180600000000,6274140245,44,1335876,0.185100,0.061160,0.061710,0.000372,0.056150,0.061340,0.000010,0.000000,0.205100,0.001286,1.388000,0.000747,0.000000,0.000000,0.185800,0,0
180600000000,180900000000,6274140245,44,1335876,0.184600,0.061160,0.061710,0.000372,0.056150,0.061280,0.000004,0.000000,0.205600,0.000072,1.363000,0.000720,0.000000,0.000000,0.185100,0,0
180900000000,181200000000,6274140245,44,1335876,0.184600,0.061220,0.061710,0.000372,0.056150,0.061280,0.000006,0.000000,0.233200,0.000999,1.338000,0.000659,0.000000,0.000000,0.186500,0,0
181200000000,181500000000,6274140245,44,1335876,0.183300,0.061220,0.061710,0.000373,0.056150,0.061280,0.000005,0.000000,0.372100,0.000143,1.426000,0.000798,0.000000,0.000000,0.177700,0,0
181500000000,181800000000,6274140245,44,1335876,0.185100,0.061220,0.061710,0.000374,0.056150,0.061280,0.000009,0.000000,0.224900,0.001072,1.380000,0.000759,0.000000,0.000000,0.186800,0,0
181800000000,182100000000,6274140245,44,1335876,0.184100,0.061160,0.061710,0.000279,0.056030,0.061280,0.000053,0.000000,0.205600,0.007286,1.393000,0.000733,0.000000,0.000000,0.186500,0,0
182100000000,182400000000,6274140245,44,1335876,0.184300,0.061160,0.061710,0.000203,0.055970,0.061220,0.000022,0.000000,0.373000,0.003071,1.333000,0.000704,0.000000,0.000000,0.187300,0,0
182400000000,182700000000,6274140245,44,1335876,0.184800,0.061220,0.061650,0.000219,0.055970,0.061280,0.000031,0.000000,0.206800,0.006859,1.373000,0.000751,0.000000,0.000000,0.184600,0,0
182700000000,183000000000,6274140245,44,1335876,0.182900,0.061160,0.061650,0.000250,0.056030,0.061280,0.000005,0.000000,0.370600,0.000357,1.385000,0.000733,0.000000,0.000000,0.184100,0,0
183000000000,183300000000,6274140245,44,1335876,0.183800,0.061220,0.061650,0.000250,0.056030,0.061340,0.000011,0.000000,0.205300,0.000999,1.371000,0.000722,0.000000,0.000000,0.181400,0,0
183300000000,183600000000,6274140245,44,1335876,0.185800,0.061220,0.061650,0.000251,0.056030,0.061340,0.000004,0.000000,0.205600,0.000072,1.441000,0.000804,0.000000,0.000000,0.182900,0,0
183600000000,183900000000,6274140245,44,1335876,0.165800,0.061160,0.061650,0.000251,0.056030,0.061280,0.000006,0.000000,0.204300,0.000500,1.439000,0.000816,0.000000,0.000000,0.187300,0,0
183900000000,183931000000,6274140245,44,1335876,0.001783,0.060610,0.061650,0.002068,0.056030,0.060790,0.003174,0.000000,0.049440,0.034790,1.460000,0.000803,0.000000,0.000000,0.002926,0,0
183931000000,183948000000,6274140245,44,1335876,0.000130,0.000000,0.000000,0.000000,0.000000,0.000000,0.000382,0.000000,0.002197,0.002857,1.460000,0.000803,0.000000,0.000000,0.000000,0,0
183948000000,183949000000,6274140245,44,1335876,0.000000,0.000000,0.000000,0.000000,0.000000,0.000000,0.000000,0.000000,0.000000,0.000000,1.460000,0.000803,0.000000,0.000000,0.000000,0,0
190794000000,190800000000,6274140245,44,5796666,0.002022,0.000486,0.003864,0.000289,0.000426,0.001137,0.040470,0.000000,0.007950,0.057130,0.000000,0.000000,0.000000,0.000000,0.007950,0,0
190800000000,190918000000,6274140245,44,5796666,0.000300,0.001751,0.003857,0.000779,0.001404,0.001923,0.000978,0.000000,0.016480,0.051570,2.259000,0.008254,0.000000,0.000000,0.000020,0,0
190918000000,190934000000,6274140245,44,5796666,0.000122,0.000050,0.000000,0.000000,0.000000,0.000793,0.000170,0.000000,0.001947,0.002716,2.169000,0.008074,0.000000,0.000000,0.000000,0,0
190934000000,190935000000,6274140245,44,5796666,0.000000,0.000000,0.000000,0.000000,0.000000,0.000000,0.000000,0.000000,0.000000,0.000000,2.169000,0.008074,0.000000,0.000000,0.000000,0,0
