179232000000,179400000000,6274140245,45,6567999,0.000000,0.000000,0.000000,0.000000,0.000000,0.000000,0.000000,0.000000,0.000000,0.000000,0.000000,0.000000,0.000000,0.000000,0.000000,0,0
179400000000,179700000000,6274140245,45,6567999,0.000000,0.000000,0.000000,0.000000,0.000000,0.000000,0.000000,0.000000,0.000000,0.000000,0.000000,0.000000,0.000000,0.000000,0.000000,0,0
179700000000,179993000000,6274140245,45,6567999,0.000000,0.000000,0.000000,0.000000,0.000000,0.000000,0.000000,0.000000,0.000000,0.000000,0.000000,0.000000,0.000000,0.000000,0.000000,0,0
179993000000,180000000000,6274140245,45,6567999,0.001421,0.000391,0.003819,0.000209,0.000283,0.000764,0.041440,0.000000,0.003029,0.049990,0.000000,0.000000,0.000000,0.000000,0.002415,0,0
180000000000,180158000000,6274140245,45,6567999,0.002686,0.015660,0.016880,0.000310,0.015010,0.030700,0.020540,0.000000,0.049440,0.106200,3.073000,0.011820,0.000000,0.000000,0.001699,0,0
180158000000,180300000000,6274140245,45,6567999,0.001688,0.032170,0.041320,0.000040,0.038510,0.036130,0.022030,0.000000,0.019620,0.040950,3.634000,0.013980,0.000000,0.000000,0.004936,0,0
180300000000,180600000000,6274140245,45,6567999,0.100100,0.057740,0.059880,0.000400,0.055600,0.061160,0.015050,0.000000,0.192600,0.135500,1.295000,0.000634,0.000000,0.000000,0.187300,0,0
180600000000,180900000000,6274140245,45,6567999,0.185800,0.060420,0.062130,0.000420,0.056210,0.060550,0.000013,0.000000,0.365700,0.002285,1.301000,0.000658,0.000000,0.000000,0.183600,0,0
180900000000,181200000000,6274140245,45,6567999,0.179900,0.060490,0.062130,0.000421,0.056210,0.060550,0.000004,0.000000,0.204600,0.000072,1.341000,0.000681,0.000000,0.000000,0.186800,0,0
181200000000,181296000000,6274140245,45,6567999,0.187300,0.060550,0.062130,0.000421,0.056210,0.060610,0.000005,0.000000,0.376000,0.000143,1.304000,0.000688,0.000000,0.000000,0.187500,0,0
181296000000,181500000000,6274140245,45,6567999,0.187000,0.060550,0.062130,0.000421,0.056210,0.060610,0.000005,0.000000,0.375500,0.000215,1.330000,0.000655,0.000000,0.000000,0.186300,0,0
181500000000,181800000000,6274140245,45,6567999,0.187000,0.060550,0.062130,0.000421,0.056210,0.060610,0.000004,0.000000,0.375500,0.000072,1.359000,0.000702,0.000000,0.000000,0.187000,0,0
181800000000,182100000000,6274140245,45,6567999,0.187000,0.060550,0.062130,0.000421,0.056210,0.060610,0.000003,0.000000,0.375000,0.000143,1.400000,0.000726,0.000000,0.000000,0.187500,0,0
182100000000,182400000000,6274140245,45,6567999,0.187000,0.060550,0.062130,0.000421,0.056210,0.060670,0.000006,0.000000,0.375500,0.000857,1.404000,0.000715,0.000000,0.000000,0.187300,0,0
182400000000,182700000000,6274140245,45,6567999,0.187000,0.060550,0.062130,0.000421,0.056210,0.060670,0.000010,0.000000,0.375000,0.001072,1.382000,0.000693,0.000000,0.000000,0.186800,0,0
182700000000,183000000000,6274140245,45,6567999,0.187000,0.060550,0.062130,0.000421,0.056210,0.060670,0.000004,0.000000,0.375000,0.000286,1.421000,0.000761,0.000000,0.000000,0.187500,0,0
183000000000,183300000000,6274140245,45,6567999,0.187000,0.060550,0.062130,0.000442,0.056210,0.060670,0.000021,0.000000,0.206100,0.004288,1.420000,0.000753,0.000000,0.000000,0.187300,0,0
183300000000,183600000000,6274140245,45,6567999,0.187300,0.060610,0.062130,0.000455,0.056210,0.060670,0.000004,0.000000,0.206800,0.000215,1.396000,0.000725,0.000000,0.000000,0.191400,0,0
183600000000,183900000000,6274140245,45,6567999,0.181200,0.060550,0.062130,0.000455,0.056210,0.060670,0.000011,0.000000,0.191900,0.001429,1.340000,0.000708,0.000000,0.000000,0.186000,0,0
183900000000,183960000000,6274140245,45,6567999,0.011180,0.060060,0.062130,0.001387,0.056210,0.060420,0.001144,0.000000,0.062990,0.030000,1.381000,0.000709,0.000000,0.000000,0.062740,0,0
183960000000,183978000000,6274140245,45,6567999,0.000407,0.000000,0.000000,0.000000,0.000000,0.000000,0.000000,0.000000,0.007324,0.000000,2.793000,0.010510,0.000000,0.000000,0.000000,0,0
183978000000,183979000000,6274140245,45,6567999,0.000000,0.000000,0.000000,0.000000,0.000000,0.000000,0.000000,0.000000,0.000000,0.000000,2.793000,0.010510,0.000000,0.000000,0.000000,0,0
