179233000000,179400000000,6274140245,46,4820359794,0.000000,0.000000,0.000000,0.000000,0.000000,0.000000,0.000000,0.000000,0.000000,0.000000,0.000000,0.000000,0.000000,0.000000,0.000000,0,0
179400000000,179528000000,6274140245,46,4820359794,0.000000,0.000000,0.000000,0.000000,0.000000,0.000000,0.000000,0.000000,0.000000,0.000000,0.000000,0.000000,0.000000,0.000000,0.000000,0,0
179528000000,179608000000,6274140245,46,4820359794,0.007637,0.009674,0.010760,0.000190,0.008957,0.017430,0.039310,0.000000,0.038330,0.116500,0.882000,0.000000,0.000000,0.000000,0.002625,0,0
179608000000,179700000000,6274140245,46,4820359794,0.006134,0.030850,0.032170,0.000060,0.029450,0.054200,0.034360,0.000000,0.021640,0.109400,36.170000,0.000000,0.000000,0.000000,0.000184,0,0
179700000000,179749000000,6274140245,46,4820359794,0.008377,0.055050,0.056950,0.001297,0.052730,0.057740,0.026430,0.000000,0.065800,0.062130,0.000000,0.000000,0.000000,0.000000,0.006233,0,0
179749000000,179774000000,6274140245,46,4820359794,0.001677,0.000000,0.000000,0.004448,0.004448,0.000000,0.000000,0.000000,0.013980,0.000000,0.000000,0.000000,0.000000,0.000000,0.000000,0,1
179774000000,179775000000,6274140245,46,4820359794,0.000000,0.000000,0.000000,0.000000,0.000000,0.000000,0.000000,0.000000,0.000000,0.000000,0.000000,0.000000,0.000000,0.000000,0.000000,0,0
179784000000,179962000000,6274140245,46,4820359794,0.036870,0.030030,0.030910,0.001081,0.027860,0.050600,0.028080,0.000000,0.305200,0.165000,0.850700,0.000000,0.000000,0.000000,0.011350,0,0
179962000000,179984000000,6274140245,46,4820359794,0.008118,0.000000,0.002296,0.004143,0.004143,0.000000,0.000000,0.000000,0.059570,0.000000,1.279000,0.000000,0.000000,0.000000,0.000000,0,1
179984000000,179985000000,6274140245,46,4820359794,0.000000,0.000000,0.000000,0.000000,0.000000,0.000000,0.000000,0.000000,0.000000,0.000000,1.279000,0.000000,0.000000,0.000000,0.000000,0,0
179985000000,180000000000,6274140245,46,4820359794,0.000000,0.000000,0.000000,0.000000,0.000000,0.000000,0.000000,0.000000,0.000000,0.000000,0.000000,0.000000,0.000000,0.000000,0.000000,0,0
180025000000,180195000000,6274140245,46,1323195,0.000000,0.000000,0.000000,0.000000,0.000000,0.000000,0.000000,0.000000,0.000000,0.000000,0.000000,0.000000,0.000000,0.000000,0.000000,0,0
180195000000,180300000000,6274140245,46,1323195,0.007858,0.028350,0.029390,0.000132,0.027130,0.053590,0.061040,0.000000,0.042720,0.138200,36.090000,0.167500,0.000000,0.000000,0.022090,0,0
180300000000,180461000000,6274140245,46,1323195,0.142800,0.061040,0.062010,0.002144,0.057310,0.063480,0.009842,0.000000,0.202400,0.144800,1.387000,0.000786,0.000000,0.000000,0.059450,0,0
180461000000,180600000000,6274140245,46,1323195,0.182400,0.060610,0.062070,0.001368,0.057130,0.061040,0.000025,0.000000,0.188200,0.001999,1.415000,0.000832,0.000000,0.000000,0.180700,0,0
180600000000,180900000000,6274140245,46,1323195,0.182600,0.060550,0.061950,0.001295,0.057070,0.060610,0.000085,0.000000,0.189200,0.012500,1.389000,0.000791,0.000000,0.000000,0.182100,0,0
180900000000,181200000000,6274140245,46,1323195,0.180400,0.060550,0.062010,0.001207,0.057010,0.060670,0.000010,0.000000,0.360400,0.001499,1.408000,0.000774,0.000000,0.000000,0.187700,0,0
181200000000,181500000000,6274140245,46,1323195,0.185300,0.060490,0.062130,0.000548,0.056340,0.060550,0.000008,0.000000,0.206800,0.001286,1.319000,0.000715,0.000000,0.000000,0.187700,0,0
181500000000,181800000000,6274140245,46,1323195,0.183300,0.060490,0.062070,0.000361,0.056150,0.060550,0.000005,0.000000,0.374000,0.000215,1.362000,0.000755,0.000000,0.000000,0.186800,0,0
181800000000,182100000000,6274140245,46,1323195,0.185100,0.060550,0.062070,0.000355,0.056150,0.060550,0.000010,0.000000,0.198200,0.001858,1.430000,0.000806,0.000000,0.000000,0.185300,0,0
182100000000,182400000000,6274140245,46,1323195,0.182400,0.060490,0.062130,0.000345,0.056090,0.060550,0.000004,0.000000,0.371600,0.000143,1.472000,0.000822,0.000000,0.000000,0.186800,0,0
182400000000,182700000000,6274140245,46,1323195,0.184800,0.060420,0.062130,0.000340,0.056090,0.060490,0.000009,0.000000,0.371100,0.000428,1.314000,0.000658,0.000000,0.000000,0.187000,0,0
182700000000,183000000000,6274140245,46,1323195,0.181400,0.060420,0.062130,0.000334,0.056090,0.060490,0.000005,0.000000,0.374000,0.000215,1.351000,0.000746,0.000000,0.000000,0.187500,0,0
183000000000,183300000000,6274140245,46,1323195,0.181400,0.060420,0.062130,0.000334,0.056090,0.060490,0.000011,0.000000,0.370600,0.001928,1.412000,0.000779,0.000000,0.000000,0.184300,0,0
183300000000,183600000000,6274140245,46,1323195,0.183600,0.060420,0.062130,0.000366,0.056150,0.060490,0.000032,0.000000,0.192900,0.006645,1.324000,0.000672,0.000000,0.000000,0.186000,0,0
183600000000,183900000000,6274140245,46,1323195,0.147700,0.060360,0.062130,0.000366,0.056150,0.060490,0.000010,0.000000,0.192600,0.001429,1.427000,0.000823,0.000000,0.000000,0.119100,0,0
183900000000,183960000000,6274140245,46,1323195,0.055360,0.060000,0.062130,0.001303,0.056150,0.060120,0.001488,0.000000,0.068240,0.034480,1.557000,0.000812,0.000000,0.000000,0.062440,0,0
183960000000,183979000000,6274140245,46,1323195,0.001266,0.000000,0.000000,0.000000,0.000000,0.000000,0.000041,0.000000,0.024050,0.000643,1.627000,0.001320,0.000000,0.000000,0.000000,0,0
183979000000,183980000000,6274140245,46,1323195,0.000000,0.000000,0.000000,0.000000,0.000000,0.000000,0.000000,0.000000,0.000000,0.000000,1.627000,0.001320,0.000000,0.000000,0.000000,0,0
