179238000000,179400000000,6274140245,47,336071720,0.000000,0.000000,0.000000,0.000000,0.000000,0.000000,0.000000,0.000000,0.000000,0.000000,0.000000,0.000000,0.000000,0.000000,0.000000,0,0
179400000000,179626000000,6274140245,47,336071720,0.000000,0.000000,0.000000,0.000000,0.000000,0.000000,0.000000,0.000000,0.000000,0.000000,0.000000,0.000000,0.000000,0.000000,0.000000,0,0
179626000000,179700000000,6274140245,47,336071720,0.004135,0.015840,0.016880,0.000012,0.015080,0.026950,0.034730,0.000000,0.022860,0.057130,1.085000,0.001027,0.000000,0.000000,0.001438,0,0
179700000000,179802000000,6274140245,47,336071720,0.006149,0.042720,0.043330,0.000049,0.041440,0.053890,0.036620,0.000000,0.062500,0.061580,12.080000,0.059400,0.000000,0.000000,0.005760,0,0
179802000000,180000000000,6274140245,47,336071720,0.143100,0.059140,0.060360,0.001400,0.055540,0.060550,0.006126,0.000000,0.191700,0.059080,1.326000,0.000670,0.000000,0.000000,0.115700,0,0
180000000000,180300000000,6274140245,47,336071720,0.184600,0.059690,0.061100,0.000722,0.055300,0.060790,0.000021,0.000000,0.364700,0.001499,1.312000,0.000730,0.000000,0.000000,0.184100,0,0
180300000000,180600000000,6274140245,47,336071720,0.184300,0.060910,0.061100,0.000097,0.055790,0.060970,0.000086,0.000000,0.206300,0.014650,1.300000,0.000712,0.000000,0.000000,0.188000,0,0
180600000000,180618000000,6274140245,47,336071720,0.185800,0.060970,0.061100,0.000045,0.055790,0.060970,0.000008,0.000000,0.201900,0.000072,1.273000,0.000709,0.000000,0.000000,0.187300,0,0
180618000000,180900000000,6274140245,47,336071720,0.184100,0.060970,0.061100,0.000055,0.055790,0.061100,0.000980,0.000000,0.204600,0.044980,1.318000,0.000748,0.000000,0.000000,0.187700,0,0
180900000000,181200000000,6274140245,47,336071720,0.181900,0.061100,0.061100,0.000047,0.055790,0.061100,0.003098,0.000000,0.202100,0.042480,1.339000,0.000721,0.000000,0.000000,0.189000,0,0
181200000000,181500000000,6274140245,47,336071720,0.170200,0.061040,0.061100,0.000080,0.055790,0.061100,0.005173,0.000000,0.197000,0.054630,1.334000,0.000744,0.000000,0.000000,0.187500,0,0
181500000000,181800000000,6274140245,47,336071720,0.181900,0.061040,0.061100,0.000037,0.055790,0.061100,0.002666,0.000000,0.194600,0.050350,1.322000,0.000738,0.000000,0.000000,0.187500,0,0
181800000000,182100000000,6274140245,47,336071720,0.183600,0.061040,0.061100,0.000040,0.055790,0.061100,0.001064,0.000000,0.205600,0.052430,1.296000,0.000687,0.000000,0.000000,0.186000,0,0
182100000000,182400000000,6274140245,47,336071720,0.180200,0.061040,0.061100,0.000040,0.055790,0.061100,0.003075,0.000000,0.205300,0.053100,1.299000,0.000699,0.000000,0.000000,0.168900,0,0
182400000000,182700000000,6274140245,47,336071720,0.177200,0.061100,0.061100,0.000054,0.055790,0.061100,0.004402,0.000000,0.224100,0.057130,1.284000,0.000677,0.000000,0.000000,0.186800,0,0
182700000000,183000000000,6274140245,47,336071720,0.182600,0.061040,0.061100,0.000052,0.055790,0.061100,0.002071,0.000000,0.341800,0.049380,1.298000,0.000721,0.000000,0.000000,0.182600,0,0
183000000000,183300000000,6274140245,47,336071720,0.183300,0.061040,0.061100,0.000052,0.055790,0.061100,0.001528,0.000000,0.206100,0.056640,1.320000,0.000726,0.000000,0.000000,0.187000,0,0
183300000000,183600000000,6274140245,47,336071720,0.184600,0.060970,0.061100,0.000068,0.055850,0.061100,0.000267,0.000000,0.204300,0.023220,1.299000,0.000703,0.000000,0.000000,0.186800,0,0
183600000000,183900000000,6274140245,47,336071720,0.118200,0.060790,0.061100,0.000027,0.055790,0.061100,0.000374,0.000000,0.189000,0.035100,1.262000,0.000682,0.000000,0.000000,0.187300,0,0
183900000000,184200000000,6274140245,47,336071720,0.107800,0.060550,0.061100,0.000052,0.055850,0.060850,0.000131,0.000000,0.188700,0.020140,1.274000,0.000661,0.000000,0.000000,0.062500,0,0
184200000000,184329000000,6274140245,47,336071720,0.124400,0.060610,0.061100,0.000058,0.055850,0.060610,0.000028,0.000000,0.129600,0.001715,1.364000,0.000789,0.000000,0.000000,0.124400,0,0
184329000000,184500000000,6274140245,47,336071720,0.073120,0.060360,0.061100,0.000058,0.055850,0.060610,0.000051,0.000000,0.126700,0.002930,1.357000,0.000766,0.000000,0.000000,0.062440,0,0
184500000000,184690000000,6274140245,47,336071720,0.060420,0.060120,0.061100,0.000355,0.055850,0.060180,0.000514,0.000000,0.068970,0.036320,1.405000,0.000793,0.000000,0.000000,0.062740,0,0
184690000000,184707000000,6274140245,47,336071720,0.001114,0.000000,0.000000,0.000000,0.000000,0.000000,0.000025,0.000000,0.018920,0.000428,1.348000,0.000674,0.000000,0.000000,0.000000,0,0
184707000000,184708000000,6274140245,47,336071720,0.000000,0.000000,0.000000,0.000000,0.000000,0.000000,0.000000,0.000000,0.000000,0.000000,1.348000,0.000674,0.000000,0.000000,0.000000,0,0
