179225000000,179400000000,6274140245,48,200656798,0.000000,0.000000,0.000000,0.000000,0.000000,0.000000,0.000000,0.000000,0.000000,0.000000,0.000000,0.000000,0.000000,0.000000,0.000000,0,0
179400000000,179537000000,6274140245,48,200656798,0.000000,0.000000,0.000000,0.000000,0.000000,0.000000,0.000000,0.000000,0.000000,0.000000,0.000000,0.000000,0.000000,0.000000,0.000000,0,0
179537000000,179631000000,6274140245,48,200656798,0.005562,0.016660,0.017640,0.000175,0.015530,0.030330,0.043400,0.000000,0.016360,0.064820,1.320000,0.002318,0.000000,0.000000,0.000082,0,0
179631000000,179700000000,6274140245,48,200656798,0.008316,0.048280,0.048770,0.000098,0.046690,0.053770,0.039490,0.000000,0.062990,0.057130,33.910000,0.155800,0.000000,0.000000,0.020750,0,0
179700000000,180000000000,6274140245,48,200656798,0.151600,0.060240,0.060670,0.000306,0.055790,0.061160,0.006973,0.000000,0.205600,0.054630,1.341000,0.000683,0.000000,0.000000,0.001616,0,0
180000000000,180300000000,6274140245,48,200656798,0.186500,0.061100,0.061400,0.000263,0.056030,0.061280,0.000236,0.000000,0.200700,0.031310,1.306000,0.000658,0.000000,0.000000,0.187000,0,0
180300000000,180444000000,6274140245,48,200656798,0.186800,0.061160,0.061400,0.000196,0.055970,0.061220,0.000004,0.000000,0.192600,0.000143,1.316000,0.000652,0.000000,0.000000,0.186800,0,0
180444000000,180600000000,6274140245,48,200656798,0.187000,0.061100,0.061400,0.000183,0.055970,0.061160,0.000006,0.000000,0.192400,0.000143,1.309000,0.000643,0.000000,0.000000,0.182100,0,0
180600000000,180900000000,6274140245,48,200656798,0.186800,0.061160,0.061460,0.000185,0.055970,0.061220,0.000004,0.000000,0.198000,0.000143,1.307000,0.000663,0.000000,0.000000,0.186500,0,0
180900000000,181200000000,6274140245,48,200656798,0.186800,0.061160,0.061520,0.000177,0.055970,0.061220,0.000003,0.000000,0.206100,0.000072,1.335000,0.000682,0.000000,0.000000,0.187700,0,0
181200000000,181500000000,6274140245,48,200656798,0.186800,0.061160,0.061520,0.000169,0.055910,0.061220,0.000004,0.000000,0.191900,0.000143,1.385000,0.000737,0.000000,0.000000,0.185500,0,0
181500000000,181800000000,6274140245,48,200656798,0.186800,0.061220,0.061520,0.000186,0.055970,0.061280,0.000053,0.000000,0.206500,0.008286,1.397000,0.000748,0.000000,0.000000,0.188200,0,0
181800000000,182100000000,6274140245,48,200656798,0.187000,0.061220,0.061520,0.000178,0.055970,0.061280,0.000004,0.000000,0.192100,0.000143,1.348000,0.000667,0.000000,0.000000,0.186500,0,0
182100000000,182400000000,6274140245,48,200656798,0.187000,0.061220,0.061520,0.000136,0.055910,0.061280,0.000004,0.000000,0.201700,0.000286,1.376000,0.000722,0.000000,0.000000,0.188200,0,0
182400000000,182700000000,6274140245,48,200656798,0.186300,0.061160,0.061520,0.000133,0.055910,0.061280,0.000005,0.000000,0.206500,0.000286,1.429000,0.000762,0.000000,0.000000,0.188500,0,0
182700000000,183000000000,6274140245,48,200656798,0.186800,0.061160,0.061520,0.000129,0.055910,0.061280,0.000010,0.000000,0.375000,0.001429,1.357000,0.000731,0.000000,0.000000,0.187700,0,0
183000000000,183300000000,6274140245,48,200656798,0.186800,0.061100,0.061520,0.000120,0.055910,0.061280,0.000005,0.000000,0.227800,0.000286,1.397000,0.000749,0.000000,0.000000,0.186500,0,0
183300000000,183600000000,6274140245,48,200656798,0.186800,0.061220,0.061520,0.000107,0.055850,0.061280,0.000004,0.000000,0.205300,0.000215,1.351000,0.000711,0.000000,0.000000,0.186500,0,0
183600000000,183900000000,6274140245,48,200656798,0.133800,0.061100,0.061520,0.000105,0.055850,0.061280,0.000004,0.000000,0.198200,0.000143,1.431000,0.000780,0.000000,0.000000,0.062990,0,0
183900000000,184021000000,6274140245,48,200656798,0.060730,0.060790,0.061520,0.001053,0.055910,0.060910,0.001165,0.000000,0.068730,0.045230,1.416000,0.000594,0.000000,0.000000,0.062320,0,0
184021000000,184041000000,6274140245,48,200656798,0.000162,0.000000,0.000000,0.000000,0.000000,0.000000,0.000035,0.000000,0.003235,0.000714,1.521000,0.000735,0.000000,0.000000,0.000000,0,0
184041000000,184042000000,6274140245,48,200656798,0.000000,0.000000,0.000000,0.000000,0.000000,0.000000,0.000000,0.000000,0.000000,0.000000,1.521000,0.000735,0.000000,0.000000,0.000000,0,0
