179237000000,179400000000,6274140245,49,4820294844,0.000000,0.000000,0.000000,0.000000,0.000000,0.000000,0.000000,0.000000,0.000000,0.000000,0.000000,0.000000,0.000000,0.000000,0.000000,0,0
179400000000,179549000000,6274140245,49,4820294844,0.000000,0.000000,0.000000,0.000000,0.000000,0.000000,0.000000,0.000000,0.000000,0.000000,0.000000,0.000000,0.000000,0.000000,0.000000,0,0
179549000000,179642000000,6274140245,49,4820294844,0.005745,0.015300,0.016480,0.000141,0.014480,0.027040,0.039370,0.000000,0.031980,0.130600,3.275000,0.000000,0.000000,0.000000,0.005196,0,0
179642000000,179700000000,6274140245,49,4820294844,0.004562,0.040160,0.042300,0.000033,0.039120,0.053650,0.039860,0.000000,0.035710,0.060420,5.118000,0.000000,0.000000,0.000000,0.014620,0,0
179700000000,180000000000,6274140245,49,4820294844,0.147900,0.060550,0.061580,0.000968,0.056400,0.062190,0.005135,0.000000,0.511700,0.166300,1.192000,0.000000,0.000000,0.000000,0.049990,0,0
180000000000,180300000000,6274140245,49,4820294844,0.174600,0.060850,0.062190,0.000330,0.056090,0.061160,0.000540,0.000000,0.357900,0.024510,1.237000,0.000000,0.000000,0.000000,0.159200,0,0
180300000000,180464000000,6274140245,49,4820294844,0.169700,0.061040,0.062190,0.000372,0.056150,0.061160,0.000360,0.000000,0.373500,0.004112,1.325000,0.000000,0.000000,0.000000,0.173100,0,0
180464000000,180600000000,6274140245,49,4820294844,0.160600,0.060910,0.062190,0.000371,0.056150,0.060970,0.000003,0.000000,0.359400,0.000072,1.181000,0.000000,0.000000,0.000000,0.184300,0,0
180600000000,180900000000,6274140245,49,4820294844,0.158400,0.060910,0.062190,0.000370,0.056150,0.060970,0.000005,0.000000,0.186300,0.000143,1.216000,0.000000,0.000000,0.000000,0.160600,0,0
180900000000,181200000000,6274140245,49,4820294844,0.161400,0.060970,0.062130,0.000369,0.056090,0.061040,0.000005,0.000000,0.332500,0.000286,1.196000,0.000000,0.000000,0.000000,0.178500,0,0
181200000000,181500000000,6274140245,49,4820294844,0.169900,0.060910,0.062130,0.000370,0.056030,0.061100,0.000005,0.000000,0.525400,0.000286,1.239000,0.000000,0.000000,0.000000,0.188200,0,0
181500000000,181800000000,6274140245,49,4820294844,0.151900,0.060970,0.062130,0.000370,0.056090,0.061100,0.000007,0.000000,0.304200,0.000571,1.263000,0.000000,0.000000,0.000000,0.098510,0,0
181800000000,182100000000,6274140245,49,4820294844,0.165000,0.060970,0.062130,0.000371,0.056030,0.061040,0.000012,0.000000,0.355000,0.002716,1.249000,0.000000,0.000000,0.000000,0.135500,0,0
182100000000,182400000000,6274140245,49,4820294844,0.164800,0.060970,0.062130,0.000373,0.056090,0.061160,0.000005,0.000000,0.351600,0.000143,1.230000,0.000000,0.000000,0.000000,0.184300,0,0
182400000000,182700000000,6274140245,49,4820294844,0.157700,0.060970,0.062130,0.000373,0.056090,0.061100,0.000009,0.000000,0.769500,0.000428,1.205000,0.000000,0.000000,0.000000,0.173100,0,0
182700000000,183000000000,6274140245,49,4820294844,0.170200,0.060970,0.062190,0.000373,0.056030,0.061100,0.000005,0.000000,0.370600,0.000428,1.232000,0.000000,0.000000,0.000000,0.106600,0,0
183000000000,183300000000,6274140245,49,4820294844,0.166700,0.061040,0.062190,0.000374,0.056090,0.061160,0.000006,0.000000,0.311000,0.000143,1.227000,0.000000,0.000000,0.000000,0.147900,0,0
183300000000,183600000000,6274140245,49,4820294844,0.159700,0.061040,0.062130,0.000374,0.056150,0.061040,0.000005,0.000000,0.281700,0.000357,1.207000,0.000000,0.000000,0.000000,0.146700,0,0
183600000000,183900000000,6274140245,49,4820294844,0.156200,0.060910,0.062130,0.000374,0.056030,0.061100,0.000004,0.000000,0.188500,0.000143,1.213000,0.000000,0.000000,0.000000,0.156500,0,0
183900000000,183971000000,6274140245,49,4820294844,0.082520,0.060850,0.062190,0.001411,0.056090,0.061040,0.000986,0.000000,0.130400,0.026280,1.249000,0.000000,0.000000,0.000000,0.103900,0,0
183971000000,183989000000,6274140245,49,4820294844,0.000275,0.000000,0.000000,0.000000,0.000000,0.000000,0.000444,0.000000,0.002472,0.006073,1.254000,0.000000,0.000000,0.000000,0.000000,0,0
183989000000,183990000000,6274140245,49,4820294844,0.000000,0.000000,0.000000,0.000000,0.000000,0.000000,0.000000,0.000000,0.000000,0.000000,1.254000,0.000000,0.000000,0.000000,0.000000,0,0
