179237000000,179400000000,6274140245,5,336030391,0.000000,0.000000,0.000000,0.000000,0.000000,0.000000,0.000000,0.000000,0.000000,0.000000,0.000000,0.000000,0.000000,0.000000,0.000000,0,0
179400000000,179653000000,6274140245,5,336030391,0.000000,0.000000,0.000000,0.000000,0.000000,0.000000,0.000000,0.000000,0.000000,0.000000,0.000000,0.000000,0.000000,0.000000,0.000000,0,0
179653000000,179700000000,6274140245,5,336030391,0.006927,0.013750,0.014940,0.000289,0.012660,0.025970,0.054870,0.000000,0.022710,0.072750,27.240000,0.138800,0.000000,0.000000,0.018620,0,0
179700000000,179772000000,6274140245,5,336030391,0.012570,0.048030,0.049070,0.000857,0.045960,0.059140,0.046140,0.000000,0.062990,0.127000,27.240000,0.138800,0.000000,0.000000,0.007767,0,0
179772000000,179778000000,6274140245,5,336030391,0.001070,0.000000,0.000000,0.009308,0.009308,0.000000,0.000000,0.000000,0.003212,0.000000,0.000000,0.000000,0.000000,0.000000,0.000000,0,0
179778000000,179797000000,6274140245,5,336030391,0.000000,0.000000,0.000000,0.000000,0.000000,0.000000,0.000004,0.000000,0.000000,0.000072,0.000000,0.000000,0.000000,0.000000,0.000000,0,1
179797000000,179798000000,6274140245,5,336030391,0.000000,0.000000,0.000000,0.000000,0.000000,0.000000,0.000000,0.000000,0.000000,0.000000,0.000000,0.000000,0.000000,0.000000,0.000000,0,0
179840000000,180000000000,6274140245,5,217833831,0.000000,0.000000,0.000000,0.000000,0.000000,0.000000,0.000000,0.000000,0.000000,0.000000,0.000000,0.000000,0.000000,0.000000,0.000000,0,0
180000000000,180019000000,6274140245,5,217833831,0.000000,0.000000,0.000000,0.000000,0.000000,0.000000,0.000000,0.000000,0.000000,0.000000,0.000000,0.000000,0.000000,0.000000,0.000000,0,0
180019000000,180234000000,6274140245,5,217833831,0.014330,0.037900,0.039000,0.000186,0.036250,0.061100,0.038640,0.000000,0.188500,0.104100,0.798500,0.000182,0.000000,0.000000,0.002441,0,0
180234000000,180300000000,6274140245,5,217833831,0.169400,0.061040,0.061100,0.000250,0.055970,0.061100,0.001705,0.000000,0.205600,0.032650,1.251000,0.000622,0.000000,0.000000,0.182600,0,0
180300000000,180600000000,6274140245,5,217833831,0.129900,0.061400,0.062260,0.000231,0.055910,0.061710,0.019780,0.000000,0.371100,0.072270,1.374000,0.000758,0.000000,0.000000,0.187000,0,0
180600000000,180662000000,6274140245,5,217833831,0.180900,0.061460,0.062870,0.000368,0.056090,0.061520,0.000452,0.000000,0.220900,0.011220,1.312000,0.000592,0.000000,0.000000,0.186500,0,0
180662000000,180900000000,6274140245,5,217833831,0.182100,0.061400,0.062870,0.000383,0.056150,0.061460,0.000003,0.000000,0.221400,0.000072,1.310000,0.000677,0.000000,0.000000,0.182600,0,0
180900000000,181200000000,6274140245,5,217833831,0.175000,0.061460,0.062870,0.000383,0.056150,0.061520,0.000009,0.000000,0.189900,0.001143,1.413000,0.000832,0.000000,0.000000,0.177200,0,0
181200000000,181500000000,6274140245,5,217833831,0.170700,0.061400,0.062870,0.000383,0.056150,0.061580,0.000004,0.000000,0.187500,0.000143,1.474000,0.000851,0.000000,0.000000,0.168900,0,0
181500000000,181800000000,6274140245,5,217833831,0.171100,0.061400,0.062990,0.000383,0.056150,0.061520,0.000012,0.000000,0.189900,0.001143,1.404000,0.000774,0.000000,0.000000,0.174800,0,0
181800000000,182100000000,6274140245,5,217833831,0.170700,0.061460,0.062990,0.000384,0.056150,0.061520,0.000004,0.000000,0.195100,0.000286,1.401000,0.000747,0.000000,0.000000,0.173800,0,0
182100000000,182400000000,6274140245,5,217833831,0.180900,0.061460,0.062990,0.000384,0.056150,0.061580,0.000007,0.000000,0.372100,0.000857,1.390000,0.000724,0.000000,0.000000,0.176000,0,0
182400000000,182700000000,6274140245,5,217833831,0.185300,0.061520,0.062990,0.000379,0.056150,0.061580,0.000003,0.000000,0.372100,0.000143,1.388000,0.000692,0.000000,0.000000,0.187000,0,0
182700000000,183000000000,6274140245,5,217833831,0.185800,0.061520,0.063110,0.000349,0.056090,0.061580,0.000011,0.000000,0.374000,0.001215,1.440000,0.000801,0.000000,0.000000,0.152800,0,0
183000000000,183300000000,6274140245,5,217833831,0.186000,0.061460,0.062990,0.000336,0.056090,0.061580,0.000009,0.000000,0.375000,0.001785,1.405000,0.000739,0.000000,0.000000,0.187300,0,0
183300000000,183600000000,6274140245,5,217833831,0.187000,0.061460,0.063110,0.000335,0.056090,0.061520,0.000005,0.000000,0.198500,0.000428,1.366000,0.000729,0.000000,0.000000,0.186300,0,0
183600000000,183900000000,6274140245,5,217833831,0.134500,0.061280,0.062870,0.000333,0.056090,0.061520,0.000013,0.000000,0.195800,0.003071,1.334000,0.000697,0.000000,0.000000,0.186500,0,0
183900000000,184200000000,6274140245,5,217833831,0.090210,0.060490,0.061280,0.000355,0.056150,0.060850,0.000053,0.000000,0.137700,0.005714,1.310000,0.000534,0.000000,0.000000,0.062870,0,0
184200000000,184358000000,6274140245,5,217833831,0.115400,0.060850,0.061340,0.000306,0.056090,0.060850,0.000007,0.000000,0.130100,0.000357,1.357000,0.000655,0.000000,0.000000,0.109500,0,0
184358000000,184500000000,6274140245,5,217833831,0.062500,0.060490,0.061340,0.000303,0.056090,0.060490,0.000010,0.000000,0.068730,0.000571,1.432000,0.000721,0.000000,0.000000,0.062500,0,0
184500000000,184800000000,6274140245,5,217833831,0.107700,0.060610,0.061280,0.000304,0.056090,0.060850,0.000018,0.000000,0.135000,0.000571,1.438000,0.000808,0.000000,0.000000,0.126000,0,0
184800000000,184911000000,6274140245,5,217833831,0.055050,0.060550,0.061280,0.000978,0.056090,0.060850,0.001230,0.000000,0.126000,0.049930,1.328000,0.000708,0.000000,0.000000,0.000152,0,0
184911000000,184927000000,6274140245,5,217833831,0.000404,0.000000,0.000000,0.000000,0.000000,0.000000,0.000076,0.000000,0.006470,0.000643,1.214000,0.000578,0.000000,0.000000,0.000000,0,0
184927000000,184929000000,6274140245,5,217833831,0.000000,0.000000,0.000000,0.000000,0.000000,0.000000,0.000000,0.000000,0.000000,0.000000,1.214000,0.000578,0.000000,0.000000,0.000000,0,0
190690000000,190800000000,6274140245,5,4820096633,0.000000,0.000000,0.000000,0.000000,0.000000,0.000000,0.000000,0.000000,0.000000,0.000000,0.000000,0.000000,0.000000,0.000000,0.000000,0,0
190800000000,190912000000,6274140245,5,4820096633,0.000000,0.000000,0.000000,0.000000,0.000000,0.000000,0.000000,0.000000,0.000000,0.000000,0.000000,0.000000,0.000000,0.000000,0.000000,0,0
190912000000,190978000000,6274140245,5,4820096633,0.000620,0.001694,0.003857,0.000689,0.001251,0.001904,0.005638,0.000000,0.022000,0.048710,2.277000,0.000000,0.000000,0.000000,0.022000,0,0
190978000000,190990000000,6274140245,5,4820096633,0.000184,0.000000,0.000000,0.000000,0.000000,0.000000,0.000011,0.000000,0.002209,0.000143,2.277000,0.000000,0.000000,0.000000,0.000000,0,0
190990000000,190991000000,6274140245,5,4820096633,0.000000,0.000000,0.000000,0.000000,0.000000,0.000000,0.000000,0.000000,0.000000,0.000000,2.277000,0.000000,0.000000,0.000000,0.000000,0,0
