179232000000,179400000000,6274140245,50,4245931122,0.000000,0.000000,0.000000,0.000000,0.000000,0.000000,0.000000,0.000000,0.000000,0.000000,0.000000,0.000000,0.000000,0.000000,0.000000,0,0
179400000000,179588000000,6274140245,50,4245931122,0.000000,0.000000,0.000000,0.000000,0.000000,0.000000,0.000000,0.000000,0.000000,0.000000,0.000000,0.000000,0.000000,0.000000,0.000000,0,0
179588000000,179700000000,6274140245,50,4245931122,0.002335,0.008835,0.010310,0.000403,0.008133,0.021730,0.015690,0.000000,0.044680,0.028660,1.141000,0.001940,0.000000,0.000000,0.000005,0,0
179700000000,179730000000,6274140245,50,4245931122,0.002739,0.024930,0.026060,0.000038,0.023620,0.027980,0.018190,0.000000,0.007545,0.028560,29.640000,0.144900,0.000000,0.000000,0.003635,0,0
179730000000,180000000000,6274140245,50,4245931122,0.004738,0.045290,0.047060,0.000072,0.043400,0.060000,0.017400,0.000000,0.063230,0.049990,0.798200,0.000190,0.000000,0.000000,0.013720,0,0
180000000000,180300000000,6274140245,50,4245931122,0.175000,0.061770,0.063230,0.001204,0.056950,0.062620,0.000711,0.000000,0.202600,0.021580,1.345000,0.000732,0.000000,0.000000,0.186000,0,0
180300000000,180600000000,6274140245,50,4245931122,0.185500,0.061580,0.063230,0.000925,0.056700,0.061710,0.000041,0.000000,0.205800,0.008575,1.363000,0.000706,0.000000,0.000000,0.187000,0,0
180600000000,180900000000,6274140245,50,4245931122,0.185500,0.061650,0.063230,0.000317,0.056090,0.061710,0.000005,0.000000,0.193100,0.000215,1.361000,0.000761,0.000000,0.000000,0.186800,0,0
180900000000,180979000000,6274140245,50,4245931122,0.186000,0.061710,0.063230,0.000233,0.056030,0.061710,0.000004,0.000000,0.189000,0.000072,1.264000,0.000604,0.000000,0.000000,0.187300,0,0
180979000000,181200000000,6274140245,50,4245931122,0.185500,0.061650,0.063230,0.000235,0.056030,0.061710,0.000009,0.000000,0.204100,0.001072,1.347000,0.000753,0.000000,0.000000,0.187500,0,0
181200000000,181500000000,6274140245,50,4245931122,0.184800,0.061650,0.063230,0.000236,0.056030,0.061710,0.000004,0.000000,0.355500,0.000143,1.399000,0.000780,0.000000,0.000000,0.187500,0,0
181500000000,181800000000,6274140245,50,4245931122,0.185800,0.061650,0.063230,0.000236,0.056030,0.061710,0.000004,0.000000,0.191900,0.000072,1.310000,0.000710,0.000000,0.000000,0.185500,0,0
181800000000,182100000000,6274140245,50,4245931122,0.185800,0.061710,0.063230,0.000236,0.056030,0.061770,0.000005,0.000000,0.205600,0.000143,1.326000,0.000692,0.000000,0.000000,0.187000,0,0
182100000000,182400000000,6274140245,50,4245931122,0.186000,0.061580,0.063230,0.000236,0.056030,0.061650,0.000003,0.000000,0.366200,0.000072,1.354000,0.000717,0.000000,0.000000,0.187300,0,0
182400000000,182700000000,6274140245,50,4245931122,0.185800,0.061580,0.063230,0.000240,0.056030,0.061710,0.000011,0.000000,0.204300,0.002357,1.355000,0.000764,0.000000,0.000000,0.186500,0,0
182700000000,183000000000,6274140245,50,4245931122,0.185500,0.061580,0.063230,0.000241,0.056030,0.061650,0.000004,0.000000,0.205300,0.000072,1.341000,0.000709,0.000000,0.000000,0.183300,0,0
183000000000,183300000000,6274140245,50,4245931122,0.185500,0.061650,0.063230,0.000258,0.056030,0.061650,0.000020,0.000000,0.192900,0.002998,1.352000,0.000711,0.000000,0.000000,0.186800,0,0
183300000000,183600000000,6274140245,50,4245931122,0.186000,0.061580,0.063230,0.000270,0.056030,0.061650,0.000004,0.000000,0.189700,0.000143,1.359000,0.000761,0.000000,0.000000,0.186500,0,0
183600000000,183900000000,6274140245,50,4245931122,0.142300,0.061400,0.063230,0.000263,0.056030,0.061580,0.000004,0.000000,0.189500,0.000286,1.306000,0.000709,0.000000,0.000000,0.188000,0,0
183900000000,183992000000,6274140245,50,4245931122,0.058960,0.061040,0.063230,0.001488,0.056030,0.061160,0.001003,0.000000,0.064090,0.022430,1.437000,0.000770,0.000000,0.000000,0.062500,0,0
183992000000,184015000000,6274140245,50,4245931122,0.000095,0.000000,0.000000,0.000000,0.000000,0.000000,0.000015,0.000000,0.002197,0.000143,1.443000,0.000836,0.000000,0.000000,0.000000,0,0
184015000000,184016000000,6274140245,50,4245931122,0.000000,0.000000,0.000000,0.000000,0.000000,0.000000,0.000000,0.000000,0.000000,0.000000,1.443000,0.000836,0.000000,0.000000,0.000000,0,0
