179244000000,179400000000,6274140245,51,35625929,0.000000,0.000000,0.000000,0.000000,0.000000,0.000000,0.000000,0.000000,0.000000,0.000000,0.000000,0.000000,0.000000,0.000000,0.000000,0,0
179400000000,179700000000,6274140245,51,35625929,0.000000,0.000000,0.000000,0.000000,0.000000,0.000000,0.000000,0.000000,0.000000,0.000000,0.000000,0.000000,0.000000,0.000000,0.000000,0,0
179700000000,179751000000,6274140245,51,35625929,0.000000,0.000000,0.000000,0.000000,0.000000,0.000000,0.000000,0.000000,0.000000,0.000000,0.000000,0.000000,0.000000,0.000000,0.000000,0,0
179751000000,179894000000,6274140245,51,35625929,0.004120,0.019500,0.020420,0.000151,0.018550,0.032840,0.029170,0.000000,0.027310,0.087890,1.287000,0.002677,0.000000,0.000000,0.009369,0,0
179894000000,180000000000,6274140245,51,35625929,0.033140,0.054990,0.055970,0.000286,0.052370,0.060910,0.027340,0.000000,0.188200,0.123400,27.350000,0.127700,0.000000,0.000000,0.062440,0,0
180000000000,180300000000,6274140245,51,35625929,0.180900,0.061830,0.062870,0.000366,0.056090,0.062010,0.000701,0.000000,0.407200,0.035710,1.343000,0.000704,0.000000,0.000000,0.186800,0,0
180300000000,180600000000,6274140245,51,35625929,0.186300,0.061770,0.062870,0.000388,0.056150,0.061830,0.000007,0.000000,0.362800,0.000428,1.322000,0.000643,0.000000,0.000000,0.186000,0,0
180600000000,180714000000,6274140245,51,35625929,0.185100,0.061830,0.062870,0.000387,0.056150,0.061830,0.000005,0.000000,0.191900,0.000072,1.387000,0.000764,0.000000,0.000000,0.188500,0,0
180714000000,180900000000,6274140245,51,35625929,0.185300,0.061710,0.062870,0.000387,0.056150,0.061830,0.000015,0.000000,0.189500,0.001286,1.371000,0.000703,0.000000,0.000000,0.187700,0,0
180900000000,181200000000,6274140245,51,35625929,0.186300,0.061830,0.062870,0.000386,0.056150,0.061890,0.000004,0.000000,0.375500,0.000215,1.374000,0.000713,0.000000,0.000000,0.178700,0,0
181200000000,181500000000,6274140245,51,35625929,0.184100,0.061830,0.062870,0.000386,0.056150,0.061830,0.000004,0.000000,0.367200,0.000072,1.382000,0.000728,0.000000,0.000000,0.186800,0,0
181500000000,181800000000,6274140245,51,35625929,0.186500,0.061830,0.062870,0.000387,0.056150,0.061830,0.000003,0.000000,0.375500,0.000143,1.326000,0.000694,0.000000,0.000000,0.186800,0,0
181800000000,182100000000,6274140245,51,35625929,0.187000,0.061770,0.062870,0.000387,0.056150,0.061830,0.000003,0.000000,0.376500,0.000072,1.369000,0.000695,0.000000,0.000000,0.188000,0,0
182100000000,182400000000,6274140245,51,35625929,0.187300,0.061770,0.062870,0.000387,0.056150,0.061890,0.000004,0.000000,0.386700,0.000143,1.378000,0.000713,0.000000,0.000000,0.187500,0,0
182400000000,182700000000,6274140245,51,35625929,0.186800,0.061770,0.062870,0.000419,0.056210,0.061830,0.000030,0.000000,0.375500,0.005211,1.350000,0.000723,0.000000,0.000000,0.188000,0,0
182700000000,183000000000,6274140245,51,35625929,0.186300,0.061770,0.062870,0.000421,0.056210,0.061830,0.000004,0.000000,0.376000,0.000143,1.331000,0.000676,0.000000,0.000000,0.188000,0,0
183000000000,183300000000,6274140245,51,35625929,0.187700,0.061770,0.062870,0.000421,0.056210,0.061830,0.000009,0.000000,0.375500,0.001572,1.354000,0.000687,0.000000,0.000000,0.188700,0,0
183300000000,183600000000,6274140245,51,35625929,0.187300,0.061770,0.062870,0.000423,0.056210,0.061830,0.000004,0.000000,0.376000,0.000143,1.355000,0.000678,0.000000,0.000000,0.187300,0,0
183600000000,183900000000,6274140245,51,35625929,0.145500,0.061710,0.062870,0.000423,0.056210,0.061830,0.000004,0.000000,0.376000,0.000215,1.371000,0.000688,0.000000,0.000000,0.062500,0,0
183900000000,183950000000,6274140245,51,35625929,0.006065,0.061100,0.062870,0.001539,0.056210,0.061400,0.001169,0.000000,0.063840,0.021850,1.418000,0.000757,0.000000,0.000000,0.000132,0,0
183950000000,183970000000,6274140245,51,35625929,0.000125,0.000000,0.000000,0.000000,0.000000,0.000000,0.000021,0.000000,0.002502,0.000357,2.672000,0.009442,0.000000,0.000000,0.000000,0,0
183970000000,183971000000,6274140245,51,35625929,0.000000,0.000000,0.000000,0.000000,0.000000,0.000000,0.000000,0.000000,0.000000,0.000000,2.672000,0.009442,0.000000,0.000000,0.000000,0,0
