179238000000,179400000000,6274140245,52,3676266083,0.000000,0.000000,0.000000,0.000000,0.000000,0.000000,0.000000,0.000000,0.000000,0.000000,0.000000,0.000000,0.000000,0.000000,0.000000,0,0
179400000000,179496000000,6274140245,52,3676266083,0.000000,0.000000,0.000000,0.000000,0.000000,0.000000,0.000000,0.000000,0.000000,0.000000,0.000000,0.000000,0.000000,0.000000,0.000000,0,0
179496000000,179574000000,6274140245,52,3676266083,0.007904,0.020320,0.030760,0.000122,0.028690,0.035950,0.050960,0.000000,0.020970,0.069340,4.116000,0.015980,0.000000,0.000000,0.001301,0,0
179574000000,179700000000,6274140245,52,3676266083,0.096560,0.053160,0.060300,0.000556,0.055660,0.061040,0.011490,0.000000,0.193600,0.145500,1.096000,0.000480,0.000000,0.000000,0.006386,0,0
179700000000,180000000000,6274140245,52,3676266083,0.185100,0.060490,0.062070,0.000418,0.056150,0.060670,0.000072,0.000000,0.371100,0.010070,1.347000,0.000721,0.000000,0.000000,0.185800,0,0
180000000000,180192000000,6274140245,52,3676266083,0.184600,0.060490,0.062070,0.000421,0.056210,0.060610,0.000012,0.000000,0.198000,0.001286,1.407000,0.000813,0.000000,0.000000,0.188000,0,0
180192000000,180300000000,6274140245,52,3676266083,0.182900,0.060550,0.062070,0.000419,0.056210,0.060610,0.000009,0.000000,0.369600,0.000571,1.418000,0.000775,0.000000,0.000000,0.180700,0,0
180300000000,180600000000,6274140245,52,3676266083,0.185300,0.060550,0.062070,0.000403,0.056150,0.060610,0.000004,0.000000,0.370100,0.000428,1.424000,0.000760,0.000000,0.000000,0.176000,0,0
180600000000,180900000000,6274140245,52,3676266083,0.183300,0.060550,0.062070,0.000392,0.056150,0.060670,0.000005,0.000000,0.373000,0.000357,1.373000,0.000746,0.000000,0.000000,0.187000,0,0
180900000000,181200000000,6274140245,52,3676266083,0.181200,0.060610,0.062070,0.000375,0.056150,0.060670,0.000005,0.000000,0.194800,0.000357,1.372000,0.000726,0.000000,0.000000,0.184800,0,0
181200000000,181500000000,6274140245,52,3676266083,0.181900,0.060670,0.062070,0.000357,0.056150,0.060730,0.000015,0.000000,0.323200,0.002930,1.432000,0.000781,0.000000,0.000000,0.184600,0,0
181500000000,181800000000,6274140245,52,3676266083,0.182400,0.060610,0.062070,0.000352,0.056150,0.060670,0.000020,0.000000,0.374500,0.002213,1.460000,0.000817,0.000000,0.000000,0.186800,0,0
181800000000,182100000000,6274140245,52,3676266083,0.185500,0.060610,0.062070,0.000337,0.056090,0.060670,0.000010,0.000000,0.347700,0.000786,1.424000,0.000738,0.000000,0.000000,0.187700,0,0
182100000000,182400000000,6274140245,52,3676266083,0.185800,0.060610,0.062070,0.000325,0.056090,0.060670,0.000017,0.000000,0.370100,0.003429,1.404000,0.000744,0.000000,0.000000,0.187500,0,0
182400000000,182700000000,6274140245,52,3676266083,0.185500,0.060610,0.062070,0.000313,0.056090,0.060670,0.000016,0.000000,0.191400,0.004074,1.408000,0.000763,0.000000,0.000000,0.175800,0,0
182700000000,183000000000,6274140245,52,3676266083,0.185300,0.060670,0.062070,0.000326,0.056090,0.060730,0.000005,0.000000,0.333000,0.000428,1.403000,0.000718,0.000000,0.000000,0.188000,0,0
183000000000,183300000000,6274140245,52,3676266083,0.186000,0.060670,0.062070,0.000318,0.056090,0.060730,0.000009,0.000000,0.374500,0.001499,1.380000,0.000714,0.000000,0.000000,0.187700,0,0
183300000000,183600000000,6274140245,52,3676266083,0.186500,0.060670,0.062070,0.000309,0.056090,0.060730,0.000005,0.000000,0.376500,0.000571,1.346000,0.000698,0.000000,0.000000,0.187000,0,0
183600000000,183900000000,6274140245,52,3676266083,0.129200,0.060610,0.062070,0.000300,0.056090,0.060730,0.000007,0.000000,0.375500,0.000643,1.336000,0.000680,0.000000,0.000000,0.125200,0,0
183900000000,183931000000,6274140245,52,3676266083,0.001682,0.059810,0.062070,0.003914,0.056090,0.060060,0.002750,0.000000,0.057620,0.035520,1.389000,0.000773,0.000000,0.000000,0.000112,0,0
183931000000,183954000000,6274140245,52,3676266083,0.000091,0.000000,0.000000,0.000000,0.000000,0.000000,0.000003,0.000000,0.002075,0.000072,3.041000,0.010900,0.000000,0.000000,0.000000,0,0
183954000000,183955000000,6274140245,52,3676266083,0.000000,0.000000,0.000000,0.000000,0.000000,0.000000,0.000000,0.000000,0.000000,0.000000,3.041000,0.010900,0.000000,0.000000,0.000000,0,0
