179235000000,179400000000,6274140245,53,1093202,0.000000,0.000000,0.000000,0.000000,0.000000,0.000000,0.000000,0.000000,0.000000,0.000000,0.000000,0.000000,0.000000,0.000000,0.000000,0,0
179400000000,179539000000,6274140245,53,1093202,0.000000,0.000000,0.000000,0.000000,0.000000,0.000000,0.000000,0.000000,0.000000,0.000000,0.000000,0.000000,0.000000,0.000000,0.000000,0,0
179539000000,179700000000,6274140245,53,1093202,0.004707,0.027400,0.028230,0.000157,0.026400,0.053590,0.038150,0.000000,0.016300,0.064330,4.018000,0.015340,0.000000,0.000000,0.005280,0,0
179700000000,179714000000,6274140245,53,1093202,0.022220,0.053590,0.053650,0.000168,0.051940,0.053650,0.024840,0.000000,0.062870,0.034670,32.770000,0.150000,0.000000,0.000000,0.011460,0,0
179714000000,180000000000,6274140245,53,1093202,0.142800,0.059940,0.060120,0.000199,0.055480,0.061280,0.007767,0.000000,0.190400,0.084470,1.414000,0.000700,0.000000,0.000000,0.006691,0,0
180000000000,180300000000,6274140245,53,1093202,0.185500,0.061160,0.061340,0.000114,0.055850,0.061280,0.000098,0.000000,0.200900,0.010210,1.408000,0.000694,0.000000,0.000000,0.143600,0,0
180300000000,180513000000,6274140245,53,1093202,0.184600,0.061220,0.061340,0.000104,0.055850,0.061220,0.000015,0.000000,0.196000,0.001572,1.459000,0.000750,0.000000,0.000000,0.187000,0,0
180513000000,180600000000,6274140245,53,1093202,0.185100,0.061100,0.061340,0.000103,0.055850,0.061220,0.000103,0.000000,0.193100,0.004784,1.459000,0.000783,0.000000,0.000000,0.187300,0,0
180600000000,180900000000,6274140245,53,1093202,0.184100,0.061160,0.061340,0.000096,0.055850,0.061220,0.000015,0.000000,0.205600,0.001072,1.384000,0.000718,0.000000,0.000000,0.187000,0,0
180900000000,181200000000,6274140245,53,1093202,0.184600,0.061160,0.061340,0.000082,0.055850,0.061280,0.000005,0.000000,0.205600,0.000143,1.413000,0.000726,0.000000,0.000000,0.185800,0,0
181200000000,181500000000,6274140245,53,1093202,0.184800,0.061160,0.061340,0.000080,0.055850,0.061280,0.000038,0.000000,0.371600,0.006859,1.444000,0.000757,0.000000,0.000000,0.186300,0,0
181500000000,181800000000,6274140245,53,1093202,0.184300,0.061160,0.061340,0.000071,0.055850,0.061280,0.000005,0.000000,0.200200,0.000215,1.431000,0.000721,0.000000,0.000000,0.189000,0,0
181800000000,182100000000,6274140245,53,1093202,0.185300,0.061220,0.061400,0.000069,0.055850,0.061280,0.000032,0.000000,0.195600,0.008286,1.440000,0.000741,0.000000,0.000000,0.188200,0,0
182100000000,182400000000,6274140245,53,1093202,0.185100,0.061220,0.061400,0.000042,0.055790,0.061280,0.000004,0.000000,0.200000,0.000072,1.436000,0.000713,0.000000,0.000000,0.188000,0,0
182400000000,182700000000,6274140245,53,1093202,0.183600,0.061220,0.061400,0.000029,0.055790,0.061280,0.000006,0.000000,0.215100,0.000357,1.403000,0.000727,0.000000,0.000000,0.187700,0,0
182700000000,183000000000,6274140245,53,1093202,0.183600,0.061160,0.061400,0.000018,0.055790,0.061280,0.000040,0.000000,0.216100,0.003571,1.359000,0.000703,0.000000,0.000000,0.188200,0,0
183000000000,183300000000,6274140245,53,1093202,0.184100,0.061220,0.061340,0.000044,0.055790,0.061340,0.000111,0.000000,0.224400,0.020200,1.407000,0.000738,0.000000,0.000000,0.187700,0,0
183300000000,183600000000,6274140245,53,1093202,0.185100,0.061220,0.061400,0.000058,0.055790,0.061400,0.000604,0.000000,0.231700,0.051210,1.380000,0.000717,0.000000,0.000000,0.189700,0,0
183600000000,183900000000,6274140245,53,1093202,0.139900,0.061160,0.061400,0.000068,0.055790,0.061280,0.000060,0.000000,0.238000,0.012650,1.408000,0.000735,0.000000,0.000000,0.186800,0,0
183900000000,183931000000,6274140245,53,1093202,0.001766,0.060180,0.061340,0.003685,0.055850,0.060420,0.004059,0.000000,0.044680,0.051640,3.550000,0.013200,0.000000,0.000000,0.000069,0,0
183931000000,183952000000,6274140245,53,1093202,0.000151,0.002731,0.000000,0.000000,0.000000,0.057370,0.000017,0.000000,0.003174,0.000215,3.550000,0.013200,0.000000,0.000000,0.000000,0,0
183952000000,183953000000,6274140245,53,1093202,0.000000,0.000000,0.000000,0.000000,0.000000,0.000000,0.000000,0.000000,0.000000,0.000000,3.550000,0.013200,0.000000,0.000000,0.000000,0,0
