179229000000,179400000000,6274140245,54,988651,0.000000,0.000000,0.000000,0.000000,0.000000,0.000000,0.000000,0.000000,0.000000,0.000000,0.000000,0.000000,0.000000,0.000000,0.000000,0,0
179400000000,179444000000,6274140245,54,988651,0.000000,0.000000,0.000000,0.000000,0.000000,0.000000,0.000000,0.000000,0.000000,0.000000,0.000000,0.000000,0.000000,0.000000,0.000000,0,0
179444000000,179572000000,6274140245,54,988651,0.033020,0.037960,0.039490,0.000331,0.036620,0.060180,0.046020,0.000000,0.188700,0.140100,1.253000,0.001124,0.000000,0.000000,0.009872,0,0
179572000000,179684000000,6274140245,54,988651,0.150400,0.060300,0.060850,0.000177,0.055850,0.060610,0.014180,0.000000,0.364700,0.072020,1.247000,0.000601,0.000000,0.000000,0.181900,0,0
179684000000,179700000000,6274140245,54,988651,0.187000,0.060670,0.062130,0.000329,0.056030,0.060730,0.001162,0.000000,0.189700,0.018430,1.324000,0.000698,0.000000,0.000000,0.187700,0,0
179700000000,180000000000,6274140245,54,988651,0.185500,0.060550,0.062130,0.000356,0.056090,0.060730,0.000078,0.000000,0.373500,0.010640,1.336000,0.000739,0.000000,0.000000,0.185500,0,0
180000000000,180300000000,6274140245,54,988651,0.182400,0.060490,0.062130,0.000369,0.056150,0.060610,0.000030,0.000000,0.370100,0.006783,1.389000,0.000779,0.000000,0.000000,0.186500,0,0
180300000000,180600000000,6274140245,54,988651,0.183300,0.060490,0.062130,0.000357,0.056090,0.060550,0.000031,0.000000,0.377000,0.002285,1.368000,0.000741,0.000000,0.000000,0.179700,0,0
180600000000,180900000000,6274140245,54,988651,0.180900,0.060550,0.062130,0.000361,0.056150,0.060610,0.000049,0.000000,0.375000,0.008575,1.341000,0.000731,0.000000,0.000000,0.179400,0,0
180900000000,181200000000,6274140245,54,988651,0.180700,0.060550,0.062130,0.000363,0.056150,0.060610,0.000005,0.000000,0.374000,0.000643,1.348000,0.000737,0.000000,0.000000,0.183600,0,0
181200000000,181500000000,6274140245,54,988651,0.182600,0.060550,0.062130,0.000363,0.056150,0.060610,0.000005,0.000000,0.355000,0.000357,1.345000,0.000765,0.000000,0.000000,0.127200,0,0
181500000000,181800000000,6274140245,54,988651,0.182100,0.060550,0.062130,0.000360,0.056150,0.060610,0.000029,0.000000,0.371100,0.004288,1.326000,0.000769,0.000000,0.000000,0.187000,0,0
181800000000,182100000000,6274140245,54,988651,0.182400,0.060550,0.062130,0.000356,0.056090,0.060610,0.000004,0.000000,0.200700,0.000072,1.350000,0.000744,0.000000,0.000000,0.177200,0,0
182100000000,182400000000,6274140245,54,988651,0.184800,0.060550,0.062130,0.000356,0.056090,0.060610,0.000010,0.000000,0.375000,0.001928,1.363000,0.000776,0.000000,0.000000,0.187500,0,0
182400000000,182700000000,6274140245,54,988651,0.186300,0.060550,0.062130,0.000380,0.056150,0.060610,0.000024,0.000000,0.375000,0.005287,1.368000,0.000771,0.000000,0.000000,0.187500,0,0
182700000000,183000000000,6274140245,54,988651,0.184800,0.060490,0.062130,0.000390,0.056150,0.060610,0.000010,0.000000,0.374000,0.001642,1.328000,0.000733,0.000000,0.000000,0.186500,0,0
183000000000,183300000000,6274140245,54,988651,0.185300,0.060490,0.062130,0.000391,0.056150,0.060610,0.000007,0.000000,0.374500,0.000857,1.376000,0.000788,0.000000,0.000000,0.181200,0,0
183300000000,183600000000,6274140245,54,988651,0.183600,0.060490,0.062130,0.000379,0.056150,0.060610,0.000006,0.000000,0.385300,0.000571,1.392000,0.000796,0.000000,0.000000,0.185300,0,0
183600000000,183900000000,6274140245,54,988651,0.141400,0.060420,0.062130,0.000378,0.056150,0.060610,0.000006,0.000000,0.191400,0.000714,1.266000,0.000664,0.000000,0.000000,0.068600,0,0
183900000000,184200000000,6274140245,54,988651,0.071290,0.059810,0.062010,0.000389,0.056150,0.060000,0.000043,0.000000,0.126200,0.007141,1.314000,0.000672,0.000000,0.000000,0.054020,0,0
184200000000,184337000000,6274140245,54,988651,0.083740,0.059630,0.060240,0.000388,0.056150,0.059750,0.000006,0.000000,0.125700,0.000286,1.224000,0.000627,0.000000,0.000000,0.062870,0,0
184337000000,184500000000,6274140245,54,988651,0.045040,0.059330,0.060240,0.000388,0.056150,0.059630,0.000008,0.000000,0.066650,0.000286,1.322000,0.000735,0.000000,0.000000,0.062740,0,0
184500000000,184800000000,6274140245,54,988651,0.052370,0.059200,0.060240,0.000403,0.056150,0.059270,0.000022,0.000000,0.066890,0.001429,1.397000,0.000756,0.000000,0.000000,0.062130,0,0
184800000000,184840000000,6274140245,54,988651,0.001286,0.058960,0.060180,0.001932,0.056210,0.059080,0.001501,0.000000,0.040770,0.026920,3.386000,0.012950,0.000000,0.000000,0.000091,0,0
184840000000,184861000000,6274140245,54,988651,0.000108,0.000000,0.000000,0.000000,0.000000,0.000000,0.000072,0.000000,0.002258,0.001429,3.386000,0.012950,0.000000,0.000000,0.000000,0,0
184861000000,184863000000,6274140245,54,988651,0.000000,0.000000,0.000000,0.000000,0.000000,0.000000,0.000000,0.000000,0.000000,0.000000,3.386000,0.012950,0.000000,0.000000,0.000000,0,0
