179236000000,179400000000,6274140245,55,32085963,0.000000,0.000000,0.000000,0.000000,0.000000,0.000000,0.000000,0.000000,0.000000,0.000000,0.000000,0.000000,0.000000,0.000000,0.000000,0,0
179400000000,179442000000,6274140245,55,32085963,0.000000,0.000000,0.000000,0.000000,0.000000,0.000000,0.000000,0.000000,0.000000,0.000000,0.000000,0.000000,0.000000,0.000000,0.000000,0,0
179442000000,179581000000,6274140245,55,32085963,0.014770,0.036620,0.037540,0.000217,0.035280,0.059750,0.038510,0.000000,0.187700,0.119000,2.743000,0.010680,0.000000,0.000000,0.005707,0,0
179581000000,179700000000,6274140245,55,32085963,0.027280,0.059690,0.059690,0.000067,0.055730,0.059750,0.038210,0.000000,0.188700,0.069210,1.339000,0.000648,0.000000,0.000000,0.000643,0,0
179700000000,180000000000,6274140245,55,32085963,0.181400,0.060550,0.061710,0.000376,0.056090,0.060730,0.001619,0.000000,0.206100,0.061710,1.308000,0.000682,0.000000,0.000000,0.186500,0,0
180000000000,180152000000,6274140245,55,32085963,0.187300,0.060420,0.061710,0.000396,0.056150,0.060610,0.000017,0.000000,0.206100,0.001499,1.302000,0.000658,0.000000,0.000000,0.187700,0,0
180152000000,180300000000,6274140245,55,32085963,0.186800,0.060550,0.061770,0.000374,0.056150,0.061220,0.000141,0.000000,0.374500,0.008713,1.318000,0.000695,0.000000,0.000000,0.187300,0,0
180300000000,180600000000,6274140245,55,32085963,0.187000,0.060490,0.061770,0.000380,0.056150,0.060610,0.000003,0.000000,0.206300,0.000072,1.331000,0.000723,0.000000,0.000000,0.181600,0,0
180600000000,180900000000,6274140245,55,32085963,0.186500,0.060550,0.061770,0.000380,0.056150,0.060610,0.000015,0.000000,0.750000,0.002144,1.324000,0.000646,0.000000,0.000000,0.188500,0,0
180900000000,180916000000,6274140245,55,32085963,0.187000,0.060610,0.061770,0.000380,0.056150,0.060610,0.000005,0.000000,0.192100,0.000072,1.342000,0.000752,0.000000,0.000000,0.184800,0,0
180916000000,180927000000,6274140245,55,32085963,0.169900,0.060670,0.061770,0.000443,0.056210,0.060850,0.004166,0.000000,0.373500,0.019780,1.243000,0.000591,0.000000,0.000000,0.188000,0,0
180927000000,180935000000,6274140245,55,32085963,0.037780,0.007072,0.000000,0.003757,0.007050,0.056580,0.000366,0.000000,0.302200,0.002930,1.243000,0.000591,0.000000,0.000000,0.000000,1,0
180935000000,180936000000,6274140245,55,32085963,0.000000,0.000000,0.000000,0.000000,0.000000,0.000000,0.000000,0.000000,0.000000,0.000000,1.243000,0.000591,0.000000,0.000000,0.000000,0,0
180950000000,180955000000,6274140245,55,1199240546,0.000000,0.000000,0.000000,0.000000,0.000000,0.000000,0.000000,0.000000,0.000000,0.000000,0.000000,0.000000,0.000000,0.000000,0.000000,0,0
180955000000,181200000000,6274140245,55,1199240546,0.001356,0.010530,0.012650,0.000318,0.010390,0.018710,0.010100,0.000000,0.020940,0.075200,1.405000,0.003717,0.000000,0.000000,0.000602,0,0
181200000000,181308000000,6274140245,55,1199240546,0.003250,0.022340,0.000000,0.000000,0.000000,0.036250,0.000000,0.000000,0.012700,0.000000,0.000000,0.000000,0.000000,0.000000,0.000615,0,0
181308000000,181500000000,6274140245,55,1199240546,0.033870,0.050170,0.058470,0.000554,0.055360,0.060240,0.009842,0.000000,0.298800,0.084840,1.235000,0.000662,0.000000,0.000000,0.058350,0,0
181500000000,181800000000,6274140245,55,1199240546,0.172100,0.060730,0.062010,0.000314,0.056030,0.060970,0.001652,0.000000,0.374500,0.042850,1.295000,0.000673,0.000000,0.000000,0.184300,0,0
181800000000,182100000000,6274140245,55,1199240546,0.187300,0.060670,0.062130,0.000385,0.056150,0.060790,0.000006,0.000000,2.156000,0.000215,1.309000,0.000668,0.000000,0.000000,0.188500,0,0
182100000000,182160000000,6274140245,55,1199240546,0.187000,0.060610,0.062130,0.000385,0.056150,0.060670,0.000001,0.000000,0.375000,0.000072,1.198000,0.000597,0.000000,0.000000,0.187500,0,0
182160000000,182400000000,6274140245,55,1199240546,0.187500,0.060730,0.062130,0.000385,0.056150,0.060790,0.000003,0.000000,0.376000,0.000072,1.399000,0.000738,0.000000,0.000000,0.188000,0,0
182400000000,182700000000,6274140245,55,1199240546,0.187000,0.060730,0.062130,0.000386,0.056150,0.060790,0.000005,0.000000,0.376000,0.000357,1.384000,0.000716,0.000000,0.000000,0.187300,0,0
182700000000,183000000000,6274140245,55,1199240546,0.186800,0.060730,0.062130,0.000386,0.056150,0.060790,0.000007,0.000000,0.376000,0.000571,1.385000,0.000747,0.000000,0.000000,0.187700,0,0
183000000000,183300000000,6274140245,55,1199240546,0.187300,0.060790,0.062130,0.000386,0.056150,0.060850,0.000005,0.000000,0.376000,0.000357,1.439000,0.000766,0.000000,0.000000,0.187000,0,0
183300000000,183600000000,6274140245,55,1199240546,0.187300,0.060790,0.062130,0.000386,0.056150,0.060850,0.000005,0.000000,0.376500,0.000500,1.388000,0.000698,0.000000,0.000000,0.186800,0,0
183600000000,183900000000,6274140245,55,1199240546,0.185100,0.060790,0.062130,0.000387,0.056150,0.060850,0.000008,0.000000,0.432600,0.000571,1.370000,0.000733,0.000000,0.000000,0.187500,0,0
183900000000,184200000000,6274140245,55,1199240546,0.089600,0.060360,0.062130,0.000407,0.056150,0.060850,0.000074,0.000000,0.251500,0.004356,1.352000,0.000723,0.000000,0.000000,0.062620,0,0
184200000000,184500000000,6274140245,55,1199240546,0.112900,0.060120,0.062130,0.000429,0.056210,0.060180,0.000009,0.000000,0.561500,0.000428,1.291000,0.000633,0.000000,0.000000,0.124600,0,0
184500000000,184555000000,6274140245,55,1199240546,0.060360,0.060000,0.062130,0.000430,0.056210,0.060000,0.000051,0.000000,0.127000,0.001715,1.490000,0.000835,0.000000,0.000000,0.062740,0,0
184555000000,184800000000,6274140245,55,1199240546,0.088260,0.060000,0.062130,0.000431,0.056210,0.060180,0.000030,0.000000,0.188200,0.002213,1.420000,0.000678,0.000000,0.000000,0.125500,0,0
184800000000,185100000000,6274140245,55,1199240546,0.058840,0.059810,0.061460,0.000290,0.056030,0.060180,0.000065,0.000000,0.128400,0.004211,1.378000,0.000743,0.000000,0.000000,0.062500,0,0
185100000000,185400000000,6274140245,55,1199240546,0.060300,0.059510,0.060180,0.000026,0.055790,0.059630,0.000330,0.000000,0.125200,0.021510,1.252000,0.000586,0.000000,0.000000,0.063110,0,0
185400000000,185700000000,6274140245,55,1199240546,0.076540,0.059750,0.060180,0.000125,0.055850,0.060240,0.006416,0.000000,0.250000,0.065800,1.413000,0.000762,0.000000,0.000000,0.125200,0,0
185700000000,186000000000,6274140245,55,1199240546,0.077390,0.060360,0.061460,0.000222,0.055910,0.060790,0.020080,0.000000,0.199500,0.071410,1.457000,0.000712,0.000000,0.000000,0.123800,0,0
186000000000,186300000000,6274140245,55,1199240546,0.039790,0.059570,0.061160,0.000198,0.055970,0.060240,0.000008,0.000000,0.127000,0.001572,1.485000,0.000770,0.000000,0.000000,0.000452,0,0
186300000000,186600000000,6274140245,55,1199240546,0.069340,0.059690,0.060180,0.000130,0.055910,0.060060,0.000150,0.000000,0.250500,0.028560,1.313000,0.000545,0.000000,0.000000,0.125000,0,0
186600000000,186900000000,6274140245,55,1199240546,0.029270,0.059450,0.060180,0.000143,0.055910,0.059750,0.000002,0.000000,0.100500,0.000072,1.312000,0.000549,0.000000,0.000000,0.000038,0,0
186900000000,187200000000,6274140245,55,1199240546,0.000199,0.059140,0.060180,0.000143,0.055910,0.059140,0.000003,0.000000,0.004959,0.000286,3.219000,0.011680,0.000000,0.000000,0.000072,0,0
187200000000,187500000000,6274140245,55,1199240546,0.123300,0.060180,0.061280,0.000202,0.055970,0.061040,0.001087,0.000000,0.372100,0.057130,1.330000,0.000656,0.000000,0.000000,0.000050,0,0
187500000000,187800000000,6274140245,55,1199240546,0.112900,0.060490,0.062070,0.000335,0.056090,0.060850,0.000101,0.000000,0.356400,0.014570,1.407000,0.000768,0.000000,0.000000,0.000214,0,0
187800000000,188100000000,6274140245,55,1199240546,0.049070,0.059390,0.060180,0.000125,0.055910,0.059510,0.000126,0.000000,0.068970,0.019350,1.323000,0.000630,0.000000,0.000000,0.062870,0,0
188100000000,188400000000,6274140245,55,1199240546,0.059080,0.059510,0.060180,0.000145,0.055910,0.059880,0.000037,0.000000,0.127000,0.009140,1.425000,0.000756,0.000000,0.000000,0.062620,0,0
188400000000,188700000000,6274140245,55,1199240546,0.079470,0.059810,0.060180,0.000130,0.055910,0.060120,0.000010,0.000000,0.129600,0.001999,1.390000,0.000686,0.000000,0.000000,0.062500,0,0
188700000000,189000000000,6274140245,55,1199240546,0.040890,0.059510,0.060180,0.000089,0.055850,0.059810,0.000003,0.000000,0.106600,0.000215,1.434000,0.000718,0.000000,0.000000,0.062620,0,0
189000000000,189300000000,6274140245,55,1199240546,0.087650,0.059880,0.060790,0.000158,0.055910,0.061100,0.001356,0.000000,0.355500,0.057370,1.360000,0.000745,0.000000,0.000000,0.000044,0,0
189300000000,189600000000,6274140245,55,1199240546,0.100600,0.060300,0.061830,0.000298,0.056030,0.060970,0.000075,0.000000,0.376500,0.013080,1.340000,0.000696,0.000000,0.000000,0.062070,0,0
189600000000,189900000000,6274140245,55,1199240546,0.032900,0.059330,0.060180,0.000097,0.055850,0.059570,0.000192,0.000000,0.067500,0.036190,1.414000,0.000725,0.000000,0.000000,0.062620,0,0
189900000000,190200000000,6274140245,55,1199240546,0.032840,0.059390,0.060180,0.000168,0.055910,0.059510,0.000031,0.000000,0.066280,0.003429,1.376000,0.000650,0.000000,0.000000,0.062990,0,0
190200000000,190500000000,6274140245,55,1199240546,0.060550,0.059450,0.060180,0.000159,0.055910,0.059510,0.000012,0.000000,0.068850,0.002857,1.300000,0.000633,0.000000,0.000000,0.061770,0,0
190500000000,190800000000,6274140245,55,1199240546,0.121900,0.060180,0.061100,0.000218,0.055970,0.061040,0.004189,0.000000,0.190900,0.059020,1.379000,0.000762,0.000000,0.000000,0.188000,0,0
190800000000,191100000000,6274140245,55,1199240546,0.087160,0.060240,0.061650,0.000282,0.056030,0.060850,0.000017,0.000000,0.373000,0.004356,1.362000,0.000765,0.000000,0.000000,0.173600,0,0
191100000000,191400000000,6274140245,55,1199240546,0.021480,0.059270,0.060180,0.000046,0.055790,0.059510,0.000045,0.000000,0.067140,0.007568,1.406000,0.000571,0.000000,0.000000,0.000141,0,0
191400000000,191700000000,6274140245,55,1199240546,0.062440,0.059510,0.060180,0.000061,0.055850,0.059570,0.000070,0.000000,0.125200,0.020360,1.405000,0.000676,0.000000,0.000000,0.056340,0,0
191700000000,192000000000,6274140245,55,1199240546,0.017640,0.059330,0.060180,0.000088,0.055850,0.059570,0.000004,0.000000,0.125200,0.000428,1.533000,0.000816,0.000000,0.000000,0.000028,0,0
192000000000,192300000000,6274140245,55,1199240546,0.054990,0.059510,0.060180,0.000080,0.055850,0.060120,0.000065,0.000000,0.211900,0.013570,1.415000,0.000807,0.000000,0.000000,0.000016,0,0
192300000000,192600000000,6274140245,55,1199240546,0.069950,0.060180,0.060180,0.000064,0.055790,0.060240,0.005867,0.000000,0.222200,0.049260,1.357000,0.000670,0.000000,0.000000,0.125000,0,0
192600000000,192900000000,6274140245,55,1199240546,0.042720,0.059510,0.060180,0.000297,0.056030,0.060180,0.000123,0.000000,0.106600,0.014280,1.532000,0.000767,0.000000,0.000000,0.000072,0,0
192900000000,193135000000,6274140245,55,1199240546,0.022000,0.059330,0.060180,0.001234,0.056090,0.059510,0.000443,0.000000,0.068970,0.019230,1.473000,0.000754,0.000000,0.000000,0.000658,0,0
193135000000,193159000000,6274140245,55,1199240546,0.000102,0.000000,0.000000,0.000000,0.000000,0.000000,0.000131,0.000000,0.002441,0.002857,3.222000,0.008573,0.000000,0.000000,0.000000,0,0
193159000000,193164000000,6274140245,55,1199240546,0.000000,0.000000,0.000000,0.000000,0.000000,0.000000,0.000000,0.000000,0.000000,0.000000,3.222000,0.008573,0.000000,0.000000,0.000000,0,0
