179229000000,179400000000,6274140245,56,167674627,0.000000,0.000000,0.000000,0.000000,0.000000,0.000000,0.000000,0.000000,0.000000,0.000000,0.000000,0.000000,0.000000,0.000000,0.000000,0,0
179400000000,179453000000,6274140245,56,167674627,0.000000,0.000000,0.000000,0.000000,0.000000,0.000000,0.000000,0.000000,0.000000,0.000000,0.000000,0.000000,0.000000,0.000000,0.000000,0,0
179453000000,179583000000,6274140245,56,167674627,0.041750,0.039550,0.041080,0.000237,0.038330,0.059880,0.048220,0.000000,0.370100,0.189500,1.403000,0.000883,0.000000,0.000000,0.062500,0,0
179583000000,179700000000,6274140245,56,167674627,0.184600,0.060180,0.062130,0.000411,0.056150,0.060360,0.000208,0.000000,0.373500,0.011720,1.387000,0.000825,0.000000,0.000000,0.186500,0,0
179700000000,179778000000,6274140245,56,167674627,0.180200,0.060180,0.062130,0.000420,0.056150,0.060180,0.000047,0.000000,0.206100,0.002644,1.372000,0.000692,0.000000,0.000000,0.186500,0,0
179778000000,180000000000,6274140245,56,167674627,0.183800,0.060060,0.062190,0.000415,0.056150,0.060180,0.000073,0.000000,0.374000,0.008499,1.353000,0.000761,0.000000,0.000000,0.127400,0,0
180000000000,180300000000,6274140245,56,167674627,0.182600,0.060120,0.062190,0.000413,0.056150,0.060180,0.000018,0.000000,0.374000,0.003857,1.353000,0.000739,0.000000,0.000000,0.186500,0,0
180300000000,180600000000,6274140245,56,167674627,0.181400,0.060120,0.062190,0.000413,0.056210,0.060240,0.000005,0.000000,0.358400,0.000143,1.434000,0.000802,0.000000,0.000000,0.185800,0,0
180600000000,180900000000,6274140245,56,167674627,0.181400,0.060120,0.062190,0.000408,0.056150,0.060180,0.000008,0.000000,0.197300,0.001286,1.448000,0.000811,0.000000,0.000000,0.183800,0,0
180900000000,181200000000,6274140245,56,167674627,0.181400,0.060120,0.062190,0.000405,0.056150,0.060180,0.000004,0.000000,0.367700,0.000215,1.443000,0.000816,0.000000,0.000000,0.181900,0,0
181200000000,181500000000,6274140245,56,167674627,0.181600,0.060120,0.062190,0.000416,0.056210,0.060240,0.000014,0.000000,0.368700,0.003216,1.445000,0.000829,0.000000,0.000000,0.186800,0,0
181500000000,181800000000,6274140245,56,167674627,0.186000,0.060180,0.062190,0.000429,0.056210,0.060180,0.000008,0.000000,0.375000,0.001215,1.387000,0.000669,0.000000,0.000000,0.187700,0,0
181800000000,182100000000,6274140245,56,167674627,0.184600,0.060240,0.062190,0.000429,0.056210,0.060300,0.000008,0.000000,0.374000,0.001215,1.395000,0.000707,0.000000,0.000000,0.187700,0,0
182100000000,182400000000,6274140245,56,167674627,0.185500,0.060180,0.062190,0.000430,0.056210,0.060300,0.000006,0.000000,0.376000,0.000428,1.424000,0.000768,0.000000,0.000000,0.187000,0,0
182400000000,182700000000,6274140245,56,167674627,0.183100,0.060180,0.062190,0.000435,0.056210,0.060240,0.000028,0.000000,0.198200,0.002998,1.407000,0.000750,0.000000,0.000000,0.184100,0,0
182700000000,183000000000,6274140245,56,167674627,0.185500,0.060180,0.062190,0.000439,0.056210,0.060240,0.000003,0.000000,0.374500,0.000143,1.356000,0.000697,0.000000,0.000000,0.186800,0,0
183000000000,183300000000,6274140245,56,167674627,0.184800,0.060180,0.062190,0.000437,0.056210,0.060240,0.000021,0.000000,0.373500,0.002430,1.415000,0.000732,0.000000,0.000000,0.187000,0,0
183300000000,183600000000,6274140245,56,167674627,0.185500,0.060120,0.062190,0.000437,0.056210,0.060240,0.000007,0.000000,0.373000,0.000999,1.430000,0.000725,0.000000,0.000000,0.186800,0,0
183600000000,183900000000,6274140245,56,167674627,0.159200,0.060180,0.062190,0.000437,0.056210,0.060240,0.000003,0.000000,0.247300,0.000143,1.470000,0.000775,0.000000,0.000000,0.187700,0,0
183900000000,183980000000,6274140245,56,167674627,0.054020,0.059810,0.062190,0.001143,0.056210,0.059810,0.000662,0.000000,0.066890,0.023710,1.298000,0.000562,0.000000,0.000000,0.062740,0,0
183980000000,184000000000,6274140245,56,167674627,0.000339,0.000000,0.000000,0.000000,0.000000,0.000000,0.000043,0.000000,0.006775,0.000643,1.330000,0.000541,0.000000,0.000000,0.000000,0,0
184000000000,184001000000,6274140245,56,167674627,0.000000,0.000000,0.000000,0.000000,0.000000,0.000000,0.000000,0.000000,0.000000,0.000000,1.330000,0.000541,0.000000,0.000000,0.000000,0,0
