179246000000,179400000000,6274140245,57,208981978,0.000000,0.000000,0.000000,0.000000,0.000000,0.000000,0.000000,0.000000,0.000000,0.000000,0.000000,0.000000,0.000000,0.000000,0.000000,0,0
179400000000,179469000000,6274140245,57,208981978,0.000000,0.000000,0.000000,0.000000,0.000000,0.000000,0.000000,0.000000,0.000000,0.000000,0.000000,0.000000,0.000000,0.000000,0.000000,0,0
179469000000,179598000000,6274140245,57,208981978,0.010960,0.033570,0.035220,0.000180,0.032410,0.059570,0.054570,0.000000,0.062620,0.177700,0.879500,0.000877,0.000000,0.000000,0.008652,0,0
179598000000,179700000000,6274140245,57,208981978,0.168900,0.060850,0.061340,0.000334,0.056030,0.061340,0.005295,0.000000,0.374000,0.114000,1.218000,0.000636,0.000000,0.000000,0.187700,0,0
179700000000,180000000000,6274140245,57,208981978,0.184100,0.061280,0.061650,0.000305,0.056090,0.061340,0.000035,0.000000,0.375500,0.005859,1.254000,0.000637,0.000000,0.000000,0.185100,0,0
180000000000,180065000000,6274140245,57,208981978,0.160400,0.061160,0.061580,0.000297,0.056030,0.061280,0.000006,0.000000,0.239700,0.000286,1.346000,0.000773,0.000000,0.000000,0.115100,0,0
180065000000,180300000000,6274140245,57,208981978,0.178000,0.061220,0.061650,0.000304,0.056090,0.061280,0.000026,0.000000,0.199000,0.003716,1.409000,0.000804,0.000000,0.000000,0.186000,0,0
180300000000,180600000000,6274140245,57,208981978,0.178200,0.061160,0.061650,0.000298,0.056030,0.061280,0.000007,0.000000,0.190400,0.000714,1.312000,0.000693,0.000000,0.000000,0.169900,0,0
180600000000,180900000000,6274140245,57,208981978,0.179700,0.061280,0.061650,0.000276,0.056030,0.061280,0.000010,0.000000,0.194600,0.001785,1.384000,0.000776,0.000000,0.000000,0.172600,0,0
180900000000,181200000000,6274140245,57,208981978,0.181400,0.061280,0.061650,0.000238,0.056030,0.061340,0.000013,0.000000,0.374000,0.002716,1.384000,0.000778,0.000000,0.000000,0.180400,0,0
181200000000,181500000000,6274140245,57,208981978,0.185300,0.061280,0.061650,0.000225,0.055970,0.061340,0.000010,0.000000,0.192400,0.001785,1.310000,0.000666,0.000000,0.000000,0.187500,0,0
181500000000,181800000000,6274140245,57,208981978,0.183800,0.061340,0.061650,0.000229,0.055970,0.061340,0.000025,0.000000,0.192600,0.006500,1.313000,0.000687,0.000000,0.000000,0.188700,0,0
181800000000,182100000000,6274140245,57,208981978,0.182600,0.061280,0.061650,0.000253,0.056030,0.061340,0.000007,0.000000,0.206500,0.000571,1.318000,0.000693,0.000000,0.000000,0.186000,0,0
182100000000,182400000000,6274140245,57,208981978,0.182400,0.061280,0.061650,0.000245,0.056030,0.061340,0.000005,0.000000,0.353500,0.000571,1.314000,0.000702,0.000000,0.000000,0.184600,0,0
182400000000,182700000000,6274140245,57,208981978,0.182600,0.061280,0.061650,0.000241,0.056030,0.061340,0.000006,0.000000,0.375000,0.000643,1.269000,0.000656,0.000000,0.000000,0.185100,0,0
182700000000,183000000000,6274140245,57,208981978,0.183100,0.061280,0.061650,0.000243,0.056030,0.061340,0.000003,0.000000,0.362300,0.000072,1.355000,0.000730,0.000000,0.000000,0.189000,0,0
183000000000,183300000000,6274140245,57,208981978,0.182400,0.061280,0.061650,0.000239,0.056030,0.061340,0.000010,0.000000,0.363300,0.001928,1.308000,0.000700,0.000000,0.000000,0.184300,0,0
183300000000,183600000000,6274140245,57,208981978,0.182900,0.061280,0.061650,0.000215,0.055970,0.061340,0.000003,0.000000,0.375500,0.000072,1.357000,0.000759,0.000000,0.000000,0.188200,0,0
183600000000,183900000000,6274140245,57,208981978,0.127400,0.061160,0.061650,0.000197,0.055970,0.061340,0.000004,0.000000,0.206300,0.000143,1.346000,0.000744,0.000000,0.000000,0.187500,0,0
183900000000,183931000000,6274140245,57,208981978,0.001638,0.060000,0.061650,0.003288,0.055970,0.060240,0.004021,0.000000,0.040770,0.042300,1.108000,0.000521,0.000000,0.000000,0.000116,0,0
183931000000,183951000000,6274140245,57,208981978,0.000116,0.000000,0.000000,0.000000,0.000000,0.000000,0.000029,0.000000,0.002319,0.000571,2.922000,0.010360,0.000000,0.000000,0.000000,0,0
183951000000,183952000000,6274140245,57,208981978,0.000000,0.000000,0.000000,0.000000,0.000000,0.000000,0.000000,0.000000,0.000000,0.000000,2.922000,0.010360,0.000000,0.000000,0.000000,0,0
