179246000000,179400000000,6274140245,58,6566560,0.000000,0.000000,0.000000,0.000000,0.000000,0.000000,0.000000,0.000000,0.000000,0.000000,0.000000,0.000000,0.000000,0.000000,0.000000,0,0
179400000000,179608000000,6274140245,58,6566560,0.000000,0.000000,0.000000,0.000000,0.000000,0.000000,0.000000,0.000000,0.000000,0.000000,0.000000,0.000000,0.000000,0.000000,0.000000,0,0
179608000000,179700000000,6274140245,58,6566560,0.005402,0.015810,0.017060,0.000190,0.014850,0.032710,0.037410,0.000000,0.029020,0.114700,3.462000,0.011810,0.000000,0.000000,0.004372,0,0
179700000000,179701000000,6274140245,58,6566560,0.000984,0.032650,0.032650,0.000016,0.031370,0.032650,0.007141,0.000000,0.001390,0.007141,3.462000,0.011810,0.000000,0.000000,0.001390,0,0
179701000000,179943000000,6274140245,58,6566560,0.046390,0.052430,0.053830,0.000294,0.050170,0.060180,0.019380,0.000000,0.221900,0.092530,1.433000,0.000710,0.000000,0.000000,0.000939,0,0
179943000000,179963000000,6274140245,58,6566560,0.004166,0.000000,0.000000,0.000219,0.000219,0.000000,0.000000,0.000000,0.041630,0.000000,1.433000,0.000704,0.000000,0.000000,0.000000,0,1
179963000000,179964000000,6274140245,58,6566560,0.000000,0.000000,0.000000,0.000000,0.000000,0.000000,0.000000,0.000000,0.000000,0.000000,1.433000,0.000704,0.000000,0.000000,0.000000,0,0
180007000000,180263000000,6274140245,58,602945,0.000000,0.000000,0.000000,0.000000,0.000000,0.000000,0.000000,0.000000,0.000000,0.000000,0.000000,0.000000,0.000000,0.000000,0.000000,0,0
180263000000,180300000000,6274140245,58,602945,0.004707,0.005478,0.007179,0.000384,0.004822,0.013260,0.038940,0.000000,0.023160,0.051760,1.249000,0.001480,0.000000,0.000000,0.006668,0,0
180300000000,180435000000,6274140245,58,602945,0.006485,0.039920,0.041020,0.000036,0.038150,0.055360,0.036870,0.000000,0.062620,0.088750,1.332000,0.001880,0.000000,0.000000,0.005547,0,0
180435000000,180600000000,6274140245,58,602945,0.149400,0.061830,0.062620,0.001507,0.057070,0.063110,0.006111,0.000000,0.191200,0.088990,1.346000,0.000738,0.000000,0.000000,0.187700,0,0
180600000000,180900000000,6274140245,58,602945,0.186300,0.061770,0.063110,0.001293,0.057070,0.061890,0.000124,0.000000,0.206100,0.015990,1.361000,0.000742,0.000000,0.000000,0.188200,0,0
180900000000,181095000000,6274140245,58,602945,0.186500,0.061830,0.063110,0.001217,0.057010,0.061890,0.000007,0.000000,0.191200,0.000571,1.337000,0.000719,0.000000,0.000000,0.186000,0,0
181095000000,181200000000,6274140245,58,602945,0.186800,0.061770,0.063110,0.001188,0.056950,0.061830,0.000004,0.000000,0.194100,0.000072,1.384000,0.000738,0.000000,0.000000,0.186300,0,0
181200000000,181500000000,6274140245,58,602945,0.186800,0.061890,0.063110,0.001188,0.056950,0.061950,0.000004,0.000000,0.375000,0.000143,1.406000,0.000745,0.000000,0.000000,0.188000,0,0
181500000000,181800000000,6274140245,58,602945,0.184600,0.061890,0.063110,0.001188,0.056950,0.061950,0.000005,0.000000,0.205800,0.000215,1.385000,0.000731,0.000000,0.000000,0.186000,0,0
181800000000,182100000000,6274140245,58,602945,0.186800,0.061830,0.063110,0.000462,0.056210,0.061950,0.000008,0.000000,0.195600,0.000571,1.436000,0.000784,0.000000,0.000000,0.187300,0,0
182100000000,182400000000,6274140245,58,602945,0.186800,0.061830,0.063110,0.000304,0.056090,0.061950,0.000022,0.000000,0.375500,0.005287,1.400000,0.000768,0.000000,0.000000,0.187300,0,0
182400000000,182700000000,6274140245,58,602945,0.186800,0.061830,0.063110,0.000320,0.056090,0.061890,0.000005,0.000000,0.193800,0.000357,1.317000,0.000671,0.000000,0.000000,0.191900,0,0
182700000000,183000000000,6274140245,58,602945,0.187000,0.061890,0.063110,0.000321,0.056090,0.061950,0.000003,0.000000,0.375000,0.000072,1.398000,0.000717,0.000000,0.000000,0.185500,0,0
183000000000,183300000000,6274140245,58,602945,0.187000,0.061830,0.063110,0.000322,0.056090,0.061950,0.000004,0.000000,0.206300,0.000215,1.380000,0.000706,0.000000,0.000000,0.187500,0,0
183300000000,183600000000,6274140245,58,602945,0.187300,0.061890,0.063110,0.000324,0.056090,0.061950,0.000004,0.000000,0.206800,0.000072,1.349000,0.000705,0.000000,0.000000,0.187300,0,0
183600000000,183900000000,6274140245,58,602945,0.158700,0.061890,0.063110,0.000324,0.056090,0.061950,0.000009,0.000000,0.191700,0.001499,1.355000,0.000689,0.000000,0.000000,0.125000,0,0
183900000000,184200000000,6274140245,58,602945,0.093020,0.061220,0.062380,0.000284,0.056090,0.061830,0.000039,0.000000,0.129400,0.006142,1.400000,0.000693,0.000000,0.000000,0.062500,0,0
184200000000,184381000000,6274140245,58,602945,0.106100,0.060910,0.061520,0.000227,0.056030,0.060970,0.000005,0.000000,0.129400,0.000357,1.338000,0.000623,0.000000,0.000000,0.123900,0,0
184381000000,184500000000,6274140245,58,602945,0.062620,0.060730,0.061520,0.000227,0.056030,0.060730,0.000009,0.000000,0.067140,0.000357,1.340000,0.000613,0.000000,0.000000,0.062990,0,0
184500000000,184571000000,6274140245,58,602945,0.008957,0.060360,0.061520,0.001610,0.056030,0.060730,0.001642,0.000000,0.063110,0.042540,1.431000,0.000703,0.000000,0.000000,0.000093,0,0
184571000000,184591000000,6274140245,58,602945,0.000112,0.000000,0.000000,0.000000,0.000000,0.000000,0.000047,0.000000,0.002258,0.000786,2.957000,0.010240,0.000000,0.000000,0.000000,0,0
184591000000,184592000000,6274140245,58,602945,0.000000,0.000000,0.000000,0.000000,0.000000,0.000000,0.000000,0.000000,0.000000,0.000000,2.957000,0.010240,0.000000,0.000000,0.000000,0,0
