179233000000,179400000000,6274140245,59,305378448,0.000000,0.000000,0.000000,0.000000,0.000000,0.000000,0.000000,0.000000,0.000000,0.000000,0.000000,0.000000,0.000000,0.000000,0.000000,0,0
179400000000,179477000000,6274140245,59,305378448,0.000000,0.000000,0.000000,0.000000,0.000000,0.000000,0.000000,0.000000,0.000000,0.000000,0.000000,0.000000,0.000000,0.000000,0.000000,0,0
179477000000,179608000000,6274140245,59,305378448,0.013280,0.035520,0.036620,0.000250,0.034180,0.059810,0.045100,0.000000,0.180400,0.147200,1.411000,0.002660,0.000000,0.000000,0.000367,0,0
179608000000,179700000000,6274140245,59,305378448,0.180200,0.060550,0.061460,0.000304,0.056030,0.060970,0.003075,0.000000,0.189500,0.064330,1.250000,0.000619,0.000000,0.000000,0.187700,0,0
179700000000,180000000000,6274140245,59,305378448,0.185500,0.060850,0.061770,0.000365,0.056090,0.060970,0.000170,0.000000,0.191700,0.012650,1.347000,0.000748,0.000000,0.000000,0.185300,0,0
180000000000,180005000000,6274140245,59,305378448,0.187500,0.060790,0.061770,0.000387,0.056150,0.060790,0.000000,0.000000,0.188000,0.000000,1.398000,0.000818,0.000000,0.000000,0.187300,0,0
180005000000,180300000000,6274140245,59,305378448,0.186800,0.060850,0.061830,0.000382,0.056150,0.060910,0.000035,0.000000,0.374000,0.003784,1.333000,0.000696,0.000000,0.000000,0.188000,0,0
180300000000,180600000000,6274140245,59,305378448,0.185800,0.060790,0.061830,0.000382,0.056150,0.060910,0.000011,0.000000,0.375500,0.001143,1.319000,0.000679,0.000000,0.000000,0.187300,0,0
180600000000,180900000000,6274140245,59,305378448,0.187000,0.060910,0.061830,0.000383,0.056150,0.060910,0.000028,0.000000,0.189000,0.005501,1.290000,0.000644,0.000000,0.000000,0.186800,0,0
180900000000,181200000000,6274140245,59,305378448,0.186500,0.060850,0.061830,0.000383,0.056150,0.060910,0.000037,0.000000,0.373500,0.004501,1.288000,0.000646,0.000000,0.000000,0.188200,0,0
181200000000,181500000000,6274140245,59,305378448,0.186800,0.060850,0.061830,0.000382,0.056150,0.060910,0.000031,0.000000,0.372100,0.007431,1.365000,0.000765,0.000000,0.000000,0.187500,0,0
181500000000,181800000000,6274140245,59,305378448,0.187300,0.060910,0.061830,0.000382,0.056150,0.060970,0.000007,0.000000,0.375500,0.000643,1.350000,0.000736,0.000000,0.000000,0.186800,0,0
181800000000,182100000000,6274140245,59,305378448,0.187000,0.060850,0.061830,0.000382,0.056150,0.060910,0.000006,0.000000,0.192400,0.000286,1.344000,0.000715,0.000000,0.000000,0.187500,0,0
182100000000,182400000000,6274140245,59,305378448,0.187000,0.060850,0.061830,0.000391,0.056150,0.060910,0.000030,0.000000,0.367700,0.004425,1.351000,0.000699,0.000000,0.000000,0.187500,0,0
182400000000,182700000000,6274140245,59,305378448,0.186500,0.060850,0.061830,0.000419,0.056210,0.060910,0.000036,0.000000,0.206100,0.004570,1.292000,0.000683,0.000000,0.000000,0.187300,0,0
182700000000,183000000000,6274140245,59,305378448,0.186800,0.060910,0.061830,0.000419,0.056210,0.060970,0.000005,0.000000,0.206100,0.000143,1.320000,0.000693,0.000000,0.000000,0.193600,0,0
183000000000,183300000000,6274140245,59,305378448,0.187000,0.060850,0.061830,0.000419,0.056210,0.060910,0.000009,0.000000,0.204600,0.000999,1.345000,0.000747,0.000000,0.000000,0.187500,0,0
183300000000,183600000000,6274140245,59,305378448,0.187000,0.060850,0.061830,0.000419,0.056210,0.060970,0.000006,0.000000,0.192100,0.000571,1.302000,0.000714,0.000000,0.000000,0.187300,0,0
183600000000,183900000000,6274140245,59,305378448,0.116800,0.060610,0.061830,0.000420,0.056210,0.060970,0.000003,0.000000,0.190900,0.000072,1.298000,0.000636,0.000000,0.000000,0.062620,0,0
183900000000,184200000000,6274140245,59,305378448,0.103600,0.060360,0.061830,0.000421,0.056210,0.060730,0.000071,0.000000,0.189000,0.007286,1.292000,0.000648,0.000000,0.000000,0.062500,0,0
184200000000,184306000000,6274140245,59,305378448,0.125000,0.060610,0.061830,0.000420,0.056210,0.060610,0.000007,0.000000,0.129900,0.000286,1.297000,0.000632,0.000000,0.000000,0.124100,0,0
184306000000,184500000000,6274140245,59,305378448,0.073360,0.060060,0.061830,0.000419,0.056210,0.060610,0.000012,0.000000,0.129200,0.000999,1.320000,0.000654,0.000000,0.000000,0.059510,0,0
184500000000,184800000000,6274140245,59,305378448,0.051510,0.059630,0.061710,0.000431,0.056210,0.059690,0.000034,0.000000,0.125000,0.002857,1.387000,0.000649,0.000000,0.000000,0.005020,0,0
184800000000,184820000000,6274140245,59,305378448,0.002243,0.059270,0.060000,0.003235,0.056210,0.059390,0.003719,0.000000,0.040410,0.030360,2.653000,0.010120,0.000000,0.000000,0.000064,0,0
184820000000,184841000000,6274140245,59,305378448,0.000102,0.000000,0.000000,0.000000,0.000000,0.000000,0.000000,0.000000,0.002136,0.000000,2.653000,0.010120,0.000000,0.000000,0.000000,0,0
184841000000,184842000000,6274140245,59,305378448,0.000000,0.000000,0.000000,0.000000,0.000000,0.000000,0.000000,0.000000,0.000000,0.000000,2.653000,0.010120,0.000000,0.000000,0.000000,0,0
