179238000000,179400000000,6274140245,6,8055074,0.000000,0.000000,0.000000,0.000000,0.000000,0.000000,0.000000,0.000000,0.000000,0.000000,0.000000,0.000000,0.000000,0.000000,0.000000,0,0
179400000000,179700000000,6274140245,6,8055074,0.000000,0.000000,0.000000,0.000000,0.000000,0.000000,0.000000,0.000000,0.000000,0.000000,0.000000,0.000000,0.000000,0.000000,0.000000,0,0
179700000000,180000000000,6274140245,6,8055074,0.000000,0.000000,0.000000,0.000000,0.000000,0.000000,0.000000,0.000000,0.000000,0.000000,0.000000,0.000000,0.000000,0.000000,0.000000,0,0
180000000000,180300000000,6274140245,6,8055074,0.000000,0.000000,0.000000,0.000000,0.000000,0.000000,0.000000,0.000000,0.000000,0.000000,0.000000,0.000000,0.000000,0.000000,0.000000,0,0
180300000000,180404000000,6274140245,6,8055074,0.000000,0.000000,0.000000,0.000000,0.000000,0.000000,0.000000,0.000000,0.000000,0.000000,0.000000,0.000000,0.000000,0.000000,0.000000,0,0
180404000000,180495000000,6274140245,6,8055074,0.002335,0.007385,0.008759,0.000543,0.006790,0.015080,0.022310,0.000000,0.019100,0.085450,3.407000,0.012670,0.000000,0.000000,0.019100,0,0
180495000000,180600000000,6274140245,6,8055074,0.003433,0.022460,0.024200,0.000099,0.022310,0.029910,0.027980,0.000000,0.023740,0.064330,5.976000,0.025150,0.000000,0.000000,0.005867,0,0
180600000000,180900000000,6274140245,6,8055074,0.100700,0.054020,0.054930,0.000335,0.051640,0.060300,0.016480,0.000000,0.366200,0.112900,1.383000,0.000780,0.000000,0.000000,0.186800,0,0
180900000000,181200000000,6274140245,6,8055074,0.181600,0.060120,0.060300,0.000130,0.055910,0.060240,0.000323,0.000000,0.335000,0.035770,1.366000,0.000701,0.000000,0.000000,0.180900,0,0
181200000000,181500000000,6274140245,6,8055074,0.182100,0.060180,0.060300,0.000061,0.055850,0.060240,0.000038,0.000000,0.200200,0.005997,1.342000,0.000702,0.000000,0.000000,0.184600,0,0
181500000000,181581000000,6274140245,6,8055074,0.180400,0.060240,0.060300,0.000040,0.055790,0.060240,0.000169,0.000000,0.187000,0.012710,1.385000,0.000708,0.000000,0.000000,0.182600,0,0
181581000000,181800000000,6274140245,6,8055074,0.178000,0.060240,0.060300,0.000039,0.055790,0.060300,0.001335,0.000000,0.364300,0.040710,1.400000,0.000728,0.000000,0.000000,0.168900,0,0
181800000000,182100000000,6274140245,6,8055074,0.174800,0.060240,0.060300,0.000070,0.055790,0.060300,0.004448,0.000000,0.187700,0.057130,1.408000,0.000783,0.000000,0.000000,0.170700,0,0
182100000000,182400000000,6274140245,6,8055074,0.165300,0.060240,0.060240,0.000049,0.055790,0.060300,0.009247,0.000000,0.374000,0.064940,1.373000,0.000721,0.000000,0.000000,0.125000,0,0
182400000000,182700000000,6274140245,6,8055074,0.137700,0.060240,0.060300,0.000054,0.055730,0.060300,0.015210,0.000000,0.372100,0.071410,1.373000,0.000676,0.000000,0.000000,0.180400,0,0
182700000000,183000000000,6274140245,6,8055074,0.033570,0.060240,0.060240,0.000051,0.055730,0.060300,0.044190,0.000000,0.228800,0.066410,1.358000,0.000707,0.000000,0.000000,0.006844,0,0
183000000000,183300000000,6274140245,6,8055074,0.135700,0.060240,0.060240,0.000037,0.055730,0.060300,0.020360,0.000000,0.361800,0.064330,1.439000,0.000790,0.000000,0.000000,0.004936,0,0
183300000000,183600000000,6274140245,6,8055074,0.173600,0.060240,0.060240,0.000071,0.055790,0.060300,0.004105,0.000000,0.374000,0.064450,1.400000,0.000784,0.000000,0.000000,0.187500,0,0
183600000000,183900000000,6274140245,6,8055074,0.146500,0.060180,0.060240,0.000093,0.055850,0.060300,0.004593,0.000000,0.363300,0.065920,1.356000,0.000732,0.000000,0.000000,0.051880,0,0
183900000000,184071000000,6274140245,6,8055074,0.099850,0.059940,0.060240,0.000545,0.055970,0.060000,0.000982,0.000000,0.249300,0.044070,1.410000,0.000797,0.000000,0.000000,0.121900,0,0
184071000000,184088000000,6274140245,6,8055074,0.000179,0.000000,0.000000,0.000000,0.000000,0.000000,0.000004,0.000000,0.003052,0.000072,1.835000,0.001539,0.000000,0.000000,0.000000,0,0
184088000000,184089000000,6274140245,6,8055074,0.000000,0.000000,0.000000,0.000000,0.000000,0.000000,0.000000,0.000000,0.000000,0.000000,1.835000,0.001539,0.000000,0.000000,0.000000,0,0
190702000000,190800000000,6274140245,6,4820235553,0.000000,0.000000,0.000000,0.000000,0.000000,0.000000,0.000000,0.000000,0.000000,0.000000,0.000000,0.000000,0.000000,0.000000,0.000000,0,0
190800000000,190952000000,6274140245,6,4820235553,0.000000,0.000000,0.000000,0.000000,0.000000,0.000000,0.000000,0.000000,0.000000,0.000000,0.000000,0.000000,0.000000,0.000000,0.000000,0,0
190952000000,191100000000,6274140245,6,4820235553,0.000399,0.001556,0.003880,0.000726,0.001307,0.001961,0.003601,0.000000,0.035220,0.054570,1.903000,0.000000,0.000000,0.000000,0.000064,0,0
191100000000,191400000000,6274140245,6,4820235553,0.000140,0.000698,0.003880,0.000742,0.001381,0.001081,0.000004,0.000000,0.004814,0.001215,2.511000,0.000000,0.000000,0.000000,0.000108,0,0
191400000000,191700000000,6274140245,6,4820235553,0.000130,0.000648,0.003880,0.000737,0.001379,0.000660,0.000000,0.000000,0.003613,0.000072,2.528000,0.000000,0.000000,0.000000,0.000029,0,0
191700000000,192000000000,6274140245,6,4820235553,0.000138,0.000663,0.003880,0.000736,0.001379,0.000685,0.000002,0.000000,0.003510,0.000286,2.334000,0.000000,0.000000,0.000000,0.000091,0,0
192000000000,192300000000,6274140245,6,4820235553,0.002964,0.011630,0.014050,0.000430,0.011780,0.053100,0.018800,0.000000,0.030790,0.102700,2.430000,0.000000,0.000000,0.000000,0.002491,0,0
192300000000,192362000000,6274140245,6,4820235553,0.013840,0.055850,0.056580,0.000151,0.054200,0.058350,0.029390,0.000000,0.062190,0.141800,0.890200,0.000000,0.000000,0.000000,0.036990,0,0
192362000000,192600000000,6274140245,6,4820235553,0.059510,0.059330,0.060490,0.000511,0.056270,0.060000,0.001181,0.000000,0.112800,0.058110,1.105000,0.000000,0.000000,0.000000,0.062990,0,0
192600000000,192900000000,6274140245,6,4820235553,0.100800,0.059510,0.060300,0.000415,0.056150,0.059810,0.000087,0.000000,0.191700,0.011140,1.175000,0.000000,0.000000,0.000000,0.124800,0,0
192900000000,193036000000,6274140245,6,4820235553,0.099120,0.059750,0.060300,0.000346,0.056150,0.059880,0.000033,0.000000,0.135300,0.003998,1.197000,0.000000,0.000000,0.000000,0.126000,0,0
193036000000,193138000000,6274140245,6,4820235553,0.008606,0.059080,0.060300,0.001348,0.056090,0.059630,0.001307,0.000000,0.063230,0.029510,1.164000,0.000000,0.000000,0.000000,0.062130,0,0
193138000000,193155000000,6274140245,6,4820235553,0.000194,0.003330,0.000000,0.002964,0.002964,0.056640,0.000011,0.000000,0.003296,0.000143,2.958000,0.000000,0.000000,0.000000,0.000000,0,0
193155000000,193158000000,6274140245,6,4820235553,0.000000,0.000000,0.000000,0.000000,0.000000,0.000000,0.000000,0.000000,0.000000,0.000000,2.958000,0.000000,0.000000,0.000000,0.000000,0,0
