179241000000,179400000000,6274140245,60,9786982,0.000000,0.000000,0.000000,0.000000,0.000000,0.000000,0.000000,0.000000,0.000000,0.000000,0.000000,0.000000,0.000000,0.000000,0.000000,0,0
179400000000,179497000000,6274140245,60,9786982,0.000000,0.000000,0.000000,0.000000,0.000000,0.000000,0.000000,0.000000,0.000000,0.000000,0.000000,0.000000,0.000000,0.000000,0.000000,0,0
179497000000,179655000000,6274140245,60,9786982,0.008530,0.031800,0.033200,0.000134,0.030640,0.057800,0.051030,0.000000,0.063480,0.156200,0.992500,0.000947,0.000000,0.000000,0.006599,0,0
179655000000,179700000000,6274140245,60,9786982,0.135500,0.060180,0.061650,0.000365,0.056030,0.060850,0.013760,0.000000,0.192400,0.069580,0.830300,0.000201,0.000000,0.000000,0.187300,0,0
179700000000,180000000000,6274140245,60,9786982,0.185100,0.061160,0.061710,0.000347,0.056090,0.061280,0.000219,0.000000,0.194300,0.019500,1.392000,0.000719,0.000000,0.000000,0.185500,0,0
180000000000,180175000000,6274140245,60,9786982,0.185500,0.061100,0.061770,0.000385,0.056150,0.061160,0.000004,0.000000,0.287600,0.000215,1.371000,0.000700,0.000000,0.000000,0.187300,0,0
180175000000,180300000000,6274140245,60,9786982,0.186500,0.061160,0.061770,0.000379,0.056150,0.061160,0.000019,0.000000,0.374000,0.001572,1.432000,0.000737,0.000000,0.000000,0.188200,0,0
180300000000,180600000000,6274140245,60,9786982,0.186500,0.061160,0.061770,0.000370,0.056150,0.061220,0.000007,0.000000,0.374500,0.000929,1.426000,0.000709,0.000000,0.000000,0.187000,0,0
180600000000,180900000000,6274140245,60,9786982,0.186300,0.061160,0.061770,0.000350,0.056090,0.061220,0.000003,0.000000,0.199000,0.000072,1.387000,0.000708,0.000000,0.000000,0.188700,0,0
180900000000,181200000000,6274140245,60,9786982,0.186500,0.061160,0.061770,0.000340,0.056090,0.061220,0.000003,0.000000,0.386700,0.000072,1.346000,0.000675,0.000000,0.000000,0.187500,0,0
181200000000,181500000000,6274140245,60,9786982,0.186300,0.061220,0.061770,0.000337,0.056090,0.061280,0.000011,0.000000,0.373500,0.002430,1.394000,0.000722,0.000000,0.000000,0.186300,0,0
181500000000,181800000000,6274140245,60,9786982,0.185500,0.061160,0.061770,0.000328,0.056090,0.061220,0.000005,0.000000,0.375500,0.000072,1.425000,0.000740,0.000000,0.000000,0.187000,0,0
181800000000,182100000000,6274140245,60,9786982,0.186300,0.061160,0.061770,0.000324,0.056090,0.061220,0.000004,0.000000,0.414100,0.000143,1.381000,0.000717,0.000000,0.000000,0.190900,0,0
182100000000,182400000000,6274140245,60,9786982,0.185100,0.061220,0.061770,0.000315,0.056090,0.061280,0.000003,0.000000,0.374500,0.000072,1.443000,0.000784,0.000000,0.000000,0.185100,0,0
182400000000,182700000000,6274140245,60,9786982,0.186500,0.061220,0.061770,0.000310,0.056090,0.061220,0.000012,0.000000,0.335400,0.002716,1.415000,0.000729,0.000000,0.000000,0.187700,0,0
182700000000,183000000000,6274140245,60,9786982,0.186300,0.061160,0.061770,0.000309,0.056090,0.061280,0.000012,0.000000,0.374500,0.001215,1.351000,0.000653,0.000000,0.000000,0.185500,0,0
183000000000,183300000000,6274140245,60,9786982,0.186300,0.061220,0.061770,0.000309,0.056090,0.061280,0.000017,0.000000,0.373000,0.002213,1.440000,0.000754,0.000000,0.000000,0.186300,0,0
183300000000,183600000000,6274140245,60,9786982,0.185500,0.061220,0.061770,0.000328,0.056090,0.061280,0.000034,0.000000,0.372600,0.008286,1.322000,0.000666,0.000000,0.000000,0.186500,0,0
183600000000,183900000000,6274140245,60,9786982,0.137000,0.061100,0.061770,0.000322,0.056090,0.061280,0.000005,0.000000,0.206300,0.000286,1.466000,0.000748,0.000000,0.000000,0.062440,0,0
183900000000,183961000000,6274140245,60,9786982,0.041320,0.060670,0.061770,0.002163,0.056090,0.060730,0.001877,0.000000,0.068360,0.041020,1.531000,0.000802,0.000000,0.000000,0.062990,0,0
183961000000,183977000000,6274140245,60,9786982,0.000168,0.000000,0.000000,0.000000,0.000000,0.000000,0.000245,0.000000,0.002686,0.002644,1.531000,0.000815,0.000000,0.000000,0.000000,0,0
183977000000,183978000000,6274140245,60,9786982,0.000000,0.000000,0.000000,0.000000,0.000000,0.000000,0.000000,0.000000,0.000000,0.000000,2.886000,0.008125,0.000000,0.000000,0.000000,0,0
