179234000000,179400000000,6274140245,61,3878482705,0.000000,0.000000,0.000000,0.000000,0.000000,0.000000,0.000000,0.000000,0.000000,0.000000,0.000000,0.000000,0.000000,0.000000,0.000000,0,0
179400000000,179449000000,6274140245,61,3878482705,0.000000,0.000000,0.000000,0.000000,0.000000,0.000000,0.000000,0.000000,0.000000,0.000000,0.000000,0.000000,0.000000,0.000000,0.000000,0,0
179449000000,179600000000,6274140245,61,3878482705,0.021270,0.038820,0.039730,0.000166,0.036990,0.060420,0.050050,0.000000,0.187700,0.118300,1.012000,0.000434,0.000000,0.000000,0.022520,0,0
179600000000,179700000000,6274140245,61,3878482705,0.186800,0.061160,0.062070,0.000327,0.056030,0.061280,0.000340,0.000000,0.205800,0.011290,1.263000,0.000569,0.000000,0.000000,0.187000,0,0
179700000000,179997000000,6274140245,61,3878482705,0.185800,0.061160,0.061830,0.000350,0.056090,0.061220,0.000131,0.000000,0.191700,0.024930,1.385000,0.000721,0.000000,0.000000,0.187500,0,0
179997000000,180000000000,6274140245,61,3878482705,0.184300,0.061160,0.061830,0.000378,0.056150,0.061160,0.000000,0.000000,0.188200,0.000000,1.396000,0.000783,0.000000,0.000000,0.176000,0,0
180000000000,180300000000,6274140245,61,3878482705,0.181400,0.061100,0.061830,0.000378,0.056150,0.061160,0.000009,0.000000,0.375000,0.000999,1.378000,0.000747,0.000000,0.000000,0.187300,0,0
180300000000,180600000000,6274140245,61,3878482705,0.186300,0.061040,0.061830,0.000372,0.056150,0.061100,0.000010,0.000000,0.195100,0.001858,1.342000,0.000704,0.000000,0.000000,0.187000,0,0
180600000000,180900000000,6274140245,61,3878482705,0.187700,0.061100,0.061830,0.000355,0.056090,0.061160,0.000007,0.000000,0.445800,0.000929,1.424000,0.000779,0.000000,0.000000,0.188000,0,0
180900000000,181200000000,6274140245,61,3878482705,0.187000,0.061100,0.061830,0.000338,0.056090,0.061100,0.000003,0.000000,0.200000,0.000072,1.391000,0.000743,0.000000,0.000000,0.186800,0,0
181200000000,181500000000,6274140245,61,3878482705,0.187000,0.061040,0.061830,0.000331,0.056090,0.061100,0.000005,0.000000,0.374000,0.000215,1.375000,0.000720,0.000000,0.000000,0.186800,0,0
181500000000,181800000000,6274140245,61,3878482705,0.187000,0.061040,0.061890,0.000320,0.056090,0.061160,0.000010,0.000000,0.375500,0.001429,1.413000,0.000754,0.000000,0.000000,0.187300,0,0
181800000000,182100000000,6274140245,61,3878482705,0.187000,0.061040,0.061890,0.000317,0.056090,0.061100,0.000005,0.000000,0.374500,0.000357,1.380000,0.000697,0.000000,0.000000,0.186500,0,0
182100000000,182400000000,6274140245,61,3878482705,0.187000,0.061040,0.061890,0.000306,0.056090,0.061100,0.000005,0.000000,0.206300,0.000500,1.388000,0.000745,0.000000,0.000000,0.187500,0,0
182400000000,182700000000,6274140245,61,3878482705,0.186800,0.061100,0.061890,0.000289,0.056030,0.061160,0.000004,0.000000,0.299800,0.000143,1.426000,0.000760,0.000000,0.000000,0.187500,0,0
182700000000,183000000000,6274140245,61,3878482705,0.187000,0.061100,0.061890,0.000286,0.056030,0.061160,0.000003,0.000000,0.206500,0.000072,1.367000,0.000705,0.000000,0.000000,0.169700,0,0
183000000000,183300000000,6274140245,61,3878482705,0.187000,0.061100,0.061890,0.000303,0.056090,0.061220,0.000050,0.000000,0.206100,0.010500,1.370000,0.000695,0.000000,0.000000,0.188000,0,0
183300000000,183600000000,6274140245,61,3878482705,0.187000,0.061040,0.061890,0.000278,0.056030,0.061160,0.000003,0.000000,0.206100,0.000072,1.405000,0.000744,0.000000,0.000000,0.187500,0,0
183600000000,183900000000,6274140245,61,3878482705,0.104900,0.060670,0.061890,0.000259,0.056030,0.061100,0.000004,0.000000,0.193600,0.000215,1.367000,0.000666,0.000000,0.000000,0.122600,0,0
183900000000,183931000000,6274140245,61,3878482705,0.001728,0.059570,0.061890,0.003864,0.056030,0.059690,0.003693,0.000000,0.034420,0.041810,3.034000,0.011570,0.000000,0.000000,0.000109,0,0
183931000000,183950000000,6274140245,61,3878482705,0.000122,0.000000,0.000000,0.000000,0.000000,0.000000,0.000007,0.000000,0.002319,0.000072,3.067000,0.011690,0.000000,0.000000,0.000000,0,0
183950000000,183953000000,6274140245,61,3878482705,0.000000,0.000000,0.000000,0.000000,0.000000,0.000000,0.000000,0.000000,0.000000,0.000000,3.067000,0.011690,0.000000,0.000000,0.000000,0,0
