179243000000,179400000000,6274140245,62,1092965,0.000000,0.000000,0.000000,0.000000,0.000000,0.000000,0.000000,0.000000,0.000000,0.000000,0.000000,0.000000,0.000000,0.000000,0.000000,0,0
179400000000,179629000000,6274140245,62,1092965,0.000000,0.000000,0.000000,0.000000,0.000000,0.000000,0.000000,0.000000,0.000000,0.000000,0.000000,0.000000,0.000000,0.000000,0.000000,0,0
179629000000,179700000000,6274140245,62,1092965,0.003407,0.008026,0.009262,0.000441,0.007248,0.018190,0.025050,0.000000,0.019440,0.085690,1.144000,0.001707,0.000000,0.000000,0.004082,0,0
179700000000,179772000000,6274140245,62,1092965,0.002430,0.025600,0.027040,0.000069,0.024660,0.030300,0.021700,0.000000,0.007935,0.046080,1.962000,0.005962,0.000000,0.000000,0.004463,0,0
179772000000,180000000000,6274140245,62,1092965,0.035710,0.047120,0.049260,0.000324,0.045410,0.061400,0.022640,0.000000,0.188500,0.133800,0.883100,0.000319,0.000000,0.000000,0.187000,0,0
180000000000,180300000000,6274140245,62,1092965,0.150100,0.061520,0.062320,0.000178,0.055910,0.062500,0.009521,0.000000,0.190400,0.064330,1.289000,0.000656,0.000000,0.000000,0.186500,0,0
180300000000,180600000000,6274140245,62,1092965,0.186800,0.061520,0.063720,0.000367,0.056150,0.061580,0.000004,0.000000,0.368200,0.000143,1.381000,0.000763,0.000000,0.000000,0.187300,0,0
180600000000,180802000000,6274140245,62,1092965,0.186300,0.061400,0.062130,0.000364,0.056150,0.061520,0.000010,0.000000,0.205800,0.000786,1.406000,0.000767,0.000000,0.000000,0.187000,0,0
180802000000,180900000000,6274140245,62,1092965,0.186500,0.061520,0.061950,0.000363,0.056150,0.061520,0.000003,0.000000,0.189000,0.000072,1.388000,0.000808,0.000000,0.000000,0.187500,0,0
180900000000,181200000000,6274140245,62,1092965,0.186300,0.061520,0.061950,0.000364,0.056150,0.061580,0.000004,0.000000,0.191400,0.000143,1.387000,0.000760,0.000000,0.000000,0.186800,0,0
181200000000,181500000000,6274140245,62,1092965,0.186800,0.061520,0.061950,0.000365,0.056150,0.061580,0.000004,0.000000,0.375500,0.000215,1.340000,0.000691,0.000000,0.000000,0.184600,0,0
181500000000,181800000000,6274140245,62,1092965,0.187000,0.061520,0.061950,0.000365,0.056150,0.061580,0.000003,0.000000,0.206300,0.000143,1.334000,0.000677,0.000000,0.000000,0.186800,0,0
181800000000,182100000000,6274140245,62,1092965,0.187000,0.061580,0.061950,0.000258,0.056030,0.061650,0.000016,0.000000,0.206500,0.001858,1.361000,0.000717,0.000000,0.000000,0.187000,0,0
182100000000,182400000000,6274140245,62,1092965,0.187300,0.061520,0.061950,0.000246,0.056030,0.061580,0.000003,0.000000,0.199000,0.000072,1.317000,0.000660,0.000000,0.000000,0.187300,0,0
182400000000,182700000000,6274140245,62,1092965,0.187000,0.061580,0.061950,0.000246,0.056030,0.061650,0.000011,0.000000,0.211900,0.002430,1.321000,0.000668,0.000000,0.000000,0.187300,0,0
182700000000,183000000000,6274140245,62,1092965,0.187000,0.061580,0.061950,0.000252,0.056030,0.061650,0.000007,0.000000,0.215100,0.001072,1.392000,0.000756,0.000000,0.000000,0.187000,0,0
183000000000,183300000000,6274140245,62,1092965,0.187000,0.061580,0.061950,0.000253,0.056030,0.061650,0.000006,0.000000,0.216300,0.000571,1.362000,0.000731,0.000000,0.000000,0.188000,0,0
183300000000,183600000000,6274140245,62,1092965,0.187000,0.061580,0.061950,0.000254,0.056030,0.061650,0.000004,0.000000,0.217800,0.000215,1.373000,0.000762,0.000000,0.000000,0.187500,0,0
183600000000,183891000000,6274140245,62,1092965,0.110700,0.061280,0.061950,0.000481,0.056030,0.061650,0.000378,0.000000,0.205300,0.040160,1.409000,0.000736,0.000000,0.000000,0.124800,0,0
183891000000,183900000000,6274140245,62,1092965,0.000203,0.006401,0.000000,0.006256,0.006256,0.057620,0.000000,0.000000,0.001831,0.000000,3.299000,0.012400,0.000000,0.000000,0.000000,0,0
183900000000,183908000000,6274140245,62,1092965,0.000000,0.000000,0.000000,0.000000,0.000000,0.000000,0.000000,0.000000,0.000000,0.000000,3.299000,0.012400,0.000000,0.000000,0.000000,0,0
183908000000,183910000000,6274140245,62,1092965,0.000000,0.000000,0.000000,0.000000,0.000000,0.000000,0.000000,0.000000,0.000000,0.000000,3.299000,0.012400,0.000000,0.000000,0.000000,0,0
