179235000000,179400000000,6274140245,63,431038313,0.000000,0.000000,0.000000,0.000000,0.000000,0.000000,0.000000,0.000000,0.000000,0.000000,0.000000,0.000000,0.000000,0.000000,0.000000,0,0
179400000000,179520000000,6274140245,63,431038313,0.000000,0.000000,0.000000,0.000000,0.000000,0.000000,0.000000,0.000000,0.000000,0.000000,0.000000,0.000000,0.000000,0.000000,0.000000,0,0
179520000000,179647000000,6274140245,63,431038313,0.004456,0.021330,0.027950,0.000165,0.025760,0.038090,0.040280,0.000000,0.019620,0.064820,4.579000,0.019210,0.000000,0.000000,0.002453,0,0
179647000000,179680000000,6274140245,63,431038313,0.013990,0.049320,0.000000,0.047490,0.047490,0.049320,0.000000,0.000000,0.013990,0.000000,29.250000,0.141100,0.000000,0.000000,0.000000,0,0
179680000000,179700000000,6274140245,63,431038313,0.000000,0.000000,0.000000,0.000000,0.000000,0.000000,0.000000,0.000000,0.000000,0.000000,29.250000,0.141100,0.000000,0.000000,0.000000,0,1
179700000000,179702000000,6274140245,63,431038313,0.000000,0.000000,0.000000,0.000000,0.000000,0.000000,0.000000,0.000000,0.000000,0.000000,29.250000,0.141100,0.000000,0.000000,0.000000,0,0
179702000000,179703000000,6274140245,63,431038313,0.000000,0.000000,0.000000,0.000000,0.000000,0.000000,0.000000,0.000000,0.000000,0.000000,29.250000,0.141100,0.000000,0.000000,0.000000,0,0
179722000000,179886000000,6274140245,63,431038313,0.007721,0.028750,0.029820,0.000370,0.027470,0.049990,0.039790,0.000000,0.048100,0.065550,1.379000,0.001831,0.000000,0.000000,0.002186,0,0
179886000000,179905000000,6274140245,63,431038313,0.000610,0.000190,0.000000,0.000001,0.000001,0.001799,0.000000,0.000000,0.005798,0.000000,33.130000,0.155400,0.000000,0.000000,0.000000,0,1
179905000000,179906000000,6274140245,63,431038313,0.000000,0.000000,0.000000,0.000000,0.000000,0.000000,0.000000,0.000000,0.000000,0.000000,33.130000,0.155400,0.000000,0.000000,0.000000,0,0
179924000000,180000000000,6274140245,63,431038313,0.004944,0.014830,0.016110,0.000257,0.013920,0.028320,0.042790,0.000000,0.036800,0.064820,32.450000,0.157800,0.000000,0.000000,0.004799,0,0
180000000000,180080000000,6274140245,63,431038313,0.002628,0.035460,0.040590,0.000012,0.038330,0.038640,0.039550,0.000000,0.009155,0.057190,32.580000,0.162600,0.000000,0.000000,0.006195,0,0
180080000000,180093000000,6274140245,63,431038313,0.041690,0.003792,0.000000,0.003654,0.003654,0.049320,0.000000,0.000000,0.542000,0.000000,32.740000,0.168600,0.000000,0.000000,0.000000,0,1
180093000000,180094000000,6274140245,63,431038313,0.000000,0.000000,0.000000,0.000000,0.000000,0.000000,0.000000,0.000000,0.000000,0.000000,32.740000,0.168600,0.000000,0.000000,0.000000,0,0
180111000000,180261000000,6274140245,63,431038313,0.008560,0.028380,0.029480,0.000132,0.027220,0.049990,0.040530,0.000000,0.181600,0.093380,3.188000,0.012220,0.000000,0.000000,0.007690,0,0
180261000000,180279000000,6274140245,63,431038313,0.001471,0.002739,0.000000,0.002640,0.002640,0.049320,0.000000,0.000000,0.026460,0.000000,3.380000,0.012860,0.000000,0.000000,0.000000,0,1
180279000000,180280000000,6274140245,63,431038313,0.000000,0.000000,0.000000,0.000000,0.000000,0.000000,0.000000,0.000000,0.000000,0.000000,3.380000,0.012860,0.000000,0.000000,0.000000,0,0
180288000000,180300000000,6274140245,63,431038313,0.005089,0.006065,0.007088,0.005318,0.005760,0.009628,0.037230,0.000000,0.051510,0.050600,0.000000,0.000000,0.000000,0.000000,0.001238,0,0
180300000000,180359000000,6274140245,63,431038313,0.004868,0.031190,0.032530,0.004189,0.030520,0.046450,0.037720,0.000000,0.021970,0.057190,31.160000,0.155200,0.000000,0.000000,0.021360,0,0
180359000000,180382000000,6274140245,63,431038313,0.002716,0.002140,0.000000,0.002064,0.002064,0.049190,0.000000,0.000000,0.062440,0.000000,31.160000,0.155200,0.000000,0.000000,0.000000,0,1
180382000000,180383000000,6274140245,63,431038313,0.000000,0.000000,0.000000,0.000000,0.000000,0.000000,0.000000,0.000000,0.000000,0.000000,31.160000,0.155200,0.000000,0.000000,0.000000,0,0
180400000000,180531000000,6274140245,63,431038313,0.009171,0.027070,0.028140,0.000334,0.025880,0.049990,0.044920,0.000000,0.034420,0.104500,28.920000,0.141400,0.000000,0.000000,0.006477,0,0
180531000000,180548000000,6274140245,63,431038313,0.000894,0.002907,0.000000,0.001787,0.002796,0.049380,0.000000,0.000000,0.015180,0.000000,35.790000,0.167100,0.000000,0.000000,0.000000,0,1
180548000000,180549000000,6274140245,63,431038313,0.000000,0.000000,0.000000,0.000000,0.000000,0.000000,0.000000,0.000000,0.000000,0.000000,35.790000,0.167100,0.000000,0.000000,0.000000,0,0
180569000000,180600000000,6274140245,63,431038313,0.005424,0.012310,0.013030,0.005531,0.011610,0.019130,0.047120,0.000000,0.035400,0.058780,1.270000,0.001632,0.000000,0.000000,0.005638,0,0
180600000000,180643000000,6274140245,63,431038313,0.004677,0.032650,0.036620,0.003422,0.034550,0.038700,0.037780,0.000000,0.024170,0.067870,1.276000,0.001672,0.000000,0.000000,0.005432,0,0
180643000000,180662000000,6274140245,63,431038313,0.008835,0.002590,0.000000,0.002499,0.002499,0.049260,0.000000,0.000000,0.168000,0.000000,1.911000,0.006304,0.000000,0.000000,0.000000,0,1
180662000000,180663000000,6274140245,63,431038313,0.000000,0.000000,0.000000,0.000000,0.000000,0.000000,0.000000,0.000000,0.000000,0.000000,1.911000,0.006304,0.000000,0.000000,0.000000,0,0
180680000000,180753000000,6274140245,63,431038313,0.006828,0.022400,0.023770,0.003860,0.022030,0.049930,0.045040,0.000000,0.060300,0.063230,1.060000,0.001662,0.000000,0.000000,0.002811,0,0
180753000000,180771000000,6274140245,63,431038313,0.000262,0.002728,0.000000,0.002628,0.002628,0.049070,0.000000,0.000000,0.004715,0.000000,1.129000,0.001993,0.000000,0.000000,0.000000,0,1
180771000000,180772000000,6274140245,63,431038313,0.000000,0.000000,0.000000,0.000000,0.000000,0.000000,0.000000,0.000000,0.000000,0.000000,36.610000,0.172700,0.000000,0.000000,0.000000,0,0
180789000000,180873000000,6274140245,63,431038313,0.004761,0.021000,0.023740,0.004456,0.022090,0.036740,0.040950,0.000000,0.019010,0.064820,25.910000,0.133400,0.000000,0.000000,0.006233,0,0
180873000000,180893000000,6274140245,63,431038313,0.029170,0.002460,0.000000,0.002373,0.002373,0.049190,0.000000,0.000000,0.583000,0.000000,22.820000,0.116000,0.000000,0.000000,0.000000,0,1
180893000000,180894000000,6274140245,63,431038313,0.000000,0.000000,0.000000,0.000000,0.000000,0.000000,0.000000,0.000000,0.000000,0.000000,13.540000,0.063820,0.000000,0.000000,0.000000,0,0
180894000000,180900000000,6274140245,63,431038313,0.000000,0.000000,0.000000,0.000000,0.000000,0.000000,0.000000,0.000000,0.000000,0.000000,0.000000,0.000000,0.000000,0.000000,0.000000,0,0
180917000000,181200000000,6274140245,63,3571484904,0.000726,0.002682,0.005333,0.000348,0.002483,0.012730,0.005707,0.000000,0.021120,0.069210,1.418000,0.002602,0.000000,0.000000,0.002483,0,0
181200000000,181282000000,6274140245,63,3571484904,0.002651,0.015990,0.017820,0.000018,0.015780,0.019170,0.018370,0.000000,0.027130,0.043270,3.802000,0.013340,0.000000,0.000000,0.005348,0,0
181282000000,181500000000,6274140245,63,3571484904,0.001871,0.023500,0.026120,0.000031,0.024080,0.031800,0.014160,0.000000,0.018340,0.063600,3.979000,0.014770,0.000000,0.000000,0.002655,0,0
181500000000,181800000000,6274140245,63,3571484904,0.001801,0.046020,0.052860,0.000063,0.049620,0.056090,0.008606,0.000000,0.124900,0.057130,1.185000,0.003511,0.000000,0.000000,0.000017,0,0
181800000000,182096000000,6274140245,63,3571484904,0.000607,0.057250,0.058350,0.000520,0.055790,0.058290,0.001110,0.000000,0.062070,0.050900,0.973800,0.000738,0.000000,0.000000,0.000111,0,0
182096000000,182100000000,6274140245,63,3571484904,0.004097,0.000000,0.000000,0.000000,0.000000,0.000000,0.000018,0.000000,0.016390,0.000072,0.000000,0.000000,0.000000,0.000000,0.000000,0,0
182100000000,182112000000,6274140245,63,3571484904,0.000000,0.000000,0.000000,0.000000,0.000000,0.000000,0.000000,0.000000,0.000000,0.000000,0.000000,0.000000,0.000000,0.000000,0.000000,0,1
182112000000,182113000000,6274140245,63,3571484904,0.000000,0.000000,0.000000,0.000000,0.000000,0.000000,0.000000,0.000000,0.000000,0.000000,0.000000,0.000000,0.000000,0.000000,0.000000,0,0
182160000000,182335000000,6274140245,63,929492959,0.000000,0.000000,0.000000,0.000000,0.000000,0.000000,0.000000,0.000000,0.000000,0.000000,0.000000,0.000000,0.000000,0.000000,0.000000,0,0
182335000000,182400000000,6274140245,63,929492959,0.008057,0.017910,0.018950,0.000178,0.017030,0.030880,0.060180,0.000000,0.039860,0.135700,3.000000,0.011580,0.000000,0.000000,0.007278,0,0
182400000000,182616000000,6274140245,63,929492959,0.122900,0.056760,0.058290,0.000293,0.053410,0.060850,0.017880,0.000000,0.203100,0.164300,1.359000,0.000774,0.000000,0.000000,0.044010,0,0
182616000000,182700000000,6274140245,63,929492959,0.187300,0.060670,0.061830,0.000357,0.056090,0.060670,0.000004,0.000000,0.190700,0.000215,1.283000,0.000702,0.000000,0.000000,0.188700,0,0
182700000000,183000000000,6274140245,63,929492959,0.187000,0.060670,0.061830,0.000382,0.056150,0.060790,0.000064,0.000000,0.199000,0.018590,1.318000,0.000678,0.000000,0.000000,0.187000,0,0
183000000000,183300000000,6274140245,63,929492959,0.187000,0.060670,0.061830,0.000387,0.056150,0.060790,0.000003,0.000000,0.191900,0.000357,1.325000,0.000683,0.000000,0.000000,0.187700,0,0
183300000000,183600000000,6274140245,63,929492959,0.187300,0.060730,0.061830,0.000388,0.056150,0.060730,0.000002,0.000000,0.191900,0.000072,1.387000,0.000751,0.000000,0.000000,0.187500,0,0
183600000000,183900000000,6274140245,63,929492959,0.187300,0.060730,0.061830,0.000388,0.056150,0.060790,0.000002,0.000000,0.206300,0.000143,1.374000,0.000755,0.000000,0.000000,0.186000,0,0
183900000000,183960000000,6274140245,63,929492959,0.096190,0.060610,0.061770,0.001320,0.056150,0.060790,0.001215,0.000000,0.191700,0.031130,1.370000,0.000776,0.000000,0.000000,0.062990,0,0
183960000000,183976000000,6274140245,63,929492959,0.000208,0.000000,0.000000,0.000000,0.000000,0.000000,0.000040,0.000000,0.003326,0.000643,1.406000,0.000793,0.000000,0.000000,0.000000,0,0
183976000000,183977000000,6274140245,63,929492959,0.000000,0.000000,0.000000,0.000000,0.000000,0.000000,0.000000,0.000000,0.000000,0.000000,1.406000,0.000793,0.000000,0.000000,0.000000,0,0
