179226000000,179400000000,6274140245,64,17503684,0.000000,0.000000,0.000000,0.000000,0.000000,0.000000,0.000000,0.000000,0.000000,0.000000,0.000000,0.000000,0.000000,0.000000,0.000000,0,0
179400000000,179548000000,6274140245,64,17503684,0.000000,0.000000,0.000000,0.000000,0.000000,0.000000,0.000000,0.000000,0.000000,0.000000,0.000000,0.000000,0.000000,0.000000,0.000000,0,0
179548000000,179630000000,6274140245,64,17503684,0.003281,0.009567,0.010940,0.000296,0.008743,0.023190,0.031250,0.000000,0.013870,0.058230,29.110000,0.140700,0.000000,0.000000,0.000941,0,0
179630000000,179700000000,6274140245,64,17503684,0.004181,0.033200,0.034480,0.000010,0.032290,0.039550,0.035890,0.000000,0.023250,0.057130,31.770000,0.154200,0.000000,0.000000,0.002342,0,0
179700000000,180000000000,6274140245,64,17503684,0.088260,0.057310,0.058470,0.000274,0.054080,0.060970,0.015780,0.000000,0.225800,0.085080,1.339000,0.000676,0.000000,0.000000,0.010300,0,0
180000000000,180300000000,6274140245,64,17503684,0.186300,0.060790,0.062070,0.000366,0.056150,0.060910,0.000006,0.000000,0.232400,0.000428,1.411000,0.000723,0.000000,0.000000,0.188200,0,0
180300000000,180600000000,6274140245,64,17503684,0.187000,0.060790,0.062070,0.000366,0.056150,0.060850,0.000004,0.000000,0.227300,0.000143,1.352000,0.000687,0.000000,0.000000,0.188200,0,0
180600000000,180642000000,6274140245,64,17503684,0.187300,0.060850,0.062070,0.000366,0.056150,0.060850,0.000005,0.000000,0.189700,0.000072,1.302000,0.000651,0.000000,0.000000,0.187300,0,0
180642000000,180900000000,6274140245,64,17503684,0.187000,0.060790,0.062070,0.000366,0.056150,0.060850,0.000005,0.000000,0.228500,0.000357,1.330000,0.000658,0.000000,0.000000,0.187300,0,0
180900000000,181200000000,6274140245,64,17503684,0.187300,0.060850,0.062070,0.000366,0.056150,0.060910,0.000004,0.000000,0.221200,0.000072,1.370000,0.000694,0.000000,0.000000,0.187000,0,0
181200000000,181500000000,6274140245,64,17503684,0.187000,0.060850,0.062070,0.000366,0.056150,0.060910,0.000003,0.000000,0.206100,0.000143,1.388000,0.000726,0.000000,0.000000,0.187500,0,0
181500000000,181800000000,6274140245,64,17503684,0.187300,0.060850,0.062070,0.000366,0.056150,0.060910,0.000003,0.000000,0.193400,0.000072,1.352000,0.000691,0.000000,0.000000,0.188200,0,0
181800000000,182100000000,6274140245,64,17503684,0.187300,0.060850,0.062070,0.000380,0.056150,0.060910,0.000031,0.000000,0.205600,0.008286,1.409000,0.000766,0.000000,0.000000,0.186300,0,0
182100000000,182400000000,6274140245,64,17503684,0.186800,0.060790,0.062070,0.000398,0.056150,0.060910,0.000003,0.000000,0.374500,0.000072,1.372000,0.000701,0.000000,0.000000,0.186800,0,0
182400000000,182700000000,6274140245,64,17503684,0.187000,0.060850,0.062070,0.000398,0.056150,0.060910,0.000005,0.000000,0.201900,0.000143,1.365000,0.000714,0.000000,0.000000,0.171900,0,0
182700000000,183000000000,6274140245,64,17503684,0.187000,0.060910,0.062070,0.000399,0.056150,0.060910,0.000004,0.000000,0.195300,0.000143,1.363000,0.000685,0.000000,0.000000,0.188000,0,0
183000000000,183300000000,6274140245,64,17503684,0.187000,0.060850,0.062070,0.000399,0.056150,0.060910,0.000004,0.000000,0.193400,0.000215,1.390000,0.000714,0.000000,0.000000,0.186800,0,0
183300000000,183600000000,6274140245,64,17503684,0.187000,0.060850,0.062070,0.000399,0.056150,0.060910,0.000004,0.000000,0.198700,0.000072,1.369000,0.000725,0.000000,0.000000,0.176000,0,0
183600000000,183900000000,6274140245,64,17503684,0.152300,0.060730,0.062070,0.000399,0.056150,0.060910,0.000004,0.000000,0.198000,0.000143,1.385000,0.000723,0.000000,0.000000,0.188500,0,0
183900000000,183971000000,6274140245,64,17503684,0.084110,0.060550,0.062070,0.001572,0.056150,0.060670,0.001358,0.000000,0.127000,0.036990,1.429000,0.000691,0.000000,0.000000,0.118400,0,0
183971000000,183988000000,6274140245,64,17503684,0.000165,0.000000,0.000000,0.000000,0.000000,0.000000,0.000072,0.000000,0.002808,0.001143,1.435000,0.000662,0.000000,0.000000,0.000000,0,0
183988000000,183990000000,6274140245,64,17503684,0.000000,0.000000,0.000000,0.000000,0.000000,0.000000,0.000000,0.000000,0.000000,0.000000,1.435000,0.000662,0.000000,0.000000,0.000000,0,0
