179239000000,179400000000,6274140245,65,2544369572,0.000000,0.000000,0.000000,0.000000,0.000000,0.000000,0.000000,0.000000,0.000000,0.000000,0.000000,0.000000,0.000000,0.000000,0.000000,0,0
179400000000,179514000000,6274140245,65,2544369572,0.000000,0.000000,0.000000,0.000000,0.000000,0.000000,0.000000,0.000000,0.000000,0.000000,0.000000,0.000000,0.000000,0.000000,0.000000,0,0
179514000000,179699000000,6274140245,65,2544369572,0.005661,0.029300,0.030850,0.000135,0.027830,0.054440,0.035520,0.000000,0.062440,0.101600,1.495000,0.004324,0.000000,0.000000,0.002605,0,0
179699000000,179700000000,6274140245,65,2544369572,0.004509,0.054750,0.000000,0.000000,0.000000,0.054750,0.000000,0.000000,0.004509,0.000000,0.000000,0.000000,0.000000,0.000000,0.000760,0,0
179700000000,179712000000,6274140245,65,2544369572,0.004715,0.055790,0.055970,0.009018,0.053280,0.056400,0.030700,0.000000,0.011250,0.061650,0.683800,0.000755,0.000000,0.000000,0.005867,0,0
179712000000,179736000000,6274140245,65,2544369572,0.008163,0.000000,0.000000,0.000000,0.000000,0.000000,0.000000,0.000000,0.196000,0.000000,0.683800,0.000755,0.000000,0.000000,0.000000,0,1
179736000000,179737000000,6274140245,65,2544369572,0.000000,0.000000,0.000000,0.000000,0.000000,0.000000,0.000000,0.000000,0.000000,0.000000,0.683800,0.000755,0.000000,0.000000,0.000000,0,0
179752000000,180000000000,6274140245,65,1326696,0.000000,0.000000,0.000000,0.000000,0.000000,0.000000,0.000000,0.000000,0.000000,0.000000,0.000000,0.000000,0.000000,0.000000,0.000000,0,0
180000000000,180187000000,6274140245,65,1326696,0.000000,0.000000,0.000000,0.000000,0.000000,0.000000,0.000000,0.000000,0.000000,0.000000,0.000000,0.000000,0.000000,0.000000,0.000000,0,0
180187000000,180300000000,6274140245,65,1326696,0.003998,0.017730,0.018950,0.000225,0.016660,0.035280,0.031370,0.000000,0.021300,0.051760,1.279000,0.001620,0.000000,0.000000,0.004051,0,0
180300000000,180328000000,6274140245,65,1326696,0.004753,0.037110,0.039180,0.000044,0.036560,0.037780,0.036320,0.000000,0.007515,0.057130,11.090000,0.048120,0.000000,0.000000,0.003284,0,0
180328000000,180600000000,6274140245,65,1326696,0.042110,0.054570,0.058470,0.000180,0.054570,0.061100,0.022670,0.000000,0.188500,0.077390,1.143000,0.000449,0.000000,0.000000,0.001083,0,0
180600000000,180900000000,6274140245,65,1326696,0.184600,0.061220,0.061770,0.000376,0.056150,0.061280,0.000104,0.000000,0.205600,0.022280,1.352000,0.000648,0.000000,0.000000,0.184100,0,0
180900000000,181200000000,6274140245,65,1326696,0.184800,0.061160,0.061770,0.000376,0.056150,0.061280,0.000004,0.000000,0.366200,0.000072,1.355000,0.000716,0.000000,0.000000,0.186800,0,0
181200000000,181371000000,6274140245,65,1326696,0.185300,0.061220,0.061770,0.000367,0.056150,0.061280,0.000004,0.000000,0.212400,0.000072,1.366000,0.000709,0.000000,0.000000,0.179200,0,0
181371000000,181500000000,6274140245,65,1326696,0.185800,0.061220,0.061770,0.000357,0.056150,0.061280,0.000005,0.000000,0.370100,0.000072,1.383000,0.000693,0.000000,0.000000,0.161400,0,0
181500000000,181800000000,6274140245,65,1326696,0.185500,0.061280,0.061770,0.000276,0.056030,0.061340,0.000004,0.000000,0.371600,0.000072,1.372000,0.000722,0.000000,0.000000,0.185800,0,0
181800000000,182100000000,6274140245,65,1326696,0.185500,0.061280,0.061770,0.000296,0.056090,0.061400,0.000036,0.000000,0.205800,0.007996,1.413000,0.000766,0.000000,0.000000,0.186800,0,0
182100000000,182400000000,6274140245,65,1326696,0.184300,0.061220,0.061770,0.000291,0.056030,0.061280,0.000004,0.000000,0.365200,0.000072,1.419000,0.000775,0.000000,0.000000,0.186500,0,0
182400000000,182700000000,6274140245,65,1326696,0.184800,0.061220,0.061770,0.000278,0.056030,0.061280,0.000004,0.000000,0.206300,0.000072,1.378000,0.000752,0.000000,0.000000,0.185300,0,0
182700000000,183000000000,6274140245,65,1326696,0.184600,0.061160,0.061770,0.000271,0.056030,0.061220,0.000005,0.000000,0.372600,0.000428,1.390000,0.000760,0.000000,0.000000,0.186800,0,0
183000000000,183300000000,6274140245,65,1326696,0.184600,0.061160,0.061770,0.000265,0.056030,0.061220,0.000010,0.000000,0.372600,0.002071,1.415000,0.000791,0.000000,0.000000,0.185100,0,0
183300000000,183600000000,6274140245,65,1326696,0.184300,0.061220,0.061770,0.000259,0.056030,0.061280,0.000008,0.000000,0.366200,0.000999,1.333000,0.000727,0.000000,0.000000,0.187500,0,0
183600000000,183900000000,6274140245,65,1326696,0.136700,0.061100,0.061770,0.000253,0.056030,0.061280,0.000032,0.000000,0.192600,0.004211,1.377000,0.000713,0.000000,0.000000,0.062440,0,0
183900000000,184200000000,6274140245,65,1326696,0.084470,0.060790,0.061770,0.000278,0.056030,0.060910,0.000069,0.000000,0.137200,0.011720,1.386000,0.000713,0.000000,0.000000,0.062260,0,0
184200000000,184305000000,6274140245,65,1326696,0.124600,0.060550,0.061770,0.000281,0.056030,0.060610,0.000004,0.000000,0.132600,0.000072,1.420000,0.000736,0.000000,0.000000,0.124800,0,0
184305000000,184500000000,6274140245,65,1326696,0.084590,0.060490,0.061770,0.000286,0.056030,0.060610,0.000012,0.000000,0.129600,0.000714,1.390000,0.000685,0.000000,0.000000,0.063110,0,0
184500000000,184800000000,6274140245,65,1326696,0.087400,0.060240,0.061770,0.000300,0.056090,0.060610,0.000013,0.000000,0.249800,0.000500,1.401000,0.000736,0.000000,0.000000,0.062620,0,0
184800000000,185100000000,6274140245,65,1326696,0.085570,0.060240,0.061770,0.000304,0.056090,0.060610,0.000044,0.000000,0.137500,0.005211,1.539000,0.000808,0.000000,0.000000,0.062740,0,0
185100000000,185400000000,6274140245,65,1326696,0.049320,0.059880,0.061770,0.000307,0.056090,0.060000,0.000013,0.000000,0.065800,0.000500,1.321000,0.000511,0.000000,0.000000,0.063110,0,0
185400000000,185700000000,6274140245,65,1326696,0.070920,0.060000,0.061770,0.000309,0.056090,0.060420,0.000005,0.000000,0.250000,0.000500,1.455000,0.000650,0.000000,0.000000,0.062380,0,0
185700000000,186000000000,6274140245,65,1326696,0.109100,0.060180,0.061950,0.000320,0.056090,0.060490,0.000009,0.000000,0.137000,0.000643,1.365000,0.000734,0.000000,0.000000,0.118800,0,0
186000000000,186300000000,6274140245,65,1326696,0.033330,0.059450,0.060970,0.000320,0.056090,0.060180,0.000004,0.000000,0.135000,0.000357,1.372000,0.000824,0.000000,0.000000,0.123500,0,0
186300000000,186600000000,6274140245,65,1326696,0.026210,0.059140,0.060240,0.000311,0.056090,0.059690,0.000012,0.000000,0.138700,0.001072,1.220000,0.000657,0.000000,0.000000,0.110700,0,0
186600000000,186900000000,6274140245,65,1326696,0.000174,0.058960,0.060240,0.000311,0.056090,0.058960,0.000003,0.000000,0.005035,0.000786,2.666000,0.008599,0.000000,0.000000,0.000146,0,0
186900000000,187200000000,6274140245,65,1326696,0.000181,0.058960,0.060240,0.000312,0.056090,0.058960,0.000005,0.000000,0.004425,0.000428,2.770000,0.009028,0.000000,0.000000,0.000278,0,0
187200000000,187318000000,6274140245,65,1326696,0.037350,0.059080,0.060240,0.000313,0.056090,0.059270,0.000007,0.000000,1.186000,0.000428,1.447000,0.000735,0.000000,0.000000,0.062620,0,0
187318000000,187500000000,6274140245,65,1326696,0.105700,0.059690,0.060240,0.000302,0.056090,0.059940,0.000003,0.000000,0.141100,0.000072,1.384000,0.000680,0.000000,0.000000,0.124400,0,0
187500000000,187523000000,6274140245,65,1326696,0.123000,0.059940,0.060300,0.000276,0.056030,0.059940,0.000012,0.000000,0.144800,0.000286,1.326000,0.000613,0.000000,0.000000,0.124000,0,0
187523000000,187800000000,6274140245,65,1326696,0.101200,0.059810,0.060300,0.000251,0.056030,0.059940,0.000031,0.000000,0.144000,0.002144,1.360000,0.000753,0.000000,0.000000,0.062500,0,0
187800000000,188100000000,6274140245,65,1326696,0.053960,0.059390,0.060240,0.000250,0.056030,0.059880,0.000007,0.000000,0.153300,0.000215,1.295000,0.000639,0.000000,0.000000,0.000067,0,0
188100000000,188400000000,6274140245,65,1326696,0.071530,0.059330,0.060240,0.000248,0.056030,0.059880,0.000004,0.000000,0.137700,0.000428,1.417000,0.000710,0.000000,0.000000,0.094480,0,0
188400000000,188700000000,6274140245,65,1326696,0.059630,0.059450,0.060240,0.000243,0.056030,0.059940,0.000003,0.000000,0.249500,0.000072,1.420000,0.000720,0.000000,0.000000,0.125200,0,0
188700000000,189000000000,6274140245,65,1326696,0.063110,0.059270,0.060240,0.000243,0.056030,0.059450,0.000003,0.000000,0.126000,0.000072,1.374000,0.000656,0.000000,0.000000,0.062740,0,0
189000000000,189300000000,6274140245,65,1326696,0.085940,0.059510,0.060240,0.000243,0.056030,0.059940,0.000009,0.000000,0.132300,0.000571,1.299000,0.000608,0.000000,0.000000,0.125000,0,0
189300000000,189600000000,6274140245,65,1326696,0.084840,0.059570,0.060240,0.000237,0.056030,0.059940,0.000004,0.000000,0.130100,0.000143,1.429000,0.000751,0.000000,0.000000,0.126000,0,0
189600000000,189900000000,6274140245,65,1326696,0.036070,0.059140,0.060240,0.000235,0.056030,0.059330,0.000004,0.000000,0.068850,0.000500,1.454000,0.000725,0.000000,0.000000,0.000015,0,0
189900000000,190200000000,6274140245,65,1326696,0.104000,0.059630,0.060240,0.000231,0.056030,0.059940,0.000006,0.000000,0.130900,0.000428,1.358000,0.000723,0.000000,0.000000,0.062500,0,0
190200000000,190500000000,6274140245,65,1326696,0.023830,0.059270,0.060240,0.000225,0.055970,0.059940,0.000002,0.000000,0.125700,0.000072,1.339000,0.000643,0.000000,0.000000,0.000163,0,0
190500000000,190800000000,6274140245,65,1326696,0.097410,0.059880,0.061160,0.000222,0.055970,0.060850,0.006104,0.000000,0.202100,0.064940,1.343000,0.000687,0.000000,0.000000,0.181900,0,0
190800000000,191100000000,6274140245,65,1326696,0.139600,0.060490,0.062190,0.000370,0.056150,0.060730,0.000007,0.000000,0.188500,0.000786,1.398000,0.000720,0.000000,0.000000,0.171600,0,0
191100000000,191400000000,6274140245,65,1326696,0.000196,0.059080,0.060420,0.000088,0.055850,0.060000,0.000000,0.000000,0.005226,0.000072,1.338000,0.000852,0.000000,0.000000,0.000021,0,0
191400000000,191700000000,6274140245,65,1326696,0.000177,0.058900,0.060240,0.000063,0.055850,0.058960,0.000053,0.000000,0.005081,0.015990,2.607000,0.008677,0.000000,0.000000,0.000025,0,0
191700000000,192000000000,6274140245,65,1326696,0.000166,0.058960,0.060240,0.000096,0.055850,0.058960,0.000001,0.000000,0.004532,0.000143,2.601000,0.008588,0.000000,0.000000,0.000171,0,0
192000000000,192300000000,6274140245,65,1326696,0.053100,0.059200,0.060240,0.000100,0.055850,0.059880,0.000011,0.000000,0.199200,0.001715,1.414000,0.000790,0.000000,0.000000,0.000093,0,0
192300000000,192600000000,6274140245,65,1326696,0.086910,0.059750,0.060240,0.000098,0.055850,0.059880,0.000004,0.000000,0.137700,0.000286,1.358000,0.000713,0.000000,0.000000,0.048580,0,0
192600000000,192900000000,6274140245,65,1326696,0.039610,0.059140,0.060240,0.000099,0.055850,0.059270,0.000002,0.000000,0.104000,0.000286,1.259000,0.000608,0.000000,0.000000,0.062260,0,0
192900000000,193160000000,6274140245,65,1326696,0.041380,0.059200,0.060240,0.000113,0.055910,0.059330,0.000173,0.000000,0.067630,0.007568,1.281000,0.000617,0.000000,0.000000,0.000028,0,0
193160000000,193166000000,6274140245,65,1326696,0.000081,0.059080,0.060240,0.000212,0.055970,0.059080,0.001215,0.000000,0.000244,0.007217,2.612000,0.009011,0.000000,0.000000,0.000022,0,0
193166000000,193176000000,6274140245,65,1326696,0.002098,0.005638,0.000000,0.005089,0.005089,0.056340,0.000072,0.000000,0.021000,0.000786,2.263000,0.006642,0.000000,0.000000,0.000000,0,0
193176000000,193179000000,6274140245,65,1326696,0.000000,0.000000,0.000000,0.000000,0.000000,0.000000,0.000000,0.000000,0.000000,0.000000,2.199000,0.006212,0.000000,0.000000,0.000000,0,0
