179244000000,179400000000,6274140245,66,1093469,0.000000,0.000000,0.000000,0.000000,0.000000,0.000000,0.000000,0.000000,0.000000,0.000000,0.000000,0.000000,0.000000,0.000000,0.000000,0,0
179400000000,179468000000,6274140245,66,1093469,0.000000,0.000000,0.000000,0.000000,0.000000,0.000000,0.000000,0.000000,0.000000,0.000000,0.000000,0.000000,0.000000,0.000000,0.000000,0,0
179468000000,179606000000,6274140245,66,1093469,0.009186,0.034730,0.035890,0.000122,0.033690,0.059140,0.052860,0.000000,0.062740,0.145300,1.395000,0.003013,0.000000,0.000000,0.061770,0,0
179606000000,179700000000,6274140245,66,1093469,0.049740,0.059940,0.059940,0.000211,0.055850,0.060000,0.044190,0.000000,0.188000,0.071530,19.210000,0.083540,0.000000,0.000000,0.056030,0,0
179700000000,180000000000,6274140245,66,1093469,0.167500,0.060610,0.062070,0.000318,0.056030,0.060850,0.005249,0.000000,0.193600,0.072510,1.324000,0.000743,0.000000,0.000000,0.185800,0,0
180000000000,180258000000,6274140245,66,1093469,0.184600,0.060240,0.062010,0.000386,0.056150,0.060610,0.000063,0.000000,0.369600,0.010500,1.346000,0.000746,0.000000,0.000000,0.180200,0,0
180258000000,180300000000,6274140245,66,1093469,0.186500,0.060420,0.062070,0.000386,0.056150,0.060490,0.000005,0.000000,0.190700,0.000143,1.289000,0.000616,0.000000,0.000000,0.187700,0,0
180300000000,180600000000,6274140245,66,1093469,0.186500,0.060420,0.062070,0.000386,0.056150,0.060490,0.000007,0.000000,0.375000,0.000929,1.321000,0.000698,0.000000,0.000000,0.187300,0,0
180600000000,180900000000,6274140245,66,1093469,0.186300,0.060420,0.062010,0.000386,0.056150,0.060490,0.000006,0.000000,0.375000,0.000428,1.396000,0.000801,0.000000,0.000000,0.187700,0,0
180900000000,181200000000,6274140245,66,1093469,0.187000,0.060420,0.062070,0.000388,0.056150,0.060490,0.000008,0.000000,0.206100,0.001286,1.346000,0.000739,0.000000,0.000000,0.187700,0,0
181200000000,181500000000,6274140245,66,1093469,0.187000,0.060420,0.062070,0.000388,0.056150,0.060490,0.000005,0.000000,0.373500,0.000357,1.329000,0.000722,0.000000,0.000000,0.187700,0,0
181500000000,181800000000,6274140245,66,1093469,0.186300,0.060420,0.062070,0.000389,0.056150,0.060490,0.000006,0.000000,0.374000,0.000571,1.315000,0.000702,0.000000,0.000000,0.182100,0,0
181800000000,182100000000,6274140245,66,1093469,0.187000,0.060420,0.062070,0.000389,0.056150,0.060490,0.000004,0.000000,0.206300,0.000072,1.348000,0.000688,0.000000,0.000000,0.187700,0,0
182100000000,182400000000,6274140245,66,1093469,0.186500,0.060420,0.062070,0.000389,0.056150,0.060490,0.000010,0.000000,0.191900,0.001215,1.347000,0.000730,0.000000,0.000000,0.187700,0,0
182400000000,182700000000,6274140245,66,1093469,0.186800,0.060420,0.062070,0.000389,0.056150,0.060490,0.000005,0.000000,0.206300,0.000571,1.357000,0.000729,0.000000,0.000000,0.187300,0,0
182700000000,183000000000,6274140245,66,1093469,0.186800,0.060490,0.062070,0.000417,0.056210,0.060550,0.000022,0.000000,0.375500,0.005074,1.338000,0.000694,0.000000,0.000000,0.187500,0,0
183000000000,183300000000,6274140245,66,1093469,0.186800,0.060420,0.062070,0.000404,0.056150,0.060490,0.000004,0.000000,0.206300,0.000286,1.322000,0.000669,0.000000,0.000000,0.187300,0,0
183300000000,183600000000,6274140245,66,1093469,0.186800,0.060420,0.062070,0.000382,0.056150,0.060490,0.000003,0.000000,0.206100,0.000143,1.312000,0.000699,0.000000,0.000000,0.187300,0,0
183600000000,183900000000,6274140245,66,1093469,0.121500,0.060240,0.062070,0.000363,0.056150,0.060490,0.000006,0.000000,0.191900,0.000215,1.364000,0.000747,0.000000,0.000000,0.187500,0,0
183900000000,183971000000,6274140245,66,1093469,0.026920,0.059810,0.061950,0.001398,0.056150,0.060000,0.002304,0.000000,0.064210,0.050050,1.307000,0.000618,0.000000,0.000000,0.062620,0,0
183971000000,183986000000,6274140245,66,1093469,0.000199,0.000000,0.000000,0.000000,0.000000,0.000000,0.000000,0.000000,0.002991,0.000000,1.462000,0.001404,0.000000,0.000000,0.000000,0,0
183986000000,183987000000,6274140245,66,1093469,0.000000,0.000000,0.000000,0.000000,0.000000,0.000000,0.000000,0.000000,0.000000,0.000000,2.908000,0.008317,0.000000,0.000000,0.000000,0,0
