179243000000,179400000000,6274140245,67,3828839,0.000000,0.000000,0.000000,0.000000,0.000000,0.000000,0.000000,0.000000,0.000000,0.000000,0.000000,0.000000,0.000000,0.000000,0.000000,0,0
179400000000,179544000000,6274140245,67,3828839,0.000000,0.000000,0.000000,0.000000,0.000000,0.000000,0.000000,0.000000,0.000000,0.000000,0.000000,0.000000,0.000000,0.000000,0.000000,0,0
179544000000,179688000000,6274140245,67,3828839,0.002834,0.015930,0.017520,0.000312,0.015200,0.028530,0.023470,0.000000,0.026580,0.091310,1.363000,0.002918,0.000000,0.000000,0.004356,0,0
179688000000,179700000000,6274140245,67,3828839,0.003551,0.028810,0.031130,0.000013,0.028720,0.029570,0.025600,0.000000,0.008728,0.042850,3.428000,0.013030,0.000000,0.000000,0.005257,0,0
179700000000,179892000000,6274140245,67,3828839,0.004120,0.038510,0.047240,0.000721,0.044250,0.055360,0.024080,0.000000,0.090580,0.096920,36.400000,0.169300,0.000000,0.000000,0.007133,0,0
179892000000,179912000000,6274140245,67,3828839,0.001768,0.000000,0.002789,0.002666,0.002666,0.000000,0.000000,0.000000,0.017670,0.000000,39.210000,0.184200,0.000000,0.000000,0.000000,0,1
179912000000,179913000000,6274140245,67,3828839,0.000000,0.000000,0.000000,0.000000,0.000000,0.000000,0.000000,0.000000,0.000000,0.000000,39.210000,0.184200,0.000000,0.000000,0.000000,0,0
179933000000,180000000000,6274140245,67,4820060364,0.000000,0.000000,0.000000,0.000000,0.000000,0.000000,0.000000,0.000000,0.000000,0.000000,0.000000,0.000000,0.000000,0.000000,0.000000,0,0
180000000000,180131000000,6274140245,67,4820060364,0.000000,0.000000,0.000000,0.000000,0.000000,0.000000,0.000000,0.000000,0.000000,0.000000,0.000000,0.000000,0.000000,0.000000,0.000000,0,0
180131000000,180300000000,6274140245,67,4820060364,0.035030,0.038210,0.039550,0.000148,0.036130,0.061100,0.039370,0.000000,0.203900,0.168200,0.885300,0.000000,0.000000,0.000000,0.050350,0,0
180300000000,180329000000,6274140245,67,4820060364,0.184800,0.061400,0.061890,0.000348,0.056090,0.061520,0.000967,0.000000,0.274900,0.011720,0.943200,0.000000,0.000000,0.000000,0.185300,0,0
180329000000,180470000000,6274140245,67,4820060364,0.182900,0.061520,0.061890,0.000357,0.056090,0.061650,0.000010,0.000000,0.264200,0.000286,1.241000,0.000000,0.000000,0.000000,0.186000,0,0
180470000000,180600000000,6274140245,67,4820060364,0.183600,0.061340,0.061890,0.000366,0.056090,0.061460,0.000121,0.000000,0.485800,0.015210,1.269000,0.000000,0.000000,0.000000,0.186800,0,0
180600000000,180900000000,6274140245,67,4820060364,0.182600,0.061280,0.061950,0.000364,0.056090,0.061460,0.000084,0.000000,0.433100,0.015780,1.250000,0.000000,0.000000,0.000000,0.184600,0,0
180900000000,181200000000,6274140245,67,4820060364,0.184100,0.061340,0.062010,0.000384,0.056150,0.061400,0.000010,0.000000,0.417000,0.000857,1.221000,0.000000,0.000000,0.000000,0.185800,0,0
181200000000,181500000000,6274140245,67,4820060364,0.184800,0.061340,0.062070,0.000382,0.056150,0.061400,0.000010,0.000000,0.919900,0.001358,1.276000,0.000000,0.000000,0.000000,0.186800,0,0
181500000000,181800000000,6274140245,67,4820060364,0.183800,0.061340,0.062010,0.000382,0.056150,0.061400,0.000007,0.000000,0.724600,0.000143,1.282000,0.000000,0.000000,0.000000,0.186500,0,0
181800000000,182100000000,6274140245,67,4820060364,0.183100,0.061400,0.062070,0.000382,0.056150,0.061400,0.000006,0.000000,0.373000,0.000215,1.273000,0.000000,0.000000,0.000000,0.178200,0,0
182100000000,182400000000,6274140245,67,4820060364,0.182900,0.061400,0.062010,0.000440,0.056210,0.061460,0.000010,0.000000,0.375000,0.000857,1.247000,0.000000,0.000000,0.000000,0.185800,0,0
182400000000,182700000000,6274140245,67,4820060364,0.182900,0.061400,0.062070,0.000454,0.056210,0.061460,0.000010,0.000000,0.369100,0.001072,1.237000,0.000000,0.000000,0.000000,0.186300,0,0
182700000000,183000000000,6274140245,67,4820060364,0.184800,0.061340,0.062010,0.000412,0.056150,0.061400,0.000009,0.000000,0.300300,0.000643,1.240000,0.000000,0.000000,0.000000,0.187000,0,0
183000000000,183300000000,6274140245,67,4820060364,0.184600,0.061400,0.062070,0.000400,0.056150,0.061460,0.000007,0.000000,0.430700,0.000500,1.234000,0.000000,0.000000,0.000000,0.185500,0,0
183300000000,183600000000,6274140245,67,4820060364,0.183800,0.061400,0.062070,0.000406,0.056150,0.061460,0.000051,0.000000,0.308100,0.010390,1.222000,0.000000,0.000000,0.000000,0.185300,0,0
183600000000,183900000000,6274140245,67,4820060364,0.158400,0.061340,0.062010,0.000405,0.056150,0.061460,0.000017,0.000000,0.331100,0.002857,1.241000,0.000000,0.000000,0.000000,0.187500,0,0
183900000000,183981000000,6274140245,67,4820060364,0.056030,0.061040,0.062070,0.001793,0.056210,0.061100,0.001011,0.000000,0.112200,0.029420,1.307000,0.000000,0.000000,0.000000,0.062740,0,0
183981000000,184004000000,6274140245,67,4820060364,0.000093,0.000000,0.000000,0.000000,0.000000,0.000000,0.000154,0.000000,0.002136,0.002644,1.279000,0.000000,0.000000,0.000000,0.000000,0,0
184004000000,184006000000,6274140245,67,4820060364,0.000000,0.000000,0.000000,0.000000,0.000000,0.000000,0.000000,0.000000,0.000000,0.000000,1.279000,0.000000,0.000000,0.000000,0.000000,0,0
