179232000000,179400000000,6274140245,68,711545,0.000000,0.000000,0.000000,0.000000,0.000000,0.000000,0.000000,0.000000,0.000000,0.000000,0.000000,0.000000,0.000000,0.000000,0.000000,0,0
179400000000,179700000000,6274140245,68,711545,0.000000,0.000000,0.000000,0.000000,0.000000,0.000000,0.000000,0.000000,0.000000,0.000000,0.000000,0.000000,0.000000,0.000000,0.000000,0,0
179700000000,179930000000,6274140245,68,711545,0.000000,0.000000,0.000000,0.000000,0.000000,0.000000,0.000000,0.000000,0.000000,0.000000,0.000000,0.000000,0.000000,0.000000,0.000000,0,0
179930000000,180000000000,6274140245,68,711545,0.003723,0.008743,0.010100,0.000302,0.007744,0.020940,0.033570,0.000000,0.021330,0.058410,1.437000,0.002663,0.000000,0.000000,0.000178,0,0
180000000000,180014000000,6274140245,68,711545,0.001556,0.022250,0.023040,0.000051,0.020690,0.022890,0.016780,0.000000,0.016510,0.036440,1.645000,0.003672,0.000000,0.000000,0.000187,0,0
180014000000,180300000000,6274140245,68,711545,0.001251,0.017580,0.020510,0.000021,0.017880,0.024540,0.008514,0.000000,0.027710,0.050050,3.620000,0.014740,0.000000,0.000000,0.005562,0,0
180300000000,180600000000,6274140245,68,711545,0.001001,0.020450,0.021850,0.000021,0.019560,0.025020,0.005066,0.000000,0.010240,0.043030,0.620300,0.000764,0.000000,0.000000,0.000523,0,0
180600000000,180900000000,6274140245,68,711545,0.000885,0.028630,0.029910,0.000002,0.027400,0.034240,0.002602,0.000000,0.044860,0.014280,0.561400,0.000347,0.000000,0.000000,0.000417,0,0
180900000000,181148000000,6274140245,68,711545,0.002460,0.042180,0.052920,0.000421,0.050480,0.055910,0.008820,0.000000,0.077030,0.038570,1.210000,0.000270,0.000000,0.000000,0.000673,0,0
181148000000,181165000000,6274140245,68,711545,0.001184,0.000000,0.000000,0.009445,0.009445,0.000000,0.001009,0.000002,0.005035,0.002857,30.140000,0.153600,0.000000,0.000000,0.000000,0,1
181165000000,181166000000,6274140245,68,711545,0.000000,0.000000,0.000000,0.000000,0.000000,0.000000,0.002857,0.000002,0.000000,0.002857,30.140000,0.153600,0.000000,0.000000,0.000000,0,0
181176000000,181200000000,6274140245,68,294935569,0.000000,0.000000,0.000000,0.000000,0.000000,0.000000,0.000000,0.000000,0.000000,0.000000,0.000000,0.000000,0.000000,0.000000,0.000000,0,0
181200000000,181371000000,6274140245,68,294935569,0.000000,0.000000,0.000000,0.000000,0.000000,0.000000,0.000000,0.000000,0.000000,0.000000,0.000000,0.000000,0.000000,0.000000,0.000000,0,0
181371000000,181500000000,6274140245,68,294935569,0.004524,0.022640,0.023740,0.000153,0.021420,0.053770,0.056150,0.000000,0.030060,0.116800,1.191000,0.001537,0.000000,0.000000,0.000000,0,0
181500000000,181568000000,6274140245,68,294935569,0.008316,0.053830,0.053830,0.000077,0.051820,0.053830,0.046450,0.000000,0.062500,0.065310,0.517200,0.000431,0.000000,0.000000,0.006081,0,0
181568000000,181800000000,6274140245,68,294935569,0.165800,0.060970,0.061280,0.000544,0.056150,0.061580,0.005211,0.000000,0.193400,0.121500,1.301000,0.000735,0.000000,0.000000,0.188500,0,0
181800000000,182083000000,6274140245,68,294935569,0.186000,0.061280,0.061580,0.000283,0.056030,0.061340,0.000166,0.000000,0.206500,0.014220,1.341000,0.000754,0.000000,0.000000,0.187500,0,0
182083000000,182100000000,6274140245,68,294935569,0.186300,0.061280,0.061580,0.000231,0.056030,0.061280,0.000004,0.000000,0.188500,0.000072,1.320000,0.000744,0.000000,0.000000,0.184300,0,0
182100000000,182400000000,6274140245,68,294935569,0.186300,0.061220,0.061580,0.000202,0.055970,0.061280,0.000010,0.000000,0.376000,0.001499,1.349000,0.000709,0.000000,0.000000,0.188700,0,0
182400000000,182700000000,6274140245,68,294935569,0.186000,0.061340,0.061580,0.000144,0.055910,0.061340,0.000004,0.000000,0.205100,0.000215,1.304000,0.000651,0.000000,0.000000,0.187000,0,0
182700000000,183000000000,6274140245,68,294935569,0.185300,0.061340,0.061580,0.000114,0.055850,0.061400,0.000004,0.000000,0.205100,0.000357,1.326000,0.000687,0.000000,0.000000,0.187300,0,0
183000000000,183300000000,6274140245,68,294935569,0.186000,0.061340,0.061580,0.000089,0.055850,0.061400,0.000020,0.000000,0.375500,0.003143,1.332000,0.000741,0.000000,0.000000,0.186800,0,0
183300000000,183600000000,6274140245,68,294935569,0.179700,0.061340,0.061580,0.000071,0.055850,0.061400,0.000040,0.000000,0.358400,0.003857,1.375000,0.000766,0.000000,0.000000,0.188000,0,0
183600000000,183900000000,6274140245,68,294935569,0.175300,0.061280,0.061580,0.000082,0.055850,0.061340,0.000032,0.000000,0.202900,0.008072,1.355000,0.000695,0.000000,0.000000,0.179400,0,0
183900000000,184001000000,6274140245,68,294935569,0.069700,0.061040,0.061580,0.001219,0.055910,0.061280,0.001431,0.000000,0.135700,0.051270,1.326000,0.000639,0.000000,0.000000,0.062990,0,0
184001000000,184024000000,6274140245,68,294935569,0.000122,0.000000,0.000000,0.000000,0.000000,0.000000,0.000140,0.000000,0.002808,0.003071,1.313000,0.000652,0.000000,0.000000,0.000000,0,0
184024000000,184025000000,6274140245,68,294935569,0.000000,0.000000,0.000000,0.000000,0.000000,0.000000,0.000000,0.000000,0.000000,0.000000,1.313000,0.000652,0.000000,0.000000,0.000000,0,0
