179226000000,179400000000,6274140245,69,337874048,0.000000,0.000000,0.000000,0.000000,0.000000,0.000000,0.000000,0.000000,0.000000,0.000000,0.000000,0.000000,0.000000,0.000000,0.000000,0,0
179400000000,179451000000,6274140245,69,337874048,0.000000,0.000000,0.000000,0.000000,0.000000,0.000000,0.000000,0.000000,0.000000,0.000000,0.000000,0.000000,0.000000,0.000000,0.000000,0,0
179451000000,179600000000,6274140245,69,337874048,0.013600,0.036070,0.037110,0.000244,0.034420,0.060420,0.045470,0.000000,0.187700,0.129200,0.803500,0.000229,0.000000,0.000000,0.009552,0,0
179600000000,179700000000,6274140245,69,337874048,0.043030,0.060420,0.060420,0.000093,0.055730,0.060420,0.040410,0.000000,0.201700,0.064580,0.814400,0.000258,0.000000,0.000000,0.006134,0,0
179700000000,179737000000,6274140245,69,337874048,0.077510,0.060610,0.061460,0.000144,0.055790,0.061040,0.026030,0.000000,0.188000,0.071530,11.460000,0.044360,0.000000,0.000000,0.187000,0,0
179737000000,179766000000,6274140245,69,337874048,0.002274,0.001980,0.000000,0.001930,0.001930,0.057370,0.000010,0.000000,0.065920,0.000215,11.460000,0.044360,0.000000,0.000000,0.000000,0,1
179766000000,179767000000,6274140245,69,337874048,0.000000,0.000000,0.000000,0.000000,0.000000,0.000000,0.000000,0.000000,0.000000,0.000000,11.460000,0.044360,0.000000,0.000000,0.000000,0,0
179784000000,179984000000,6274140245,69,1335148,0.006393,0.033080,0.033940,0.000449,0.031920,0.055180,0.031740,0.000000,0.079590,0.100800,3.292000,0.012430,0.000000,0.000000,0.000885,0,0
179984000000,180000000000,6274140245,69,1335148,0.000769,0.003403,0.000000,0.003304,0.003304,0.054440,0.000000,0.000000,0.012300,0.000000,16.110000,0.068670,0.000000,0.000000,0.000000,0,0
180000000000,180007000000,6274140245,69,1335148,0.000000,0.000000,0.000000,0.000000,0.000000,0.000000,0.000000,0.000000,0.000000,0.000000,16.110000,0.068670,0.000000,0.000000,0.000000,0,1
180007000000,180008000000,6274140245,69,1335148,0.000000,0.000000,0.000000,0.000000,0.000000,0.000000,0.000000,0.000000,0.000000,0.000000,16.110000,0.068670,0.000000,0.000000,0.000000,0,0
180013000000,180203000000,6274140245,69,8055077,0.000000,0.000000,0.000000,0.000000,0.000000,0.000000,0.000000,0.000000,0.000000,0.000000,0.000000,0.000000,0.000000,0.000000,0.000000,0,0
180203000000,180300000000,6274140245,69,8055077,0.007027,0.021820,0.023010,0.000137,0.021090,0.053100,0.053960,0.000000,0.042970,0.075680,1.409000,0.002396,0.000000,0.000000,0.001326,0,0
180300000000,180398000000,6274140245,69,8055077,0.079960,0.057190,0.057740,0.000511,0.054750,0.060240,0.025180,0.000000,0.188500,0.162800,0.946400,0.000369,0.000000,0.000000,0.008835,0,0
180398000000,180489000000,6274140245,69,8055077,0.065550,0.060180,0.060240,0.000050,0.055730,0.060240,0.040890,0.000000,0.188000,0.071530,1.366000,0.000748,0.000000,0.000000,0.008789,0,0
180489000000,180600000000,6274140245,69,8055077,0.029660,0.060240,0.060790,0.000083,0.055730,0.060610,0.052800,0.000000,0.184800,0.071530,4.077000,0.012240,0.000000,0.000000,0.003609,0,0
180600000000,180900000000,6274140245,69,8055077,0.177700,0.060550,0.062190,0.000343,0.056090,0.060730,0.000202,0.000000,0.196300,0.015080,1.396000,0.000797,0.000000,0.000000,0.177000,0,0
180900000000,181200000000,6274140245,69,8055077,0.179400,0.060490,0.062130,0.000377,0.056150,0.060550,0.000018,0.000000,0.197800,0.001429,1.324000,0.000731,0.000000,0.000000,0.182600,0,0
181200000000,181500000000,6274140245,69,8055077,0.179700,0.060550,0.062130,0.000358,0.056090,0.060610,0.000017,0.000000,0.206100,0.001642,1.352000,0.000726,0.000000,0.000000,0.185800,0,0
181500000000,181800000000,6274140245,69,8055077,0.186000,0.060550,0.062130,0.000357,0.056090,0.060610,0.000003,0.000000,0.206800,0.000072,1.369000,0.000713,0.000000,0.000000,0.187300,0,0
181800000000,182100000000,6274140245,69,8055077,0.186000,0.060610,0.062130,0.000362,0.056150,0.060670,0.000052,0.000000,0.197000,0.009140,1.394000,0.000753,0.000000,0.000000,0.189000,0,0
182100000000,182400000000,6274140245,69,8055077,0.186300,0.060550,0.062130,0.000371,0.056150,0.060610,0.000011,0.000000,0.374500,0.001572,1.393000,0.000774,0.000000,0.000000,0.184800,0,0
182400000000,182700000000,6274140245,69,8055077,0.185800,0.060550,0.062130,0.000372,0.056150,0.060610,0.000014,0.000000,0.342300,0.001499,1.433000,0.000789,0.000000,0.000000,0.186500,0,0
182700000000,183000000000,6274140245,69,8055077,0.185300,0.060550,0.062130,0.000372,0.056150,0.060610,0.000006,0.000000,0.371100,0.000357,1.408000,0.000762,0.000000,0.000000,0.187500,0,0
183000000000,183300000000,6274140245,69,8055077,0.185100,0.060550,0.062130,0.000382,0.056150,0.060670,0.000032,0.000000,0.374500,0.007500,1.386000,0.000752,0.000000,0.000000,0.188500,0,0
183300000000,183600000000,6274140245,69,8055077,0.186000,0.060550,0.062190,0.000386,0.056150,0.060610,0.000008,0.000000,0.355000,0.000999,1.355000,0.000736,0.000000,0.000000,0.186300,0,0
183600000000,183900000000,6274140245,69,8055077,0.150400,0.060490,0.062190,0.000376,0.056150,0.060610,0.000010,0.000000,0.198700,0.001286,1.388000,0.000767,0.000000,0.000000,0.185100,0,0
183900000000,183960000000,6274140245,69,8055077,0.056520,0.060180,0.062190,0.001314,0.056150,0.060300,0.001102,0.000000,0.064210,0.026000,1.409000,0.000722,0.000000,0.000000,0.062620,0,0
183960000000,183977000000,6274140245,69,8055077,0.000161,0.000000,0.000000,0.000000,0.000000,0.000000,0.000290,0.000000,0.002747,0.002857,1.384000,0.000669,0.000000,0.000000,0.000000,0,0
183977000000,183978000000,6274140245,69,8055077,0.000000,0.000000,0.000000,0.000000,0.000000,0.000000,0.000000,0.000000,0.000000,0.000000,1.384000,0.000669,0.000000,0.000000,0.000000,0,0
