179243000000,179400000000,6274140245,7,336033779,0.000000,0.000000,0.000000,0.000000,0.000000,0.000000,0.000000,0.000000,0.000000,0.000000,0.000000,0.000000,0.000000,0.000000,0.000000,0,0
179400000000,179508000000,6274140245,7,336033779,0.000000,0.000000,0.000000,0.000000,0.000000,0.000000,0.000000,0.000000,0.000000,0.000000,0.000000,0.000000,0.000000,0.000000,0.000000,0,0
179508000000,179688000000,6274140245,7,336033779,0.006218,0.030580,0.031740,0.000145,0.029170,0.054320,0.043030,0.000000,0.063350,0.114300,3.421000,0.012750,0.000000,0.000000,0.006378,0,0
179688000000,179700000000,6274140245,7,336033779,0.006760,0.055600,0.056150,0.000071,0.053340,0.057070,0.041260,0.000000,0.013310,0.129900,14.720000,0.056780,0.000000,0.000000,0.007072,0,0
179700000000,179976000000,6274140245,7,336033779,0.155800,0.061220,0.062260,0.000365,0.056090,0.061770,0.004456,0.000000,0.188700,0.101600,1.316000,0.000632,0.000000,0.000000,0.188000,0,0
179976000000,180000000000,6274140245,7,336033779,0.002838,0.000000,0.000000,0.002338,0.002338,0.000000,0.000003,0.000000,0.034060,0.000072,1.299000,0.000576,0.000000,0.000000,0.000000,0,0
180000000000,180004000000,6274140245,7,336033779,0.000000,0.000000,0.000000,0.000000,0.000000,0.000000,0.000000,0.000000,0.000000,0.000000,1.192000,0.000508,0.000000,0.000000,0.000000,0,1
180004000000,180005000000,6274140245,7,336033779,0.000000,0.000000,0.000000,0.000000,0.000000,0.000000,0.000000,0.000000,0.000000,0.000000,1.192000,0.000508,0.000000,0.000000,0.000000,0,0
180026000000,180156000000,6274140245,7,1335148,0.003937,0.027400,0.031740,0.000558,0.028990,0.043400,0.036130,0.000000,0.025540,0.105800,3.559000,0.013820,0.000000,0.000000,0.003468,0,0
180156000000,180177000000,6274140245,7,1335148,0.005142,0.000000,0.000000,0.000000,0.000000,0.000000,0.000000,0.000000,0.054020,0.000000,21.200000,0.096420,0.000000,0.000000,0.000000,0,1
180177000000,180178000000,6274140245,7,1335148,0.000000,0.000000,0.000000,0.000000,0.000000,0.000000,0.000000,0.000000,0.000000,0.000000,21.200000,0.096420,0.000000,0.000000,0.000000,0,0
180211000000,180300000000,6274140245,7,1194278035,0.000000,0.000000,0.000000,0.000000,0.000000,0.000000,0.000000,0.000000,0.000000,0.000000,0.000000,0.000000,0.000000,0.000000,0.000000,0,0
180300000000,180509000000,6274140245,7,1194278035,0.000000,0.000000,0.000000,0.000000,0.000000,0.000000,0.000000,0.000000,0.000000,0.000000,0.000000,0.000000,0.000000,0.000000,0.000000,0,0
180509000000,180600000000,6274140245,7,1194278035,0.004356,0.017180,0.018460,0.000234,0.016360,0.035100,0.038760,0.000000,0.022890,0.058170,1.272000,0.001677,0.000000,0.000000,0.004204,0,0
180600000000,180667000000,6274140245,7,1194278035,0.004585,0.047670,0.049190,0.000107,0.046080,0.054260,0.036990,0.000000,0.062500,0.078610,11.700000,0.058770,0.000000,0.000000,0.062500,0,0
180667000000,180900000000,6274140245,7,1194278035,0.096800,0.060970,0.061340,0.000298,0.055790,0.061830,0.017060,0.000000,0.194300,0.114900,1.258000,0.000657,0.000000,0.000000,0.002098,0,0
180900000000,181200000000,6274140245,7,1194278035,0.186800,0.061710,0.063350,0.000350,0.056090,0.061950,0.000154,0.000000,0.375000,0.015350,1.332000,0.000733,0.000000,0.000000,0.187000,0,0
181200000000,181312000000,6274140245,7,1194278035,0.187000,0.061710,0.063350,0.000370,0.056150,0.061770,0.000004,0.000000,0.199200,0.000072,1.306000,0.000668,0.000000,0.000000,0.187500,0,0
181312000000,181500000000,6274140245,7,1194278035,0.187000,0.061710,0.063350,0.000370,0.056150,0.061770,0.000008,0.000000,0.375500,0.000714,1.307000,0.000672,0.000000,0.000000,0.186500,0,0
181500000000,181800000000,6274140245,7,1194278035,0.187300,0.061710,0.063350,0.000371,0.056150,0.061770,0.000003,0.000000,0.374500,0.000072,1.334000,0.000731,0.000000,0.000000,0.188500,0,0
181800000000,182100000000,6274140245,7,1194278035,0.187300,0.061710,0.063350,0.000371,0.056150,0.061770,0.000009,0.000000,0.375500,0.001715,1.340000,0.000720,0.000000,0.000000,0.187500,0,0
182100000000,182400000000,6274140245,7,1194278035,0.187000,0.061710,0.063350,0.000371,0.056150,0.061830,0.000005,0.000000,0.206300,0.000072,1.304000,0.000651,0.000000,0.000000,0.187300,0,0
182400000000,182700000000,6274140245,7,1194278035,0.187000,0.061770,0.063350,0.000372,0.056150,0.061830,0.000003,0.000000,0.205600,0.000072,1.334000,0.000697,0.000000,0.000000,0.187700,0,0
182700000000,183000000000,6274140245,7,1194278035,0.187000,0.061770,0.063350,0.000372,0.056150,0.061830,0.000003,0.000000,0.374500,0.000072,1.290000,0.000682,0.000000,0.000000,0.187700,0,0
183000000000,183300000000,6274140245,7,1194278035,0.187000,0.061830,0.063230,0.000372,0.056150,0.061890,0.000004,0.000000,0.205800,0.000072,1.299000,0.000663,0.000000,0.000000,0.184800,0,0
183300000000,183600000000,6274140245,7,1194278035,0.187300,0.061830,0.063230,0.000372,0.056150,0.061890,0.000004,0.000000,0.206500,0.000072,1.331000,0.000735,0.000000,0.000000,0.187500,0,0
183600000000,183800000000,6274140245,7,1194278035,0.116100,0.061650,0.063230,0.000651,0.056150,0.061890,0.000340,0.000000,0.189000,0.028440,1.307000,0.000664,0.000000,0.000000,0.187500,0,0
183800000000,183821000000,6274140245,7,1194278035,0.000707,0.000000,0.000000,0.000000,0.000000,0.000000,0.000048,0.000000,0.014830,0.000999,1.355000,0.000840,0.000000,0.000000,0.000000,0,0
183821000000,183822000000,6274140245,7,1194278035,0.000000,0.000000,0.000000,0.000000,0.000000,0.000000,0.000000,0.000000,0.000000,0.000000,1.355000,0.000840,0.000000,0.000000,0.000000,0,0
190704000000,190800000000,6274140245,7,906240,0.000000,0.000000,0.000000,0.000000,0.000000,0.000000,0.000000,0.000000,0.000000,0.000000,0.000000,0.000000,0.000000,0.000000,0.000000,0,0
190800000000,190903000000,6274140245,7,906240,0.000000,0.000000,0.000000,0.000000,0.000000,0.000000,0.000000,0.000000,0.000000,0.000000,0.000000,0.000000,0.000000,0.000000,0.000000,0,0
190903000000,190928000000,6274140245,7,906240,0.001411,0.001698,0.003849,0.000703,0.001245,0.001944,0.011860,0.000000,0.015990,0.066410,2.312000,0.007709,0.000000,0.000000,0.000069,0,0
190928000000,190946000000,6274140245,7,906240,0.000127,0.000000,0.000000,0.000000,0.000000,0.000000,0.000016,0.000000,0.002274,0.000143,2.312000,0.007709,0.000000,0.000000,0.000000,0,0
190946000000,190947000000,6274140245,7,906240,0.000000,0.000000,0.000000,0.000000,0.000000,0.000000,0.000000,0.000000,0.000000,0.000000,2.312000,0.007709,0.000000,0.000000,0.000000,0,0
