179243000000,179400000000,6274140245,70,4802864522,0.000000,0.000000,0.000000,0.000000,0.000000,0.000000,0.000000,0.000000,0.000000,0.000000,0.000000,0.000000,0.000000,0.000000,0.000000,0,0
179400000000,179587000000,6274140245,70,4802864522,0.000000,0.000000,0.000000,0.000000,0.000000,0.000000,0.000000,0.000000,0.000000,0.000000,0.000000,0.000000,0.000000,0.000000,0.000000,0,0
179587000000,179700000000,6274140245,70,4802864522,0.002670,0.010930,0.012410,0.000302,0.010060,0.023530,0.023220,0.000000,0.040410,0.058780,3.085000,0.000000,0.000000,0.000000,0.000759,0,0
179700000000,179729000000,6274140245,70,4802864522,0.003105,0.026760,0.028780,0.000017,0.025970,0.028140,0.021700,0.000000,0.009872,0.045900,3.322000,0.000000,0.000000,0.000000,0.000858,0,0
179729000000,180000000000,6274140245,70,4802864522,0.010620,0.045410,0.046690,0.000125,0.044250,0.059810,0.024230,0.000000,0.183800,0.057010,0.739700,0.000000,0.000000,0.000000,0.001503,0,0
180000000000,180300000000,6274140245,70,4802864522,0.163100,0.060910,0.061650,0.000332,0.056030,0.061160,0.000920,0.000000,0.291500,0.035220,1.238000,0.000000,0.000000,0.000000,0.185500,0,0
180300000000,180600000000,6274140245,70,4802864522,0.174600,0.061040,0.061710,0.000386,0.056150,0.061100,0.000015,0.000000,0.205300,0.003143,1.205000,0.000000,0.000000,0.000000,0.184100,0,0
180600000000,180900000000,6274140245,70,4802864522,0.175800,0.061040,0.061710,0.000388,0.056150,0.061100,0.000011,0.000000,0.205300,0.001642,1.192000,0.000000,0.000000,0.000000,0.187300,0,0
180900000000,180969000000,6274140245,70,4802864522,0.169200,0.061100,0.061710,0.000388,0.056150,0.061100,0.000019,0.000000,0.188000,0.000714,1.227000,0.000000,0.000000,0.000000,0.173800,0,0
180969000000,181200000000,6274140245,70,4802864522,0.162600,0.060970,0.061710,0.000388,0.056150,0.061100,0.000021,0.000000,0.304200,0.000953,1.214000,0.000000,0.000000,0.000000,0.112200,0,0
181200000000,181500000000,6274140245,70,4802864522,0.173800,0.060970,0.061710,0.000389,0.056150,0.061040,0.000010,0.000000,0.309600,0.000929,1.244000,0.000000,0.000000,0.000000,0.181400,0,0
181500000000,181800000000,6274140245,70,4802864522,0.177500,0.060970,0.061710,0.000389,0.056150,0.061040,0.000010,0.000000,0.514600,0.001358,1.181000,0.000000,0.000000,0.000000,0.178000,0,0
181800000000,182100000000,6274140245,70,4802864522,0.175500,0.060970,0.061710,0.000389,0.056150,0.061100,0.000009,0.000000,0.221400,0.001499,1.206000,0.000000,0.000000,0.000000,0.179400,0,0
182100000000,182400000000,6274140245,70,4802864522,0.171100,0.061040,0.061710,0.000386,0.056150,0.061100,0.000011,0.000000,0.313000,0.001499,1.227000,0.000000,0.000000,0.000000,0.183800,0,0
182400000000,182700000000,6274140245,70,4802864522,0.172900,0.061040,0.061710,0.000383,0.056150,0.061100,0.000010,0.000000,0.234900,0.001928,1.233000,0.000000,0.000000,0.000000,0.176500,0,0
182700000000,183000000000,6274140245,70,4802864522,0.172600,0.061040,0.061710,0.000380,0.056150,0.061100,0.000014,0.000000,0.375000,0.002930,1.221000,0.000000,0.000000,0.000000,0.180400,0,0
183000000000,183300000000,6274140245,70,4802864522,0.173600,0.061040,0.061710,0.000373,0.056150,0.061100,0.000010,0.000000,0.288600,0.001572,1.187000,0.000000,0.000000,0.000000,0.171600,0,0
183300000000,183600000000,6274140245,70,4802864522,0.171400,0.060970,0.061710,0.000372,0.056150,0.061100,0.000008,0.000000,0.222400,0.001215,1.225000,0.000000,0.000000,0.000000,0.184600,0,0
183600000000,183900000000,6274140245,70,4802864522,0.145000,0.060970,0.061710,0.000372,0.056150,0.061040,0.000010,0.000000,0.276900,0.001572,1.192000,0.000000,0.000000,0.000000,0.124800,0,0
183900000000,183962000000,6274140245,70,4802864522,0.050660,0.060670,0.061710,0.001278,0.056150,0.060910,0.001904,0.000000,0.135500,0.030150,1.240000,0.000000,0.000000,0.000000,0.000700,0,0
183962000000,183977000000,6274140245,70,4802864522,0.000248,0.000000,0.000000,0.000000,0.000000,0.000000,0.000058,0.000000,0.003723,0.000857,1.385000,0.000000,0.000000,0.000000,0.000000,0,0
183977000000,183979000000,6274140245,70,4802864522,0.000000,0.000000,0.000000,0.000000,0.000000,0.000000,0.000000,0.000000,0.000000,0.000000,3.303000,0.000000,0.000000,0.000000,0.000000,0,0
