179235000000,179400000000,6274140245,71,294902207,0.000000,0.000000,0.000000,0.000000,0.000000,0.000000,0.000000,0.000000,0.000000,0.000000,0.000000,0.000000,0.000000,0.000000,0.000000,0,0
179400000000,179490000000,6274140245,71,294902207,0.000000,0.000000,0.000000,0.000000,0.000000,0.000000,0.000000,0.000000,0.000000,0.000000,0.000000,0.000000,0.000000,0.000000,0.000000,0,0
179490000000,179624000000,6274140245,71,294902207,0.007133,0.029390,0.030820,0.000112,0.027800,0.055480,0.056460,0.000000,0.062740,0.129900,26.850000,0.143500,0.000000,0.000000,0.006248,0,0
179624000000,179700000000,6274140245,71,294902207,0.119500,0.060420,0.061040,0.000256,0.055660,0.062130,0.017640,0.000000,0.189000,0.120000,1.359000,0.000728,0.000000,0.000000,0.130900,0,0
179700000000,180000000000,6274140245,71,294902207,0.185800,0.062130,0.062260,0.000168,0.055910,0.062260,0.000518,0.000000,0.193600,0.052490,1.276000,0.000640,0.000000,0.000000,0.188500,0,0
180000000000,180198000000,6274140245,71,294902207,0.187300,0.062130,0.062260,0.000086,0.055850,0.062190,0.000077,0.000000,0.192900,0.004425,1.314000,0.000707,0.000000,0.000000,0.187700,0,0
180198000000,180300000000,6274140245,71,294902207,0.186800,0.062190,0.062260,0.000027,0.055790,0.062260,0.000080,0.000000,0.191700,0.003143,1.358000,0.000733,0.000000,0.000000,0.187700,0,0
180300000000,180600000000,6274140245,71,294902207,0.187000,0.062070,0.062260,0.000026,0.055790,0.062260,0.000005,0.000000,0.206100,0.000286,1.282000,0.000645,0.000000,0.000000,0.187700,0,0
180600000000,180900000000,6274140245,71,294902207,0.187000,0.062190,0.062320,0.000020,0.055790,0.062260,0.000041,0.000000,0.207000,0.004501,1.350000,0.000703,0.000000,0.000000,0.187500,0,0
180900000000,181200000000,6274140245,71,294902207,0.187000,0.062190,0.062320,0.000005,0.055790,0.062190,0.000021,0.000000,0.190200,0.005211,1.284000,0.000654,0.000000,0.000000,0.187700,0,0
181200000000,181500000000,6274140245,71,294902207,0.187000,0.062260,0.062320,0.000023,0.055790,0.062320,0.000242,0.000000,0.356400,0.029940,1.345000,0.000702,0.000000,0.000000,0.186500,0,0
181500000000,181800000000,6274140245,71,294902207,0.182100,0.062260,0.062320,0.000084,0.055850,0.062320,0.003212,0.000000,0.191900,0.067380,1.329000,0.000719,0.000000,0.000000,0.012990,0,0
181800000000,182100000000,6274140245,71,294902207,0.186300,0.062260,0.062320,0.000054,0.055790,0.062320,0.000723,0.000000,0.376000,0.045780,1.361000,0.000718,0.000000,0.000000,0.186500,0,0
182100000000,182400000000,6274140245,71,294902207,0.186500,0.062260,0.062380,0.000056,0.055790,0.062380,0.000767,0.000000,0.376000,0.056340,1.319000,0.000711,0.000000,0.000000,0.188700,0,0
182400000000,182700000000,6274140245,71,294902207,0.186300,0.062190,0.062320,0.000054,0.055790,0.062260,0.000060,0.000000,0.376000,0.007645,1.301000,0.000657,0.000000,0.000000,0.186300,0,0
182700000000,183000000000,6274140245,71,294902207,0.187000,0.062260,0.062320,0.000033,0.055790,0.062320,0.000024,0.000000,0.375500,0.004570,1.357000,0.000728,0.000000,0.000000,0.186800,0,0
183000000000,183300000000,6274140245,71,294902207,0.187000,0.062260,0.062320,0.000018,0.055790,0.062260,0.000020,0.000000,0.193100,0.003929,1.306000,0.000654,0.000000,0.000000,0.187500,0,0
183300000000,183600000000,6274140245,71,294902207,0.187300,0.062260,0.062380,0.000017,0.055790,0.062260,0.000007,0.000000,0.362300,0.001072,1.297000,0.000663,0.000000,0.000000,0.186500,0,0
183600000000,183900000000,6274140245,71,294902207,0.142600,0.062010,0.062320,0.000018,0.055790,0.062260,0.000007,0.000000,0.191400,0.000357,1.386000,0.000744,0.000000,0.000000,0.187500,0,0
183900000000,183981000000,6274140245,71,294902207,0.081910,0.061890,0.062320,0.001202,0.055850,0.062010,0.001795,0.000000,0.130400,0.044920,1.371000,0.000682,0.000000,0.000000,0.062620,0,0
183981000000,183997000000,6274140245,71,294902207,0.000175,0.000000,0.000000,0.000000,0.000000,0.000000,0.000035,0.000000,0.002808,0.000428,1.365000,0.000749,0.000000,0.000000,0.000000,0,0
183997000000,183998000000,6274140245,71,294902207,0.000000,0.000000,0.000000,0.000000,0.000000,0.000000,0.000000,0.000000,0.000000,0.000000,2.947000,0.007972,0.000000,0.000000,0.000000,0,0
