179239000000,179400000000,6274140245,72,1436522790,0.000000,0.000000,0.000000,0.000000,0.000000,0.000000,0.000000,0.000000,0.000000,0.000000,0.000000,0.000000,0.000000,0.000000,0.000000,0,0
179400000000,179626000000,6274140245,72,1436522790,0.000000,0.000000,0.000000,0.000000,0.000000,0.000000,0.000000,0.000000,0.000000,0.000000,0.000000,0.000000,0.000000,0.000000,0.000000,0,0
179626000000,179700000000,6274140245,72,1436522790,0.003262,0.009933,0.011380,0.000428,0.009109,0.021060,0.029300,0.000000,0.026430,0.099490,1.175000,0.001809,0.000000,0.000000,0.000003,0,0
179700000000,179759000000,6274140245,72,1436522790,0.003460,0.029050,0.030400,0.000033,0.028020,0.035340,0.029170,0.000000,0.015140,0.057800,14.680000,0.073840,0.000000,0.000000,0.003742,0,0
179759000000,180000000000,6274140245,72,1436522790,0.031620,0.051570,0.053410,0.000261,0.049560,0.061280,0.019990,0.000000,0.376000,0.082640,1.297000,0.000772,0.000000,0.000000,0.000211,0,0
180000000000,180300000000,6274140245,72,1436522790,0.170700,0.061580,0.062870,0.000291,0.056030,0.061890,0.003101,0.000000,0.311000,0.050600,1.340000,0.000772,0.000000,0.000000,0.185500,0,0
180300000000,180600000000,6274140245,72,1436522790,0.186800,0.061650,0.063230,0.000386,0.056150,0.061710,0.000006,0.000000,0.318400,0.000857,1.319000,0.000720,0.000000,0.000000,0.187500,0,0
180600000000,180775000000,6274140245,72,1436522790,0.186000,0.061580,0.063230,0.000386,0.056150,0.061650,0.000007,0.000000,0.191700,0.000500,1.331000,0.000716,0.000000,0.000000,0.188700,0,0
180775000000,180900000000,6274140245,72,1436522790,0.185800,0.061650,0.063350,0.000386,0.056150,0.061710,0.000003,0.000000,0.191400,0.000072,1.359000,0.000673,0.000000,0.000000,0.187000,0,0
180900000000,181200000000,6274140245,72,1436522790,0.185500,0.061650,0.063350,0.000386,0.056150,0.061710,0.000004,0.000000,0.206300,0.000072,1.302000,0.000688,0.000000,0.000000,0.182900,0,0
181200000000,181500000000,6274140245,72,1436522790,0.186800,0.061710,0.063350,0.000386,0.056150,0.061710,0.000006,0.000000,0.375000,0.000428,1.320000,0.000692,0.000000,0.000000,0.191700,0,0
181500000000,181800000000,6274140245,72,1436522790,0.185500,0.061710,0.063350,0.000387,0.056150,0.061770,0.000003,0.000000,0.346200,0.000072,1.348000,0.000717,0.000000,0.000000,0.187300,0,0
181800000000,182100000000,6274140245,72,1436522790,0.186800,0.061710,0.063350,0.000387,0.056150,0.061770,0.000004,0.000000,0.206300,0.000072,1.359000,0.000762,0.000000,0.000000,0.187700,0,0
182100000000,182400000000,6274140245,72,1436522790,0.186300,0.061650,0.063350,0.000386,0.056150,0.061710,0.000008,0.000000,0.199500,0.001072,1.345000,0.000702,0.000000,0.000000,0.187500,0,0
182400000000,182700000000,6274140245,72,1436522790,0.186300,0.061710,0.063350,0.000386,0.056150,0.061770,0.000007,0.000000,0.318400,0.001143,1.357000,0.000763,0.000000,0.000000,0.186300,0,0
182700000000,183000000000,6274140245,72,1436522790,0.186800,0.061650,0.063350,0.000388,0.056150,0.061710,0.000004,0.000000,0.372100,0.000643,1.334000,0.000715,0.000000,0.000000,0.187000,0,0
183000000000,183300000000,6274140245,72,1436522790,0.187000,0.061650,0.063350,0.000400,0.056150,0.061710,0.000049,0.000000,0.206300,0.011720,1.261000,0.000638,0.000000,0.000000,0.188000,0,0
183300000000,183600000000,6274140245,72,1436522790,0.186800,0.061650,0.063350,0.000423,0.056210,0.061710,0.000005,0.000000,0.205800,0.000072,1.342000,0.000682,0.000000,0.000000,0.187500,0,0
183600000000,183900000000,6274140245,72,1436522790,0.168700,0.061650,0.063350,0.000424,0.056210,0.061710,0.000004,0.000000,0.206500,0.000143,1.316000,0.000699,0.000000,0.000000,0.187500,0,0
183900000000,183960000000,6274140245,72,1436522790,0.075680,0.061460,0.063350,0.001362,0.056210,0.061650,0.000939,0.000000,0.128900,0.024290,1.281000,0.000672,0.000000,0.000000,0.062740,0,0
183960000000,183975000000,6274140245,72,1436522790,0.000891,0.000000,0.000000,0.000000,0.000000,0.000000,0.000048,0.000000,0.013370,0.000714,1.475000,0.000976,0.000000,0.000000,0.000000,0,0
183975000000,183977000000,6274140245,72,1436522790,0.000000,0.000000,0.000000,0.000000,0.000000,0.000000,0.000000,0.000000,0.000000,0.000000,1.475000,0.000976,0.000000,0.000000,0.000000,0,0
