179237000000,179400000000,6274140245,73,336053503,0.000000,0.000000,0.000000,0.000000,0.000000,0.000000,0.000000,0.000000,0.000000,0.000000,0.000000,0.000000,0.000000,0.000000,0.000000,0,0
179400000000,179472000000,6274140245,73,336053503,0.000000,0.000000,0.000000,0.000000,0.000000,0.000000,0.000000,0.000000,0.000000,0.000000,0.000000,0.000000,0.000000,0.000000,0.000000,0,0
179472000000,179634000000,6274140245,73,336053503,0.006828,0.032170,0.032900,0.000094,0.030980,0.053710,0.057980,0.000000,0.068970,0.073850,14.090000,0.071400,0.000000,0.000000,0.012700,0,0
179634000000,179700000000,6274140245,73,336053503,0.090090,0.058590,0.059270,0.000246,0.055180,0.060970,0.028290,0.000000,0.189000,0.107500,1.323000,0.000577,0.000000,0.000000,0.187000,0,0
179700000000,180000000000,6274140245,73,336053503,0.186000,0.061160,0.061460,0.000309,0.056090,0.061400,0.000156,0.000000,0.192100,0.014710,1.342000,0.000677,0.000000,0.000000,0.187300,0,0
180000000000,180172000000,6274140245,73,336053503,0.186000,0.061160,0.061460,0.000219,0.055970,0.061220,0.000047,0.000000,0.191700,0.004288,1.427000,0.000793,0.000000,0.000000,0.186800,0,0
180172000000,180300000000,6274140245,73,336053503,0.185300,0.061220,0.061460,0.000193,0.055970,0.061280,0.000021,0.000000,0.191700,0.001928,1.518000,0.000907,0.000000,0.000000,0.187700,0,0
180300000000,180600000000,6274140245,73,336053503,0.186300,0.061160,0.061460,0.000173,0.055910,0.061220,0.000004,0.000000,0.191400,0.000143,1.382000,0.000744,0.000000,0.000000,0.183800,0,0
180600000000,180900000000,6274140245,73,336053503,0.186300,0.061220,0.061460,0.000135,0.055910,0.061280,0.000017,0.000000,0.204100,0.004288,1.333000,0.000664,0.000000,0.000000,0.187500,0,0
180900000000,181200000000,6274140245,73,336053503,0.185500,0.061220,0.061460,0.000148,0.055910,0.061280,0.000029,0.000000,0.191700,0.007500,1.395000,0.000737,0.000000,0.000000,0.186000,0,0
181200000000,181500000000,6274140245,73,336053503,0.186000,0.061220,0.061460,0.000150,0.055910,0.061280,0.000013,0.000000,0.375000,0.001072,1.348000,0.000732,0.000000,0.000000,0.187500,0,0
181500000000,181800000000,6274140245,73,336053503,0.186500,0.061220,0.061460,0.000105,0.055850,0.061280,0.000021,0.000000,0.206300,0.001999,1.388000,0.000741,0.000000,0.000000,0.184300,0,0
181800000000,182100000000,6274140245,73,336053503,0.187000,0.061160,0.061460,0.000093,0.055850,0.061220,0.000004,0.000000,0.206500,0.000143,1.348000,0.000678,0.000000,0.000000,0.187500,0,0
182100000000,182400000000,6274140245,73,336053503,0.187300,0.061160,0.061460,0.000092,0.055850,0.061280,0.000003,0.000000,0.349100,0.000072,1.384000,0.000768,0.000000,0.000000,0.188000,0,0
182400000000,182700000000,6274140245,73,336053503,0.186000,0.061160,0.061460,0.000107,0.055850,0.061220,0.000030,0.000000,0.204800,0.007713,1.366000,0.000775,0.000000,0.000000,0.188000,0,0
182700000000,183000000000,6274140245,73,336053503,0.187000,0.061160,0.061460,0.000104,0.055850,0.061220,0.000005,0.000000,0.375500,0.000357,1.342000,0.000734,0.000000,0.000000,0.187700,0,0
183000000000,183300000000,6274140245,73,336053503,0.187000,0.061160,0.061460,0.000098,0.055850,0.061220,0.000004,0.000000,0.194300,0.000072,1.350000,0.000742,0.000000,0.000000,0.187500,0,0
183300000000,183600000000,6274140245,73,336053503,0.187000,0.061160,0.061460,0.000094,0.055850,0.061220,0.000004,0.000000,0.206300,0.000215,1.346000,0.000729,0.000000,0.000000,0.188000,0,0
183600000000,183900000000,6274140245,73,336053503,0.159900,0.061160,0.061460,0.000081,0.055850,0.061220,0.000018,0.000000,0.191700,0.003784,1.316000,0.000707,0.000000,0.000000,0.187300,0,0
183900000000,183961000000,6274140245,73,336053503,0.057500,0.060910,0.061460,0.001745,0.055850,0.061100,0.002316,0.000000,0.129200,0.048280,1.379000,0.000675,0.000000,0.000000,0.000112,0,0
183961000000,183982000000,6274140245,73,336053503,0.000151,0.000000,0.000000,0.000000,0.000000,0.000000,0.000010,0.000000,0.003174,0.000143,2.924000,0.011620,0.000000,0.000000,0.000000,0,0
183982000000,183983000000,6274140245,73,336053503,0.000000,0.000000,0.000000,0.000000,0.000000,0.000000,0.000000,0.000000,0.000000,0.000000,2.924000,0.011620,0.000000,0.000000,0.000000,0,0
