179236000000,179400000000,6274140245,74,38751606,0.000000,0.000000,0.000000,0.000000,0.000000,0.000000,0.000000,0.000000,0.000000,0.000000,0.000000,0.000000,0.000000,0.000000,0.000000,0,0
179400000000,179423000000,6274140245,74,38751606,0.000000,0.000000,0.000000,0.000000,0.000000,0.000000,0.000000,0.000000,0.000000,0.000000,0.000000,0.000000,0.000000,0.000000,0.000000,0,0
179423000000,179552000000,6274140245,74,38751606,0.010220,0.032100,0.033810,0.000578,0.030670,0.059140,0.053530,0.000000,0.062620,0.104100,37.210000,0.178900,0.000000,0.000000,0.008118,0,0
179552000000,179570000000,6274140245,74,38751606,0.001198,0.000000,0.000000,0.000000,0.000000,0.000000,0.000000,0.000000,0.021580,0.000000,33.850000,0.166900,0.000000,0.000000,0.000000,0,1
179570000000,179572000000,6274140245,74,38751606,0.000000,0.000000,0.000000,0.000000,0.000000,0.000000,0.000000,0.000000,0.000000,0.000000,33.850000,0.166900,0.000000,0.000000,0.000000,0,0
179594000000,179693000000,6274140245,74,1094186,0.011580,0.033630,0.034670,0.000335,0.032710,0.057010,0.053960,0.000000,0.102200,0.135700,0.965000,0.000672,0.000000,0.000000,0.008972,0,0
179693000000,179700000000,6274140245,74,1094186,0.004799,0.008041,0.000000,0.007843,0.007843,0.056270,0.000000,0.000000,0.033570,0.000000,0.792000,0.000165,0.000000,0.000000,0.000000,0,0
179700000000,179715000000,6274140245,74,1094186,0.000000,0.000000,0.000000,0.000000,0.000000,0.000000,0.000000,0.000000,0.000000,0.000000,0.792000,0.000165,0.000000,0.000000,0.000000,0,1
179715000000,179716000000,6274140245,74,1094186,0.000000,0.000000,0.000000,0.000000,0.000000,0.000000,0.000000,0.000000,0.000000,0.000000,0.792000,0.000165,0.000000,0.000000,0.000000,0,0
179772000000,179952000000,6274140245,74,294816857,0.000000,0.000000,0.000000,0.000000,0.000000,0.000000,0.000000,0.000000,0.000000,0.000000,0.000000,0.000000,0.000000,0.000000,0.000000,0,0
179952000000,180000000000,6274140245,74,294816857,0.008423,0.014760,0.015840,0.000159,0.013610,0.025390,0.060180,0.000000,0.017550,0.075320,37.850000,0.180600,0.000000,0.000000,0.008682,0,0
180000000000,180108000000,6274140245,74,294816857,0.065430,0.048160,0.053160,0.000333,0.049260,0.061400,0.035400,0.000000,0.205100,0.146000,1.420000,0.000804,0.000000,0.000000,0.008591,0,0
180108000000,180186000000,6274140245,74,294816857,0.172400,0.061770,0.063110,0.000212,0.055910,0.062190,0.005760,0.000000,0.215100,0.095090,1.399000,0.000762,0.000000,0.000000,0.187700,0,0
180186000000,180300000000,6274140245,74,294816857,0.186800,0.061830,0.063350,0.000331,0.056030,0.062010,0.000153,0.000000,0.374500,0.013500,1.375000,0.000706,0.000000,0.000000,0.187000,0,0
180300000000,180600000000,6274140245,74,294816857,0.186500,0.061710,0.063350,0.000379,0.056150,0.061830,0.000090,0.000000,0.375000,0.019440,1.403000,0.000750,0.000000,0.000000,0.187500,0,0
180600000000,180900000000,6274140245,74,294816857,0.186500,0.061460,0.062620,0.000386,0.056150,0.061830,0.000006,0.000000,0.375000,0.000500,1.419000,0.000732,0.000000,0.000000,0.187000,0,0
180900000000,181200000000,6274140245,74,294816857,0.186500,0.061220,0.062010,0.000386,0.056150,0.061280,0.000003,0.000000,0.375500,0.000072,1.424000,0.000761,0.000000,0.000000,0.183600,0,0
181200000000,181500000000,6274140245,74,294816857,0.185500,0.061160,0.062010,0.000380,0.056150,0.061220,0.000005,0.000000,0.401900,0.000215,1.372000,0.000720,0.000000,0.000000,0.188000,0,0
181500000000,181800000000,6274140245,74,294816857,0.183600,0.061100,0.062010,0.000343,0.056090,0.061220,0.000005,0.000000,0.375000,0.000215,1.390000,0.000766,0.000000,0.000000,0.187000,0,0
181800000000,182100000000,6274140245,74,294816857,0.184300,0.061100,0.062010,0.000304,0.056090,0.061220,0.000003,0.000000,0.373000,0.000072,1.443000,0.000796,0.000000,0.000000,0.188000,0,0
182100000000,182400000000,6274140245,74,294816857,0.186500,0.061160,0.062010,0.000271,0.056030,0.061220,0.000011,0.000000,0.226100,0.002285,1.393000,0.000716,0.000000,0.000000,0.188200,0,0
182400000000,182700000000,6274140245,74,294816857,0.186500,0.061160,0.062010,0.000240,0.056030,0.061220,0.000004,0.000000,0.230000,0.000143,1.459000,0.000778,0.000000,0.000000,0.187700,0,0
182700000000,183000000000,6274140245,74,294816857,0.186800,0.061160,0.062010,0.000239,0.056030,0.061220,0.000004,0.000000,0.206300,0.000143,1.341000,0.000692,0.000000,0.000000,0.187700,0,0
183000000000,183300000000,6274140245,74,294816857,0.186500,0.061160,0.062010,0.000236,0.055970,0.061220,0.000007,0.000000,0.206300,0.000999,1.413000,0.000706,0.000000,0.000000,0.187000,0,0
183300000000,183600000000,6274140245,74,294816857,0.186800,0.061220,0.062010,0.000217,0.055970,0.061280,0.000003,0.000000,0.189000,0.000143,1.403000,0.000717,0.000000,0.000000,0.185800,0,0
183600000000,183900000000,6274140245,74,294816857,0.146000,0.061160,0.062010,0.000208,0.055970,0.061220,0.000022,0.000000,0.204800,0.005501,1.387000,0.000651,0.000000,0.000000,0.125700,0,0
183900000000,184110000000,6274140245,74,294816857,0.051330,0.060790,0.062010,0.000426,0.056030,0.060850,0.000478,0.000000,0.066650,0.028440,1.485000,0.000777,0.000000,0.000000,0.062620,0,0
184110000000,184132000000,6274140245,74,294816857,0.000785,0.000000,0.000000,0.000000,0.000000,0.000000,0.000016,0.000000,0.017270,0.000143,1.463000,0.000658,0.000000,0.000000,0.000000,0,0
184132000000,184134000000,6274140245,74,294816857,0.000000,0.000000,0.000000,0.000000,0.000000,0.000000,0.000000,0.000000,0.000000,0.000000,1.463000,0.000658,0.000000,0.000000,0.000000,0,0
