179237000000,179400000000,6274140245,75,17504073,0.000000,0.000000,0.000000,0.000000,0.000000,0.000000,0.000000,0.000000,0.000000,0.000000,0.000000,0.000000,0.000000,0.000000,0.000000,0,0
179400000000,179443000000,6274140245,75,17504073,0.000000,0.000000,0.000000,0.000000,0.000000,0.000000,0.000000,0.000000,0.000000,0.000000,0.000000,0.000000,0.000000,0.000000,0.000000,0,0
179443000000,179571000000,6274140245,75,17504073,0.008881,0.033450,0.034970,0.000151,0.032840,0.058110,0.052920,0.000000,0.062870,0.143100,1.235000,0.001696,0.000000,0.000000,0.006172,0,0
179571000000,179700000000,6274140245,75,17504073,0.127000,0.060120,0.060910,0.000366,0.056090,0.060850,0.014970,0.000000,0.375500,0.110600,1.100000,0.000661,0.000000,0.000000,0.056210,0,0
179700000000,179915000000,6274140245,75,17504073,0.187300,0.060670,0.061950,0.000374,0.056150,0.060850,0.000010,0.000000,0.200400,0.000571,1.375000,0.000766,0.000000,0.000000,0.187700,0,0
179915000000,180000000000,6274140245,75,17504073,0.186800,0.060550,0.061890,0.000372,0.056150,0.060670,0.000010,0.000000,0.207500,0.000571,1.334000,0.000641,0.000000,0.000000,0.186300,0,0
180000000000,180300000000,6274140245,75,17504073,0.187300,0.060670,0.061890,0.000369,0.056150,0.060730,0.000007,0.000000,0.192100,0.000714,1.338000,0.000712,0.000000,0.000000,0.187500,0,0
180300000000,180600000000,6274140245,75,17504073,0.187000,0.060670,0.061890,0.000370,0.056150,0.060730,0.000016,0.000000,0.375500,0.003784,1.355000,0.000729,0.000000,0.000000,0.187500,0,0
180600000000,180900000000,6274140245,75,17504073,0.187000,0.060610,0.061950,0.000372,0.056150,0.060670,0.000007,0.000000,0.191400,0.001072,1.315000,0.000695,0.000000,0.000000,0.187700,0,0
180900000000,181200000000,6274140245,75,17504073,0.187000,0.060610,0.061950,0.000372,0.056150,0.060670,0.000005,0.000000,0.375500,0.000500,1.294000,0.000713,0.000000,0.000000,0.188500,0,0
181200000000,181500000000,6274140245,75,17504073,0.186800,0.060670,0.061950,0.000372,0.056150,0.060730,0.000008,0.000000,0.354000,0.001215,1.269000,0.000644,0.000000,0.000000,0.188000,0,0
181500000000,181800000000,6274140245,75,17504073,0.187000,0.060670,0.061950,0.000372,0.056150,0.060730,0.000004,0.000000,0.204300,0.000286,1.331000,0.000701,0.000000,0.000000,0.187500,0,0
181800000000,182100000000,6274140245,75,17504073,0.186500,0.060670,0.061950,0.000373,0.056150,0.060730,0.000004,0.000000,0.375500,0.000215,1.367000,0.000747,0.000000,0.000000,0.186000,0,0
182100000000,182400000000,6274140245,75,17504073,0.186000,0.060730,0.061950,0.000373,0.056150,0.060790,0.000011,0.000000,0.375000,0.000786,1.385000,0.000692,0.000000,0.000000,0.184300,0,0
182400000000,182700000000,6274140245,75,17504073,0.186500,0.060670,0.061950,0.000373,0.056150,0.060730,0.000004,0.000000,0.376000,0.000143,1.336000,0.000704,0.000000,0.000000,0.187500,0,0
182700000000,183000000000,6274140245,75,17504073,0.179000,0.060670,0.061950,0.000373,0.056150,0.060730,0.000010,0.000000,0.195600,0.001143,1.381000,0.000733,0.000000,0.000000,0.188200,0,0
183000000000,183300000000,6274140245,75,17504073,0.176500,0.060730,0.061950,0.000399,0.056150,0.060730,0.000021,0.000000,0.190400,0.005211,1.377000,0.000754,0.000000,0.000000,0.137700,0,0
183300000000,183600000000,6274140245,75,17504073,0.176000,0.060730,0.061950,0.000392,0.056150,0.060790,0.000004,0.000000,0.189200,0.000143,1.340000,0.000750,0.000000,0.000000,0.175300,0,0
183600000000,183900000000,6274140245,75,17504073,0.111100,0.060610,0.061950,0.000392,0.056150,0.060790,0.000010,0.000000,0.189900,0.000857,1.404000,0.000827,0.000000,0.000000,0.000295,0,0
183900000000,183930000000,6274140245,75,17504073,0.001347,0.059450,0.060850,0.002254,0.056150,0.059630,0.002644,0.000000,0.061890,0.036560,3.133000,0.011400,0.000000,0.000000,0.000511,0,0
183930000000,183952000000,6274140245,75,17504073,0.000552,0.000000,0.000000,0.000000,0.000000,0.000000,0.000016,0.000000,0.012150,0.000286,3.133000,0.011400,0.000000,0.000000,0.000000,0,0
183952000000,183953000000,6274140245,75,17504073,0.000000,0.000000,0.000000,0.000000,0.000000,0.000000,0.000000,0.000000,0.000000,0.000000,3.133000,0.011400,0.000000,0.000000,0.000000,0,0
