179229000000,179400000000,6274140245,76,567596,0.000000,0.000000,0.000000,0.000000,0.000000,0.000000,0.000000,0.000000,0.000000,0.000000,0.000000,0.000000,0.000000,0.000000,0.000000,0,0
179400000000,179603000000,6274140245,76,567596,0.000000,0.000000,0.000000,0.000000,0.000000,0.000000,0.000000,0.000000,0.000000,0.000000,0.000000,0.000000,0.000000,0.000000,0.000000,0,0
179603000000,179700000000,6274140245,76,567596,0.004532,0.018070,0.019070,0.000209,0.016720,0.031860,0.038020,0.000000,0.018980,0.061830,25.560000,0.120500,0.000000,0.000000,0.005966,0,0
179700000000,179785000000,6274140245,76,567596,0.006760,0.046510,0.047670,0.000086,0.044490,0.054260,0.036930,0.000000,0.063720,0.058290,34.590000,0.164000,0.000000,0.000000,0.000288,0,0
179785000000,180000000000,6274140245,76,567596,0.131800,0.060180,0.060550,0.000297,0.055730,0.061460,0.009583,0.000000,0.376000,0.099000,1.346000,0.000696,0.000000,0.000000,0.187700,0,0
180000000000,180300000000,6274140245,76,567596,0.185300,0.061220,0.061650,0.000314,0.056090,0.061280,0.000022,0.000000,0.204800,0.003857,1.357000,0.000742,0.000000,0.000000,0.185800,0,0
180300000000,180587000000,6274140245,76,567596,0.185800,0.061220,0.061650,0.000274,0.056030,0.061280,0.000022,0.000000,0.375000,0.004860,1.294000,0.000695,0.000000,0.000000,0.188500,0,0
180587000000,180600000000,6274140245,76,567596,0.184100,0.061040,0.061650,0.000273,0.056030,0.061040,0.000000,0.000000,0.200900,0.000000,1.318000,0.000726,0.000000,0.000000,0.187700,0,0
180600000000,180900000000,6274140245,76,567596,0.183300,0.060910,0.061890,0.000272,0.056030,0.061280,0.000048,0.000000,0.364300,0.003929,1.326000,0.000713,0.000000,0.000000,0.188500,0,0
180900000000,181200000000,6274140245,76,567596,0.184300,0.060550,0.062130,0.000275,0.056030,0.060670,0.000005,0.000000,0.190200,0.000428,1.291000,0.000662,0.000000,0.000000,0.186500,0,0
181200000000,181500000000,6274140245,76,567596,0.184300,0.060550,0.062130,0.000275,0.056030,0.060670,0.000008,0.000000,0.369600,0.001072,1.309000,0.000678,0.000000,0.000000,0.186300,0,0
181500000000,181800000000,6274140245,76,567596,0.187300,0.060550,0.062130,0.000275,0.056030,0.060610,0.000004,0.000000,0.375500,0.000072,1.322000,0.000718,0.000000,0.000000,0.188000,0,0
181800000000,182100000000,6274140245,76,567596,0.187300,0.060610,0.062130,0.000275,0.056030,0.060670,0.000004,0.000000,0.207300,0.000072,1.362000,0.000711,0.000000,0.000000,0.188000,0,0
182100000000,182400000000,6274140245,76,567596,0.187300,0.060610,0.062130,0.000276,0.056030,0.060670,0.000004,0.000000,0.191900,0.000215,1.391000,0.000733,0.000000,0.000000,0.187700,0,0
182400000000,182700000000,6274140245,76,567596,0.187000,0.060610,0.062130,0.000278,0.056030,0.060670,0.000010,0.000000,0.375500,0.001715,1.380000,0.000745,0.000000,0.000000,0.187500,0,0
182700000000,183000000000,6274140245,76,567596,0.187000,0.060670,0.062130,0.000289,0.056030,0.060730,0.000029,0.000000,0.206300,0.006645,1.330000,0.000691,0.000000,0.000000,0.188200,0,0
183000000000,183300000000,6274140245,76,567596,0.187300,0.060670,0.062130,0.000310,0.056090,0.060670,0.000004,0.000000,0.376000,0.000072,1.449000,0.000820,0.000000,0.000000,0.188000,0,0
183300000000,183600000000,6274140245,76,567596,0.186000,0.060670,0.062130,0.000310,0.056090,0.060670,0.000004,0.000000,0.376000,0.000072,1.378000,0.000751,0.000000,0.000000,0.186500,0,0
183600000000,183900000000,6274140245,76,567596,0.138900,0.060550,0.062130,0.000310,0.056090,0.060670,0.000004,0.000000,0.206300,0.000072,1.259000,0.000585,0.000000,0.000000,0.124300,0,0
183900000000,184050000000,6274140245,76,567596,0.060360,0.060300,0.062130,0.000700,0.056090,0.060300,0.000640,0.000000,0.068850,0.035640,1.445000,0.000726,0.000000,0.000000,0.002602,0,0
184050000000,184068000000,6274140245,76,567596,0.000647,0.000000,0.000000,0.000000,0.000000,0.000000,0.000028,0.000000,0.011660,0.000286,1.433000,0.000742,0.000000,0.000000,0.000000,0,0
184068000000,184069000000,6274140245,76,567596,0.000000,0.000000,0.000000,0.000000,0.000000,0.000000,0.000000,0.000000,0.000000,0.000000,1.433000,0.000742,0.000000,0.000000,0.000000,0,0
