179239000000,179400000000,6274140245,77,17503797,0.000000,0.000000,0.000000,0.000000,0.000000,0.000000,0.000000,0.000000,0.000000,0.000000,0.000000,0.000000,0.000000,0.000000,0.000000,0,0
179400000000,179516000000,6274140245,77,17503797,0.000000,0.000000,0.000000,0.000000,0.000000,0.000000,0.000000,0.000000,0.000000,0.000000,0.000000,0.000000,0.000000,0.000000,0.000000,0,0
179516000000,179700000000,6274140245,77,17503797,0.003765,0.026060,0.027370,0.000189,0.024930,0.054260,0.034790,0.000000,0.018800,0.114300,1.153000,0.002660,0.000000,0.000000,0.000051,0,0
179700000000,179717000000,6274140245,77,17503797,0.009537,0.054260,0.055360,0.000189,0.051940,0.054440,0.027400,0.000000,0.062620,0.052000,0.000000,0.000000,0.000000,0.000000,0.000263,0,0
179717000000,180000000000,6274140245,77,17503797,0.137700,0.061220,0.062190,0.001278,0.056820,0.063110,0.006416,0.000000,0.225100,0.107200,1.312000,0.000635,0.000000,0.000000,0.187700,0,0
180000000000,180300000000,6274140245,77,17503797,0.186000,0.061710,0.063110,0.001335,0.057130,0.061830,0.000116,0.000000,0.219200,0.010210,1.380000,0.000738,0.000000,0.000000,0.187700,0,0
180300000000,180508000000,6274140245,77,17503797,0.187000,0.061770,0.063110,0.001299,0.057070,0.061830,0.000004,0.000000,0.205600,0.000072,1.384000,0.000754,0.000000,0.000000,0.187500,0,0
180508000000,180600000000,6274140245,77,17503797,0.186800,0.061650,0.063110,0.001299,0.057070,0.061830,0.000003,0.000000,0.189000,0.000072,1.292000,0.000720,0.000000,0.000000,0.187300,0,0
180600000000,180900000000,6274140245,77,17503797,0.187300,0.061710,0.063110,0.001236,0.057010,0.061830,0.000004,0.000000,0.189200,0.000143,1.322000,0.000658,0.000000,0.000000,0.187700,0,0
180900000000,181200000000,6274140245,77,17503797,0.187000,0.061710,0.063110,0.001156,0.056950,0.061890,0.000004,0.000000,0.299800,0.000143,1.382000,0.000692,0.000000,0.000000,0.187500,0,0
181200000000,181500000000,6274140245,77,17503797,0.186800,0.061770,0.063110,0.001137,0.056880,0.061830,0.000005,0.000000,0.375500,0.000143,1.385000,0.000724,0.000000,0.000000,0.187500,0,0
181500000000,181800000000,6274140245,77,17503797,0.187000,0.061770,0.063110,0.001127,0.056880,0.061830,0.000011,0.000000,0.192600,0.002499,1.401000,0.000737,0.000000,0.000000,0.187300,0,0
181800000000,182100000000,6274140245,77,17503797,0.186800,0.061770,0.063110,0.001112,0.056880,0.061830,0.000010,0.000000,0.318800,0.001286,1.418000,0.000755,0.000000,0.000000,0.187300,0,0
182100000000,182400000000,6274140245,77,17503797,0.187300,0.061770,0.063110,0.001102,0.056880,0.061830,0.000004,0.000000,0.206300,0.000143,1.361000,0.000733,0.000000,0.000000,0.187000,0,0
182400000000,182700000000,6274140245,77,17503797,0.187000,0.061770,0.063110,0.001133,0.056880,0.061890,0.000025,0.000000,0.300300,0.005714,1.388000,0.000758,0.000000,0.000000,0.187700,0,0
182700000000,183000000000,6274140245,77,17503797,0.187300,0.061770,0.063110,0.001141,0.056950,0.061830,0.000003,0.000000,0.206100,0.000072,1.393000,0.000719,0.000000,0.000000,0.187700,0,0
183000000000,183300000000,6274140245,77,17503797,0.187000,0.061770,0.063110,0.000514,0.056270,0.061830,0.000009,0.000000,0.193100,0.001143,1.416000,0.000764,0.000000,0.000000,0.187300,0,0
183300000000,183600000000,6274140245,77,17503797,0.187300,0.061770,0.063110,0.000214,0.055970,0.061830,0.000006,0.000000,0.207000,0.000643,1.362000,0.000709,0.000000,0.000000,0.186500,0,0
183600000000,183900000000,6274140245,77,17503797,0.142100,0.061710,0.063110,0.000215,0.055970,0.061890,0.000004,0.000000,0.189900,0.000143,1.398000,0.000789,0.000000,0.000000,0.188000,0,0
183900000000,183952000000,6274140245,77,17503797,0.041630,0.061400,0.063110,0.002377,0.056030,0.061460,0.002441,0.000000,0.064090,0.030270,1.492000,0.000800,0.000000,0.000000,0.000478,0,0
183952000000,183969000000,6274140245,77,17503797,0.000147,0.000000,0.000000,0.000000,0.000000,0.000000,0.000194,0.000000,0.002502,0.002644,1.493000,0.000799,0.000000,0.000000,0.000000,0,0
183969000000,183970000000,6274140245,77,17503797,0.000000,0.000000,0.000000,0.000000,0.000000,0.000000,0.000000,0.000000,0.000000,0.000000,17.230000,0.101400,0.000000,0.000000,0.000000,0,0
