179233000000,179400000000,6274140245,78,1093776,0.000000,0.000000,0.000000,0.000000,0.000000,0.000000,0.000000,0.000000,0.000000,0.000000,0.000000,0.000000,0.000000,0.000000,0.000000,0,0
179400000000,179439000000,6274140245,78,1093776,0.000000,0.000000,0.000000,0.000000,0.000000,0.000000,0.000000,0.000000,0.000000,0.000000,0.000000,0.000000,0.000000,0.000000,0.000000,0,0
179439000000,179608000000,6274140245,78,1093776,0.008041,0.032170,0.033690,0.000342,0.031430,0.057250,0.054810,0.000000,0.062380,0.073610,1.171000,0.002037,0.000000,0.000000,0.005936,0,0
179608000000,179700000000,6274140245,78,1093776,0.022370,0.059140,0.059200,0.000151,0.055790,0.059200,0.047000,0.000000,0.179900,0.111500,0.808200,0.000293,0.000000,0.000000,0.053040,0,0
179700000000,180000000000,6274140245,78,1093776,0.117400,0.060060,0.060610,0.000495,0.056210,0.060610,0.018950,0.000000,0.188000,0.068970,1.439000,0.000761,0.000000,0.000000,0.176300,0,0
180000000000,180300000000,6274140245,78,1093776,0.181900,0.060550,0.061100,0.000486,0.056210,0.060790,0.000271,0.000000,0.375500,0.064090,1.374000,0.000784,0.000000,0.000000,0.165300,0,0
180300000000,180582000000,6274140245,78,1093776,0.187300,0.060550,0.061100,0.000483,0.056270,0.060610,0.000006,0.000000,0.199000,0.000857,1.304000,0.000681,0.000000,0.000000,0.188200,0,0
180582000000,180600000000,6274140245,78,1093776,0.187300,0.060550,0.061100,0.000483,0.056270,0.060550,0.000004,0.000000,0.188700,0.000072,1.400000,0.000811,0.000000,0.000000,0.187300,0,0
180600000000,180900000000,6274140245,78,1093776,0.187300,0.060550,0.061100,0.000483,0.056270,0.060610,0.000005,0.000000,0.375000,0.000143,1.329000,0.000689,0.000000,0.000000,0.187300,0,0
180900000000,181200000000,6274140245,78,1093776,0.187000,0.060490,0.061100,0.000483,0.056270,0.060610,0.000004,0.000000,0.369100,0.000215,1.293000,0.000675,0.000000,0.000000,0.188200,0,0
181200000000,181500000000,6274140245,78,1093776,0.187300,0.060610,0.061100,0.000464,0.056210,0.060670,0.000004,0.000000,0.206300,0.000072,1.361000,0.000747,0.000000,0.000000,0.186000,0,0
181500000000,181800000000,6274140245,78,1093776,0.187300,0.060610,0.061100,0.000455,0.056210,0.060610,0.000006,0.000000,0.206300,0.000643,1.333000,0.000711,0.000000,0.000000,0.187500,0,0
181800000000,182100000000,6274140245,78,1093776,0.187300,0.060610,0.061100,0.000435,0.056210,0.060670,0.000006,0.000000,0.205800,0.000714,1.310000,0.000616,0.000000,0.000000,0.187700,0,0
182100000000,182400000000,6274140245,78,1093776,0.187500,0.060610,0.061100,0.000421,0.056210,0.060670,0.000003,0.000000,0.206500,0.000072,1.357000,0.000717,0.000000,0.000000,0.188500,0,0
182400000000,182700000000,6274140245,78,1093776,0.187300,0.060670,0.061100,0.000410,0.056150,0.060670,0.000004,0.000000,0.194600,0.000072,1.310000,0.000653,0.000000,0.000000,0.187500,0,0
182700000000,183000000000,6274140245,78,1093776,0.187300,0.060610,0.061100,0.000386,0.056150,0.060670,0.000004,0.000000,0.191900,0.000357,1.369000,0.000739,0.000000,0.000000,0.189000,0,0
183000000000,183300000000,6274140245,78,1093776,0.187300,0.060610,0.061100,0.000388,0.056150,0.060610,0.000024,0.000000,0.194800,0.006142,1.298000,0.000663,0.000000,0.000000,0.187700,0,0
183300000000,183600000000,6274140245,78,1093776,0.187300,0.060550,0.061100,0.000428,0.056210,0.060610,0.000005,0.000000,0.195100,0.000428,1.314000,0.000693,0.000000,0.000000,0.188500,0,0
183600000000,183900000000,6274140245,78,1093776,0.160400,0.060550,0.061100,0.000429,0.056210,0.060610,0.000010,0.000000,0.195800,0.001858,1.316000,0.000690,0.000000,0.000000,0.187500,0,0
183900000000,183971000000,6274140245,78,1093776,0.009186,0.060000,0.061100,0.002010,0.056210,0.060490,0.001535,0.000000,0.090820,0.044370,1.304000,0.000659,0.000000,0.000000,0.000074,0,0
183971000000,183986000000,6274140245,78,1093776,0.000004,0.000000,0.000000,0.000000,0.000000,0.000000,0.000000,0.000000,0.000061,0.000000,2.946000,0.011690,0.000000,0.000000,0.000000,0,0
183986000000,183987000000,6274140245,78,1093776,0.000000,0.000000,0.000000,0.000000,0.000000,0.000000,0.000000,0.000000,0.000000,0.000000,2.946000,0.011690,0.000000,0.000000,0.000000,0,0
