179238000000,179400000000,6274140245,79,486821,0.000000,0.000000,0.000000,0.000000,0.000000,0.000000,0.000000,0.000000,0.000000,0.000000,0.000000,0.000000,0.000000,0.000000,0.000000,0,0
179400000000,179562000000,6274140245,79,486821,0.000000,0.000000,0.000000,0.000000,0.000000,0.000000,0.000000,0.000000,0.000000,0.000000,0.000000,0.000000,0.000000,0.000000,0.000000,0,0
179562000000,179700000000,6274140245,79,486821,0.005219,0.025630,0.026890,0.000172,0.024780,0.053280,0.040590,0.000000,0.021210,0.114300,3.513000,0.012890,0.000000,0.000000,0.006851,0,0
179700000000,179735000000,6274140245,79,486821,0.012360,0.053650,0.054440,0.000145,0.052250,0.054380,0.032590,0.000000,0.062620,0.098390,29.790000,0.142800,0.000000,0.000000,0.011780,0,0
179735000000,180000000000,6274140245,79,486821,0.045040,0.059630,0.059940,0.000237,0.055850,0.060240,0.021550,0.000000,0.192400,0.103500,1.362000,0.000641,0.000000,0.000000,0.184800,0,0
180000000000,180300000000,6274140245,79,486821,0.003574,0.060240,0.060240,0.000037,0.055660,0.060240,0.022670,0.000000,0.047300,0.057130,12.490000,0.050540,0.000000,0.000000,0.000187,0,0
180300000000,180600000000,6274140245,79,486821,0.006165,0.060240,0.060240,0.000045,0.055660,0.060240,0.042850,0.000000,0.020720,0.065190,3.429000,0.010490,0.000000,0.000000,0.003887,0,0
180600000000,180900000000,6274140245,79,486821,0.006660,0.060240,0.060240,0.000045,0.055660,0.060240,0.044490,0.000000,0.021970,0.064700,2.968000,0.006842,0.000000,0.000000,0.009888,0,0
180900000000,181200000000,6274140245,79,486821,0.006302,0.060180,0.060180,0.000045,0.055660,0.060240,0.041750,0.000000,0.029300,0.064330,2.170000,0.003385,0.000000,0.000000,0.006958,0,0
181200000000,181358000000,6274140245,79,486821,0.007668,0.060180,0.060180,0.000043,0.055660,0.060240,0.043090,0.000000,0.083860,0.064330,1.721000,0.001276,0.000000,0.000000,0.072270,0,0
181358000000,181500000000,6274140245,79,486821,0.007362,0.060180,0.060180,0.000039,0.055660,0.060240,0.041990,0.000000,0.052730,0.059880,1.693000,0.001144,0.000000,0.000000,0.008789,0,0
181500000000,181800000000,6274140245,79,486821,0.008881,0.060180,0.060180,0.000038,0.055660,0.060240,0.046020,0.000000,0.028930,0.064330,5.598000,0.019600,0.000000,0.000000,0.000198,0,0
181800000000,182100000000,6274140245,79,486821,0.008575,0.060180,0.060180,0.000036,0.055660,0.060180,0.046510,0.000000,0.049070,0.071410,3.241000,0.010420,0.000000,0.000000,0.010500,0,0
182100000000,182400000000,6274140245,79,486821,0.008469,0.060180,0.060180,0.000044,0.055660,0.060180,0.048220,0.000000,0.025180,0.064330,28.500000,0.116600,0.000000,0.000000,0.006836,0,0
182400000000,182700000000,6274140245,79,486821,0.006447,0.060180,0.060180,0.000043,0.055660,0.060180,0.039060,0.000000,0.020750,0.064330,29.710000,0.123700,0.000000,0.000000,0.007355,0,0
182700000000,183000000000,6274140245,79,486821,0.007782,0.060180,0.060180,0.000044,0.055660,0.060180,0.045040,0.000000,0.089360,0.064330,35.830000,0.147100,0.000000,0.000000,0.003323,0,0
183000000000,183300000000,6274140245,79,486821,0.008316,0.060180,0.060180,0.000045,0.055660,0.060180,0.046390,0.000000,0.024480,0.064330,25.180000,0.101700,0.000000,0.000000,0.012710,0,0
183300000000,183600000000,6274140245,79,486821,0.008987,0.060180,0.060180,0.000045,0.055660,0.060180,0.049320,0.000000,0.032530,0.065800,32.490000,0.129900,0.000000,0.000000,0.010030,0,0
183600000000,183900000000,6274140245,79,486821,0.009048,0.060180,0.060180,0.000044,0.055660,0.060180,0.047610,0.000000,0.029480,0.071410,11.370000,0.044520,0.000000,0.000000,0.001358,0,0
183900000000,184200000000,6274140245,79,486821,0.010250,0.060180,0.060180,0.000045,0.055660,0.060180,0.051880,0.000000,0.023350,0.071410,5.019000,0.017880,0.000000,0.000000,0.000619,0,0
184200000000,184500000000,6274140245,79,486821,0.010770,0.060180,0.060180,0.000047,0.055660,0.060180,0.052800,0.000000,0.029360,0.071530,14.100000,0.054980,0.000000,0.000000,0.000105,0,0
184500000000,184800000000,6274140245,79,486821,0.009674,0.060180,0.060180,0.000044,0.055660,0.060180,0.048400,0.000000,0.038330,0.064330,6.970000,0.025690,0.000000,0.000000,0.011340,0,0
184800000000,185100000000,6274140245,79,486821,0.008347,0.060180,0.060180,0.000044,0.055660,0.060180,0.040220,0.000000,0.025600,0.064330,16.220000,0.063220,0.000000,0.000000,0.001627,0,0
185100000000,185400000000,6274140245,79,486821,0.009796,0.060180,0.060180,0.000046,0.055660,0.060180,0.046390,0.000000,0.036680,0.064330,18.100000,0.071390,0.000000,0.000000,0.008316,0,0
185400000000,185700000000,6274140245,79,486821,0.010820,0.060120,0.060180,0.000046,0.055660,0.060180,0.050290,0.000000,0.033390,0.064330,32.670000,0.131400,0.000000,0.000000,0.011060,0,0
185700000000,186000000000,6274140245,79,486821,0.011340,0.060120,0.060120,0.000044,0.055660,0.060180,0.052250,0.000000,0.032470,0.064330,26.930000,0.110800,0.000000,0.000000,0.007339,0,0
186000000000,186300000000,6274140245,79,486821,0.010570,0.060120,0.060120,0.000047,0.055660,0.060180,0.047730,0.000000,0.052190,0.064330,22.590000,0.092130,0.000000,0.000000,0.001217,0,0
186300000000,186600000000,6274140245,79,486821,0.006119,0.060120,0.060120,0.000045,0.055660,0.060180,0.030790,0.000000,0.028290,0.064330,14.610000,0.059880,0.000000,0.000000,0.000217,0,0
186600000000,186900000000,6274140245,79,486821,0.007858,0.060120,0.060120,0.000046,0.055660,0.060180,0.038390,0.000000,0.028590,0.057130,32.070000,0.136800,0.000000,0.000000,0.010330,0,0
186900000000,187200000000,6274140245,79,486821,0.006081,0.060120,0.060120,0.000045,0.055660,0.060180,0.031860,0.000000,0.049930,0.057130,29.230000,0.124200,0.000000,0.000000,0.010360,0,0
187200000000,187500000000,6274140245,79,486821,0.008301,0.060120,0.060120,0.000047,0.055660,0.060180,0.041500,0.000000,0.069340,0.064330,29.290000,0.123600,0.000000,0.000000,0.020750,0,0
187500000000,187800000000,6274140245,79,486821,0.009247,0.060120,0.060120,0.000046,0.055660,0.060180,0.044800,0.000000,0.050600,0.064330,7.723000,0.030670,0.000000,0.000000,0.000694,0,0
187800000000,188100000000,6274140245,79,486821,0.009659,0.060120,0.060120,0.000047,0.055660,0.060180,0.044860,0.000000,0.024810,0.065920,10.610000,0.042480,0.000000,0.000000,0.021820,0,0
188100000000,188400000000,6274140245,79,486821,0.007812,0.060120,0.060120,0.000044,0.055660,0.060180,0.037350,0.000000,0.039790,0.059810,2.632000,0.005830,0.000000,0.000000,0.016480,0,0
188400000000,188700000000,6274140245,79,486821,0.008026,0.060120,0.060120,0.000047,0.055660,0.060180,0.037960,0.000000,0.141400,0.064330,23.720000,0.098970,0.000000,0.000000,0.014790,0,0
188700000000,189000000000,6274140245,79,486821,0.008636,0.060120,0.060120,0.000047,0.055660,0.060180,0.041560,0.000000,0.039060,0.064330,18.950000,0.079640,0.000000,0.000000,0.015530,0,0
189000000000,189300000000,6274140245,79,486821,0.008728,0.060120,0.060120,0.000046,0.055660,0.060180,0.041560,0.000000,0.026120,0.064330,21.790000,0.091450,0.000000,0.000000,0.013380,0,0
189300000000,189600000000,6274140245,79,486821,0.006790,0.060120,0.060120,0.000047,0.055660,0.060180,0.033200,0.000000,0.033630,0.071410,19.400000,0.080440,0.000000,0.000000,0.004066,0,0
189600000000,189900000000,6274140245,79,486821,0.009293,0.060120,0.060120,0.000048,0.055660,0.060180,0.043330,0.000000,0.033140,0.065060,17.550000,0.073310,0.000000,0.000000,0.007439,0,0
189900000000,190200000000,6274140245,79,486821,0.007599,0.060120,0.060120,0.000047,0.055660,0.060180,0.038210,0.000000,0.029630,0.064330,18.080000,0.077780,0.000000,0.000000,0.007469,0,0
190200000000,190500000000,6274140245,79,486821,0.007690,0.060120,0.060120,0.000047,0.055660,0.060180,0.038330,0.000000,0.025330,0.060670,20.120000,0.083480,0.000000,0.000000,0.011490,0,0
190500000000,190800000000,6274140245,79,486821,0.006729,0.060120,0.060120,0.000047,0.055660,0.060180,0.035280,0.000000,0.031070,0.064330,20.480000,0.084220,0.000000,0.000000,0.000634,0,0
190800000000,191100000000,6274140245,79,486821,0.008759,0.060120,0.060120,0.000049,0.055660,0.060180,0.043030,0.000000,0.027440,0.064330,23.310000,0.093150,0.000000,0.000000,0.001871,0,0
191100000000,191400000000,6274140245,79,486821,0.007812,0.060120,0.060120,0.000046,0.055660,0.060180,0.039060,0.000000,0.028560,0.065800,29.040000,0.121700,0.000000,0.000000,0.001444,0,0
191400000000,191700000000,6274140245,79,486821,0.008118,0.060120,0.060120,0.000047,0.055660,0.060180,0.040160,0.000000,0.047790,0.064330,25.770000,0.107300,0.000000,0.000000,0.014420,0,0
191700000000,192000000000,6274140245,79,486821,0.005241,0.060120,0.060120,0.000050,0.055660,0.060240,0.029330,0.000000,0.032710,0.071410,27.240000,0.118300,0.000000,0.000000,0.000590,0,0
192000000000,192300000000,6274140245,79,486821,0.006157,0.060120,0.060120,0.000046,0.055660,0.060180,0.032840,0.000000,0.026310,0.057130,20.940000,0.089020,0.000000,0.000000,0.005325,0,0
192300000000,192600000000,6274140245,79,486821,0.006729,0.060120,0.060120,0.000046,0.055660,0.060180,0.033810,0.000000,0.028440,0.057130,3.234000,0.009205,0.000000,0.000000,0.015370,0,0
192600000000,192900000000,6274140245,79,486821,0.007011,0.060120,0.060120,0.000047,0.055660,0.060180,0.035520,0.000000,0.035770,0.057980,2.415000,0.004606,0.000000,0.000000,0.023650,0,0
192900000000,193165000000,6274140245,79,486821,0.007118,0.060120,0.060120,0.000049,0.055660,0.060180,0.033510,0.000000,0.029330,0.057130,5.058000,0.015430,0.000000,0.000000,0.003944,0,0
193165000000,193169000000,6274140245,79,486821,0.003441,0.059390,0.060120,0.000043,0.055660,0.059390,0.019840,0.000000,0.004585,0.064330,29.770000,0.126900,0.000000,0.000000,0.000015,0,0
193169000000,193184000000,6274140245,79,486821,0.001404,0.003754,0.000000,0.003712,0.003712,0.056270,0.000005,0.000000,0.021060,0.000072,29.770000,0.126900,0.000000,0.000000,0.000000,0,0
193184000000,193185000000,6274140245,79,486821,0.000000,0.000000,0.000000,0.000000,0.000000,0.000000,0.000000,0.000000,0.000000,0.000000,29.770000,0.126900,0.000000,0.000000,0.000000,0,0
193185000000,193200000000,6274140245,79,486821,0.000000,0.000000,0.000000,0.000000,0.000000,0.000000,0.000000,0.000000,0.000000,0.000000,0.000000,0.000000,0.000000,0.000000,0.000000,0,0
