179233000000,179400000000,6274140245,8,6565524,0.000000,0.000000,0.000000,0.000000,0.000000,0.000000,0.000000,0.000000,0.000000,0.000000,0.000000,0.000000,0.000000,0.000000,0.000000,0,0
179400000000,179700000000,6274140245,8,6565524,0.000000,0.000000,0.000000,0.000000,0.000000,0.000000,0.000000,0.000000,0.000000,0.000000,0.000000,0.000000,0.000000,0.000000,0.000000,0,0
179700000000,179827000000,6274140245,8,6565524,0.000000,0.000000,0.000000,0.000000,0.000000,0.000000,0.000000,0.000000,0.000000,0.000000,0.000000,0.000000,0.000000,0.000000,0.000000,0,0
179827000000,179912000000,6274140245,8,6565524,0.002563,0.009262,0.010620,0.000384,0.008240,0.018770,0.023590,0.000000,0.022000,0.086300,2.917000,0.010980,0.000000,0.000000,0.000024,0,0
179912000000,180000000000,6274140245,8,6565524,0.004158,0.032170,0.034000,0.000016,0.031040,0.053960,0.035160,0.000000,0.018620,0.057800,3.043000,0.011640,0.000000,0.000000,0.008377,0,0
180000000000,180300000000,6274140245,8,6565524,0.109700,0.059020,0.060240,0.000463,0.055110,0.061460,0.008240,0.000000,0.205800,0.106800,1.304000,0.000628,0.000000,0.000000,0.188500,0,0
180300000000,180600000000,6274140245,8,6565524,0.186500,0.061280,0.061460,0.000064,0.055850,0.061400,0.000449,0.000000,0.206800,0.040410,1.334000,0.000705,0.000000,0.000000,0.186300,0,0
180600000000,180900000000,6274140245,8,6565524,0.186800,0.061340,0.061460,0.000043,0.055790,0.061460,0.000196,0.000000,0.206100,0.025210,1.337000,0.000671,0.000000,0.000000,0.187700,0,0
180900000000,180914000000,6274140245,8,6565524,0.187300,0.061400,0.061460,0.000016,0.055790,0.061400,0.000005,0.000000,0.189500,0.000072,1.364000,0.000758,0.000000,0.000000,0.187500,0,0
180914000000,181200000000,6274140245,8,6565524,0.185500,0.061400,0.061460,0.000093,0.055850,0.061460,0.000752,0.000000,0.205800,0.035830,1.366000,0.000749,0.000000,0.000000,0.186300,0,0
181200000000,181500000000,6274140245,8,6565524,0.187300,0.061340,0.061460,0.000048,0.055790,0.061400,0.000010,0.000000,0.206100,0.001928,1.337000,0.000682,0.000000,0.000000,0.187000,0,0
181500000000,181800000000,6274140245,8,6565524,0.182600,0.061400,0.061460,0.000051,0.055790,0.061460,0.001921,0.000000,0.198200,0.043460,1.379000,0.000720,0.000000,0.000000,0.125500,0,0
181800000000,182100000000,6274140245,8,6565524,0.187300,0.061400,0.061460,0.000039,0.055790,0.061400,0.000017,0.000000,0.192900,0.002357,1.351000,0.000712,0.000000,0.000000,0.186500,0,0
182100000000,182400000000,6274140245,8,6565524,0.184100,0.061460,0.061460,0.000084,0.055850,0.061460,0.002182,0.000000,0.356900,0.046690,1.384000,0.000745,0.000000,0.000000,0.188000,0,0
182400000000,182700000000,6274140245,8,6565524,0.187000,0.061340,0.061460,0.000034,0.055790,0.061460,0.000068,0.000000,0.281700,0.007500,1.354000,0.000736,0.000000,0.000000,0.187500,0,0
182700000000,183000000000,6274140245,8,6565524,0.185100,0.061340,0.061460,0.000038,0.055790,0.061400,0.000024,0.000000,0.374500,0.004501,1.300000,0.000687,0.000000,0.000000,0.187500,0,0
183000000000,183300000000,6274140245,8,6565524,0.187300,0.061340,0.061460,0.000028,0.055790,0.061460,0.000068,0.000000,0.206500,0.008850,1.356000,0.000713,0.000000,0.000000,0.186500,0,0
183300000000,183600000000,6274140245,8,6565524,0.187300,0.061400,0.061460,0.000027,0.055790,0.061400,0.000055,0.000000,0.206100,0.010360,1.386000,0.000728,0.000000,0.000000,0.186500,0,0
183600000000,183900000000,6274140245,8,6565524,0.155800,0.061400,0.061460,0.000050,0.055790,0.061460,0.007843,0.000000,0.206800,0.064820,1.364000,0.000718,0.000000,0.000000,0.188700,0,0
183900000000,184061000000,6274140245,8,6565524,0.051090,0.061100,0.061460,0.000715,0.055970,0.061280,0.001093,0.000000,0.066280,0.041930,1.369000,0.000714,0.000000,0.000000,0.000137,0,0
184061000000,184083000000,6274140245,8,6565524,0.000106,0.000000,0.000000,0.000000,0.000000,0.000000,0.000019,0.000000,0.002319,0.000357,3.286000,0.009357,0.000000,0.000000,0.000000,0,0
184083000000,184084000000,6274140245,8,6565524,0.000000,0.000000,0.000000,0.000000,0.000000,0.000000,0.000000,0.000000,0.000000,0.000000,3.286000,0.009357,0.000000,0.000000,0.000000,0,0
190704000000,190800000000,6274140245,8,305387617,0.000000,0.000000,0.000000,0.000000,0.000000,0.000000,0.000000,0.000000,0.000000,0.000000,0.000000,0.000000,0.000000,0.000000,0.000000,0,0
190800000000,190902000000,6274140245,8,305387617,0.000000,0.000000,0.000000,0.000000,0.000000,0.000000,0.000000,0.000000,0.000000,0.000000,0.000000,0.000000,0.000000,0.000000,0.000000,0,0
190902000000,190938000000,6274140245,8,305387617,0.001108,0.001692,0.003849,0.000693,0.001228,0.001968,0.011200,0.000000,0.015490,0.067260,0.000000,0.000000,0.000000,0.000000,0.000999,0,0
190938000000,190954000000,6274140245,8,305387617,0.000124,0.000000,0.000000,0.000000,0.000000,0.000000,0.000022,0.000000,0.001976,0.000357,1.408000,0.003057,0.000000,0.000000,0.000000,0,0
190954000000,190955000000,6274140245,8,305387617,0.000000,0.000000,0.000000,0.000000,0.000000,0.000000,0.000000,0.000000,0.000000,0.000000,1.408000,0.003057,0.000000,0.000000,0.000000,0,0
