179239000000,179400000000,6274140245,80,381369,0.000000,0.000000,0.000000,0.000000,0.000000,0.000000,0.000000,0.000000,0.000000,0.000000,0.000000,0.000000,0.000000,0.000000,0.000000,0,0
179400000000,179544000000,6274140245,80,381369,0.000000,0.000000,0.000000,0.000000,0.000000,0.000000,0.000000,0.000000,0.000000,0.000000,0.000000,0.000000,0.000000,0.000000,0.000000,0,0
179544000000,179687000000,6274140245,80,381369,0.004227,0.018190,0.019230,0.000175,0.017300,0.034480,0.031310,0.000000,0.033200,0.058900,35.020000,0.161200,0.000000,0.000000,0.006516,0,0
179687000000,179700000000,6274140245,80,381369,0.004524,0.044190,0.047970,0.000044,0.043820,0.054020,0.030030,0.000000,0.015840,0.044920,38.470000,0.174900,0.000000,0.000000,0.002037,0,0
179700000000,180000000000,6274140245,80,381369,0.132100,0.059690,0.060490,0.000342,0.055300,0.061340,0.008774,0.000000,0.239500,0.118000,1.355000,0.000709,0.000000,0.000000,0.188500,0,0
180000000000,180300000000,6274140245,80,381369,0.169900,0.061280,0.061340,0.000054,0.055790,0.061340,0.003551,0.000000,0.375000,0.050600,1.412000,0.000721,0.000000,0.000000,0.188500,0,0
180300000000,180600000000,6274140245,80,381369,0.139600,0.061460,0.062620,0.000228,0.055910,0.061710,0.010970,0.000000,0.207300,0.057740,1.403000,0.000732,0.000000,0.000000,0.002182,0,0
180600000000,180603000000,6274140245,80,381369,0.183300,0.061340,0.063230,0.000372,0.056150,0.061340,0.000018,0.000000,0.189000,0.000072,1.399000,0.000758,0.000000,0.000000,0.185300,0,0
180603000000,180900000000,6274140245,80,381369,0.187000,0.061340,0.063350,0.000371,0.056150,0.061400,0.000010,0.000000,0.205800,0.001286,1.395000,0.000718,0.000000,0.000000,0.187300,0,0
180900000000,181200000000,6274140245,80,381369,0.187000,0.061400,0.063350,0.000369,0.056150,0.061460,0.000003,0.000000,0.206300,0.000072,1.406000,0.000714,0.000000,0.000000,0.187300,0,0
181200000000,181500000000,6274140245,80,381369,0.187000,0.061400,0.063350,0.000370,0.056150,0.061400,0.000004,0.000000,0.374500,0.000072,1.371000,0.000685,0.000000,0.000000,0.187500,0,0
181500000000,181800000000,6274140245,80,381369,0.187000,0.061400,0.063350,0.000370,0.056150,0.061460,0.000005,0.000000,0.192600,0.000500,1.415000,0.000714,0.000000,0.000000,0.187500,0,0
181800000000,182100000000,6274140245,80,381369,0.186500,0.061400,0.063350,0.000370,0.056150,0.061400,0.000009,0.000000,0.373500,0.001358,1.391000,0.000731,0.000000,0.000000,0.187700,0,0
182100000000,182400000000,6274140245,80,381369,0.187000,0.061340,0.063350,0.000372,0.056150,0.061400,0.000004,0.000000,0.375500,0.000143,1.427000,0.000763,0.000000,0.000000,0.184600,0,0
182400000000,182700000000,6274140245,80,381369,0.186800,0.061340,0.063350,0.000372,0.056150,0.061460,0.000004,0.000000,0.206500,0.000072,1.438000,0.000737,0.000000,0.000000,0.188000,0,0
182700000000,183000000000,6274140245,80,381369,0.187000,0.061400,0.063350,0.000392,0.056150,0.061520,0.000029,0.000000,0.207000,0.007431,1.435000,0.000762,0.000000,0.000000,0.187500,0,0
183000000000,183300000000,6274140245,80,381369,0.187000,0.061340,0.063350,0.000408,0.056150,0.061460,0.000012,0.000000,0.206100,0.001999,1.430000,0.000764,0.000000,0.000000,0.186300,0,0
183300000000,183600000000,6274140245,80,381369,0.187000,0.061460,0.063350,0.000408,0.056150,0.061520,0.000004,0.000000,0.194100,0.000143,1.400000,0.000700,0.000000,0.000000,0.186800,0,0
183600000000,183900000000,6274140245,80,381369,0.115800,0.061160,0.062870,0.000408,0.056150,0.061520,0.000005,0.000000,0.191900,0.000714,1.408000,0.000700,0.000000,0.000000,0.187500,0,0
183900000000,184050000000,6274140245,80,381369,0.058170,0.060850,0.061580,0.000751,0.056210,0.060910,0.000615,0.000000,0.066530,0.033390,1.502000,0.000743,0.000000,0.000000,0.062740,0,0
184050000000,184070000000,6274140245,80,381369,0.001087,0.000000,0.000000,0.000000,0.000000,0.000000,0.000078,0.000000,0.021730,0.001215,1.470000,0.000768,0.000000,0.000000,0.000000,0,0
184070000000,184071000000,6274140245,80,381369,0.000000,0.000000,0.000000,0.000000,0.000000,0.000000,0.000000,0.000000,0.000000,0.000000,1.470000,0.000768,0.000000,0.000000,0.000000,0,0
