179235000000,179400000000,6274140245,81,294862247,0.000000,0.000000,0.000000,0.000000,0.000000,0.000000,0.000000,0.000000,0.000000,0.000000,0.000000,0.000000,0.000000,0.000000,0.000000,0,0
179400000000,179610000000,6274140245,81,294862247,0.000000,0.000000,0.000000,0.000000,0.000000,0.000000,0.000000,0.000000,0.000000,0.000000,0.000000,0.000000,0.000000,0.000000,0.000000,0,0
179610000000,179700000000,6274140245,81,294862247,0.003929,0.013230,0.014660,0.000316,0.012420,0.027740,0.033140,0.000000,0.036130,0.099980,30.810000,0.148600,0.000000,0.000000,0.002388,0,0
179700000000,179754000000,6274140245,81,294862247,0.002865,0.031860,0.033870,0.000017,0.031160,0.033870,0.025940,0.000000,0.012970,0.043090,32.510000,0.161400,0.000000,0.000000,0.002502,0,0
179754000000,180000000000,6274140245,81,294862247,0.022920,0.051940,0.053530,0.000295,0.050110,0.061100,0.021150,0.000000,0.188500,0.110500,0.862600,0.000230,0.000000,0.000000,0.000360,0,0
180000000000,180300000000,6274140245,81,294862247,0.186500,0.061650,0.062440,0.000379,0.056090,0.061830,0.000276,0.000000,0.190400,0.021940,1.332000,0.000660,0.000000,0.000000,0.187500,0,0
180300000000,180600000000,6274140245,81,294862247,0.186800,0.061650,0.062440,0.000407,0.056150,0.061770,0.000008,0.000000,0.298300,0.000786,1.369000,0.000692,0.000000,0.000000,0.187300,0,0
180600000000,180883000000,6274140245,81,294862247,0.186800,0.061710,0.062440,0.000406,0.056150,0.061770,0.000004,0.000000,0.206100,0.000072,1.381000,0.000743,0.000000,0.000000,0.186800,0,0
180883000000,180900000000,6274140245,81,294862247,0.186800,0.061650,0.062440,0.000406,0.056150,0.061650,0.000000,0.000000,0.189700,0.000000,1.389000,0.000733,0.000000,0.000000,0.187300,0,0
180900000000,181200000000,6274140245,81,294862247,0.187000,0.061710,0.062440,0.000407,0.056150,0.061770,0.000005,0.000000,0.299800,0.000286,1.401000,0.000746,0.000000,0.000000,0.187000,0,0
181200000000,181500000000,6274140245,81,294862247,0.187000,0.061710,0.062440,0.000407,0.056150,0.061770,0.000005,0.000000,0.369600,0.000286,1.339000,0.000690,0.000000,0.000000,0.187700,0,0
181500000000,181800000000,6274140245,81,294862247,0.186800,0.061710,0.062440,0.000407,0.056150,0.061770,0.000006,0.000000,0.300800,0.000286,1.343000,0.000704,0.000000,0.000000,0.187500,0,0
181800000000,182100000000,6274140245,81,294862247,0.186800,0.061710,0.062440,0.000407,0.056150,0.061770,0.000005,0.000000,0.206300,0.000571,1.388000,0.000737,0.000000,0.000000,0.187300,0,0
182100000000,182400000000,6274140245,81,294862247,0.187000,0.061770,0.062440,0.000408,0.056150,0.061830,0.000004,0.000000,0.206300,0.000215,1.387000,0.000756,0.000000,0.000000,0.185500,0,0
182400000000,182700000000,6274140245,81,294862247,0.186800,0.061770,0.062440,0.000408,0.056150,0.061830,0.000009,0.000000,0.318800,0.001429,1.402000,0.000726,0.000000,0.000000,0.184100,0,0
182700000000,183000000000,6274140245,81,294862247,0.187000,0.061770,0.062440,0.000409,0.056150,0.061830,0.000008,0.000000,0.189200,0.000999,1.419000,0.000779,0.000000,0.000000,0.187500,0,0
183000000000,183300000000,6274140245,81,294862247,0.187000,0.061770,0.062440,0.000426,0.056210,0.061830,0.000039,0.000000,0.192600,0.009216,1.396000,0.000766,0.000000,0.000000,0.188200,0,0
183300000000,183600000000,6274140245,81,294862247,0.187000,0.061770,0.062440,0.000447,0.056210,0.061830,0.000004,0.000000,0.192400,0.000143,1.426000,0.000798,0.000000,0.000000,0.186500,0,0
183600000000,183900000000,6274140245,81,294862247,0.162800,0.061710,0.062440,0.000447,0.056210,0.061830,0.000005,0.000000,0.316900,0.000428,1.401000,0.000731,0.000000,0.000000,0.186500,0,0
183900000000,184200000000,6274140245,81,294862247,0.098630,0.061460,0.062440,0.000452,0.056210,0.061650,0.000061,0.000000,0.195100,0.004929,1.418000,0.000750,0.000000,0.000000,0.000195,0,0
184200000000,184500000000,6274140245,81,294862247,0.139200,0.061580,0.062440,0.000453,0.056210,0.061830,0.000015,0.000000,0.198500,0.001286,1.414000,0.000752,0.000000,0.000000,0.000143,0,0
184500000000,184510000000,6274140245,81,294862247,0.003983,0.060490,0.062440,0.006035,0.056270,0.060550,0.007637,0.000000,0.062500,0.034550,3.322000,0.012700,0.000000,0.000000,0.062500,0,0
184510000000,184524000000,6274140245,81,294862247,0.000780,0.000000,0.000000,0.000000,0.000000,0.000000,0.000281,0.000000,0.010930,0.004143,3.454000,0.009673,0.000000,0.000000,0.000000,0,0
184524000000,184526000000,6274140245,81,294862247,0.000000,0.000000,0.000000,0.000000,0.000000,0.000000,0.000000,0.000000,0.000000,0.000000,3.464000,0.009424,0.000000,0.000000,0.000000,0,0
