179227000000,179400000000,6274140245,82,2707265924,0.000000,0.000000,0.000000,0.000000,0.000000,0.000000,0.000000,0.000000,0.000000,0.000000,0.000000,0.000000,0.000000,0.000000,0.000000,0,0
179400000000,179441000000,6274140245,82,2707265924,0.000000,0.000000,0.000000,0.000000,0.000000,0.000000,0.000000,0.000000,0.000000,0.000000,0.000000,0.000000,0.000000,0.000000,0.000000,0,0
179441000000,179600000000,6274140245,82,2707265924,0.022400,0.035400,0.037110,0.000665,0.034420,0.060490,0.042360,0.000000,0.189500,0.165500,0.900700,0.000676,0.000000,0.000000,0.005676,0,0
179600000000,179700000000,6274140245,82,2707265924,0.178500,0.060490,0.060550,0.000183,0.055910,0.060550,0.004341,0.000000,0.190700,0.056580,1.307000,0.000721,0.000000,0.000000,0.186500,0,0
179700000000,180000000000,6274140245,82,2707265924,0.160400,0.060910,0.063840,0.000612,0.056340,0.061160,0.007355,0.000000,0.194100,0.064820,1.364000,0.000746,0.000000,0.000000,0.188000,0,0
180000000000,180017000000,6274140245,82,2707265924,0.181200,0.060790,0.064450,0.000602,0.056340,0.060790,0.000017,0.000000,0.188200,0.000286,1.251000,0.000532,0.000000,0.000000,0.185800,0,0
180017000000,180300000000,6274140245,82,2707265924,0.185300,0.060910,0.064450,0.000604,0.056340,0.061040,0.000013,0.000000,0.192600,0.002144,1.352000,0.000697,0.000000,0.000000,0.185100,0,0
180300000000,180600000000,6274140245,82,2707265924,0.186500,0.060910,0.064450,0.000604,0.056340,0.061040,0.000003,0.000000,0.336900,0.000143,1.352000,0.000779,0.000000,0.000000,0.187000,0,0
180600000000,180900000000,6274140245,82,2707265924,0.186500,0.060910,0.063230,0.000481,0.056210,0.061040,0.000011,0.000000,0.206100,0.001215,1.367000,0.000768,0.000000,0.000000,0.186800,0,0
180900000000,181200000000,6274140245,82,2707265924,0.186800,0.060910,0.062500,0.000403,0.056150,0.060970,0.000006,0.000000,0.192400,0.000571,1.358000,0.000756,0.000000,0.000000,0.187000,0,0
181200000000,181500000000,6274140245,82,2707265924,0.186800,0.060910,0.062500,0.000403,0.056150,0.060970,0.000004,0.000000,0.356400,0.000072,1.356000,0.000775,0.000000,0.000000,0.186000,0,0
181500000000,181800000000,6274140245,82,2707265924,0.186500,0.060970,0.062500,0.000403,0.056150,0.060970,0.000010,0.000000,0.198700,0.001499,1.362000,0.000710,0.000000,0.000000,0.186300,0,0
181800000000,182100000000,6274140245,82,2707265924,0.185800,0.060970,0.062500,0.000404,0.056150,0.061040,0.000004,0.000000,0.204100,0.000072,1.441000,0.000830,0.000000,0.000000,0.187300,0,0
182100000000,182400000000,6274140245,82,2707265924,0.186300,0.060910,0.062440,0.000438,0.056210,0.060970,0.000026,0.000000,0.195300,0.006355,1.383000,0.000781,0.000000,0.000000,0.187300,0,0
182400000000,182700000000,6274140245,82,2707265924,0.185500,0.060850,0.062440,0.000443,0.056210,0.060970,0.000010,0.000000,0.191200,0.000857,1.373000,0.000763,0.000000,0.000000,0.187300,0,0
182700000000,183000000000,6274140245,82,2707265924,0.186000,0.060910,0.062440,0.000443,0.056210,0.060970,0.000003,0.000000,0.205800,0.000357,1.355000,0.000727,0.000000,0.000000,0.185500,0,0
183000000000,183300000000,6274140245,82,2707265924,0.186000,0.060970,0.062440,0.000443,0.056210,0.060970,0.000004,0.000000,0.193600,0.000072,1.376000,0.000760,0.000000,0.000000,0.186800,0,0
183300000000,183600000000,6274140245,82,2707265924,0.186500,0.060910,0.062440,0.000443,0.056210,0.060970,0.000004,0.000000,0.205800,0.000143,1.345000,0.000734,0.000000,0.000000,0.186300,0,0
183600000000,183900000000,6274140245,82,2707265924,0.122700,0.060790,0.062440,0.000443,0.056210,0.060970,0.000005,0.000000,0.189500,0.000286,1.431000,0.000791,0.000000,0.000000,0.125000,0,0
183900000000,183970000000,6274140245,82,2707265924,0.038210,0.060420,0.062440,0.001629,0.056210,0.060490,0.000898,0.000000,0.064330,0.027770,1.189000,0.000480,0.000000,0.000000,0.062190,0,0
183970000000,183989000000,6274140245,82,2707265924,0.000119,0.000000,0.000000,0.000000,0.000000,0.000000,0.000011,0.000000,0.002258,0.000215,12.900000,0.062600,0.000000,0.000000,0.000000,0,0
183989000000,183990000000,6274140245,82,2707265924,0.000000,0.000000,0.000000,0.000000,0.000000,0.000000,0.000000,0.000000,0.000000,0.000000,12.900000,0.062600,0.000000,0.000000,0.000000,0,0
