179233000000,179400000000,6274140245,83,38670387,0.000000,0.000000,0.000000,0.000000,0.000000,0.000000,0.000000,0.000000,0.000000,0.000000,0.000000,0.000000,0.000000,0.000000,0.000000,0,0
179400000000,179439000000,6274140245,83,38670387,0.000000,0.000000,0.000000,0.000000,0.000000,0.000000,0.000000,0.000000,0.000000,0.000000,0.000000,0.000000,0.000000,0.000000,0.000000,0,0
179439000000,179588000000,6274140245,83,38670387,0.018130,0.036870,0.037720,0.000236,0.035640,0.059020,0.046510,0.000000,0.185500,0.095340,0.932900,0.000469,0.000000,0.000000,0.004013,0,0
179588000000,179700000000,6274140245,83,38670387,0.179700,0.060240,0.061340,0.000317,0.056030,0.060610,0.001324,0.000000,0.213400,0.049990,1.312000,0.000655,0.000000,0.000000,0.184600,0,0
179700000000,179983000000,6274140245,83,38670387,0.181900,0.060420,0.061400,0.000366,0.056090,0.060550,0.000086,0.000000,0.293000,0.018710,1.404000,0.000751,0.000000,0.000000,0.183800,0,0
179983000000,180000000000,6274140245,83,38670387,0.184100,0.060360,0.061400,0.000390,0.056150,0.060420,0.000009,0.000000,0.191900,0.000072,1.391000,0.000782,0.000000,0.000000,0.186000,0,0
180000000000,180300000000,6274140245,83,38670387,0.182100,0.060490,0.061400,0.000385,0.056150,0.060550,0.000012,0.000000,0.190400,0.001358,1.347000,0.000683,0.000000,0.000000,0.184800,0,0
180300000000,180600000000,6274140245,83,38670387,0.182600,0.060490,0.061400,0.000383,0.056150,0.060550,0.000008,0.000000,0.372100,0.000999,1.407000,0.000779,0.000000,0.000000,0.173300,0,0
180600000000,180900000000,6274140245,83,38670387,0.183100,0.060490,0.061400,0.000382,0.056150,0.060550,0.000008,0.000000,0.204100,0.000714,1.376000,0.000742,0.000000,0.000000,0.180900,0,0
180900000000,181200000000,6274140245,83,38670387,0.183100,0.060420,0.061400,0.000380,0.056150,0.060490,0.000003,0.000000,0.204100,0.000072,1.458000,0.000767,0.000000,0.000000,0.185800,0,0
181200000000,181500000000,6274140245,83,38670387,0.184300,0.060490,0.061400,0.000366,0.056150,0.060550,0.000007,0.000000,0.205300,0.000857,1.414000,0.000766,0.000000,0.000000,0.187000,0,0
181500000000,181800000000,6274140245,83,38670387,0.184300,0.060420,0.061400,0.000366,0.056150,0.060490,0.000004,0.000000,0.204100,0.000143,1.346000,0.000673,0.000000,0.000000,0.185100,0,0
181800000000,182100000000,6274140245,83,38670387,0.184800,0.060360,0.061400,0.000367,0.056150,0.060490,0.000006,0.000000,0.206100,0.000714,1.421000,0.000776,0.000000,0.000000,0.187300,0,0
182100000000,182400000000,6274140245,83,38670387,0.185100,0.060490,0.061400,0.000367,0.056150,0.060550,0.000004,0.000000,0.205600,0.000072,1.359000,0.000696,0.000000,0.000000,0.182900,0,0
182400000000,182487000000,6274140245,83,38670387,0.183100,0.060490,0.061340,0.000367,0.056150,0.060550,0.000008,0.000000,0.206100,0.000500,1.361000,0.000705,0.000000,0.000000,0.178500,0,0
182487000000,182515000000,6274140245,83,38670387,0.003849,0.002010,0.000000,0.002003,0.002003,0.056270,0.000003,0.000000,0.107800,0.000072,1.382000,0.000722,0.000000,0.000000,0.000000,0,1
182515000000,182516000000,6274140245,83,38670387,0.000000,0.000000,0.000000,0.000000,0.000000,0.000000,0.000000,0.000000,0.000000,0.000000,1.382000,0.000722,0.000000,0.000000,0.000000,0,0
182538000000,182700000000,6274140245,83,4100323990,0.000000,0.000000,0.000000,0.000000,0.000000,0.000000,0.000000,0.000000,0.000000,0.000000,0.000000,0.000000,0.000000,0.000000,0.000000,0,0
182700000000,182711000000,6274140245,83,4100323990,0.000000,0.000000,0.000000,0.000000,0.000000,0.000000,0.000000,0.000000,0.000000,0.000000,0.000000,0.000000,0.000000,0.000000,0.000000,0,0
182711000000,183000000000,6274140245,83,4100323990,0.113800,0.051030,0.052120,0.000256,0.047730,0.060970,0.020840,0.000000,0.201700,0.141100,1.236000,0.000647,0.000000,0.000000,0.188000,0,0
183000000000,183300000000,6274140245,83,4100323990,0.186500,0.060850,0.061650,0.000340,0.056090,0.060970,0.000124,0.000000,0.192600,0.017060,1.303000,0.000654,0.000000,0.000000,0.187300,0,0
183300000000,183600000000,6274140245,83,4100323990,0.187300,0.060970,0.061650,0.000360,0.056150,0.061040,0.000006,0.000000,0.191200,0.000643,1.340000,0.000699,0.000000,0.000000,0.188500,0,0
183600000000,183900000000,6274140245,83,4100323990,0.142100,0.060850,0.061650,0.000360,0.056150,0.061040,0.000003,0.000000,0.198000,0.000072,1.413000,0.000782,0.000000,0.000000,0.124800,0,0
183900000000,183960000000,6274140245,83,4100323990,0.027280,0.060300,0.061650,0.001293,0.056150,0.060490,0.001236,0.000000,0.063960,0.032040,1.460000,0.000691,0.000000,0.000000,0.058290,0,0
183960000000,183976000000,6274140245,83,4100323990,0.000244,0.000000,0.000000,0.000000,0.000000,0.000000,0.000000,0.000000,0.003906,0.000000,1.487000,0.000770,0.000000,0.000000,0.000000,0,0
183976000000,183977000000,6274140245,83,4100323990,0.000000,0.000000,0.000000,0.000000,0.000000,0.000000,0.000000,0.000000,0.000000,0.000000,3.067000,0.007626,0.000000,0.000000,0.000000,0,0
