179244000000,179400000000,6274140245,84,336026201,0.000000,0.000000,0.000000,0.000000,0.000000,0.000000,0.000000,0.000000,0.000000,0.000000,0.000000,0.000000,0.000000,0.000000,0.000000,0,0
179400000000,179486000000,6274140245,84,336026201,0.000000,0.000000,0.000000,0.000000,0.000000,0.000000,0.000000,0.000000,0.000000,0.000000,0.000000,0.000000,0.000000,0.000000,0.000000,0,0
179486000000,179638000000,6274140245,84,336026201,0.027890,0.039370,0.040830,0.000375,0.037600,0.062740,0.045170,0.000000,0.188000,0.140900,0.948700,0.000604,0.000000,0.000000,0.010350,0,0
179638000000,179700000000,6274140245,84,336026201,0.181900,0.062870,0.062990,0.001652,0.057430,0.062870,0.000417,0.000000,0.188200,0.011510,1.352000,0.000657,0.000000,0.000000,0.187300,0,0
179700000000,180000000000,6274140245,84,336026201,0.178700,0.061580,0.062990,0.001339,0.057130,0.062500,0.000065,0.000000,0.199200,0.009079,1.420000,0.000726,0.000000,0.000000,0.159700,0,0
180000000000,180023000000,6274140245,84,336026201,0.179000,0.061580,0.062990,0.001226,0.057010,0.061580,0.000007,0.000000,0.187300,0.000072,1.424000,0.000758,0.000000,0.000000,0.180900,0,0
180023000000,180300000000,6274140245,84,336026201,0.177700,0.061580,0.062990,0.001112,0.056880,0.061650,0.000013,0.000000,0.188200,0.001429,1.420000,0.000788,0.000000,0.000000,0.187000,0,0
180300000000,180600000000,6274140245,84,336026201,0.180200,0.061580,0.062990,0.000420,0.056210,0.061650,0.000003,0.000000,0.365700,0.000072,1.428000,0.000778,0.000000,0.000000,0.185500,0,0
180600000000,180900000000,6274140245,84,336026201,0.179700,0.061580,0.062990,0.000356,0.056150,0.061650,0.000006,0.000000,0.191400,0.000571,1.424000,0.000735,0.000000,0.000000,0.183300,0,0
180900000000,181200000000,6274140245,84,336026201,0.179400,0.061650,0.062990,0.000356,0.056150,0.061710,0.000013,0.000000,0.192600,0.001358,1.409000,0.000707,0.000000,0.000000,0.185100,0,0
181200000000,181500000000,6274140245,84,336026201,0.179000,0.061650,0.062990,0.000358,0.056150,0.061710,0.000007,0.000000,0.347200,0.000500,1.447000,0.000805,0.000000,0.000000,0.165000,0,0
181500000000,181800000000,6274140245,84,336026201,0.179400,0.061650,0.062990,0.000348,0.056150,0.061710,0.000004,0.000000,0.206100,0.000143,1.446000,0.000804,0.000000,0.000000,0.185500,0,0
181800000000,182100000000,6274140245,84,336026201,0.176800,0.061650,0.062990,0.000333,0.056090,0.061710,0.000012,0.000000,0.214800,0.001143,1.390000,0.000760,0.000000,0.000000,0.184600,0,0
182100000000,182400000000,6274140245,84,336026201,0.177500,0.061650,0.062990,0.000326,0.056090,0.061710,0.000005,0.000000,0.190700,0.000143,1.394000,0.000767,0.000000,0.000000,0.181600,0,0
182400000000,182700000000,6274140245,84,336026201,0.176800,0.061580,0.063110,0.000327,0.056090,0.061710,0.000010,0.000000,0.204300,0.001286,1.443000,0.000815,0.000000,0.000000,0.186800,0,0
182700000000,183000000000,6274140245,84,336026201,0.182100,0.061650,0.063110,0.000334,0.056090,0.061710,0.000021,0.000000,0.364700,0.004997,1.484000,0.000804,0.000000,0.000000,0.185500,0,0
183000000000,183300000000,6274140245,84,336026201,0.181400,0.061650,0.063110,0.000369,0.056150,0.061710,0.000034,0.000000,0.194300,0.005287,1.400000,0.000756,0.000000,0.000000,0.182900,0,0
183300000000,183600000000,6274140245,84,336026201,0.182900,0.061650,0.063110,0.000355,0.056150,0.061710,0.000007,0.000000,0.192600,0.000571,1.374000,0.000667,0.000000,0.000000,0.188700,0,0
183600000000,183900000000,6274140245,84,336026201,0.099850,0.061220,0.062870,0.000532,0.056090,0.061650,0.000237,0.000000,0.189900,0.028720,1.427000,0.000767,0.000000,0.000000,0.004303,0,0
183900000000,183916000000,6274140245,84,336026201,0.000790,0.000000,0.000000,0.000000,0.000000,0.000000,0.000000,0.000000,0.012630,0.000000,3.050000,0.011390,0.000000,0.000000,0.000000,0,0
183916000000,183918000000,6274140245,84,336026201,0.000000,0.000000,0.000000,0.000000,0.000000,0.000000,0.000000,0.000000,0.000000,0.000000,3.050000,0.011390,0.000000,0.000000,0.000000,0,0
