179240000000,179400000000,6274140245,85,294793951,0.000000,0.000000,0.000000,0.000000,0.000000,0.000000,0.000000,0.000000,0.000000,0.000000,0.000000,0.000000,0.000000,0.000000,0.000000,0,0
179400000000,179486000000,6274140245,85,294793951,0.000000,0.000000,0.000000,0.000000,0.000000,0.000000,0.000000,0.000000,0.000000,0.000000,0.000000,0.000000,0.000000,0.000000,0.000000,0,0
179486000000,179627000000,6274140245,85,294793951,0.008896,0.035340,0.036250,0.000144,0.034060,0.058900,0.053530,0.000000,0.062620,0.084590,1.225000,0.002784,0.000000,0.000000,0.007149,0,0
179627000000,179700000000,6274140245,85,294793951,0.139400,0.060360,0.061040,0.000349,0.056030,0.061040,0.015290,0.000000,0.190400,0.068600,1.235000,0.000763,0.000000,0.000000,0.187500,0,0
179700000000,180000000000,6274140245,85,294793951,0.186300,0.060970,0.061770,0.000375,0.056090,0.061100,0.000062,0.000000,0.377400,0.010930,1.302000,0.000709,0.000000,0.000000,0.187700,0,0
180000000000,180239000000,6274140245,85,294793951,0.186300,0.060970,0.061710,0.000398,0.056150,0.060970,0.000005,0.000000,0.192400,0.000143,1.297000,0.000717,0.000000,0.000000,0.186500,0,0
180239000000,180300000000,6274140245,85,294793951,0.185800,0.060850,0.061710,0.000398,0.056150,0.061040,0.000009,0.000000,0.188700,0.000357,1.282000,0.000682,0.000000,0.000000,0.182400,0,0
180300000000,180600000000,6274140245,85,294793951,0.186300,0.060910,0.061710,0.000398,0.056150,0.061040,0.000006,0.000000,0.192100,0.000500,1.356000,0.000749,0.000000,0.000000,0.187500,0,0
180600000000,180900000000,6274140245,85,294793951,0.186300,0.060970,0.061710,0.000388,0.056150,0.061040,0.000007,0.000000,0.191900,0.000500,1.363000,0.000744,0.000000,0.000000,0.185100,0,0
180900000000,181200000000,6274140245,85,294793951,0.186800,0.061040,0.061710,0.000378,0.056150,0.061040,0.000004,0.000000,0.189000,0.000072,1.316000,0.000701,0.000000,0.000000,0.188200,0,0
181200000000,181500000000,6274140245,85,294793951,0.186500,0.060970,0.061710,0.000368,0.056150,0.061040,0.000004,0.000000,0.375500,0.000072,1.338000,0.000730,0.000000,0.000000,0.187500,0,0
181500000000,181800000000,6274140245,85,294793951,0.186800,0.060970,0.061710,0.000359,0.056150,0.061040,0.000012,0.000000,0.191900,0.001642,1.285000,0.000689,0.000000,0.000000,0.186500,0,0
181800000000,182100000000,6274140245,85,294793951,0.185300,0.060970,0.061710,0.000341,0.056090,0.061040,0.000009,0.000000,0.375000,0.000643,1.378000,0.000782,0.000000,0.000000,0.187500,0,0
182100000000,182400000000,6274140245,85,294793951,0.186800,0.060970,0.061710,0.000313,0.056090,0.061040,0.000004,0.000000,0.376000,0.000143,1.315000,0.000701,0.000000,0.000000,0.187000,0,0
182400000000,182700000000,6274140245,85,294793951,0.185300,0.061040,0.061770,0.000281,0.056030,0.061100,0.000004,0.000000,0.375500,0.000143,1.351000,0.000755,0.000000,0.000000,0.187300,0,0
182700000000,183000000000,6274140245,85,294793951,0.187000,0.060970,0.061770,0.000278,0.056030,0.061100,0.000024,0.000000,0.371600,0.006073,1.373000,0.000767,0.000000,0.000000,0.187300,0,0
183000000000,183300000000,6274140245,85,294793951,0.187000,0.060970,0.061770,0.000310,0.056090,0.061040,0.000008,0.000000,0.191700,0.001143,1.363000,0.000742,0.000000,0.000000,0.188000,0,0
183300000000,183600000000,6274140245,85,294793951,0.186800,0.060910,0.061770,0.000303,0.056090,0.060970,0.000004,0.000000,0.194300,0.000143,1.324000,0.000719,0.000000,0.000000,0.188000,0,0
183600000000,183900000000,6274140245,85,294793951,0.179400,0.060910,0.061770,0.000293,0.056030,0.060970,0.000006,0.000000,0.206100,0.000643,1.376000,0.000768,0.000000,0.000000,0.125200,0,0
183900000000,184040000000,6274140245,85,294793951,0.059450,0.060670,0.061770,0.000695,0.056090,0.060850,0.000732,0.000000,0.127000,0.039490,1.397000,0.000757,0.000000,0.000000,0.062870,0,0
184040000000,184062000000,6274140245,85,294793951,0.001234,0.000000,0.000000,0.000000,0.000000,0.000000,0.000094,0.000000,0.027160,0.001858,1.459000,0.000850,0.000000,0.000000,0.000000,0,0
184062000000,184063000000,6274140245,85,294793951,0.000000,0.000000,0.000000,0.000000,0.000000,0.000000,0.000000,0.000000,0.000000,0.000000,1.459000,0.000850,0.000000,0.000000,0.000000,0,0
