179229000000,179400000000,6274140245,86,280036055,0.000000,0.000000,0.000000,0.000000,0.000000,0.000000,0.000000,0.000000,0.000000,0.000000,0.000000,0.000000,0.000000,0.000000,0.000000,0,0
179400000000,179635000000,6274140245,86,280036055,0.000000,0.000000,0.000000,0.000000,0.000000,0.000000,0.000000,0.000000,0.000000,0.000000,0.000000,0.000000,0.000000,0.000000,0.000000,0,0
179635000000,179700000000,6274140245,86,280036055,0.002579,0.007439,0.009857,0.000290,0.007088,0.011630,0.016780,0.000000,0.015230,0.041690,0.727000,0.000333,0.000000,0.000000,0.005554,0,0
179700000000,179725000000,6274140245,86,280036055,0.004005,0.016630,0.018040,0.000133,0.015660,0.021180,0.027500,0.000000,0.010300,0.042910,12.770000,0.054100,0.000000,0.000000,0.007172,0,0
179725000000,180000000000,6274140245,86,280036055,0.070560,0.051570,0.052190,0.000579,0.048710,0.062070,0.019380,0.000000,0.376000,0.091800,1.327000,0.000728,0.000000,0.000000,0.187300,0,0
180000000000,180300000000,6274140245,86,280036055,0.186500,0.061160,0.062010,0.000581,0.056340,0.061460,0.000065,0.000000,0.374500,0.009644,1.344000,0.000719,0.000000,0.000000,0.188200,0,0
180300000000,180571000000,6274140245,86,280036055,0.186800,0.061220,0.062010,0.000382,0.056150,0.061280,0.000006,0.000000,0.373000,0.000500,1.402000,0.000754,0.000000,0.000000,0.187300,0,0
180571000000,180600000000,6274140245,86,280036055,0.186500,0.061160,0.062010,0.000383,0.056150,0.061220,0.000003,0.000000,0.190900,0.000072,1.377000,0.000705,0.000000,0.000000,0.187700,0,0
180600000000,180900000000,6274140245,86,280036055,0.186800,0.061160,0.062010,0.000384,0.056150,0.061220,0.000005,0.000000,0.316900,0.000286,1.426000,0.000801,0.000000,0.000000,0.184600,0,0
180900000000,181200000000,6274140245,86,280036055,0.186500,0.061220,0.062010,0.000385,0.056150,0.061280,0.000005,0.000000,0.205600,0.000286,1.426000,0.000798,0.000000,0.000000,0.188200,0,0
181200000000,181500000000,6274140245,86,280036055,0.186800,0.061280,0.062010,0.000385,0.056150,0.061340,0.000006,0.000000,0.374000,0.000786,1.371000,0.000716,0.000000,0.000000,0.184100,0,0
181500000000,181800000000,6274140245,86,280036055,0.186800,0.061220,0.062010,0.000385,0.056150,0.061280,0.000004,0.000000,0.216600,0.000286,1.407000,0.000741,0.000000,0.000000,0.189000,0,0
181800000000,182100000000,6274140245,86,280036055,0.186300,0.061160,0.062010,0.000392,0.056150,0.061280,0.000027,0.000000,0.376000,0.003429,1.423000,0.000742,0.000000,0.000000,0.188200,0,0
182100000000,182400000000,6274140245,86,280036055,0.186500,0.061160,0.062010,0.000373,0.056150,0.061220,0.000003,0.000000,0.373000,0.000072,1.402000,0.000736,0.000000,0.000000,0.185800,0,0
182400000000,182700000000,6274140245,86,280036055,0.186800,0.061160,0.062010,0.000373,0.056150,0.061220,0.000004,0.000000,0.219500,0.000072,1.432000,0.000759,0.000000,0.000000,0.185100,0,0
182700000000,183000000000,6274140245,86,280036055,0.186800,0.061160,0.062010,0.000373,0.056150,0.061220,0.000009,0.000000,0.220000,0.001215,1.370000,0.000726,0.000000,0.000000,0.187000,0,0
183000000000,183300000000,6274140245,86,280036055,0.187000,0.061160,0.062010,0.000375,0.056150,0.061220,0.000003,0.000000,0.218000,0.000215,1.398000,0.000726,0.000000,0.000000,0.188000,0,0
183300000000,183600000000,6274140245,86,280036055,0.186800,0.061160,0.062010,0.000376,0.056150,0.061220,0.000005,0.000000,0.374000,0.000428,1.429000,0.000749,0.000000,0.000000,0.187500,0,0
183600000000,183900000000,6274140245,86,280036055,0.187000,0.061220,0.062010,0.000376,0.056150,0.061280,0.000004,0.000000,0.220200,0.000072,1.414000,0.000768,0.000000,0.000000,0.187500,0,0
183900000000,184060000000,6274140245,86,280036055,0.094240,0.060970,0.062010,0.001080,0.056150,0.061280,0.000433,0.000000,0.211200,0.029360,1.479000,0.000796,0.000000,0.000000,0.188200,0,0
184060000000,184079000000,6274140245,86,280036055,0.000174,0.000000,0.000000,0.000000,0.000000,0.000000,0.000019,0.000000,0.003296,0.000357,1.484000,0.000760,0.000000,0.000000,0.000000,0,0
184079000000,184080000000,6274140245,86,280036055,0.000000,0.000000,0.000000,0.000000,0.000000,0.000000,0.000000,0.000000,0.000000,0.000000,1.484000,0.000760,0.000000,0.000000,0.000000,0,0
