179236000000,179400000000,6274140245,87,1806233832,0.000000,0.000000,0.000000,0.000000,0.000000,0.000000,0.000000,0.000000,0.000000,0.000000,0.000000,0.000000,0.000000,0.000000,0.000000,0,0
179400000000,179502000000,6274140245,87,1806233832,0.000000,0.000000,0.000000,0.000000,0.000000,0.000000,0.000000,0.000000,0.000000,0.000000,0.000000,0.000000,0.000000,0.000000,0.000000,0,0
179502000000,179616000000,6274140245,87,1806233832,0.009399,0.029450,0.030700,0.000167,0.027920,0.054630,0.052980,0.000000,0.062740,0.136500,3.678000,0.014060,0.000000,0.000000,0.009720,0,0
179616000000,179700000000,6274140245,87,1806233832,0.109600,0.060420,0.060730,0.000509,0.055910,0.061340,0.019840,0.000000,0.191700,0.167200,1.198000,0.000583,0.000000,0.000000,0.008652,0,0
179700000000,180000000000,6274140245,87,1806233832,0.180400,0.061890,0.063230,0.000364,0.056090,0.062010,0.001026,0.000000,0.335000,0.064820,1.380000,0.000745,0.000000,0.000000,0.187300,0,0
180000000000,180170000000,6274140245,87,1806233832,0.179900,0.061830,0.063230,0.000373,0.056150,0.061950,0.000008,0.000000,0.191200,0.000714,1.454000,0.000821,0.000000,0.000000,0.181600,0,0
180170000000,180300000000,6274140245,87,1806233832,0.179000,0.061890,0.063230,0.000372,0.056150,0.061890,0.000014,0.000000,0.191200,0.001072,1.463000,0.000798,0.000000,0.000000,0.175300,0,0
180300000000,180600000000,6274140245,87,1806233832,0.181400,0.061830,0.063230,0.000372,0.056150,0.061950,0.000007,0.000000,0.272000,0.000714,1.433000,0.000765,0.000000,0.000000,0.185300,0,0
180600000000,180900000000,6274140245,87,1806233832,0.181900,0.061830,0.063230,0.000373,0.056150,0.061950,0.000006,0.000000,0.193600,0.000500,1.451000,0.000777,0.000000,0.000000,0.182400,0,0
180900000000,181200000000,6274140245,87,1806233832,0.183600,0.061890,0.063230,0.000373,0.056150,0.061950,0.000005,0.000000,0.205600,0.000500,1.458000,0.000794,0.000000,0.000000,0.184300,0,0
181200000000,181500000000,6274140245,87,1806233832,0.184100,0.061890,0.063230,0.000373,0.056150,0.062010,0.000003,0.000000,0.373500,0.000072,1.406000,0.000739,0.000000,0.000000,0.186800,0,0
181500000000,181800000000,6274140245,87,1806233832,0.182900,0.061830,0.063230,0.000372,0.056150,0.061950,0.000006,0.000000,0.224400,0.000428,1.417000,0.000750,0.000000,0.000000,0.185800,0,0
181800000000,182100000000,6274140245,87,1806233832,0.183600,0.061830,0.063230,0.000373,0.056150,0.061950,0.000005,0.000000,0.226800,0.000357,1.477000,0.000769,0.000000,0.000000,0.172900,0,0
182100000000,182400000000,6274140245,87,1806233832,0.184300,0.061890,0.063230,0.000363,0.056150,0.061950,0.000004,0.000000,0.204800,0.000143,1.380000,0.000717,0.000000,0.000000,0.186800,0,0
182400000000,182700000000,6274140245,87,1806233832,0.183600,0.061890,0.063230,0.000354,0.056090,0.061950,0.000004,0.000000,0.197800,0.000072,1.483000,0.000821,0.000000,0.000000,0.186000,0,0
182700000000,183000000000,6274140245,87,1806233832,0.184100,0.061890,0.063230,0.000352,0.056090,0.062010,0.000030,0.000000,0.368700,0.007217,1.416000,0.000737,0.000000,0.000000,0.182600,0,0
183000000000,183300000000,6274140245,87,1806233832,0.184300,0.061890,0.063230,0.000382,0.056150,0.062010,0.000003,0.000000,0.205100,0.000072,1.456000,0.000810,0.000000,0.000000,0.185800,0,0
183300000000,183600000000,6274140245,87,1806233832,0.184600,0.061890,0.063230,0.000357,0.056150,0.061950,0.000004,0.000000,0.206100,0.000072,1.450000,0.000757,0.000000,0.000000,0.186000,0,0
183600000000,183900000000,6274140245,87,1806233832,0.147700,0.061770,0.063230,0.000329,0.056090,0.061950,0.000003,0.000000,0.189900,0.000072,1.481000,0.000805,0.000000,0.000000,0.125200,0,0
183900000000,183991000000,6274140245,87,1806233832,0.093020,0.061650,0.063230,0.001209,0.056090,0.061710,0.001335,0.000000,0.127200,0.035220,1.346000,0.000625,0.000000,0.000000,0.123800,0,0
183991000000,184006000000,6274140245,87,1806233832,0.000183,0.000000,0.000000,0.000000,0.000000,0.000000,0.000031,0.000000,0.002747,0.000357,1.177000,0.000492,0.000000,0.000000,0.000000,0,0
184006000000,184008000000,6274140245,87,1806233832,0.000000,0.000000,0.000000,0.000000,0.000000,0.000000,0.000000,0.000000,0.000000,0.000000,1.177000,0.000492,0.000000,0.000000,0.000000,0,0
