179234000000,179400000000,6274140245,88,6566776,0.000000,0.000000,0.000000,0.000000,0.000000,0.000000,0.000000,0.000000,0.000000,0.000000,0.000000,0.000000,0.000000,0.000000,0.000000,0,0
179400000000,179459000000,6274140245,88,6566776,0.000000,0.000000,0.000000,0.000000,0.000000,0.000000,0.000000,0.000000,0.000000,0.000000,0.000000,0.000000,0.000000,0.000000,0.000000,0,0
179459000000,179599000000,6274140245,88,6566776,0.014600,0.037170,0.038270,0.000248,0.035460,0.061340,0.048280,0.000000,0.187000,0.149400,33.530000,0.171600,0.000000,0.000000,0.008392,0,0
179599000000,179700000000,6274140245,88,6566776,0.178200,0.061650,0.062990,0.000296,0.056030,0.062010,0.002316,0.000000,0.194600,0.058040,1.379000,0.000711,0.000000,0.000000,0.187000,0,0
179700000000,179973000000,6274140245,88,6566776,0.185300,0.061770,0.063230,0.000341,0.056090,0.062010,0.000113,0.000000,0.205800,0.015720,1.366000,0.000709,0.000000,0.000000,0.187000,0,0
179973000000,180000000000,6274140245,88,6566776,0.185800,0.061770,0.063230,0.000369,0.056150,0.061770,0.000003,0.000000,0.191400,0.000072,1.395000,0.000777,0.000000,0.000000,0.187700,0,0
180000000000,180300000000,6274140245,88,6566776,0.186800,0.061710,0.063230,0.000369,0.056150,0.061770,0.000009,0.000000,0.206800,0.001429,1.350000,0.000729,0.000000,0.000000,0.187500,0,0
180300000000,180600000000,6274140245,88,6566776,0.186500,0.061710,0.063230,0.000369,0.056150,0.061770,0.000013,0.000000,0.191900,0.001642,1.335000,0.000714,0.000000,0.000000,0.188200,0,0
180600000000,180900000000,6274140245,88,6566776,0.186500,0.061710,0.063230,0.000370,0.056150,0.061830,0.000006,0.000000,0.190200,0.000857,1.374000,0.000765,0.000000,0.000000,0.186500,0,0
180900000000,181200000000,6274140245,88,6566776,0.186300,0.061770,0.063230,0.000371,0.056150,0.061830,0.000024,0.000000,0.196000,0.001999,1.374000,0.000750,0.000000,0.000000,0.188000,0,0
181200000000,181500000000,6274140245,88,6566776,0.186000,0.061770,0.063230,0.000371,0.056150,0.061830,0.000014,0.000000,0.375500,0.001499,1.415000,0.000754,0.000000,0.000000,0.187700,0,0
181500000000,181800000000,6274140245,88,6566776,0.184600,0.061770,0.063230,0.000371,0.056150,0.061830,0.000024,0.000000,0.189900,0.003429,1.333000,0.000689,0.000000,0.000000,0.181400,0,0
181800000000,182100000000,6274140245,88,6566776,0.185500,0.061710,0.063230,0.000372,0.056150,0.061830,0.000017,0.000000,0.194600,0.002430,1.381000,0.000671,0.000000,0.000000,0.188200,0,0
182100000000,182400000000,6274140245,88,6566776,0.185500,0.061770,0.063350,0.000372,0.056150,0.061830,0.000005,0.000000,0.195300,0.000286,1.376000,0.000705,0.000000,0.000000,0.187000,0,0
182400000000,182700000000,6274140245,88,6566776,0.186000,0.061830,0.063350,0.000408,0.056150,0.061890,0.000025,0.000000,0.199200,0.005287,1.356000,0.000710,0.000000,0.000000,0.187500,0,0
182700000000,183000000000,6274140245,88,6566776,0.186500,0.061770,0.063350,0.000411,0.056150,0.061830,0.000003,0.000000,0.197000,0.000143,1.321000,0.000637,0.000000,0.000000,0.187500,0,0
183000000000,183300000000,6274140245,88,6566776,0.186800,0.061770,0.063350,0.000412,0.056150,0.061830,0.000011,0.000000,0.208000,0.002144,1.395000,0.000752,0.000000,0.000000,0.187300,0,0
183300000000,183600000000,6274140245,88,6566776,0.186300,0.061650,0.063350,0.000412,0.056150,0.061770,0.000010,0.000000,0.198700,0.001286,1.354000,0.000728,0.000000,0.000000,0.187300,0,0
183600000000,183900000000,6274140245,88,6566776,0.186800,0.061770,0.063350,0.000412,0.056150,0.061830,0.000008,0.000000,0.205100,0.000571,1.351000,0.000719,0.000000,0.000000,0.187700,0,0
183900000000,183970000000,6274140245,88,6566776,0.115000,0.061650,0.063230,0.001221,0.056210,0.061830,0.000837,0.000000,0.188000,0.027440,1.376000,0.000722,0.000000,0.000000,0.124900,0,0
183970000000,183988000000,6274140245,88,6566776,0.000237,0.000000,0.000000,0.000000,0.000000,0.000000,0.000055,0.000000,0.004272,0.000857,1.453000,0.000700,0.000000,0.000000,0.000000,0,0
183988000000,183989000000,6274140245,88,6566776,0.000000,0.000000,0.000000,0.000000,0.000000,0.000000,0.000000,0.000000,0.000000,0.000000,1.453000,0.000700,0.000000,0.000000,0.000000,0,0
