179229000000,179400000000,6274140245,89,711218,0.000000,0.000000,0.000000,0.000000,0.000000,0.000000,0.000000,0.000000,0.000000,0.000000,0.000000,0.000000,0.000000,0.000000,0.000000,0,0
179400000000,179542000000,6274140245,89,711218,0.000000,0.000000,0.000000,0.000000,0.000000,0.000000,0.000000,0.000000,0.000000,0.000000,0.000000,0.000000,0.000000,0.000000,0.000000,0,0
179542000000,179635000000,6274140245,89,711218,0.005028,0.017430,0.018490,0.000150,0.016330,0.032710,0.040530,0.000000,0.030210,0.116900,30.740000,0.140800,0.000000,0.000000,0.006104,0,0
179635000000,179700000000,6274140245,89,711218,0.004143,0.045170,0.047240,0.000071,0.043880,0.053470,0.040770,0.000000,0.037110,0.058590,28.810000,0.134500,0.000000,0.000000,0.007408,0,0
179700000000,180000000000,6274140245,89,711218,0.147700,0.060000,0.061220,0.000333,0.055790,0.060970,0.007675,0.000000,0.228000,0.127400,1.347000,0.000754,0.000000,0.000000,0.186800,0,0
180000000000,180300000000,6274140245,89,711218,0.187000,0.060730,0.061950,0.000366,0.056090,0.060850,0.000071,0.000000,0.225800,0.015140,1.309000,0.000697,0.000000,0.000000,0.188000,0,0
180300000000,180448000000,6274140245,89,711218,0.187300,0.060790,0.061950,0.000371,0.056150,0.060850,0.000009,0.000000,0.227100,0.000428,1.284000,0.000653,0.000000,0.000000,0.187700,0,0
180448000000,180600000000,6274140245,89,711218,0.187300,0.060730,0.061950,0.000371,0.056150,0.060790,0.000004,0.000000,0.227500,0.000072,1.306000,0.000682,0.000000,0.000000,0.188700,0,0
180600000000,180900000000,6274140245,89,711218,0.186800,0.060790,0.061950,0.000371,0.056150,0.060850,0.000005,0.000000,0.233400,0.000072,1.292000,0.000669,0.000000,0.000000,0.186300,0,0
180900000000,181200000000,6274140245,89,711218,0.187300,0.060730,0.061950,0.000372,0.056150,0.060790,0.000004,0.000000,0.206500,0.000072,1.349000,0.000746,0.000000,0.000000,0.186800,0,0
181200000000,181500000000,6274140245,89,711218,0.187300,0.060790,0.061950,0.000372,0.056150,0.060850,0.000010,0.000000,0.375500,0.000786,1.368000,0.000753,0.000000,0.000000,0.188000,0,0
181500000000,181800000000,6274140245,89,711218,0.187300,0.060850,0.061950,0.000372,0.056150,0.060850,0.000004,0.000000,0.193400,0.000072,1.340000,0.000736,0.000000,0.000000,0.187300,0,0
181800000000,182100000000,6274140245,89,711218,0.186800,0.060790,0.061950,0.000374,0.056150,0.060850,0.000008,0.000000,0.197000,0.001429,1.372000,0.000747,0.000000,0.000000,0.183300,0,0
182100000000,182400000000,6274140245,89,711218,0.186000,0.060790,0.061950,0.000374,0.056150,0.060850,0.000014,0.000000,0.199000,0.001858,1.360000,0.000743,0.000000,0.000000,0.186300,0,0
182400000000,182700000000,6274140245,89,711218,0.186500,0.060790,0.061950,0.000385,0.056150,0.060850,0.000026,0.000000,0.205300,0.006432,1.354000,0.000718,0.000000,0.000000,0.187500,0,0
182700000000,183000000000,6274140245,89,711218,0.186800,0.060790,0.061950,0.000410,0.056150,0.060850,0.000005,0.000000,0.375500,0.000143,1.336000,0.000728,0.000000,0.000000,0.188700,0,0
183000000000,183300000000,6274140245,89,711218,0.187000,0.060790,0.061950,0.000410,0.056150,0.060850,0.000004,0.000000,0.192400,0.000072,1.342000,0.000710,0.000000,0.000000,0.187700,0,0
183300000000,183600000000,6274140245,89,711218,0.187300,0.060790,0.061950,0.000410,0.056150,0.060850,0.000005,0.000000,0.191400,0.000357,1.304000,0.000681,0.000000,0.000000,0.186000,0,0
183600000000,183900000000,6274140245,89,711218,0.138400,0.060730,0.061950,0.000410,0.056150,0.060910,0.000004,0.000000,0.192600,0.000215,1.316000,0.000667,0.000000,0.000000,0.186500,0,0
183900000000,184020000000,6274140245,89,711218,0.060000,0.060490,0.061950,0.000885,0.056210,0.060550,0.000601,0.000000,0.065920,0.026430,1.334000,0.000745,0.000000,0.000000,0.062620,0,0
184020000000,184037000000,6274140245,89,711218,0.000158,0.000000,0.000000,0.000000,0.000000,0.000000,0.000030,0.000000,0.002686,0.000357,1.324000,0.000728,0.000000,0.000000,0.000000,0,0
184037000000,184038000000,6274140245,89,711218,0.000000,0.000000,0.000000,0.000000,0.000000,0.000000,0.000000,0.000000,0.000000,0.000000,1.324000,0.000728,0.000000,0.000000,0.000000,0,0
