179237000000,179400000000,6274140245,9,294980400,0.000000,0.000000,0.000000,0.000000,0.000000,0.000000,0.000000,0.000000,0.000000,0.000000,0.000000,0.000000,0.000000,0.000000,0.000000,0,0
179400000000,179540000000,6274140245,9,294980400,0.000000,0.000000,0.000000,0.000000,0.000000,0.000000,0.000000,0.000000,0.000000,0.000000,0.000000,0.000000,0.000000,0.000000,0.000000,0,0
179540000000,179700000000,6274140245,9,294980400,0.004044,0.029510,0.030760,0.000161,0.028350,0.054200,0.040830,0.000000,0.025910,0.113300,4.312000,0.018870,0.000000,0.000000,0.003040,0,0
179700000000,179710000000,6274140245,9,294980400,0.026890,0.054260,0.055540,0.000189,0.051940,0.054320,0.021820,0.000000,0.063230,0.036250,0.774700,0.000300,0.000000,0.000000,0.063230,0,0
179710000000,179731000000,6274140245,9,294980400,0.007057,0.056820,0.057680,0.000111,0.054080,0.059390,0.035580,0.000000,0.035100,0.091800,0.751200,0.000177,0.000000,0.000000,0.003922,0,0
179731000000,179755000000,6274140245,9,294980400,0.001364,0.000000,0.000000,0.000000,0.000000,0.000000,0.000000,0.000000,0.032710,0.000000,0.751200,0.000177,0.000000,0.000000,0.000000,0,1
179755000000,179756000000,6274140245,9,294980400,0.000000,0.000000,0.000000,0.000000,0.000000,0.000000,0.000000,0.000000,0.000000,0.000000,0.751200,0.000177,0.000000,0.000000,0.000000,0,0
179789000000,179946000000,6274140245,9,400916836,0.000000,0.000000,0.000000,0.000000,0.000000,0.000000,0.000000,0.000000,0.000000,0.000000,0.000000,0.000000,0.000000,0.000000,0.000000,0,0
179946000000,180000000000,6274140245,9,400916836,0.008698,0.017030,0.018280,0.000172,0.016050,0.032780,0.058900,0.000000,0.036440,0.072510,33.860000,0.164100,0.000000,0.000000,0.002602,0,0
180000000000,180300000000,6274140245,9,400916836,0.153100,0.059330,0.060360,0.000328,0.054990,0.061280,0.009720,0.000000,0.375000,0.097780,1.298000,0.000691,0.000000,0.000000,0.028560,0,0
180300000000,180600000000,6274140245,9,400916836,0.187000,0.061040,0.061770,0.000403,0.056150,0.061160,0.000061,0.000000,0.375000,0.010570,1.361000,0.000730,0.000000,0.000000,0.186800,0,0
180600000000,180900000000,6274140245,9,400916836,0.186800,0.061040,0.061770,0.000406,0.056150,0.061100,0.000007,0.000000,0.206500,0.000857,1.363000,0.000724,0.000000,0.000000,0.186800,0,0
180900000000,181200000000,6274140245,9,400916836,0.186800,0.061040,0.061770,0.000405,0.056150,0.061100,0.000004,0.000000,0.206100,0.000143,1.392000,0.000748,0.000000,0.000000,0.187500,0,0
181200000000,181500000000,6274140245,9,400916836,0.186500,0.060970,0.061770,0.000393,0.056150,0.061160,0.000004,0.000000,0.192600,0.000143,1.343000,0.000695,0.000000,0.000000,0.187700,0,0
181500000000,181800000000,6274140245,9,400916836,0.186000,0.061040,0.061770,0.000361,0.056150,0.061100,0.000004,0.000000,0.375000,0.000143,1.377000,0.000727,0.000000,0.000000,0.188200,0,0
181800000000,182100000000,6274140245,9,400916836,0.186000,0.061100,0.061770,0.000352,0.056090,0.061160,0.000003,0.000000,0.201900,0.000072,1.378000,0.000761,0.000000,0.000000,0.187300,0,0
182100000000,182400000000,6274140245,9,400916836,0.186800,0.061040,0.061770,0.000331,0.056090,0.061160,0.000004,0.000000,0.375000,0.000215,1.369000,0.000695,0.000000,0.000000,0.183800,0,0
182400000000,182700000000,6274140245,9,400916836,0.186000,0.061040,0.061770,0.000312,0.056090,0.061160,0.000003,0.000000,0.374500,0.000072,1.419000,0.000745,0.000000,0.000000,0.187500,0,0
182700000000,183000000000,6274140245,9,400916836,0.186500,0.061100,0.061770,0.000286,0.056030,0.061160,0.000005,0.000000,0.376000,0.000215,1.413000,0.000741,0.000000,0.000000,0.188700,0,0
183000000000,183300000000,6274140245,9,400916836,0.186500,0.061100,0.061770,0.000290,0.056030,0.061220,0.000018,0.000000,0.375000,0.004501,1.392000,0.000731,0.000000,0.000000,0.187500,0,0
183300000000,183600000000,6274140245,9,400916836,0.186800,0.061040,0.061770,0.000293,0.056030,0.061160,0.000003,0.000000,0.380900,0.000215,1.388000,0.000749,0.000000,0.000000,0.188000,0,0
183600000000,183900000000,6274140245,9,400916836,0.187300,0.061100,0.061770,0.000290,0.056030,0.061160,0.000011,0.000000,0.374500,0.002357,1.401000,0.000762,0.000000,0.000000,0.186800,0,0
183900000000,183960000000,6274140245,9,400916836,0.059330,0.060790,0.061770,0.001228,0.056090,0.061100,0.001295,0.000000,0.187000,0.028780,1.349000,0.000750,0.000000,0.000000,0.187000,0,0
183960000000,183975000000,6274140245,9,400916836,0.000867,0.000000,0.000000,0.000000,0.000000,0.000000,0.000019,0.000000,0.013000,0.000143,1.206000,0.000660,0.000000,0.000000,0.000000,0,0
183975000000,183976000000,6274140245,9,400916836,0.000000,0.000000,0.000000,0.000000,0.000000,0.000000,0.000000,0.000000,0.000000,0.000000,1.206000,0.000660,0.000000,0.000000,0.000000,0,0
190703000000,190800000000,6274140245,9,4802125502,0.000000,0.000000,0.000000,0.000000,0.000000,0.000000,0.000000,0.000000,0.000000,0.000000,0.000000,0.000000,0.000000,0.000000,0.000000,0,0
190800000000,191026000000,6274140245,9,4802125502,0.000000,0.000000,0.000000,0.000000,0.000000,0.000000,0.000000,0.000000,0.000000,0.000000,0.000000,0.000000,0.000000,0.000000,0.000000,0,0
191026000000,191100000000,6274140245,9,4802125502,0.000616,0.001745,0.003880,0.000723,0.001303,0.001904,0.004211,0.000000,0.015610,0.052860,1.252000,0.000000,0.000000,0.000000,0.000729,0,0
191100000000,191126000000,6274140245,9,4802125502,0.000116,0.001625,0.003880,0.000762,0.001396,0.001781,0.000000,0.000000,0.000454,0.000000,1.382000,0.000000,0.000000,0.000000,0.000047,0,0
191126000000,191400000000,6274140245,9,4802125502,0.000133,0.000750,0.003880,0.000755,0.001394,0.001453,0.000005,0.000000,0.003204,0.001215,2.318000,0.000000,0.000000,0.000000,0.000066,0,0
191400000000,191700000000,6274140245,9,4802125502,0.000129,0.000605,0.003880,0.000746,0.001392,0.000635,0.000000,0.000000,0.003578,0.000072,2.314000,0.000000,0.000000,0.000000,0.000048,0,0
191700000000,192000000000,6274140245,9,4802125502,0.000139,0.000607,0.003880,0.000750,0.001392,0.000618,0.000000,0.000000,0.003761,0.000000,2.557000,0.000000,0.000000,0.000000,0.000051,0,0
192000000000,192300000000,6274140245,9,4802125502,0.000920,0.003578,0.006256,0.000540,0.004013,0.017240,0.004852,0.000000,0.016880,0.042420,2.925000,0.000000,0.000000,0.000000,0.000035,0,0
192300000000,192375000000,6274140245,9,4802125502,0.002918,0.020140,0.022580,0.000050,0.020110,0.021090,0.016240,0.000000,0.034480,0.068600,3.115000,0.000000,0.000000,0.000000,0.000035,0,0
192375000000,192600000000,6274140245,9,4802125502,0.003845,0.033750,0.035830,0.000051,0.033200,0.054440,0.019070,0.000000,0.062870,0.074580,3.151000,0.000000,0.000000,0.000000,0.002079,0,0
192600000000,192900000000,6274140245,9,4802125502,0.098510,0.060300,0.061340,0.000296,0.055910,0.060790,0.008484,0.000000,0.158200,0.085330,1.221000,0.000000,0.000000,0.000000,0.125200,0,0
192900000000,192922000000,6274140245,9,4802125502,0.106300,0.060490,0.062260,0.000338,0.056090,0.060550,0.000689,0.000000,0.130900,0.015000,1.176000,0.000000,0.000000,0.000000,0.062620,0,0
192922000000,193133000000,6274140245,9,4802125502,0.010070,0.059630,0.061040,0.000435,0.055910,0.060490,0.000659,0.000000,0.075320,0.039430,1.169000,0.000000,0.000000,0.000000,0.000121,0,0
193133000000,193157000000,6274140245,9,4802125502,0.000157,0.000000,0.000000,0.000000,0.000000,0.000000,0.000006,0.000000,0.003777,0.000072,3.363000,0.000000,0.000000,0.000000,0.000000,0,0
193157000000,193158000000,6274140245,9,4802125502,0.000000,0.000000,0.000000,0.000000,0.000000,0.000000,0.000000,0.000000,0.000000,0.000000,3.363000,0.000000,0.000000,0.000000,0.000000,0,0
