179235000000,179400000000,6274140245,90,277433522,0.000000,0.000000,0.000000,0.000000,0.000000,0.000000,0.000000,0.000000,0.000000,0.000000,0.000000,0.000000,0.000000,0.000000,0.000000,0,0
179400000000,179461000000,6274140245,90,277433522,0.000000,0.000000,0.000000,0.000000,0.000000,0.000000,0.000000,0.000000,0.000000,0.000000,0.000000,0.000000,0.000000,0.000000,0.000000,0,0
179461000000,179611000000,6274140245,90,277433522,0.017460,0.037290,0.038210,0.000255,0.035770,0.060730,0.040950,0.000000,0.184800,0.114300,2.810000,0.010060,0.000000,0.000000,0.055970,0,0
179611000000,179700000000,6274140245,90,277433522,0.176800,0.060550,0.060730,0.000133,0.055850,0.060790,0.002148,0.000000,0.209200,0.041200,1.382000,0.000769,0.000000,0.000000,0.178200,0,0
179700000000,180000000000,6274140245,90,277433522,0.143800,0.060910,0.062260,0.000227,0.055910,0.061160,0.011000,0.000000,0.218800,0.061520,1.366000,0.000753,0.000000,0.000000,0.179400,0,0
180000000000,180008000000,6274140245,90,277433522,0.181200,0.060550,0.061400,0.000363,0.056090,0.060550,0.000009,0.000000,0.191200,0.000072,1.384000,0.000743,0.000000,0.000000,0.180900,0,0
180008000000,180300000000,6274140245,90,277433522,0.183300,0.060670,0.061400,0.000321,0.056090,0.060730,0.000016,0.000000,0.339400,0.003284,1.325000,0.000724,0.000000,0.000000,0.186300,0,0
180300000000,180600000000,6274140245,90,277433522,0.183100,0.060670,0.061400,0.000298,0.056030,0.060850,0.000171,0.000000,0.374000,0.024870,1.396000,0.000828,0.000000,0.000000,0.187500,0,0
180600000000,180900000000,6274140245,90,277433522,0.179000,0.060670,0.061400,0.000318,0.056090,0.060730,0.000104,0.000000,0.293900,0.006714,1.390000,0.000801,0.000000,0.000000,0.149900,0,0
180900000000,181200000000,6274140245,90,277433522,0.184600,0.060730,0.061400,0.000307,0.056090,0.060790,0.000022,0.000000,0.191400,0.003643,1.357000,0.000712,0.000000,0.000000,0.187700,0,0
181200000000,181500000000,6274140245,90,277433522,0.184800,0.060730,0.061400,0.000300,0.056090,0.060790,0.000007,0.000000,0.367200,0.000500,1.384000,0.000755,0.000000,0.000000,0.187000,0,0
181500000000,181800000000,6274140245,90,277433522,0.183100,0.060670,0.061400,0.000298,0.056090,0.060730,0.000012,0.000000,0.189700,0.001572,1.399000,0.000789,0.000000,0.000000,0.187300,0,0
181800000000,182100000000,6274140245,90,277433522,0.184800,0.060790,0.061400,0.000290,0.056030,0.060850,0.000012,0.000000,0.205800,0.001215,1.393000,0.000785,0.000000,0.000000,0.186000,0,0
182100000000,182400000000,6274140245,90,277433522,0.185500,0.060730,0.061400,0.000281,0.056030,0.060730,0.000007,0.000000,0.206100,0.000357,1.364000,0.000721,0.000000,0.000000,0.188000,0,0
182400000000,182700000000,6274140245,90,277433522,0.184800,0.060670,0.061400,0.000269,0.056030,0.060790,0.000008,0.000000,0.195300,0.000929,1.294000,0.000655,0.000000,0.000000,0.187300,0,0
182700000000,183000000000,6274140245,90,277433522,0.185300,0.060730,0.061400,0.000262,0.056030,0.060850,0.000028,0.000000,0.206300,0.005928,1.367000,0.000749,0.000000,0.000000,0.187300,0,0
183000000000,183300000000,6274140245,90,277433522,0.183800,0.060730,0.061400,0.000296,0.056030,0.060850,0.000009,0.000000,0.199700,0.001715,1.331000,0.000705,0.000000,0.000000,0.187300,0,0
183300000000,183600000000,6274140245,90,277433522,0.186000,0.060730,0.061400,0.000289,0.056030,0.060790,0.000008,0.000000,0.206300,0.000929,1.321000,0.000697,0.000000,0.000000,0.187500,0,0
183600000000,183900000000,6274140245,90,277433522,0.140900,0.060670,0.061400,0.000281,0.056030,0.060790,0.000006,0.000000,0.206300,0.000571,1.345000,0.000715,0.000000,0.000000,0.062380,0,0
183900000000,183970000000,6274140245,90,277433522,0.015870,0.060120,0.061400,0.000730,0.056090,0.060550,0.001337,0.000000,0.063350,0.041810,1.375000,0.000852,0.000000,0.000000,0.000078,0,0
183970000000,183989000000,6274140245,90,277433522,0.001841,0.000000,0.000000,0.000000,0.000000,0.000000,0.000165,0.000000,0.034970,0.003071,2.377000,0.007317,0.000000,0.000000,0.000000,0,0
183989000000,183990000000,6274140245,90,277433522,0.000000,0.000000,0.000000,0.000000,0.000000,0.000000,0.000000,0.000000,0.000000,0.000000,2.377000,0.007317,0.000000,0.000000,0.000000,0,0
