179228000000,179400000000,6274140245,91,6567850,0.000000,0.000000,0.000000,0.000000,0.000000,0.000000,0.000000,0.000000,0.000000,0.000000,0.000000,0.000000,0.000000,0.000000,0.000000,0,0
179400000000,179443000000,6274140245,91,6567850,0.000000,0.000000,0.000000,0.000000,0.000000,0.000000,0.000000,0.000000,0.000000,0.000000,0.000000,0.000000,0.000000,0.000000,0.000000,0,0
179443000000,179586000000,6274140245,91,6567850,0.009567,0.028020,0.028870,0.000483,0.027040,0.050110,0.043950,0.000000,0.105700,0.066650,4.264000,0.016020,0.000000,0.000000,0.000000,0,0
179586000000,179602000000,6274140245,91,6567850,0.005211,0.000085,0.000000,0.000011,0.000011,0.001364,0.000000,0.000000,0.083370,0.000000,34.420000,0.151500,0.000000,0.000000,0.000000,0,1
179602000000,179604000000,6274140245,91,6567850,0.000000,0.000000,0.000000,0.000000,0.000000,0.000000,0.000000,0.000000,0.000000,0.000000,34.420000,0.151500,0.000000,0.000000,0.000000,0,0
179663000000,179700000000,6274140245,91,336033811,0.000000,0.000000,0.000000,0.000000,0.000000,0.000000,0.000000,0.000000,0.000000,0.000000,0.000000,0.000000,0.000000,0.000000,0.000000,0,0
179700000000,179957000000,6274140245,91,336033811,0.000000,0.000000,0.000000,0.000000,0.000000,0.000000,0.000000,0.000000,0.000000,0.000000,0.000000,0.000000,0.000000,0.000000,0.000000,0,0
179957000000,180000000000,6274140245,91,336033811,0.002937,0.004021,0.005348,0.000455,0.003128,0.009354,0.024050,0.000000,0.015060,0.038570,0.000000,0.000000,0.000000,0.000000,0.002522,0,0
180000000000,180094000000,6274140245,91,336033811,0.002987,0.021610,0.022520,0.000041,0.020230,0.030790,0.028140,0.000000,0.012800,0.035710,5.391000,0.023950,0.000000,0.000000,0.001320,0,0
180094000000,180300000000,6274140245,91,336033811,0.000548,0.028810,0.047730,0.000004,0.045530,0.032780,0.015460,0.000000,0.006248,0.033690,3.019000,0.011790,0.000000,0.000000,0.001352,0,0
180300000000,180600000000,6274140245,91,336033811,0.006088,0.057860,0.058350,0.000075,0.054990,0.059390,0.025210,0.000000,0.062990,0.097410,20.580000,0.094240,0.000000,0.000000,0.007065,0,0
180600000000,180900000000,6274140245,91,336033811,0.001070,0.059330,0.059330,0.000052,0.055660,0.059390,0.023220,0.000000,0.011090,0.036500,27.960000,0.119000,0.000000,0.000000,0.000206,0,0
180900000000,181200000000,6274140245,91,336033811,0.011730,0.059390,0.059510,0.000076,0.055730,0.060730,0.021610,0.000000,0.187500,0.036870,29.700000,0.122700,0.000000,0.000000,0.001869,0,0
181200000000,181500000000,6274140245,91,336033811,0.165500,0.061220,0.061340,0.000184,0.055910,0.061340,0.000757,0.000000,0.427700,0.016780,1.319000,0.000712,0.000000,0.000000,0.186800,0,0
181500000000,181800000000,6274140245,91,336033811,0.198700,0.061280,0.061340,0.000055,0.055790,0.061340,0.000186,0.000000,0.427700,0.014710,1.374000,0.000730,0.000000,0.000000,0.186000,0,0
181800000000,182100000000,6274140245,91,336033811,0.182900,0.061280,0.061340,0.000058,0.055790,0.061340,0.000838,0.000000,0.219700,0.026700,1.337000,0.000732,0.000000,0.000000,0.126000,0,0
182100000000,182341000000,6274140245,91,336033811,0.177200,0.061280,0.061340,0.000059,0.055790,0.061340,0.002869,0.000000,0.191900,0.023220,1.371000,0.000724,0.000000,0.000000,0.187300,0,0
182341000000,182400000000,6274140245,91,336033811,0.187000,0.061280,0.061340,0.000122,0.055850,0.061340,0.000357,0.000000,0.189200,0.007935,1.308000,0.000698,0.000000,0.000000,0.187500,0,0
182400000000,182700000000,6274140245,91,336033811,0.177000,0.061340,0.061340,0.000074,0.055790,0.061340,0.002483,0.000000,0.375500,0.029140,1.388000,0.000768,0.000000,0.000000,0.188500,0,0
182700000000,183000000000,6274140245,91,336033811,0.151900,0.061340,0.061340,0.000045,0.055730,0.061340,0.009460,0.000000,0.206300,0.036560,1.367000,0.000758,0.000000,0.000000,0.186000,0,0
183000000000,183300000000,6274140245,91,336033811,0.093020,0.061340,0.061340,0.000057,0.055730,0.061340,0.014210,0.000000,0.188700,0.036320,1.392000,0.000755,0.000000,0.000000,0.001995,0,0
183300000000,183600000000,6274140245,91,336033811,0.172600,0.061340,0.061340,0.000077,0.055790,0.061340,0.002087,0.000000,0.189200,0.032170,1.327000,0.000724,0.000000,0.000000,0.187000,0,0
183600000000,183900000000,6274140245,91,336033811,0.131300,0.061280,0.061340,0.000055,0.055730,0.061340,0.009766,0.000000,0.199000,0.036990,1.305000,0.000697,0.000000,0.000000,0.000502,0,0
183900000000,184200000000,6274140245,91,336033811,0.002857,0.061340,0.061340,0.000057,0.055730,0.061340,0.025910,0.000000,0.063720,0.036500,1.243000,0.001003,0.000000,0.000000,0.000159,0,0
184200000000,184471000000,6274140245,91,336033811,0.107100,0.061280,0.061280,0.000071,0.055790,0.061340,0.007919,0.000000,0.187300,0.037170,1.370000,0.000731,0.000000,0.000000,0.003006,0,0
184471000000,184500000000,6274140245,91,336033811,0.119900,0.061220,0.061340,0.000075,0.055790,0.061220,0.000020,0.000000,0.125200,0.000500,1.338000,0.000677,0.000000,0.000000,0.116600,0,0
184500000000,184604000000,6274140245,91,336033811,0.021760,0.060790,0.061280,0.001785,0.055910,0.061220,0.001862,0.000000,0.125700,0.031490,1.287000,0.000651,0.000000,0.000000,0.000049,0,0
184604000000,184621000000,6274140245,91,336033811,0.000130,0.000000,0.000000,0.000000,0.000000,0.000000,0.000373,0.000000,0.002197,0.005783,2.397000,0.007855,0.000000,0.000000,0.000000,0,0
184621000000,184623000000,6274140245,91,336033811,0.000000,0.000000,0.000000,0.000000,0.000000,0.000000,0.000000,0.000000,0.000000,0.000000,2.397000,0.007855,0.000000,0.000000,0.000000,0,0
