179228000000,179400000000,6274140245,92,5796666,0.000000,0.000000,0.000000,0.000000,0.000000,0.000000,0.000000,0.000000,0.000000,0.000000,0.000000,0.000000,0.000000,0.000000,0.000000,0,0
179400000000,179700000000,6274140245,92,5796666,0.000000,0.000000,0.000000,0.000000,0.000000,0.000000,0.000000,0.000000,0.000000,0.000000,0.000000,0.000000,0.000000,0.000000,0.000000,0,0
179700000000,179755000000,6274140245,92,5796666,0.000000,0.000000,0.000000,0.000000,0.000000,0.000000,0.000000,0.000000,0.000000,0.000000,0.000000,0.000000,0.000000,0.000000,0.000000,0,0
179755000000,179840000000,6274140245,92,5796666,0.001656,0.004967,0.006737,0.000474,0.004379,0.011810,0.014020,0.000000,0.027440,0.050600,1.475000,0.003068,0.000000,0.000000,0.000140,0,0
179840000000,180000000000,6274140245,92,5796666,0.002243,0.022340,0.024170,0.000061,0.021580,0.027770,0.021790,0.000000,0.017940,0.053530,2.240000,0.007182,0.000000,0.000000,0.000147,0,0
180000000000,180300000000,6274140245,92,5796666,0.092040,0.055910,0.057310,0.000775,0.052120,0.062990,0.014100,0.000000,0.648400,0.083370,1.295000,0.000673,0.000000,0.000000,0.000443,0,0
180300000000,180600000000,6274140245,92,5796666,0.185500,0.061890,0.062990,0.000963,0.056700,0.061950,0.000089,0.000000,0.315400,0.014650,1.338000,0.000723,0.000000,0.000000,0.188000,0,0
180600000000,180900000000,6274140245,92,5796666,0.185300,0.061890,0.062990,0.000887,0.056640,0.061950,0.000020,0.000000,0.217000,0.002857,1.366000,0.000772,0.000000,0.000000,0.185500,0,0
180900000000,181019000000,6274140245,92,5796666,0.185800,0.061830,0.062990,0.000859,0.056640,0.061950,0.000006,0.000000,0.219700,0.000215,1.432000,0.000839,0.000000,0.000000,0.185100,0,0
181019000000,181200000000,6274140245,92,5796666,0.184600,0.061890,0.062990,0.000838,0.056580,0.061950,0.000008,0.000000,0.224900,0.000571,1.286000,0.000668,0.000000,0.000000,0.187000,0,0
181200000000,181500000000,6274140245,92,5796666,0.185800,0.061950,0.062990,0.000447,0.056210,0.061950,0.000006,0.000000,0.228500,0.000286,1.387000,0.000769,0.000000,0.000000,0.188000,0,0
181500000000,181800000000,6274140245,92,5796666,0.186000,0.061890,0.062990,0.000244,0.056030,0.061950,0.000004,0.000000,0.192400,0.000286,1.422000,0.000806,0.000000,0.000000,0.187300,0,0
181800000000,182100000000,6274140245,92,5796666,0.185100,0.061890,0.062990,0.000240,0.056030,0.062010,0.000005,0.000000,0.206100,0.000286,1.376000,0.000735,0.000000,0.000000,0.185500,0,0
182100000000,182400000000,6274140245,92,5796666,0.186000,0.061890,0.062990,0.000234,0.056030,0.061950,0.000025,0.000000,0.375500,0.003929,1.316000,0.000657,0.000000,0.000000,0.185100,0,0
182400000000,182700000000,6274140245,92,5796666,0.185800,0.061950,0.062990,0.000224,0.055970,0.062010,0.000005,0.000000,0.205800,0.000357,1.329000,0.000738,0.000000,0.000000,0.185100,0,0
182700000000,183000000000,6274140245,92,5796666,0.186000,0.061950,0.062990,0.000220,0.055970,0.062010,0.000010,0.000000,0.192900,0.001215,1.369000,0.000751,0.000000,0.000000,0.187500,0,0
183000000000,183300000000,6274140245,92,5796666,0.185800,0.061950,0.062990,0.000255,0.056030,0.062010,0.000055,0.000000,0.206100,0.008072,1.405000,0.000796,0.000000,0.000000,0.186000,0,0
183300000000,183600000000,6274140245,92,5796666,0.186500,0.061890,0.062990,0.000262,0.056030,0.061950,0.000004,0.000000,0.192400,0.000215,1.304000,0.000665,0.000000,0.000000,0.186500,0,0
183600000000,183900000000,6274140245,92,5796666,0.140600,0.061890,0.062990,0.000258,0.056030,0.062010,0.000005,0.000000,0.192600,0.000143,1.327000,0.000701,0.000000,0.000000,0.125200,0,0
183900000000,183963000000,6274140245,92,5796666,0.023380,0.061400,0.062990,0.002037,0.056030,0.061580,0.002228,0.000000,0.063350,0.031370,1.485000,0.000845,0.000000,0.000000,0.000487,0,0
183963000000,183981000000,6274140245,92,5796666,0.000126,0.000000,0.000000,0.000000,0.000000,0.000000,0.000008,0.000000,0.002258,0.000143,25.290000,0.123900,0.000000,0.000000,0.000000,0,0
183981000000,183982000000,6274140245,92,5796666,0.000000,0.000000,0.000000,0.000000,0.000000,0.000000,0.000000,0.000000,0.000000,0.000000,25.290000,0.123900,0.000000,0.000000,0.000000,0,0
