179235000000,179400000000,6274140245,93,38739689,0.000000,0.000000,0.000000,0.000000,0.000000,0.000000,0.000000,0.000000,0.000000,0.000000,0.000000,0.000000,0.000000,0.000000,0.000000,0,0
179400000000,179460000000,6274140245,93,38739689,0.000000,0.000000,0.000000,0.000000,0.000000,0.000000,0.000000,0.000000,0.000000,0.000000,0.000000,0.000000,0.000000,0.000000,0.000000,0,0
179460000000,179610000000,6274140245,93,38739689,0.010850,0.035770,0.036800,0.000183,0.034610,0.060850,0.049560,0.000000,0.063350,0.084350,32.530000,0.158000,0.000000,0.000000,0.009735,0,0
179610000000,179700000000,6274140245,93,38739689,0.175800,0.060850,0.060910,0.000781,0.056520,0.060910,0.002129,0.000000,0.191400,0.042850,1.269000,0.000676,0.000000,0.000000,0.184800,0,0
179700000000,179967000000,6274140245,93,38739689,0.180700,0.060670,0.060910,0.000191,0.055970,0.060790,0.000018,0.000000,0.188000,0.001429,1.389000,0.000772,0.000000,0.000000,0.181900,0,0
179967000000,179986000000,6274140245,93,38739689,0.003815,0.002975,0.000000,0.002941,0.002941,0.056580,0.000000,0.000000,0.072510,0.000000,1.320000,0.000649,0.000000,0.000000,0.000000,0,1
179986000000,179987000000,6274140245,93,38739689,0.000000,0.000000,0.000000,0.000000,0.000000,0.000000,0.000072,0.000000,0.000000,0.000072,1.376000,0.000659,0.000000,0.000000,0.000000,0,0
179987000000,180000000000,6274140245,93,38739689,0.000000,0.000000,0.000000,0.000000,0.000000,0.000000,0.000000,0.000000,0.000000,0.000000,0.000000,0.000000,0.000000,0.000000,0.000000,0,0
180021000000,180201000000,6274140245,93,340153805,0.000000,0.000000,0.000000,0.000000,0.000000,0.000000,0.000000,0.000000,0.000000,0.000000,0.000000,0.000000,0.000000,0.000000,0.000000,0,0
180201000000,180300000000,6274140245,93,340153805,0.003704,0.014770,0.016140,0.000297,0.014070,0.028900,0.027470,0.000000,0.016850,0.035710,1.420000,0.002677,0.000000,0.000000,0.000065,0,0
180300000000,180404000000,6274140245,93,340153805,0.005775,0.045530,0.046570,0.000080,0.044620,0.054200,0.026760,0.000000,0.062870,0.043880,22.230000,0.114700,0.000000,0.000000,0.004135,0,0
180404000000,180600000000,6274140245,93,340153805,0.092410,0.059140,0.059510,0.000291,0.055850,0.060420,0.010910,0.000000,0.215800,0.037050,1.349000,0.000761,0.000000,0.000000,0.019530,0,0
180600000000,180900000000,6274140245,93,340153805,0.186000,0.060360,0.061950,0.000379,0.056090,0.060550,0.000226,0.000000,0.245100,0.017000,1.315000,0.000749,0.000000,0.000000,0.187300,0,0
180900000000,181055000000,6274140245,93,340153805,0.187000,0.060360,0.061950,0.000408,0.056150,0.060420,0.000004,0.000000,0.318800,0.000072,1.294000,0.000676,0.000000,0.000000,0.187700,0,0
181055000000,181200000000,6274140245,93,340153805,0.186300,0.060240,0.061950,0.000407,0.056150,0.060360,0.000004,0.000000,0.206300,0.000072,1.338000,0.000670,0.000000,0.000000,0.189000,0,0
181200000000,181500000000,6274140245,93,340153805,0.186800,0.060420,0.061950,0.000407,0.056150,0.060490,0.000005,0.000000,0.203900,0.000357,1.307000,0.000684,0.000000,0.000000,0.186800,0,0
181500000000,181800000000,6274140245,93,340153805,0.187000,0.060420,0.061950,0.000408,0.056150,0.060490,0.000003,0.000000,0.205800,0.000072,1.347000,0.000716,0.000000,0.000000,0.187300,0,0
181800000000,182100000000,6274140245,93,340153805,0.187000,0.060420,0.061950,0.000408,0.056150,0.060490,0.000005,0.000000,0.206100,0.000215,1.352000,0.000742,0.000000,0.000000,0.187500,0,0
182100000000,182400000000,6274140245,93,340153805,0.186800,0.060420,0.061950,0.000408,0.056150,0.060490,0.000004,0.000000,0.375000,0.000072,1.330000,0.000734,0.000000,0.000000,0.187500,0,0
182400000000,182700000000,6274140245,93,340153805,0.186800,0.060420,0.061950,0.000409,0.056150,0.060490,0.000010,0.000000,0.375000,0.002285,1.375000,0.000805,0.000000,0.000000,0.186500,0,0
182700000000,183000000000,6274140245,93,340153805,0.185800,0.060420,0.061950,0.000416,0.056150,0.060490,0.000033,0.000000,0.195800,0.005287,1.372000,0.000743,0.000000,0.000000,0.187300,0,0
183000000000,183300000000,6274140245,93,340153805,0.186300,0.060490,0.061950,0.000443,0.056210,0.060490,0.000004,0.000000,0.200700,0.000072,1.343000,0.000739,0.000000,0.000000,0.180400,0,0
183300000000,183600000000,6274140245,93,340153805,0.186000,0.060360,0.061950,0.000443,0.056210,0.060490,0.000004,0.000000,0.192100,0.000072,1.305000,0.000715,0.000000,0.000000,0.187300,0,0
183600000000,183900000000,6274140245,93,340153805,0.183600,0.060360,0.061950,0.000438,0.056210,0.060490,0.000008,0.000000,0.192600,0.000999,1.310000,0.000708,0.000000,0.000000,0.125000,0,0
183900000000,184200000000,6274140245,93,340153805,0.069460,0.059750,0.061400,0.000436,0.056210,0.060360,0.000088,0.000000,0.248300,0.009644,1.345000,0.000698,0.000000,0.000000,0.062440,0,0
184200000000,184479000000,6274140245,93,340153805,0.049990,0.059200,0.060120,0.000437,0.056210,0.059330,0.000007,0.000000,0.068730,0.000714,1.305000,0.000633,0.000000,0.000000,0.062070,0,0
184479000000,184500000000,6274140245,93,340153805,0.062990,0.058960,0.060120,0.000437,0.056210,0.059020,0.000020,0.000000,0.125500,0.000215,1.248000,0.000604,0.000000,0.000000,0.062440,0,0
184500000000,184800000000,6274140245,93,340153805,0.093020,0.059450,0.060120,0.000380,0.056150,0.059810,0.000022,0.000000,0.132600,0.000786,1.372000,0.000723,0.000000,0.000000,0.125500,0,0
184800000000,184923000000,6274140245,93,340153805,0.046020,0.059390,0.060120,0.000750,0.056090,0.059510,0.001076,0.000000,0.068850,0.028560,1.355000,0.000756,0.000000,0.000000,0.000140,0,0
184923000000,184947000000,6274140245,93,340153805,0.000099,0.000000,0.000000,0.000000,0.000000,0.000000,0.000063,0.000000,0.002380,0.001429,2.165000,0.006467,0.000000,0.000000,0.000000,0,0
184947000000,184948000000,6274140245,93,340153805,0.000000,0.000000,0.000000,0.000000,0.000000,0.000000,0.000000,0.000000,0.000000,0.000000,2.165000,0.006467,0.000000,0.000000,0.000000,0,0
