179229000000,179400000000,6274140245,94,1272656,0.000000,0.000000,0.000000,0.000000,0.000000,0.000000,0.000000,0.000000,0.000000,0.000000,0.000000,0.000000,0.000000,0.000000,0.000000,0,0
179400000000,179700000000,6274140245,94,1272656,0.000000,0.000000,0.000000,0.000000,0.000000,0.000000,0.000000,0.000000,0.000000,0.000000,0.000000,0.000000,0.000000,0.000000,0.000000,0,0
179700000000,179842000000,6274140245,94,1272656,0.000000,0.000000,0.000000,0.000000,0.000000,0.000000,0.000000,0.000000,0.000000,0.000000,0.000000,0.000000,0.000000,0.000000,0.000000,0,0
179842000000,179927000000,6274140245,94,1272656,0.003731,0.008377,0.009781,0.000406,0.007607,0.023010,0.027680,0.000000,0.028720,0.087400,1.095000,0.001619,0.000000,0.000000,0.003208,0,0
179927000000,180000000000,6274140245,94,1272656,0.004700,0.037410,0.038820,0.000020,0.035710,0.054140,0.036070,0.000000,0.020110,0.057800,1.568000,0.004473,0.000000,0.000000,0.003811,0,0
180000000000,180300000000,6274140245,94,1272656,0.108600,0.059390,0.060360,0.000197,0.055110,0.061520,0.012160,0.000000,0.189000,0.121900,1.336000,0.000664,0.000000,0.000000,0.186500,0,0
180300000000,180600000000,6274140245,94,1272656,0.113300,0.061460,0.061580,0.000050,0.055730,0.061950,0.013890,0.000000,0.468300,0.050660,1.303000,0.000660,0.000000,0.000000,0.187500,0,0
180600000000,180887000000,6274140245,94,1272656,0.187000,0.061580,0.063480,0.000380,0.056150,0.061890,0.000054,0.000000,0.206300,0.012920,1.305000,0.000675,0.000000,0.000000,0.187700,0,0
180887000000,180900000000,6274140245,94,1272656,0.187500,0.061520,0.063480,0.000382,0.056150,0.061520,0.000000,0.000000,0.188500,0.000000,1.318000,0.000692,0.000000,0.000000,0.187700,0,0
180900000000,181200000000,6274140245,94,1272656,0.187000,0.061520,0.063480,0.000380,0.056150,0.061650,0.000010,0.000000,0.206100,0.000999,1.366000,0.000706,0.000000,0.000000,0.188200,0,0
181200000000,181500000000,6274140245,94,1272656,0.187000,0.061650,0.063480,0.000380,0.056150,0.061710,0.000005,0.000000,0.355000,0.000286,1.371000,0.000709,0.000000,0.000000,0.188700,0,0
181500000000,181800000000,6274140245,94,1272656,0.187000,0.061650,0.063480,0.000380,0.056150,0.061710,0.000007,0.000000,0.191700,0.000643,1.346000,0.000723,0.000000,0.000000,0.187300,0,0
181800000000,182100000000,6274140245,94,1272656,0.186800,0.061580,0.063480,0.000380,0.056150,0.061650,0.000004,0.000000,0.192900,0.000072,1.339000,0.000708,0.000000,0.000000,0.187000,0,0
182100000000,182400000000,6274140245,94,1272656,0.186800,0.061580,0.063480,0.000380,0.056150,0.061650,0.000009,0.000000,0.205800,0.001143,1.382000,0.000741,0.000000,0.000000,0.180900,0,0
182400000000,182700000000,6274140245,94,1272656,0.185500,0.061580,0.063480,0.000380,0.056150,0.061650,0.000003,0.000000,0.205800,0.000072,1.347000,0.000707,0.000000,0.000000,0.188000,0,0
182700000000,183000000000,6274140245,94,1272656,0.187000,0.061580,0.063480,0.000379,0.056150,0.061650,0.000005,0.000000,0.191900,0.000143,1.379000,0.000731,0.000000,0.000000,0.183100,0,0
183000000000,183300000000,6274140245,94,1272656,0.187000,0.061650,0.063480,0.000398,0.056150,0.061710,0.000029,0.000000,0.206300,0.006569,1.435000,0.000799,0.000000,0.000000,0.183600,0,0
183300000000,183600000000,6274140245,94,1272656,0.187000,0.061580,0.063480,0.000420,0.056210,0.061650,0.000008,0.000000,0.191200,0.001286,1.359000,0.000756,0.000000,0.000000,0.187500,0,0
183600000000,183900000000,6274140245,94,1272656,0.138400,0.061520,0.063480,0.000412,0.056150,0.061650,0.000004,0.000000,0.206500,0.000072,1.384000,0.000741,0.000000,0.000000,0.187300,0,0
183900000000,183960000000,6274140245,94,1272656,0.008270,0.060910,0.062500,0.001350,0.056210,0.061280,0.001219,0.000000,0.063230,0.031560,1.434000,0.000782,0.000000,0.000000,0.000197,0,0
183960000000,183976000000,6274140245,94,1272656,0.000183,0.000000,0.000000,0.000000,0.000000,0.000000,0.000022,0.000000,0.002930,0.000286,5.976000,0.021260,0.000000,0.000000,0.000000,0,0
183976000000,183977000000,6274140245,94,1272656,0.000000,0.000000,0.000000,0.000000,0.000000,0.000000,0.000000,0.000000,0.000000,0.000000,5.976000,0.021260,0.000000,0.000000,0.000000,0,0
