179240000000,179400000000,6274140245,95,227445627,0.000000,0.000000,0.000000,0.000000,0.000000,0.000000,0.000000,0.000000,0.000000,0.000000,0.000000,0.000000,0.000000,0.000000,0.000000,0,0
179400000000,179627000000,6274140245,95,227445627,0.000000,0.000000,0.000000,0.000000,0.000000,0.000000,0.000000,0.000000,0.000000,0.000000,0.000000,0.000000,0.000000,0.000000,0.000000,0,0
179627000000,179700000000,6274140245,95,227445627,0.004730,0.013400,0.014540,0.000219,0.012370,0.025090,0.033940,0.000000,0.016660,0.107200,1.293000,0.001611,0.000000,0.000000,0.001303,0,0
179700000000,179708000000,6274140245,95,227445627,0.003555,0.026610,0.027710,0.000053,0.025210,0.028020,0.031100,0.000000,0.006081,0.047910,1.358000,0.001959,0.000000,0.000000,0.005013,0,0
179708000000,180000000000,6274140245,95,227445627,0.040650,0.053530,0.054930,0.000308,0.050960,0.061220,0.015620,0.000000,0.353500,0.101700,1.116000,0.000497,0.000000,0.000000,0.005768,0,0
180000000000,180300000000,6274140245,95,227445627,0.181600,0.061100,0.062070,0.000364,0.056090,0.061220,0.000105,0.000000,0.367200,0.011220,1.337000,0.000741,0.000000,0.000000,0.184800,0,0
180300000000,180600000000,6274140245,95,227445627,0.181400,0.060970,0.062070,0.000390,0.056150,0.061100,0.000004,0.000000,0.188500,0.000357,1.412000,0.000838,0.000000,0.000000,0.187000,0,0
180600000000,180711000000,6274140245,95,227445627,0.179900,0.060970,0.062070,0.000390,0.056150,0.061040,0.000005,0.000000,0.364700,0.000072,1.414000,0.000811,0.000000,0.000000,0.187000,0,0
180711000000,180900000000,6274140245,95,227445627,0.182400,0.060910,0.062070,0.000390,0.056150,0.060970,0.000010,0.000000,0.190700,0.000714,1.405000,0.000774,0.000000,0.000000,0.180900,0,0
180900000000,181200000000,6274140245,95,227445627,0.182900,0.060910,0.062070,0.000390,0.056150,0.061040,0.000004,0.000000,0.191200,0.000143,1.404000,0.000783,0.000000,0.000000,0.181600,0,0
181200000000,181500000000,6274140245,95,227445627,0.182400,0.060970,0.062070,0.000390,0.056150,0.061040,0.000004,0.000000,0.359900,0.000215,1.421000,0.000843,0.000000,0.000000,0.181900,0,0
181500000000,181800000000,6274140245,95,227445627,0.183100,0.060970,0.062070,0.000391,0.056150,0.061040,0.000003,0.000000,0.192600,0.000143,1.384000,0.000787,0.000000,0.000000,0.187500,0,0
181800000000,182100000000,6274140245,95,227445627,0.186000,0.060910,0.062130,0.000391,0.056150,0.061040,0.000004,0.000000,0.375000,0.000215,1.347000,0.000719,0.000000,0.000000,0.187000,0,0
182100000000,182400000000,6274140245,95,227445627,0.186800,0.060790,0.062130,0.000391,0.056150,0.060970,0.000003,0.000000,0.375500,0.000072,1.343000,0.000713,0.000000,0.000000,0.187300,0,0
182400000000,182700000000,6274140245,95,227445627,0.184800,0.060730,0.062130,0.000391,0.056150,0.060790,0.000007,0.000000,0.376500,0.000643,1.357000,0.000738,0.000000,0.000000,0.187000,0,0
182700000000,183000000000,6274140245,95,227445627,0.183600,0.060670,0.062130,0.000403,0.056150,0.060730,0.000022,0.000000,0.367700,0.005356,1.353000,0.000743,0.000000,0.000000,0.187700,0,0
183000000000,183300000000,6274140245,95,227445627,0.183600,0.060670,0.062130,0.000432,0.056210,0.060790,0.000004,0.000000,0.359900,0.000143,1.279000,0.000604,0.000000,0.000000,0.186500,0,0
183300000000,183600000000,6274140245,95,227445627,0.183300,0.060670,0.062130,0.000430,0.056210,0.060790,0.000004,0.000000,0.373000,0.000072,1.400000,0.000760,0.000000,0.000000,0.187700,0,0
183600000000,183900000000,6274140245,95,227445627,0.113900,0.060490,0.062130,0.000430,0.056210,0.060730,0.000002,0.000000,0.202900,0.000143,1.409000,0.000770,0.000000,0.000000,0.175300,0,0
183900000000,183930000000,6274140245,95,227445627,0.001619,0.059880,0.062070,0.002769,0.056210,0.060060,0.002064,0.000000,0.041810,0.029630,1.516000,0.000954,0.000000,0.000000,0.000190,0,0
183930000000,183946000000,6274140245,95,227445627,0.000164,0.000000,0.000000,0.000000,0.000000,0.000000,0.000027,0.000000,0.002625,0.000286,3.148000,0.011350,0.000000,0.000000,0.000000,0,0
183946000000,183947000000,6274140245,95,227445627,0.000000,0.000000,0.000000,0.000000,0.000000,0.000000,0.000000,0.000000,0.000000,0.000000,3.148000,0.011350,0.000000,0.000000,0.000000,0,0
