179229000000,179400000000,6274140245,96,215005574,0.000000,0.000000,0.000000,0.000000,0.000000,0.000000,0.000000,0.000000,0.000000,0.000000,0.000000,0.000000,0.000000,0.000000,0.000000,0,0
179400000000,179583000000,6274140245,96,215005574,0.000000,0.000000,0.000000,0.000000,0.000000,0.000000,0.000000,0.000000,0.000000,0.000000,0.000000,0.000000,0.000000,0.000000,0.000000,0,0
179583000000,179685000000,6274140245,96,215005574,0.004501,0.016170,0.017580,0.000227,0.015490,0.033940,0.030940,0.000000,0.023620,0.051640,31.070000,0.141500,0.000000,0.000000,0.004684,0,0
179685000000,179700000000,6274140245,96,215005574,0.004845,0.034480,0.034480,0.000046,0.033390,0.034550,0.032040,0.000000,0.009567,0.042850,34.440000,0.155100,0.000000,0.000000,0.002571,0,0
179700000000,180000000000,6274140245,96,215005574,0.088500,0.056950,0.057800,0.000278,0.054020,0.060730,0.013760,0.000000,0.367700,0.085330,1.291000,0.000612,0.000000,0.000000,0.000889,0,0
180000000000,180300000000,6274140245,96,215005574,0.181400,0.060420,0.061890,0.000450,0.056210,0.060550,0.000083,0.000000,0.372600,0.011080,1.360000,0.000747,0.000000,0.000000,0.170700,0,0
180300000000,180516000000,6274140245,96,215005574,0.175000,0.060420,0.061890,0.000469,0.056210,0.060490,0.000005,0.000000,0.193400,0.000357,1.409000,0.000760,0.000000,0.000000,0.188200,0,0
180516000000,180600000000,6274140245,96,215005574,0.175000,0.060420,0.061890,0.000469,0.056210,0.060490,0.000004,0.000000,0.188200,0.000072,1.433000,0.000759,0.000000,0.000000,0.175300,0,0
180600000000,180900000000,6274140245,96,215005574,0.176500,0.060420,0.061890,0.000469,0.056210,0.060490,0.000006,0.000000,0.368700,0.000714,1.365000,0.000709,0.000000,0.000000,0.182100,0,0
180900000000,181200000000,6274140245,96,215005574,0.181400,0.060420,0.061890,0.000469,0.056210,0.060490,0.000006,0.000000,0.188700,0.000786,1.361000,0.000758,0.000000,0.000000,0.181200,0,0
181200000000,181500000000,6274140245,96,215005574,0.180900,0.060360,0.061890,0.000469,0.056210,0.060420,0.000005,0.000000,0.361800,0.000286,1.402000,0.000741,0.000000,0.000000,0.178200,0,0
181500000000,181800000000,6274140245,96,215005574,0.180400,0.060490,0.061890,0.000469,0.056210,0.060490,0.000006,0.000000,0.194800,0.000857,1.405000,0.000766,0.000000,0.000000,0.179200,0,0
181800000000,182100000000,6274140245,96,215005574,0.181600,0.060360,0.061890,0.000469,0.056210,0.060490,0.000021,0.000000,0.192100,0.001858,1.385000,0.000766,0.000000,0.000000,0.186500,0,0
182100000000,182400000000,6274140245,96,215005574,0.186500,0.060360,0.061950,0.000470,0.056210,0.060490,0.000010,0.000000,0.375500,0.000857,1.373000,0.000762,0.000000,0.000000,0.186300,0,0
182400000000,182700000000,6274140245,96,215005574,0.187300,0.060360,0.061950,0.000470,0.056210,0.060360,0.000010,0.000000,0.375500,0.001143,1.366000,0.000716,0.000000,0.000000,0.187500,0,0
182700000000,183000000000,6274140245,96,215005574,0.186800,0.060300,0.061950,0.000470,0.056210,0.060360,0.000011,0.000000,0.193400,0.001286,1.420000,0.000806,0.000000,0.000000,0.187300,0,0
183000000000,183300000000,6274140245,96,215005574,0.187000,0.060300,0.061950,0.000470,0.056210,0.060420,0.000009,0.000000,0.376500,0.000571,1.355000,0.000703,0.000000,0.000000,0.186000,0,0
183300000000,183600000000,6274140245,96,215005574,0.187300,0.060300,0.061950,0.000471,0.056210,0.060360,0.000004,0.000000,0.376000,0.000215,1.393000,0.000763,0.000000,0.000000,0.186300,0,0
183600000000,183900000000,6274140245,96,215005574,0.186800,0.060360,0.061950,0.000478,0.056270,0.060420,0.000019,0.000000,0.376000,0.003571,1.360000,0.000753,0.000000,0.000000,0.187500,0,0
183900000000,183960000000,6274140245,96,215005574,0.094240,0.060240,0.061950,0.001434,0.056270,0.060420,0.000811,0.000000,0.361300,0.018070,1.322000,0.000679,0.000000,0.000000,0.005730,0,0
183960000000,183975000000,6274140245,96,215005574,0.000171,0.000000,0.000000,0.000000,0.000000,0.000000,0.000024,0.000000,0.002563,0.000286,1.445000,0.000759,0.000000,0.000000,0.000000,0,0
183975000000,183976000000,6274140245,96,215005574,0.000000,0.000000,0.000000,0.000000,0.000000,0.000000,0.000000,0.000000,0.000000,0.000000,1.445000,0.000759,0.000000,0.000000,0.000000,0,0
