179236000000,179400000000,6274140245,97,1436297886,0.000000,0.000000,0.000000,0.000000,0.000000,0.000000,0.000000,0.000000,0.000000,0.000000,0.000000,0.000000,0.000000,0.000000,0.000000,0,0
179400000000,179642000000,6274140245,97,1436297886,0.000000,0.000000,0.000000,0.000000,0.000000,0.000000,0.000000,0.000000,0.000000,0.000000,0.000000,0.000000,0.000000,0.000000,0.000000,0,0
179642000000,179700000000,6274140245,97,1436297886,0.001715,0.002998,0.004967,0.000610,0.002563,0.007256,0.016600,0.000000,0.015340,0.081050,0.734800,0.000396,0.000000,0.000000,0.000175,0,0
179700000000,179777000000,6274140245,97,1436297886,0.001671,0.014560,0.015840,0.000374,0.013690,0.020510,0.014920,0.000000,0.011750,0.059450,2.020000,0.006806,0.000000,0.000000,0.000126,0,0
179777000000,180000000000,6274140245,97,1436297886,0.001808,0.021760,0.025050,0.000026,0.022490,0.035830,0.016140,0.000000,0.038940,0.057980,5.393000,0.023670,0.000000,0.000000,0.002613,0,0
180000000000,180300000000,6274140245,97,1436297886,0.091310,0.054320,0.058960,0.000309,0.054690,0.061220,0.011540,0.000000,0.293500,0.085080,1.227000,0.000525,0.000000,0.000000,0.062190,0,0
180300000000,180600000000,6274140245,97,1436297886,0.183300,0.060970,0.061890,0.000389,0.056150,0.061100,0.000010,0.000000,0.204300,0.001358,1.391000,0.000775,0.000000,0.000000,0.179400,0,0
180600000000,180900000000,6274140245,97,1436297886,0.181400,0.060970,0.061890,0.000389,0.056150,0.061040,0.000004,0.000000,0.188700,0.000215,1.329000,0.000754,0.000000,0.000000,0.186300,0,0
180900000000,181139000000,6274140245,97,1436297886,0.184800,0.060970,0.061830,0.000389,0.056150,0.061040,0.000005,0.000000,0.413100,0.000357,1.333000,0.000734,0.000000,0.000000,0.186500,0,0
181139000000,181200000000,6274140245,97,1436297886,0.186300,0.060910,0.061830,0.000390,0.056150,0.060970,0.000014,0.000000,0.190400,0.000643,1.346000,0.000755,0.000000,0.000000,0.186300,0,0
181200000000,181500000000,6274140245,97,1436297886,0.186500,0.060910,0.061830,0.000390,0.056150,0.061040,0.000005,0.000000,0.375500,0.000357,1.350000,0.000707,0.000000,0.000000,0.187700,0,0
181500000000,181800000000,6274140245,97,1436297886,0.186500,0.060970,0.061830,0.000388,0.056150,0.061100,0.000004,0.000000,0.375000,0.000072,1.358000,0.000722,0.000000,0.000000,0.186800,0,0
181800000000,182100000000,6274140245,97,1436297886,0.186300,0.060970,0.061830,0.000376,0.056150,0.061100,0.000005,0.000000,0.375500,0.000072,1.389000,0.000771,0.000000,0.000000,0.187000,0,0
182100000000,182400000000,6274140245,97,1436297886,0.186300,0.060970,0.061830,0.000361,0.056150,0.061040,0.000005,0.000000,0.373500,0.000143,1.410000,0.000791,0.000000,0.000000,0.188500,0,0
182400000000,182700000000,6274140245,97,1436297886,0.186500,0.060970,0.061830,0.000356,0.056090,0.061040,0.000005,0.000000,0.319300,0.000286,1.327000,0.000716,0.000000,0.000000,0.187700,0,0
182700000000,183000000000,6274140245,97,1436297886,0.186500,0.060970,0.061830,0.000351,0.056090,0.061040,0.000008,0.000000,0.231400,0.001215,1.375000,0.000750,0.000000,0.000000,0.188500,0,0
183000000000,183300000000,6274140245,97,1436297886,0.186800,0.061100,0.061830,0.000369,0.056150,0.061160,0.000039,0.000000,0.205600,0.010150,1.386000,0.000780,0.000000,0.000000,0.169200,0,0
183300000000,183600000000,6274140245,97,1436297886,0.186800,0.060970,0.061830,0.000377,0.056150,0.061100,0.000004,0.000000,0.193100,0.000072,1.344000,0.000751,0.000000,0.000000,0.187500,0,0
183600000000,183900000000,6274140245,97,1436297886,0.111800,0.060850,0.061830,0.000350,0.056090,0.061100,0.000005,0.000000,0.193100,0.000500,1.341000,0.000728,0.000000,0.000000,0.061710,0,0
183900000000,183961000000,6274140245,97,1436297886,0.011470,0.060360,0.061830,0.001265,0.056150,0.060610,0.001719,0.000000,0.063230,0.032290,1.454000,0.000850,0.000000,0.000000,0.061950,0,0
183961000000,183981000000,6274140245,97,1436297886,0.000134,0.002853,0.000000,0.002819,0.002819,0.057010,0.000164,0.000000,0.002686,0.002930,1.457000,0.000868,0.000000,0.000000,0.000000,0,0
183981000000,183982000000,6274140245,97,1436297886,0.000000,0.000000,0.000000,0.000000,0.000000,0.000000,0.000000,0.000000,0.000000,0.000000,1.991000,0.005389,0.000000,0.000000,0.000000,0,0
