179236000000,179400000000,6274140245,98,711216,0.000000,0.000000,0.000000,0.000000,0.000000,0.000000,0.000000,0.000000,0.000000,0.000000,0.000000,0.000000,0.000000,0.000000,0.000000,0,0
179400000000,179490000000,6274140245,98,711216,0.000000,0.000000,0.000000,0.000000,0.000000,0.000000,0.000000,0.000000,0.000000,0.000000,0.000000,0.000000,0.000000,0.000000,0.000000,0,0
179490000000,179660000000,6274140245,98,711216,0.004707,0.027830,0.029270,0.000193,0.026890,0.053590,0.033450,0.000000,0.061830,0.057920,2.504000,0.007178,0.000000,0.000000,0.000752,0,0
179660000000,179700000000,6274140245,98,711216,0.015290,0.056150,0.057680,0.000304,0.054320,0.059940,0.025790,0.000000,0.062740,0.088620,32.350000,0.149500,0.000000,0.000000,0.014680,0,0
179700000000,180000000000,6274140245,98,711216,0.150900,0.060610,0.061650,0.000311,0.056030,0.060970,0.006523,0.000000,0.199200,0.057800,1.368000,0.000740,0.000000,0.000000,0.186500,0,0
180000000000,180300000000,6274140245,98,711216,0.187000,0.060850,0.062070,0.000378,0.056150,0.060910,0.000074,0.000000,0.198700,0.015350,1.342000,0.000670,0.000000,0.000000,0.188000,0,0
180300000000,180600000000,6274140245,98,711216,0.186800,0.060790,0.062130,0.000382,0.056150,0.060910,0.000005,0.000000,0.277300,0.000714,1.363000,0.000705,0.000000,0.000000,0.186800,0,0
180600000000,180601000000,6274140245,98,711216,0.184300,0.060850,0.062130,0.000382,0.056150,0.060850,0.000000,0.000000,0.187500,0.000000,1.374000,0.000694,0.000000,0.000000,0.187500,0,0
180601000000,180900000000,6274140245,98,711216,0.186800,0.060730,0.062130,0.000382,0.056150,0.060850,0.000010,0.000000,0.192100,0.001572,1.384000,0.000742,0.000000,0.000000,0.187500,0,0
180900000000,181200000000,6274140245,98,711216,0.187000,0.060790,0.062130,0.000382,0.056150,0.060850,0.000006,0.000000,0.191900,0.000714,1.377000,0.000715,0.000000,0.000000,0.182900,0,0
181200000000,181500000000,6274140245,98,711216,0.187000,0.060790,0.062130,0.000384,0.056150,0.060910,0.000009,0.000000,0.193800,0.001358,1.378000,0.000706,0.000000,0.000000,0.187000,0,0
181500000000,181800000000,6274140245,98,711216,0.187000,0.060850,0.062130,0.000384,0.056150,0.060970,0.000008,0.000000,0.206100,0.000786,1.368000,0.000729,0.000000,0.000000,0.186000,0,0
181800000000,182100000000,6274140245,98,711216,0.186500,0.060850,0.062130,0.000384,0.056150,0.061040,0.000009,0.000000,0.197300,0.001286,1.348000,0.000715,0.000000,0.000000,0.186800,0,0
182100000000,182400000000,6274140245,98,711216,0.187300,0.060910,0.062130,0.000396,0.056150,0.060970,0.000034,0.000000,0.375500,0.006783,1.384000,0.000727,0.000000,0.000000,0.186800,0,0
182400000000,182700000000,6274140245,98,711216,0.186500,0.060910,0.062130,0.000420,0.056210,0.060970,0.000007,0.000000,0.199500,0.000999,1.382000,0.000767,0.000000,0.000000,0.186800,0,0
182700000000,183000000000,6274140245,98,711216,0.187000,0.060910,0.062130,0.000420,0.056210,0.060970,0.000009,0.000000,0.206300,0.001143,1.365000,0.000739,0.000000,0.000000,0.186000,0,0
183000000000,183300000000,6274140245,98,711216,0.187300,0.060850,0.062130,0.000420,0.056210,0.060970,0.000005,0.000000,0.192100,0.000428,1.378000,0.000753,0.000000,0.000000,0.187500,0,0
183300000000,183600000000,6274140245,98,711216,0.187000,0.060850,0.062130,0.000421,0.056210,0.060910,0.000009,0.000000,0.191900,0.001499,1.384000,0.000713,0.000000,0.000000,0.187000,0,0
183600000000,183900000000,6274140245,98,711216,0.143800,0.060790,0.062130,0.000421,0.056210,0.060910,0.000009,0.000000,0.191700,0.001215,1.330000,0.000691,0.000000,0.000000,0.062620,0,0
183900000000,183930000000,6274140245,98,711216,0.001345,0.060060,0.062130,0.002281,0.056210,0.060300,0.002163,0.000000,0.062440,0.027220,1.407000,0.000773,0.000000,0.000000,0.062440,0,0
183930000000,183952000000,6274140245,98,711216,0.000594,0.000000,0.000000,0.000000,0.000000,0.000000,0.000023,0.000000,0.013060,0.000500,1.407000,0.000773,0.000000,0.000000,0.000000,0,0
183952000000,183953000000,6274140245,98,711216,0.000000,0.000000,0.000000,0.000000,0.000000,0.000000,0.000000,0.000000,0.000000,0.000000,1.407000,0.000773,0.000000,0.000000,0.000000,0,0
