179233000000,179400000000,6274140245,99,294771759,0.000000,0.000000,0.000000,0.000000,0.000000,0.000000,0.000000,0.000000,0.000000,0.000000,0.000000,0.000000,0.000000,0.000000,0.000000,0,0
179400000000,179439000000,6274140245,99,294771759,0.000000,0.000000,0.000000,0.000000,0.000000,0.000000,0.000000,0.000000,0.000000,0.000000,0.000000,0.000000,0.000000,0.000000,0.000000,0,0
179439000000,179566000000,6274140245,99,294771759,0.009796,0.031740,0.032900,0.000358,0.030820,0.056640,0.059570,0.000000,0.244100,0.150600,0.819100,0.000231,0.000000,0.000000,0.004921,0,0
179566000000,179589000000,6274140245,99,294771759,0.006554,0.000000,0.000000,0.000000,0.000000,0.000000,0.000000,0.000000,0.150900,0.000000,0.803100,0.000150,0.000000,0.000000,0.000000,0,1
179589000000,179590000000,6274140245,99,294771759,0.000000,0.000000,0.000000,0.000000,0.000000,0.000000,0.000000,0.000000,0.000000,0.000000,0.803100,0.000150,0.000000,0.000000,0.000000,0,0
179629000000,179700000000,6274140245,99,257332335,0.000000,0.000000,0.000000,0.000000,0.000000,0.000000,0.000000,0.000000,0.000000,0.000000,0.000000,0.000000,0.000000,0.000000,0.000000,0,0
179700000000,179784000000,6274140245,99,257332335,0.000000,0.000000,0.000000,0.000000,0.000000,0.000000,0.000000,0.000000,0.000000,0.000000,0.000000,0.000000,0.000000,0.000000,0.000000,0,0
179784000000,180000000000,6274140245,99,257332335,0.024690,0.046940,0.047730,0.000118,0.044250,0.060970,0.056640,0.000000,0.189000,0.233400,1.448000,0.001652,0.000000,0.000000,0.006439,0,0
180000000000,180073000000,6274140245,99,257332335,0.186300,0.061340,0.063350,0.000450,0.056210,0.061580,0.000258,0.000000,0.355500,0.017360,1.256000,0.000625,0.000000,0.000000,0.187700,0,0
180073000000,180300000000,6274140245,99,257332335,0.187000,0.061460,0.063350,0.000468,0.056210,0.061580,0.000004,0.000000,0.205800,0.000143,1.405000,0.000777,0.000000,0.000000,0.188700,0,0
180300000000,180348000000,6274140245,99,257332335,0.186500,0.061340,0.063350,0.000468,0.056210,0.061460,0.000005,0.000000,0.190400,0.000072,1.364000,0.000711,0.000000,0.000000,0.187500,0,0
180348000000,180600000000,6274140245,99,257332335,0.186500,0.061340,0.063350,0.000466,0.056210,0.061460,0.000015,0.000000,0.373000,0.002357,1.387000,0.000748,0.000000,0.000000,0.188700,0,0
180600000000,180900000000,6274140245,99,257332335,0.186300,0.061400,0.063350,0.000466,0.056210,0.061460,0.000004,0.000000,0.206500,0.000215,1.377000,0.000688,0.000000,0.000000,0.187700,0,0
180900000000,181200000000,6274140245,99,257332335,0.186300,0.061400,0.063350,0.000466,0.056210,0.061520,0.000004,0.000000,0.204300,0.000143,1.393000,0.000741,0.000000,0.000000,0.186300,0,0
181200000000,181500000000,6274140245,99,257332335,0.186000,0.061400,0.063350,0.000466,0.056210,0.061460,0.000005,0.000000,0.206100,0.000143,1.435000,0.000764,0.000000,0.000000,0.185500,0,0
181500000000,181800000000,6274140245,99,257332335,0.185800,0.061460,0.063350,0.000466,0.056210,0.061520,0.000005,0.000000,0.374500,0.000357,1.444000,0.000802,0.000000,0.000000,0.188200,0,0
181800000000,182100000000,6274140245,99,257332335,0.186000,0.061400,0.063350,0.000463,0.056210,0.061520,0.000006,0.000000,0.192900,0.000500,1.356000,0.000691,0.000000,0.000000,0.188000,0,0
182100000000,182400000000,6274140245,99,257332335,0.185100,0.061460,0.063350,0.000427,0.056210,0.061520,0.000015,0.000000,0.192600,0.002213,1.423000,0.000743,0.000000,0.000000,0.183600,0,0
182400000000,182700000000,6274140245,99,257332335,0.185100,0.061460,0.063350,0.000449,0.056210,0.061520,0.000008,0.000000,0.203600,0.000857,1.420000,0.000745,0.000000,0.000000,0.187300,0,0
182700000000,183000000000,6274140245,99,257332335,0.184800,0.061460,0.063350,0.000451,0.056210,0.061520,0.000012,0.000000,0.375000,0.002785,1.404000,0.000717,0.000000,0.000000,0.187500,0,0
183000000000,183300000000,6274140245,99,257332335,0.185800,0.061460,0.063350,0.000446,0.056210,0.061520,0.000010,0.000000,0.204800,0.001499,1.433000,0.000768,0.000000,0.000000,0.186500,0,0
183300000000,183600000000,6274140245,99,257332335,0.186500,0.061460,0.063350,0.000443,0.056210,0.061520,0.000004,0.000000,0.191900,0.000215,1.342000,0.000657,0.000000,0.000000,0.188000,0,0
183600000000,183900000000,6274140245,99,257332335,0.120600,0.061280,0.063350,0.000443,0.056210,0.061460,0.000004,0.000000,0.190200,0.000215,1.415000,0.000722,0.000000,0.000000,0.062740,0,0
183900000000,183960000000,6274140245,99,257332335,0.044560,0.061040,0.063230,0.001604,0.056210,0.061100,0.001120,0.000000,0.066890,0.025510,1.506000,0.000819,0.000000,0.000000,0.062740,0,0
183960000000,183978000000,6274140245,99,257332335,0.000393,0.000000,0.000000,0.000000,0.000000,0.000000,0.000040,0.000000,0.007080,0.000643,1.395000,0.000720,0.000000,0.000000,0.000000,0,0
183978000000,183979000000,6274140245,99,257332335,0.000000,0.000000,0.000000,0.000000,0.000000,0.000000,0.000000,0.000000,0.000000,0.000000,1.395000,0.000720,0.000000,0.000000,0.000000,0,0
