272498000000,272555000000,6283499093,0,904770,0.000000,0.000000,0.000000,0.000000,0.000000,0.000000,0.000000,0.000000,0.000000,0.000000,0.000000,0.000000,0.000000,0.000000,0.000000,0,0
272555000000,272700000000,6283499093,0,904770,0.000603,0.001009,0.001923,0.000091,0.000207,0.001411,0.000482,0.000000,0.019500,0.015000,2.670000,0.007511,0.000000,0.000000,0.001602,0,0
272700000000,273000000000,6283499093,0,904770,0.002617,0.001240,0.001921,0.000096,0.000252,0.001776,0.000072,0.000000,0.071170,0.008072,2.680000,0.007918,0.000000,0.000000,0.000639,0,0
273000000000,273300000000,6283499093,0,904770,0.000619,0.001245,0.001921,0.000090,0.000230,0.001587,0.000005,0.000000,0.025300,0.001072,4.012000,0.013770,0.000000,0.000000,0.000558,0,0
273300000000,273600000000,6283499093,0,904770,0.000506,0.001305,0.001921,0.000090,0.000258,0.001635,0.000000,0.000000,0.009598,0.000072,2.719000,0.008166,0.000000,0.000000,0.000196,0,0
273600000000,273900000000,6283499093,0,904770,0.001631,0.001356,0.001921,0.000093,0.000279,0.001755,0.000006,0.000000,0.076540,0.000929,1.496000,0.002572,0.000000,0.000000,0.000788,0,0
273900000000,274200000000,6283499093,0,904770,0.000537,0.001333,0.001921,0.000090,0.000270,0.001619,0.000000,0.000000,0.005035,0.000000,3.800000,0.012900,0.000000,0.000000,0.000452,0,0
274200000000,274500000000,6283499093,0,904770,0.000394,0.001305,0.001923,0.000090,0.000248,0.001614,0.000001,0.000000,0.004967,0.000143,2.843000,0.008315,0.000000,0.000000,0.000202,0,0
274500000000,274800000000,6283499093,0,904770,0.000356,0.001310,0.001923,0.000090,0.000256,0.001610,0.000000,0.000000,0.005135,0.000072,2.456000,0.006812,0.000000,0.000000,0.000317,0,0
274800000000,275100000000,6283499093,0,904770,0.000346,0.001314,0.001923,0.000090,0.000262,0.001608,0.000001,0.000000,0.005432,0.000215,2.414000,0.006390,0.000000,0.000000,0.000547,0,0
275100000000,275400000000,6283499093,0,904770,0.000343,0.001305,0.001923,0.000090,0.000252,0.001612,0.000000,0.000000,0.001324,0.000143,2.497000,0.006707,0.000000,0.000000,0.000154,0,0
275400000000,275700000000,6283499093,0,904770,0.000341,0.001310,0.001923,0.000090,0.000259,0.001608,0.000001,0.000000,0.004578,0.000143,2.366000,0.006181,0.000000,0.000000,0.000222,0,0
275700000000,276000000000,6283499093,0,904770,0.000335,0.001282,0.001923,0.000091,0.000230,0.001612,0.000000,0.000000,0.004974,0.000000,2.462000,0.006439,0.000000,0.000000,0.000300,0,0
276000000000,276300000000,6283499093,0,904770,0.000362,0.001297,0.001923,0.000091,0.000239,0.001608,0.000002,0.000000,0.006638,0.000143,2.426000,0.006155,0.000000,0.000000,0.000605,0,0
276300000000,276600000000,6283499093,0,904770,0.000374,0.001303,0.001923,0.000091,0.000241,0.001608,0.000001,0.000000,0.005547,0.000143,2.734000,0.007574,0.000000,0.000000,0.000227,0,0
276600000000,276900000000,6283499093,0,904770,0.000378,0.001333,0.001923,0.000091,0.000270,0.001608,0.000001,0.000000,0.001575,0.000143,2.795000,0.007753,0.000000,0.000000,0.000293,0,0
276900000000,277200000000,6283499093,0,904770,0.000371,0.001335,0.001925,0.000091,0.000272,0.001608,0.000000,0.000000,0.005173,0.000000,2.662000,0.007234,0.000000,0.000000,0.000791,0,0
277200000000,277500000000,6283499093,0,904770,0.000390,0.001286,0.001923,0.000092,0.000219,0.001617,0.000013,0.000000,0.007370,0.002857,2.599000,0.007225,0.000000,0.000000,0.000248,0,0
277500000000,277800000000,6283499093,0,904770,0.000382,0.001274,0.001921,0.000093,0.000207,0.001617,0.000004,0.000000,0.005295,0.000215,2.570000,0.007063,0.000000,0.000000,0.000248,0,0
277800000000,278100000000,6283499093,0,904770,0.000346,0.001308,0.001923,0.000093,0.000241,0.001616,0.000018,0.000000,0.012070,0.002213,2.547000,0.006907,0.000000,0.000000,0.000183,0,0
278100000000,278400000000,6283499093,0,904770,0.000366,0.001318,0.001923,0.000093,0.000250,0.001617,0.000008,0.000000,0.005791,0.000714,2.322000,0.005993,0.000000,0.000000,0.000337,0,0
278400000000,278589000000,6283499093,0,904770,0.000835,0.001333,0.001923,0.000093,0.000267,0.001698,0.000022,0.000000,0.054690,0.003216,2.359000,0.006219,0.000000,0.000000,0.000224,0,0
278589000000,278604000000,6283499093,0,904770,0.000254,0.000000,0.000000,0.000000,0.000000,0.000000,0.000176,0.000000,0.003807,0.002644,2.022000,0.004900,0.000000,0.000000,0.000000,0,0
278604000000,278605000000,6283499093,0,904770,0.000000,0.000000,0.000000,0.000000,0.000000,0.000000,0.000000,0.000000,0.000000,0.000000,1.750000,0.003792,0.000000,0.000000,0.000000,0,0
279335000000,279600000000,6283499093,0,854675755,0.000303,0.000745,0.001923,0.000378,0.000793,0.001158,0.000869,0.000000,0.014510,0.033810,1.605000,0.003065,0.000000,0.000000,0.000012,0,0
279600000000,279900000000,6283499093,0,854675755,0.000300,0.000534,0.001928,0.000360,0.000811,0.000585,0.000003,0.000000,0.005325,0.000143,2.915000,0.009025,0.000000,0.000000,0.000253,0,0
279900000000,280200000000,6283499093,0,854675755,0.000318,0.000521,0.001932,0.000359,0.000811,0.000550,0.000004,0.000000,0.004387,0.000428,2.648000,0.008064,0.000000,0.000000,0.000135,0,0
280200000000,280500000000,6283499093,0,854675755,0.000414,0.000938,0.001930,0.000361,0.000820,0.001060,0.000033,0.000000,0.007919,0.005432,2.637000,0.007976,0.000000,0.000000,0.000262,0,0
280500000000,280800000000,6283499093,0,854675755,0.000402,0.001019,0.001930,0.000360,0.000821,0.001055,0.000002,0.000000,0.005028,0.000428,2.938000,0.009522,0.000000,0.000000,0.000331,0,0
280800000000,281100000000,6283499093,0,854675755,0.000404,0.001028,0.001930,0.000360,0.000820,0.001060,0.000006,0.000000,0.005013,0.000500,2.293000,0.006394,0.000000,0.000000,0.000197,0,0
281100000000,281400000000,6283499093,0,854675755,0.000431,0.001034,0.001930,0.000360,0.000820,0.001057,0.000003,0.000000,0.019350,0.000357,2.460000,0.007050,0.000000,0.000000,0.000184,0,0
281400000000,281700000000,6283499093,0,854675755,0.000428,0.001053,0.001930,0.000359,0.000819,0.001068,0.000002,0.000000,0.004089,0.000428,2.242000,0.006384,0.000000,0.000000,0.000334,0,0
281700000000,282000000000,6283499093,0,854675755,0.000420,0.001060,0.001930,0.000359,0.000818,0.001072,0.000002,0.000000,0.004921,0.000500,3.309000,0.010890,0.000000,0.000000,0.000673,0,0
282000000000,282300000000,6283499093,0,854675755,0.000404,0.001066,0.001930,0.000359,0.000818,0.001081,0.000007,0.000000,0.010240,0.001072,2.580000,0.007616,0.000000,0.000000,0.000244,0,0
282300000000,282600000000,6283499093,0,854675755,0.000433,0.000852,0.001930,0.000359,0.000819,0.001114,0.000005,0.000000,0.006302,0.000357,2.737000,0.008467,0.000000,0.000000,0.000432,0,0
282600000000,282679000000,6283499093,0,854675755,0.000393,0.000665,0.001930,0.000358,0.000819,0.000668,0.000006,0.000000,0.001053,0.000215,2.747000,0.008718,0.000000,0.000000,0.000210,0,0
282679000000,282693000000,6283499093,0,854675755,0.000294,0.000000,0.000000,0.000000,0.000000,0.000000,0.000041,0.000000,0.004112,0.000357,5.664000,0.021350,0.000000,0.000000,0.000000,0,0
282693000000,282694000000,6283499093,0,854675755,0.000000,0.000000,0.000000,0.000000,0.000000,0.000000,0.000000,0.000000,0.000000,0.000000,5.664000,0.021350,0.000000,0.000000,0.000000,0,0
