272496000000,272506000000,6283499093,1,6640648,0.000000,0.000000,0.000000,0.000000,0.000000,0.000000,0.000000,0.000000,0.000000,0.000000,0.000000,0.000000,0.000000,0.000000,0.000000,0,0
272506000000,272700000000,6283499093,1,6640648,0.000571,0.000945,0.001925,0.000006,0.000065,0.001293,0.000007,0.000000,0.022860,0.000857,1.245000,0.001676,0.000000,0.000000,0.000504,0,0
272700000000,273000000000,6283499093,1,6640648,0.000356,0.000942,0.001925,0.000005,0.000051,0.001123,0.000000,0.000000,0.003429,0.000000,2.654000,0.006903,0.000000,0.000000,0.000360,0,0
273000000000,273300000000,6283499093,1,6640648,0.000358,0.000947,0.001925,0.000005,0.000054,0.001198,0.000000,0.000000,0.004349,0.000072,2.448000,0.005890,0.000000,0.000000,0.000068,0,0
273300000000,273600000000,6283499093,1,6640648,0.000320,0.000986,0.001925,0.000005,0.000092,0.001322,0.000000,0.000000,0.004433,0.000000,2.883000,0.007254,0.000000,0.000000,0.000098,0,0
273600000000,273900000000,6283499093,1,6640648,0.000438,0.000986,0.001923,0.000005,0.000072,0.001328,0.000001,0.000000,0.004593,0.000072,2.383000,0.005687,0.000000,0.000000,0.000441,0,0
273900000000,274200000000,6283499093,1,6640648,0.000423,0.001001,0.001923,0.000005,0.000074,0.001329,0.000001,0.000000,0.014860,0.000215,2.858000,0.007425,0.000000,0.000000,0.000521,0,0
274200000000,274500000000,6283499093,1,6640648,0.000430,0.001034,0.001925,0.000010,0.000092,0.001345,0.000018,0.000000,0.011760,0.003716,2.681000,0.006853,0.000000,0.000000,0.000087,0,0
274500000000,274800000000,6283499093,1,6640648,0.000364,0.001062,0.001921,0.000006,0.000093,0.001371,0.000002,0.000000,0.006294,0.000286,2.393000,0.005729,0.000000,0.000000,0.000175,0,0
274800000000,275100000000,6283499093,1,6640648,0.002014,0.001192,0.001925,0.000010,0.000066,0.001575,0.000007,0.000000,0.069700,0.000929,0.731400,0.000629,0.000000,0.000000,0.000111,0,0
275100000000,275400000000,6283499093,1,6640648,0.001657,0.001345,0.001923,0.000011,0.000105,0.001598,0.000019,0.000000,0.061580,0.001072,0.599000,0.000219,0.000000,0.000000,0.000489,0,0
275400000000,275700000000,6283499093,1,6640648,0.002419,0.001368,0.001923,0.000011,0.000078,0.001654,0.000012,0.000000,0.063110,0.001429,0.778900,0.000549,0.000000,0.000000,0.000095,0,0
275700000000,276000000000,6283499093,1,6640648,0.001144,0.001364,0.001923,0.000010,0.000075,0.001621,0.000010,0.000000,0.061340,0.001072,0.667400,0.000380,0.000000,0.000000,0.000121,0,0
276000000000,276300000000,6283499093,1,6640648,0.007050,0.001400,0.001925,0.000020,0.000068,0.001667,0.000017,0.000001,0.102700,0.000571,0.626600,0.000174,0.000000,0.000000,0.000293,0,0
276300000000,276600000000,6283499093,1,6640648,0.001780,0.001438,0.001923,0.000010,0.000082,0.001675,0.000013,0.000001,0.052670,0.001143,0.633200,0.000355,0.000000,0.000000,0.000397,0,0
276600000000,276900000000,6283499093,1,6640648,0.000445,0.001369,0.001923,0.000008,0.000067,0.001619,0.000007,0.000001,0.012880,0.001358,2.681000,0.007140,0.000000,0.000000,0.000625,0,0
276900000000,277200000000,6283499093,1,6640648,0.000341,0.001348,0.001925,0.000009,0.000055,0.001558,0.000000,0.000001,0.007774,0.000000,2.357000,0.005596,0.000000,0.000000,0.000154,0,0
277200000000,277500000000,6283499093,1,6640648,0.001066,0.001369,0.001942,0.000009,0.000072,0.001942,0.000014,0.000001,0.077150,0.003216,2.342000,0.005777,0.000000,0.000000,0.000104,0,0
277500000000,277800000000,6283499093,1,6640648,0.002628,0.001423,0.002033,0.000008,0.000061,0.001886,0.000010,0.000001,0.067630,0.000786,0.741900,0.000693,0.000000,0.000000,0.000233,0,0
277800000000,278100000000,6283499093,1,6640648,0.001928,0.001404,0.001925,0.000006,0.000053,0.001654,0.000014,0.000001,0.082150,0.001499,0.704200,0.000584,0.000000,0.000000,0.004402,0,0
278100000000,278210000000,6283499093,1,6640648,0.001770,0.001476,0.001926,0.000011,0.000072,0.001604,0.000444,0.000001,0.052670,0.023070,0.577400,0.000157,0.000000,0.000000,0.000153,0,0
278210000000,278225000000,6283499093,1,6640648,0.000282,0.000000,0.000000,0.000000,0.000000,0.000000,0.000043,0.000001,0.004234,0.000643,0.834500,0.000682,0.000000,0.000000,0.000000,0,0
278225000000,278226000000,6283499093,1,6640648,0.000000,0.000000,0.000000,0.000000,0.000000,0.000000,0.000000,0.000001,0.000000,0.000000,0.834500,0.000682,0.000000,0.000000,0.000000,0,0
279345000000,279600000000,6283499093,1,602946,0.000223,0.000544,0.001928,0.000020,0.000245,0.000764,0.000075,0.000000,0.021090,0.008636,2.423000,0.007688,0.000000,0.000000,0.000346,0,0
279600000000,279900000000,6283499093,1,602946,0.000129,0.000590,0.001928,0.000022,0.000286,0.000751,0.000008,0.000000,0.003559,0.000857,2.773000,0.009054,0.000000,0.000000,0.000105,0,0
279900000000,280200000000,6283499093,1,602946,0.000290,0.000662,0.001926,0.000022,0.000312,0.000863,0.000010,0.000000,0.013730,0.001429,2.809000,0.008742,0.000000,0.000000,0.000222,0,0
280200000000,280500000000,6283499093,1,602946,0.000456,0.001081,0.001923,0.000022,0.000286,0.001358,0.000016,0.000000,0.008133,0.003502,2.747000,0.007776,0.000000,0.000000,0.000090,0,0
280500000000,280800000000,6283499093,1,602946,0.000569,0.001190,0.001923,0.000022,0.000292,0.001429,0.000004,0.000000,0.015180,0.000643,1.275000,0.001310,0.000000,0.000000,0.000280,0,0
280800000000,281100000000,6283499093,1,602946,0.000400,0.001135,0.001921,0.000022,0.000210,0.001408,0.000005,0.000000,0.005295,0.000929,2.834000,0.008308,0.000000,0.000000,0.000425,0,0
281100000000,281400000000,6283499093,1,602946,0.000373,0.001062,0.001923,0.000022,0.000137,0.001408,0.000005,0.000000,0.005096,0.000571,2.578000,0.007057,0.000000,0.000000,0.000586,0,0
281400000000,281700000000,6283499093,1,602946,0.000441,0.001154,0.001925,0.000022,0.000228,0.001413,0.000001,0.000000,0.014310,0.000143,2.730000,0.008202,0.000000,0.000000,0.000167,0,0
281700000000,282000000000,6283499093,1,602946,0.000481,0.001337,0.001926,0.000022,0.000404,0.001423,0.000003,0.000000,0.005219,0.000643,3.269000,0.010410,0.000000,0.000000,0.000171,0,0
282000000000,282300000000,6283499093,1,602946,0.000471,0.000994,0.001925,0.000022,0.000320,0.001429,0.000005,0.000000,0.006073,0.000643,3.497000,0.011260,0.000000,0.000000,0.000419,0,0
282300000000,282600000000,6283499093,1,602946,0.000382,0.000763,0.001928,0.000055,0.000331,0.000990,0.000098,0.000000,0.005150,0.015000,3.021000,0.009252,0.000000,0.000000,0.000256,0,0
282600000000,282719000000,6283499093,1,602946,0.000358,0.000634,0.001932,0.000081,0.000360,0.000639,0.000142,0.000000,0.004234,0.016140,3.397000,0.011000,0.000000,0.000000,0.000204,0,0
282719000000,282729000000,6283499093,1,602946,0.000370,0.000000,0.000000,0.000000,0.000000,0.000000,0.000078,0.000000,0.003704,0.000428,2.100000,0.005635,0.000000,0.000000,0.000000,0,0
282729000000,282730000000,6283499093,1,602946,0.000000,0.000000,0.000000,0.000000,0.000000,0.000000,0.000000,0.000000,0.000000,0.000000,1.574000,0.003397,0.000000,0.000000,0.000000,0,0
