272506000000,272607000000,6283499093,10,449604178,0.000000,0.000000,0.000000,0.000000,0.000000,0.000000,0.000000,0.000000,0.000000,0.000000,0.000000,0.000000,0.000000,0.000000,0.000000,0,0
272607000000,272700000000,6283499093,10,449604178,0.000758,0.001373,0.001926,0.000181,0.000586,0.001497,0.001484,0.000000,0.014430,0.022430,1.134000,0.001857,0.000000,0.000000,0.000111,0,0
272700000000,273000000000,6283499093,10,449604178,0.000451,0.001307,0.001928,0.000185,0.000560,0.001410,0.000001,0.000000,0.007843,0.000143,1.979000,0.004680,0.000000,0.000000,0.000255,0,0
273000000000,273300000000,6283499093,10,449604178,0.004066,0.001377,0.002144,0.000150,0.000402,0.002689,0.000013,0.000000,0.096070,0.002998,3.315000,0.010510,0.000000,0.000000,0.000281,0,0
273300000000,273600000000,6283499093,10,449604178,0.000456,0.001343,0.001925,0.000017,0.000197,0.001596,0.000000,0.000000,0.004692,0.000000,3.406000,0.010880,0.000000,0.000000,0.000160,0,0
273600000000,273900000000,6283499093,10,449604178,0.000432,0.001303,0.001925,0.000017,0.000167,0.001577,0.000001,0.000000,0.004898,0.000215,2.656000,0.007686,0.000000,0.000000,0.000255,0,0
273900000000,274200000000,6283499093,10,449604178,0.000348,0.001339,0.001926,0.000003,0.000185,0.001579,0.000001,0.000000,0.005394,0.000143,2.694000,0.007696,0.000000,0.000000,0.000169,0,0
274200000000,274500000000,6283499093,10,449604178,0.003426,0.001350,0.001926,0.000008,0.000169,0.001833,0.000011,0.000000,0.083980,0.001572,2.204000,0.005766,0.000000,0.000000,0.000474,0,0
274500000000,274800000000,6283499093,10,449604178,0.000379,0.001350,0.001925,0.000028,0.000192,0.001623,0.000010,0.000000,0.005096,0.002857,2.886000,0.008591,0.000000,0.000000,0.000403,0,0
274800000000,275100000000,6283499093,10,449604178,0.000369,0.001337,0.001926,0.000028,0.000181,0.001606,0.000001,0.000000,0.004776,0.000072,2.753000,0.008194,0.000000,0.000000,0.000375,0,0
275100000000,275400000000,6283499093,10,449604178,0.000314,0.001394,0.001926,0.000028,0.000239,0.001604,0.000000,0.000000,0.005219,0.000000,2.512000,0.006925,0.000000,0.000000,0.000189,0,0
275400000000,275700000000,6283499093,10,449604178,0.000343,0.001377,0.001926,0.000024,0.000217,0.001606,0.000001,0.000000,0.005516,0.000143,2.493000,0.006832,0.000000,0.000000,0.000160,0,0
275700000000,276000000000,6283499093,10,449604178,0.004494,0.001493,0.001925,0.000008,0.000224,0.001921,0.000046,0.000001,0.080570,0.011570,0.607500,0.000333,0.000000,0.000000,0.000475,0,0
276000000000,276300000000,6283499093,10,449604178,0.000588,0.001429,0.001921,0.000002,0.000173,0.001696,0.000004,0.000001,0.001719,0.000714,3.792000,0.012720,0.000000,0.000000,0.000139,0,0
276300000000,276600000000,6283499093,10,449604178,0.000514,0.001408,0.001923,0.000002,0.000155,0.001696,0.000000,0.000001,0.005684,0.000072,3.425000,0.011040,0.000000,0.000000,0.000383,0,0
276600000000,276900000000,6283499093,10,449604178,0.000362,0.001463,0.001925,0.000002,0.000216,0.001686,0.000001,0.000001,0.005959,0.000143,2.481000,0.006834,0.000000,0.000000,0.000117,0,0
276900000000,277200000000,6283499093,10,449604178,0.000356,0.001448,0.001925,0.000002,0.000201,0.001686,0.000000,0.000001,0.006088,0.000000,2.888000,0.008407,0.000000,0.000000,0.000439,0,0
277200000000,277409000000,6283499093,10,449604178,0.000444,0.001238,0.001923,0.000002,0.000194,0.001682,0.000036,0.000001,0.016200,0.006859,3.227000,0.009860,0.000000,0.000000,0.000340,0,0
277409000000,277429000000,6283499093,10,449604178,0.000212,0.000000,0.000000,0.000000,0.000000,0.000000,0.000043,0.000001,0.004234,0.000857,5.946000,0.021040,0.000000,0.000000,0.000000,0,0
277429000000,277430000000,6283499093,10,449604178,0.000000,0.000000,0.000000,0.000000,0.000000,0.000000,0.000000,0.000001,0.000000,0.000000,5.946000,0.021040,0.000000,0.000000,0.000000,0,0
