272504000000,272604000000,6283499093,100,906423,0.000000,0.000000,0.000000,0.000000,0.000000,0.000000,0.000000,0.000000,0.000000,0.000000,0.000000,0.000000,0.000000,0.000000,0.000000,0,0
272604000000,272700000000,6283499093,100,906423,0.000876,0.001497,0.001930,0.000277,0.000700,0.001591,0.001633,0.000000,0.024320,0.057800,3.031000,0.009696,0.000000,0.000000,0.000312,0,0
272700000000,273000000000,6283499093,100,906423,0.000430,0.000982,0.001932,0.000278,0.000720,0.001373,0.000000,0.000000,0.004555,0.000000,3.056000,0.009577,0.000000,0.000000,0.000404,0,0
273000000000,273300000000,6283499093,100,906423,0.000499,0.000931,0.001932,0.000279,0.000724,0.000955,0.000014,0.000000,0.004845,0.002213,3.931000,0.013300,0.000000,0.000000,0.000746,0,0
273300000000,273600000000,6283499093,100,906423,0.000436,0.000935,0.001932,0.000281,0.000726,0.000946,0.000000,0.000000,0.004440,0.000000,3.118000,0.009891,0.000000,0.000000,0.000217,0,0
273600000000,273900000000,6283499093,100,906423,0.000531,0.000973,0.001932,0.000284,0.000730,0.001001,0.000018,0.000000,0.011990,0.004784,3.496000,0.011300,0.000000,0.000000,0.000357,0,0
273900000000,274200000000,6283499093,100,906423,0.000431,0.000968,0.001932,0.000281,0.000727,0.000978,0.000000,0.000000,0.005501,0.000072,2.705000,0.007902,0.000000,0.000000,0.000228,0,0
274200000000,274500000000,6283499093,100,906423,0.000580,0.000978,0.001932,0.000280,0.000726,0.001032,0.000028,0.000000,0.024380,0.006859,2.568000,0.007341,0.000000,0.000000,0.000653,0,0
274500000000,274800000000,6283499093,100,906423,0.000511,0.001003,0.001930,0.000279,0.000725,0.001038,0.000000,0.000000,0.007790,0.000072,3.520000,0.011630,0.000000,0.000000,0.000226,0,0
274800000000,275100000000,6283499093,100,906423,0.000505,0.001007,0.001932,0.000278,0.000725,0.001017,0.000001,0.000000,0.005875,0.000143,2.926000,0.008870,0.000000,0.000000,0.000400,0,0
275100000000,275400000000,6283499093,100,906423,0.000374,0.001007,0.001932,0.000278,0.000725,0.001017,0.000000,0.000000,0.004700,0.000000,2.729000,0.007964,0.000000,0.000000,0.000321,0,0
275400000000,275700000000,6283499093,100,906423,0.000351,0.000996,0.001932,0.000278,0.000725,0.000997,0.000001,0.000000,0.007492,0.000143,2.538000,0.007207,0.000000,0.000000,0.000227,0,0
275700000000,276000000000,6283499093,100,906423,0.000333,0.001007,0.001932,0.000278,0.000725,0.001019,0.000000,0.000000,0.004860,0.000072,2.381000,0.006414,0.000000,0.000000,0.000143,0,0
276000000000,276300000000,6283499093,100,906423,0.000336,0.001009,0.001932,0.000278,0.000725,0.001020,0.000002,0.000000,0.004555,0.000215,2.327000,0.006060,0.000000,0.000000,0.000134,0,0
276300000000,276600000000,6283499093,100,906423,0.000331,0.001005,0.001932,0.000279,0.000725,0.001017,0.000000,0.000000,0.004425,0.000000,2.375000,0.006463,0.000000,0.000000,0.000172,0,0
276600000000,276900000000,6283499093,100,906423,0.000696,0.001139,0.001928,0.000278,0.000742,0.001192,0.000058,0.000000,0.042110,0.009079,3.105000,0.010060,0.000000,0.000000,0.000563,0,0
276900000000,277200000000,6283499093,100,906423,0.000531,0.001089,0.001930,0.000275,0.000739,0.001101,0.000000,0.000000,0.002934,0.000072,3.522000,0.012020,0.000000,0.000000,0.000525,0,0
277200000000,277500000000,6283499093,100,906423,0.000369,0.001102,0.001932,0.000275,0.000739,0.001112,0.000003,0.000000,0.007133,0.000428,3.046000,0.009426,0.000000,0.000000,0.000253,0,0
277500000000,277800000000,6283499093,100,906423,0.000500,0.001106,0.001930,0.000275,0.000739,0.001123,0.000007,0.000000,0.007553,0.000571,1.487000,0.002479,0.000000,0.000000,0.000160,0,0
277800000000,278100000000,6283499093,100,906423,0.000424,0.001118,0.001930,0.000274,0.000739,0.001125,0.000008,0.000000,0.005363,0.001143,3.390000,0.011090,0.000000,0.000000,0.000410,0,0
278100000000,278400000000,6283499093,100,906423,0.000432,0.001110,0.001930,0.000274,0.000739,0.001123,0.000004,0.000000,0.005524,0.000072,2.973000,0.009427,0.000000,0.000000,0.000172,0,0
278400000000,278700000000,6283499093,100,906423,0.000373,0.001106,0.001932,0.000274,0.000739,0.001116,0.000004,0.000000,0.006119,0.000215,2.502000,0.007087,0.000000,0.000000,0.000287,0,0
278700000000,279000000000,6283499093,100,906423,0.000380,0.001097,0.001932,0.000274,0.000739,0.001112,0.000005,0.000000,0.005318,0.000999,2.701000,0.007925,0.000000,0.000000,0.000315,0,0
279000000000,279300000000,6283499093,100,906423,0.000402,0.001125,0.001932,0.000274,0.000742,0.001154,0.000013,0.000000,0.005142,0.003216,2.661000,0.007633,0.000000,0.000000,0.000146,0,0
279300000000,279600000000,6283499093,100,906423,0.000410,0.001160,0.001932,0.000274,0.000743,0.001173,0.000004,0.000000,0.009018,0.000643,2.256000,0.005730,0.000000,0.000000,0.000246,0,0
279600000000,279900000000,6283499093,100,906423,0.002762,0.001265,0.002144,0.000247,0.000708,0.002163,0.000005,0.000000,0.104900,0.000357,2.566000,0.007133,0.000000,0.000000,0.000138,0,0
279900000000,280200000000,6283499093,100,906423,0.002052,0.001347,0.001928,0.000017,0.000340,0.001654,0.000022,0.000000,0.064820,0.001999,0.682500,0.000574,0.000000,0.000000,0.035770,0,0
280200000000,280210000000,6283499093,100,906423,0.000572,0.001057,0.001926,0.000040,0.000363,0.001120,0.004883,0.000000,0.003281,0.037350,2.959000,0.008721,0.000000,0.000000,0.000270,0,0
280210000000,280219000000,6283499093,100,906423,0.000172,0.000000,0.000000,0.000000,0.000000,0.000000,0.000008,0.000000,0.001543,0.000072,2.959000,0.008721,0.000000,0.000000,0.000000,0,0
280219000000,280220000000,6283499093,100,906423,0.000000,0.000000,0.000000,0.000000,0.000000,0.000000,0.000000,0.000000,0.000000,0.000000,2.959000,0.008721,0.000000,0.000000,0.000000,0,0
