272499000000,272597000000,6283499093,101,227443087,0.000000,0.000000,0.000000,0.000000,0.000000,0.000000,0.000000,0.000000,0.000000,0.000000,0.000000,0.000000,0.000000,0.000000,0.000000,0,0
272597000000,272700000000,6283499093,101,227443087,0.000647,0.001610,0.001913,0.000378,0.000809,0.001719,0.002102,0.000000,0.013400,0.057130,1.320000,0.002325,0.000000,0.000000,0.000162,0,0
272700000000,273000000000,6283499093,101,227443087,0.000333,0.001022,0.001915,0.000382,0.000826,0.001438,0.000000,0.000000,0.004417,0.000000,2.192000,0.005949,0.000000,0.000000,0.000086,0,0
273000000000,273300000000,6283499093,101,227443087,0.000365,0.000984,0.001913,0.000382,0.000826,0.000990,0.000001,0.000000,0.003658,0.000072,2.313000,0.006458,0.000000,0.000000,0.000163,0,0
273300000000,273600000000,6283499093,101,227443087,0.000337,0.000973,0.001913,0.000382,0.000826,0.000992,0.000000,0.000000,0.004959,0.000072,2.181000,0.006010,0.000000,0.000000,0.000089,0,0
273600000000,273900000000,6283499093,101,227443087,0.000317,0.000990,0.001915,0.000382,0.000826,0.000997,0.000000,0.000000,0.003727,0.000072,1.967000,0.004978,0.000000,0.000000,0.000438,0,0
273900000000,274200000000,6283499093,101,227443087,0.000332,0.000984,0.001913,0.000380,0.000824,0.001007,0.000000,0.000000,0.003998,0.000072,2.175000,0.006068,0.000000,0.000000,0.000294,0,0
274200000000,274500000000,6283499093,101,227443087,0.000352,0.000999,0.001915,0.000373,0.000816,0.001011,0.000012,0.000000,0.006714,0.002857,2.330000,0.006532,0.000000,0.000000,0.000114,0,0
274500000000,274800000000,6283499093,101,227443087,0.000309,0.000982,0.001921,0.000373,0.000816,0.001005,0.000000,0.000000,0.004395,0.000000,2.277000,0.006429,0.000000,0.000000,0.000137,0,0
274800000000,275100000000,6283499093,101,227443087,0.000385,0.001013,0.001923,0.000375,0.000820,0.001060,0.000019,0.000000,0.007965,0.003357,2.033000,0.005260,0.000000,0.000000,0.000545,0,0
275100000000,275400000000,6283499093,101,227443087,0.000437,0.001032,0.001923,0.000374,0.000819,0.001055,0.000005,0.000000,0.010820,0.001143,1.869000,0.004650,0.000000,0.000000,0.000290,0,0
275400000000,275700000000,6283499093,101,227443087,0.000387,0.001051,0.001923,0.000372,0.000817,0.001055,0.000001,0.000000,0.006554,0.000072,2.157000,0.005881,0.000000,0.000000,0.000212,0,0
275700000000,276000000000,6283499093,101,227443087,0.000366,0.001051,0.001923,0.000372,0.000817,0.001064,0.000000,0.000000,0.009766,0.000072,2.347000,0.006730,0.000000,0.000000,0.000779,0,0
276000000000,276300000000,6283499093,101,227443087,0.000317,0.001041,0.001923,0.000372,0.000817,0.001045,0.000002,0.000000,0.001060,0.000571,2.166000,0.006063,0.000000,0.000000,0.000214,0,0
276300000000,276600000000,6283499093,101,227443087,0.000423,0.001083,0.001923,0.000373,0.000819,0.001114,0.000030,0.000000,0.006622,0.007004,1.401000,0.002777,0.000000,0.000000,0.000121,0,0
276600000000,276900000000,6283499093,101,227443087,0.000335,0.001072,0.001923,0.000373,0.000818,0.001110,0.000001,0.000000,0.004227,0.000072,2.219000,0.006294,0.000000,0.000000,0.000061,0,0
276900000000,277200000000,6283499093,101,227443087,0.000310,0.001068,0.001923,0.000372,0.000818,0.001078,0.000000,0.000000,0.004013,0.000000,2.114000,0.005678,0.000000,0.000000,0.000379,0,0
277200000000,277479000000,6283499093,101,227443087,0.000637,0.001070,0.001951,0.000372,0.000818,0.001240,0.000013,0.000000,0.040950,0.002430,2.264000,0.006123,0.000000,0.000000,0.000188,0,0
277479000000,277491000000,6283499093,101,227443087,0.000267,0.000000,0.000000,0.000000,0.000000,0.000000,0.000066,0.000000,0.003204,0.000786,2.821000,0.009328,0.000000,0.000000,0.000000,0,0
277491000000,277492000000,6283499093,101,227443087,0.000000,0.000000,0.000000,0.000000,0.000000,0.000000,0.000000,0.000000,0.000000,0.000000,2.821000,0.009328,0.000000,0.000000,0.000000,0,0
277492000000,277500000000,6283499093,101,227443087,0.000000,0.000000,0.000000,0.000000,0.000000,0.000000,0.000000,0.000000,0.000000,0.000000,0.000000,0.000000,0.000000,0.000000,0.000000,0,0
