272499000000,272575000000,6283499093,102,449889500,0.000000,0.000000,0.000000,0.000000,0.000000,0.000000,0.000000,0.000000,0.000000,0.000000,0.000000,0.000000,0.000000,0.000000,0.000000,0,0
272575000000,272700000000,6283499093,102,449889500,0.000582,0.001600,0.001921,0.000383,0.000813,0.001760,0.001495,0.000000,0.030670,0.055110,2.614000,0.008392,0.000000,0.000000,0.000605,0,0
272700000000,273000000000,6283499093,102,449889500,0.000345,0.001015,0.001928,0.000388,0.000832,0.001350,0.000001,0.000000,0.004456,0.000215,2.400000,0.007343,0.000000,0.000000,0.000217,0,0
273000000000,273300000000,6283499093,102,449889500,0.000383,0.000972,0.001928,0.000364,0.000808,0.000990,0.000000,0.000000,0.007065,0.000143,2.480000,0.007531,0.000000,0.000000,0.000300,0,0
273300000000,273600000000,6283499093,102,449889500,0.000390,0.000978,0.001928,0.000363,0.000808,0.000990,0.000009,0.000000,0.004852,0.001785,3.070000,0.010360,0.000000,0.000000,0.000186,0,0
273600000000,273900000000,6283499093,102,449889500,0.000384,0.000994,0.001928,0.000363,0.000808,0.000999,0.000000,0.000000,0.004433,0.000072,2.314000,0.006864,0.000000,0.000000,0.000242,0,0
273900000000,274200000000,6283499093,102,449889500,0.000362,0.000982,0.001928,0.000363,0.000808,0.000999,0.000001,0.000000,0.004463,0.000072,2.170000,0.006092,0.000000,0.000000,0.000120,0,0
274200000000,274500000000,6283499093,102,449889500,0.000408,0.000999,0.001928,0.000365,0.000810,0.001049,0.000023,0.000000,0.019810,0.005859,2.411000,0.007392,0.000000,0.000000,0.000633,0,0
274500000000,274800000000,6283499093,102,449889500,0.000368,0.001011,0.001928,0.000368,0.000813,0.001045,0.000000,0.000000,0.004181,0.000072,2.755000,0.008774,0.000000,0.000000,0.000153,0,0
274800000000,275100000000,6283499093,102,449889500,0.000317,0.000992,0.001928,0.000362,0.000809,0.000994,0.000000,0.000000,0.004227,0.000072,2.223000,0.006393,0.000000,0.000000,0.000295,0,0
275100000000,275400000000,6283499093,102,449889500,0.000294,0.000992,0.001928,0.000362,0.000809,0.000996,0.000000,0.000000,0.003880,0.000000,2.386000,0.006955,0.000000,0.000000,0.000071,0,0
275400000000,275700000000,6283499093,102,449889500,0.000331,0.001001,0.001928,0.000362,0.000809,0.001024,0.000001,0.000000,0.018860,0.000072,1.892000,0.004870,0.000000,0.000000,0.000337,0,0
275700000000,276000000000,6283499093,102,449889500,0.000355,0.001009,0.001928,0.000362,0.000809,0.001026,0.000000,0.000000,0.033690,0.000072,2.152000,0.006182,0.000000,0.000000,0.000245,0,0
276000000000,276300000000,6283499093,102,449889500,0.000356,0.001026,0.001928,0.000362,0.000809,0.001036,0.000004,0.000000,0.003433,0.000714,2.329000,0.007017,0.000000,0.000000,0.000256,0,0
276300000000,276600000000,6283499093,102,449889500,0.000402,0.001036,0.001926,0.000362,0.000809,0.001041,0.000001,0.000000,0.007843,0.000072,1.747000,0.004103,0.000000,0.000000,0.000268,0,0
276600000000,276900000000,6283499093,102,449889500,0.000377,0.001030,0.001926,0.000362,0.000809,0.001040,0.000001,0.000000,0.005188,0.000072,2.387000,0.007272,0.000000,0.000000,0.000316,0,0
276900000000,277200000000,6283499093,102,449889500,0.000348,0.001019,0.001928,0.000362,0.000809,0.001040,0.000000,0.000000,0.004768,0.000072,2.419000,0.007292,0.000000,0.000000,0.000154,0,0
277200000000,277500000000,6283499093,102,449889500,0.000382,0.001036,0.001928,0.000362,0.000809,0.001045,0.000004,0.000000,0.005966,0.000072,2.244000,0.006760,0.000000,0.000000,0.000328,0,0
277500000000,277769000000,6283499093,102,449889500,0.000361,0.001026,0.001928,0.000364,0.000809,0.001038,0.000008,0.000000,0.035710,0.000857,2.439000,0.007932,0.000000,0.000000,0.000102,0,0
277769000000,277781000000,6283499093,102,449889500,0.000191,0.000000,0.000000,0.000000,0.000000,0.000000,0.000048,0.000000,0.002285,0.000428,2.468000,0.007910,0.000000,0.000000,0.000000,0,0
277781000000,277782000000,6283499093,102,449889500,0.000000,0.000000,0.000000,0.000000,0.000000,0.000000,0.000000,0.000000,0.000000,0.000000,2.468000,0.007910,0.000000,0.000000,0.000000,0,0
277782000000,277800000000,6283499093,102,449889500,0.000000,0.000000,0.000000,0.000000,0.000000,0.000000,0.000000,0.000000,0.000000,0.000000,0.000000,0.000000,0.000000,0.000000,0.000000,0,0
