272507000000,272597000000,6283499093,103,3938710085,0.000000,0.000000,0.000000,0.000000,0.000000,0.000000,0.000000,0.000000,0.000000,0.000000,0.000000,0.000000,0.000000,0.000000,0.000000,0,0
272597000000,272700000000,6283499093,103,3938710085,0.000750,0.001450,0.001932,0.000263,0.000680,0.001589,0.001724,0.000000,0.015430,0.065550,2.781000,0.008336,0.000000,0.000000,0.000240,0,0
272700000000,273000000000,6283499093,103,3938710085,0.000371,0.000980,0.001932,0.000268,0.000711,0.001335,0.000000,0.000000,0.004944,0.000000,2.810000,0.008115,0.000000,0.000000,0.000095,0,0
273000000000,273300000000,6283499093,103,3938710085,0.000365,0.000931,0.001932,0.000269,0.000711,0.000953,0.000012,0.000000,0.004311,0.002213,2.861000,0.008414,0.000000,0.000000,0.000177,0,0
273300000000,273600000000,6283499093,103,3938710085,0.000329,0.000943,0.001932,0.000273,0.000716,0.000954,0.000007,0.000000,0.003765,0.001715,2.427000,0.006658,0.000000,0.000000,0.000146,0,0
273600000000,273900000000,6283499093,103,3938710085,0.000337,0.000937,0.001932,0.000273,0.000716,0.000956,0.000000,0.000000,0.007935,0.000072,2.103000,0.005208,0.000000,0.000000,0.000227,0,0
273900000000,274200000000,6283499093,103,3938710085,0.000414,0.000961,0.001932,0.000273,0.000717,0.000972,0.000002,0.000000,0.004456,0.000215,2.332000,0.006344,0.000000,0.000000,0.000573,0,0
274200000000,274500000000,6283499093,103,3938710085,0.000383,0.000951,0.001932,0.000273,0.000717,0.000965,0.000007,0.000000,0.004990,0.001286,2.713000,0.008131,0.000000,0.000000,0.000518,0,0
274500000000,274800000000,6283499093,103,3938710085,0.000365,0.000967,0.001932,0.000273,0.000717,0.000977,0.000000,0.000000,0.009155,0.000072,1.920000,0.004441,0.000000,0.000000,0.000526,0,0
274800000000,275100000000,6283499093,103,3938710085,0.000330,0.000955,0.001932,0.000273,0.000717,0.000958,0.000000,0.000000,0.005325,0.000072,2.461000,0.006919,0.000000,0.000000,0.000543,0,0
275100000000,275400000000,6283499093,103,3938710085,0.000309,0.000965,0.001932,0.000273,0.000717,0.000977,0.000000,0.000000,0.004463,0.000072,2.036000,0.004986,0.000000,0.000000,0.000572,0,0
275400000000,275700000000,6283499093,103,3938710085,0.000322,0.000958,0.001932,0.000273,0.000717,0.000970,0.000000,0.000000,0.014330,0.000072,2.134000,0.005420,0.000000,0.000000,0.000117,0,0
275700000000,276000000000,6283499093,103,3938710085,0.000340,0.000980,0.001932,0.000273,0.000717,0.000986,0.000000,0.000000,0.005409,0.000072,2.301000,0.006021,0.000000,0.000000,0.000592,0,0
276000000000,276300000000,6283499093,103,3938710085,0.000431,0.000982,0.001932,0.000274,0.000718,0.001041,0.000021,0.000000,0.037170,0.005783,2.502000,0.006849,0.000000,0.000000,0.000203,0,0
276300000000,276600000000,6283499093,103,3938710085,0.000418,0.001009,0.001932,0.000278,0.000724,0.001038,0.000001,0.000000,0.010680,0.000143,2.735000,0.007783,0.000000,0.000000,0.000153,0,0
276600000000,276900000000,6283499093,103,3938710085,0.000426,0.001003,0.001932,0.000276,0.000721,0.001011,0.000000,0.000000,0.001839,0.000143,3.461000,0.010650,0.000000,0.000000,0.000219,0,0
276900000000,277200000000,6283499093,103,3938710085,0.000429,0.001009,0.001932,0.000276,0.000721,0.001020,0.000000,0.000000,0.006828,0.000072,1.758000,0.003718,0.000000,0.000000,0.000195,0,0
277200000000,277500000000,6283499093,103,3938710085,0.000366,0.001003,0.001932,0.000275,0.000721,0.001009,0.000004,0.000000,0.004684,0.000428,2.638000,0.007382,0.000000,0.000000,0.000140,0,0
277500000000,277800000000,6283499093,103,3938710085,0.000377,0.001030,0.001932,0.000275,0.000723,0.001114,0.000022,0.000000,0.005371,0.004570,2.828000,0.008130,0.000000,0.000000,0.000182,0,0
277800000000,278100000000,6283499093,103,3938710085,0.000385,0.001062,0.001930,0.000272,0.000732,0.001114,0.000004,0.000000,0.002373,0.000143,2.788000,0.008099,0.000000,0.000000,0.000203,0,0
278100000000,278400000000,6283499093,103,3938710085,0.000423,0.001062,0.001930,0.000272,0.000732,0.001064,0.000004,0.000000,0.004791,0.000072,2.785000,0.008234,0.000000,0.000000,0.000252,0,0
278400000000,278700000000,6283499093,103,3938710085,0.000392,0.001053,0.001930,0.000273,0.000732,0.001062,0.000002,0.000000,0.005325,0.000143,2.647000,0.007708,0.000000,0.000000,0.000416,0,0
278700000000,278889000000,6283499093,103,3938710085,0.000379,0.001053,0.001930,0.000275,0.000732,0.001062,0.000023,0.000000,0.004219,0.003857,2.843000,0.008566,0.000000,0.000000,0.000647,0,0
278889000000,278903000000,6283499093,103,3938710085,0.000214,0.000000,0.000000,0.000000,0.000000,0.000000,0.000046,0.000000,0.002991,0.000500,1.714000,0.003568,0.000000,0.000000,0.000000,0,0
278903000000,278904000000,6283499093,103,3938710085,0.000000,0.000000,0.000000,0.000000,0.000000,0.000000,0.000000,0.000000,0.000000,0.000000,1.689000,0.003465,0.000000,0.000000,0.000000,0,0
