272504000000,272579000000,6283499093,104,1390814016,0.000000,0.000000,0.000000,0.000000,0.000000,0.000000,0.000000,0.000000,0.000000,0.000000,0.000000,0.000000,0.000000,0.000000,0.000000,0,0
272579000000,272700000000,6283499093,104,1390814016,0.000671,0.001446,0.001928,0.000275,0.000700,0.001583,0.001060,0.000000,0.019530,0.071530,2.532000,0.010700,0.000000,0.000000,0.000184,0,0
272700000000,273000000000,6283499093,104,1390814016,0.000334,0.000976,0.001928,0.000281,0.000724,0.001223,0.000004,0.000000,0.005653,0.001215,2.561000,0.011200,0.000000,0.000000,0.000091,0,0
273000000000,273300000000,6283499093,104,1390814016,0.000498,0.000988,0.001926,0.000281,0.000726,0.001013,0.000012,0.000000,0.010560,0.001858,2.574000,0.012620,0.000000,0.000000,0.000370,0,0
273300000000,273600000000,6283499093,104,1390814016,0.000379,0.000968,0.001926,0.000281,0.000727,0.000982,0.000000,0.000000,0.004211,0.000000,2.575000,0.012450,0.000000,0.000000,0.000228,0,0
273600000000,273900000000,6283499093,104,1390814016,0.000302,0.000976,0.001928,0.000277,0.000721,0.000984,0.000000,0.000000,0.004280,0.000072,2.235000,0.009746,0.000000,0.000000,0.000300,0,0
273900000000,274200000000,6283499093,104,1390814016,0.000292,0.000971,0.001928,0.000277,0.000722,0.000984,0.000000,0.000000,0.007919,0.000072,2.053000,0.007673,0.000000,0.000000,0.000080,0,0
274200000000,274500000000,6283499093,104,1390814016,0.000273,0.000969,0.001928,0.000277,0.000722,0.000982,0.000008,0.000000,0.004784,0.001928,2.122000,0.007996,0.000000,0.000000,0.000248,0,0
274500000000,274800000000,6283499093,104,1390814016,0.000270,0.000976,0.001928,0.000277,0.000722,0.000988,0.000000,0.000000,0.002972,0.000072,2.166000,0.008454,0.000000,0.000000,0.000202,0,0
274800000000,275100000000,6283499093,104,1390814016,0.000287,0.000978,0.001928,0.000277,0.000722,0.000988,0.000003,0.000000,0.005272,0.000643,1.916000,0.006963,0.000000,0.000000,0.000378,0,0
275100000000,275400000000,6283499093,104,1390814016,0.000283,0.000968,0.001928,0.000277,0.000722,0.000982,0.000000,0.000000,0.004021,0.000000,2.271000,0.009221,0.000000,0.000000,0.000217,0,0
275400000000,275700000000,6283499093,104,1390814016,0.000242,0.000962,0.001928,0.000277,0.000722,0.000964,0.000000,0.000000,0.005226,0.000072,2.220000,0.009770,0.000000,0.000000,0.000110,0,0
275700000000,276000000000,6283499093,104,1390814016,0.000260,0.000960,0.001928,0.000277,0.000722,0.000972,0.000000,0.000000,0.004845,0.000000,2.091000,0.008177,0.000000,0.000000,0.000300,0,0
276000000000,276300000000,6283499093,104,1390814016,0.000300,0.000982,0.001928,0.000277,0.000722,0.000986,0.000001,0.000000,0.004623,0.000286,2.474000,0.010380,0.000000,0.000000,0.000207,0,0
276300000000,276600000000,6283499093,104,1390814016,0.000415,0.001013,0.001926,0.000282,0.000729,0.001040,0.000041,0.000000,0.024200,0.011570,2.483000,0.011920,0.000000,0.000000,0.000819,0,0
276600000000,276900000000,6283499093,104,1390814016,0.000318,0.000982,0.001928,0.000283,0.000729,0.000990,0.000000,0.000000,0.004662,0.000143,2.252000,0.010680,0.000000,0.000000,0.000150,0,0
276900000000,277200000000,6283499093,104,1390814016,0.000321,0.001003,0.001928,0.000287,0.000733,0.001047,0.000005,0.000000,0.006577,0.001215,2.337000,0.010630,0.000000,0.000000,0.000218,0,0
277200000000,277500000000,6283499093,104,1390814016,0.000314,0.001020,0.001928,0.000294,0.000739,0.001053,0.000011,0.000000,0.010770,0.002857,2.306000,0.009941,0.000000,0.000000,0.000594,0,0
277500000000,277800000000,6283499093,104,1390814016,0.000271,0.001060,0.001926,0.000287,0.000747,0.001102,0.000008,0.000000,0.004135,0.000999,3.052000,0.014660,0.000000,0.000000,0.000443,0,0
277800000000,278100000000,6283499093,104,1390814016,0.000302,0.001038,0.001926,0.000285,0.000746,0.001057,0.000004,0.000000,0.002899,0.000143,2.604000,0.011470,0.000000,0.000000,0.000109,0,0
278100000000,278400000000,6283499093,104,1390814016,0.000270,0.001040,0.001928,0.000285,0.000746,0.001057,0.000004,0.000000,0.005058,0.000143,2.333000,0.009763,0.000000,0.000000,0.000298,0,0
278400000000,278700000000,6283499093,104,1390814016,0.000298,0.001041,0.001926,0.000285,0.000746,0.001066,0.000003,0.000000,0.004639,0.000215,1.987000,0.008159,0.000000,0.000000,0.000073,0,0
278700000000,279000000000,6283499093,104,1390814016,0.000311,0.001066,0.001926,0.000286,0.000747,0.001095,0.000011,0.000000,0.005066,0.002644,2.023000,0.008428,0.000000,0.000000,0.000156,0,0
279000000000,279300000000,6283499093,104,1390814016,0.000327,0.001049,0.001926,0.000287,0.000749,0.001072,0.000002,0.000000,0.018280,0.000215,2.364000,0.009480,0.000000,0.000000,0.000234,0,0
279300000000,279600000000,6283499093,104,1390814016,0.000318,0.001060,0.001926,0.000287,0.000749,0.001066,0.000001,0.000000,0.005569,0.000072,2.388000,0.010120,0.000000,0.000000,0.000161,0,0
279600000000,279900000000,6283499093,104,1390814016,0.000306,0.001053,0.001926,0.000287,0.000750,0.001060,0.000005,0.000000,0.004639,0.000643,2.034000,0.007770,0.000000,0.000000,0.000230,0,0
279900000000,280200000000,6283499093,104,1390814016,0.000305,0.001051,0.001926,0.000287,0.000750,0.001059,0.000004,0.000000,0.005257,0.000428,1.946000,0.006627,0.000000,0.000000,0.000605,0,0
280200000000,280500000000,6283499093,104,1390814016,0.000303,0.001045,0.001926,0.000287,0.000750,0.001051,0.000001,0.000000,0.005074,0.000215,2.051000,0.007016,0.000000,0.000000,0.000284,0,0
280500000000,280800000000,6283499093,104,1390814016,0.000337,0.001068,0.001928,0.000287,0.000750,0.001110,0.000003,0.000000,0.037350,0.000286,2.143000,0.007388,0.000000,0.000000,0.000188,0,0
280800000000,280929000000,6283499093,104,1390814016,0.005447,0.001162,0.002224,0.000237,0.000701,0.001375,0.000077,0.000000,0.068600,0.005074,0.812500,0.000389,0.000000,0.000000,0.000389,0,0
280929000000,280941000000,6283499093,104,1390814016,0.000162,0.000000,0.000000,0.000000,0.000000,0.000000,0.000083,0.000000,0.001945,0.000714,0.853500,0.000552,0.000000,0.000000,0.000000,0,0
280941000000,280942000000,6283499093,104,1390814016,0.000000,0.000000,0.000000,0.000000,0.000000,0.000000,0.000000,0.000000,0.000000,0.000000,0.853500,0.000552,0.000000,0.000000,0.000000,0,0
