272499000000,272597000000,6283499093,105,1302490,0.000000,0.000000,0.000000,0.000000,0.000000,0.000000,0.000000,0.000000,0.000000,0.000000,0.000000,0.000000,0.000000,0.000000,0.000000,0,0
272597000000,272700000000,6283499093,105,1302490,0.000653,0.001484,0.001892,0.000287,0.000672,0.001619,0.001957,0.000000,0.014980,0.057190,1.131000,0.002026,0.000000,0.000000,0.000122,0,0
272700000000,273000000000,6283499093,105,1302490,0.000372,0.001266,0.001892,0.000294,0.000662,0.001432,0.000000,0.000000,0.004898,0.000000,2.212000,0.006451,0.000000,0.000000,0.000167,0,0
273000000000,273300000000,6283499093,105,1302490,0.000350,0.001249,0.001904,0.000294,0.000654,0.001341,0.000006,0.000000,0.004295,0.001499,2.463000,0.007827,0.000000,0.000000,0.000240,0,0
273300000000,273600000000,6283499093,105,1302490,0.000298,0.001261,0.001907,0.000297,0.000668,0.001333,0.000006,0.000000,0.004288,0.001499,2.239000,0.006504,0.000000,0.000000,0.000240,0,0
273600000000,273900000000,6283499093,105,1302490,0.000285,0.001295,0.001907,0.000297,0.000704,0.001333,0.000000,0.000000,0.002312,0.000072,2.059000,0.005643,0.000000,0.000000,0.000337,0,0
273900000000,274200000000,6283499093,105,1302490,0.000324,0.001060,0.001904,0.000289,0.000458,0.001333,0.000002,0.000000,0.012050,0.000428,2.131000,0.005856,0.000000,0.000000,0.000633,0,0
274200000000,274500000000,6283499093,105,1302490,0.000326,0.000904,0.001904,0.000288,0.000291,0.000918,0.000005,0.000000,0.005241,0.000999,2.441000,0.007515,0.000000,0.000000,0.000545,0,0
274500000000,274800000000,6283499093,105,1302490,0.000320,0.000912,0.001904,0.000288,0.000298,0.001026,0.000000,0.000000,0.004150,0.000000,2.610000,0.007932,0.000000,0.000000,0.000081,0,0
274800000000,275100000000,6283499093,105,1302490,0.000291,0.000938,0.001902,0.000288,0.000324,0.001122,0.000000,0.000000,0.003769,0.000072,2.185000,0.005990,0.000000,0.000000,0.000093,0,0
275100000000,275400000000,6283499093,105,1302490,0.000294,0.000966,0.001902,0.000288,0.000351,0.001234,0.000000,0.000000,0.003857,0.000072,2.054000,0.005432,0.000000,0.000000,0.000076,0,0
275400000000,275700000000,6283499093,105,1302490,0.000305,0.000990,0.001900,0.000289,0.000377,0.001339,0.000002,0.000000,0.007187,0.000428,2.122000,0.005674,0.000000,0.000000,0.000334,0,0
275700000000,276000000000,6283499093,105,1302490,0.000318,0.001019,0.001900,0.000290,0.000403,0.001352,0.000000,0.000000,0.004120,0.000072,2.550000,0.007524,0.000000,0.000000,0.000260,0,0
276000000000,276300000000,6283499093,105,1302490,0.000361,0.001030,0.001900,0.000290,0.000395,0.001371,0.000001,0.000000,0.004173,0.000143,1.808000,0.004304,0.000000,0.000000,0.000137,0,0
276300000000,276600000000,6283499093,105,1302490,0.000485,0.001131,0.001900,0.000287,0.000448,0.001476,0.000065,0.000000,0.026790,0.007858,1.406000,0.003078,0.000000,0.000000,0.000327,0,0
276600000000,276900000000,6283499093,105,1302490,0.000403,0.001226,0.001900,0.000286,0.000532,0.001451,0.000000,0.000000,0.004677,0.000072,2.688000,0.008694,0.000000,0.000000,0.000199,0,0
276900000000,277200000000,6283499093,105,1302490,0.000362,0.001211,0.001900,0.000286,0.000514,0.001448,0.000001,0.000000,0.004845,0.000143,2.727000,0.008896,0.000000,0.000000,0.000575,0,0
277200000000,277500000000,6283499093,105,1302490,0.000337,0.001186,0.001900,0.000286,0.000486,0.001453,0.000002,0.000000,0.005920,0.000143,2.109000,0.005968,0.000000,0.000000,0.000697,0,0
277500000000,277800000000,6283499093,105,1302490,0.000315,0.001245,0.001902,0.000285,0.000545,0.001451,0.000003,0.000000,0.005165,0.000072,2.337000,0.007046,0.000000,0.000000,0.000643,0,0
277800000000,278100000000,6283499093,105,1302490,0.000295,0.001150,0.001915,0.000364,0.000485,0.001450,0.000486,0.000000,0.004623,0.050050,2.359000,0.006753,0.000000,0.000000,0.000166,0,0
278100000000,278400000000,6283499093,105,1302490,0.000307,0.001064,0.001926,0.000425,0.000540,0.001099,0.000008,0.000000,0.004402,0.000929,2.097000,0.005978,0.000000,0.000000,0.000196,0,0
278400000000,278700000000,6283499093,105,1302490,0.000339,0.001066,0.001926,0.000425,0.000540,0.001076,0.000009,0.000000,0.004326,0.001642,2.249000,0.006900,0.000000,0.000000,0.000212,0,0
278700000000,279000000000,6283499093,105,1302490,0.000340,0.001068,0.001926,0.000425,0.000540,0.001076,0.000002,0.000000,0.004692,0.000143,2.440000,0.007981,0.000000,0.000000,0.000220,0,0
279000000000,279300000000,6283499093,105,1302490,0.000428,0.001108,0.001926,0.000435,0.000568,0.001143,0.000093,0.000000,0.008133,0.024870,2.002000,0.005902,0.000000,0.000000,0.000782,0,0
279300000000,279600000000,6283499093,105,1302490,0.000400,0.001078,0.001926,0.000435,0.000572,0.001087,0.000001,0.000000,0.004974,0.000072,2.686000,0.009550,0.000000,0.000000,0.000705,0,0
279600000000,279630000000,6283499093,105,1302490,0.000584,0.001068,0.001926,0.000442,0.000574,0.001076,0.001160,0.000000,0.004524,0.023500,2.502000,0.008353,0.000000,0.000000,0.004524,0,0
279630000000,279643000000,6283499093,105,1302490,0.000152,0.000000,0.000000,0.000000,0.000000,0.000000,0.000044,0.000000,0.001972,0.000428,2.320000,0.007085,0.000000,0.000000,0.000000,0,0
279643000000,279644000000,6283499093,105,1302490,0.000000,0.000000,0.000000,0.000000,0.000000,0.000000,0.000000,0.000000,0.000000,0.000000,2.320000,0.007085,0.000000,0.000000,0.000000,0,0
