272501000000,272590000000,6283499093,106,336030258,0.000000,0.000000,0.000000,0.000000,0.000000,0.000000,0.000000,0.000000,0.000000,0.000000,0.000000,0.000000,0.000000,0.000000,0.000000,0,0
272590000000,272700000000,6283499093,106,336030258,0.003120,0.001749,0.002766,0.000376,0.000805,0.002064,0.002502,0.000000,0.062500,0.064330,2.586000,0.008076,0.000000,0.000000,0.000158,0,0
272700000000,273000000000,6283499093,106,336030258,0.003334,0.001379,0.002090,0.000256,0.000702,0.001987,0.000014,0.000000,0.073120,0.001572,0.603400,0.000282,0.000000,0.000000,0.000229,0,0
273000000000,273300000000,6283499093,106,336030258,0.004066,0.001259,0.002129,0.000247,0.000694,0.001408,0.000032,0.000000,0.070070,0.001642,0.593800,0.000271,0.000000,0.000000,0.000549,0,0
273300000000,273600000000,6283499093,106,336030258,0.001314,0.001268,0.002129,0.000197,0.000645,0.001400,0.000002,0.000001,0.112900,0.000143,0.709900,0.000786,0.000000,0.000000,0.000305,0,0
273600000000,273900000000,6283499093,106,336030258,0.001617,0.001282,0.001936,0.000190,0.000637,0.001333,0.000010,0.000001,0.060550,0.001429,1.019000,0.001999,0.000000,0.000000,0.000264,0,0
273900000000,274200000000,6283499093,106,336030258,0.000982,0.001265,0.001938,0.000189,0.000637,0.001295,0.000021,0.000001,0.057310,0.001785,0.930100,0.001539,0.000000,0.000000,0.000345,0,0
274200000000,274500000000,6283499093,106,336030258,0.000894,0.001276,0.002068,0.000187,0.000636,0.001451,0.000055,0.000001,0.064940,0.007072,1.029000,0.001817,0.000000,0.000000,0.000866,0,0
274500000000,274800000000,6283499093,106,336030258,0.000448,0.001291,0.001934,0.000157,0.000618,0.001354,0.000002,0.000001,0.011900,0.000286,2.663000,0.008730,0.000000,0.000000,0.000554,0,0
274800000000,275100000000,6283499093,106,336030258,0.000407,0.001245,0.001936,0.000154,0.000615,0.001261,0.000001,0.000001,0.004814,0.000286,2.823000,0.009396,0.000000,0.000000,0.000404,0,0
275100000000,275400000000,6283499093,106,336030258,0.000332,0.001242,0.001938,0.000153,0.000614,0.001253,0.000002,0.000001,0.004562,0.000571,2.552000,0.007833,0.000000,0.000000,0.000056,0,0
275400000000,275700000000,6283499093,106,336030258,0.000306,0.001253,0.001938,0.000153,0.000614,0.001261,0.000002,0.000001,0.004158,0.000571,2.066000,0.005793,0.000000,0.000000,0.000287,0,0
275700000000,276000000000,6283499093,106,336030258,0.000391,0.001274,0.001936,0.000153,0.000614,0.001312,0.000001,0.000001,0.006027,0.000143,2.231000,0.006068,0.000000,0.000000,0.000219,0,0
276000000000,276300000000,6283499093,106,336030258,0.003281,0.001352,0.002064,0.000033,0.000420,0.001619,0.000010,0.000001,0.067380,0.000714,0.585100,0.000207,0.000000,0.000000,0.000250,0,0
276300000000,276600000000,6283499093,106,336030258,0.000389,0.001308,0.001936,0.000011,0.000387,0.001320,0.000001,0.000001,0.004463,0.000143,2.447000,0.007608,0.000000,0.000000,0.000322,0,0
276600000000,276900000000,6283499093,106,336030258,0.001373,0.001341,0.001934,0.000018,0.000394,0.001440,0.000027,0.000001,0.071780,0.004784,2.184000,0.006055,0.000000,0.000000,0.000460,0,0
276900000000,277200000000,6283499093,106,336030258,0.000460,0.001289,0.001934,0.000012,0.000388,0.001308,0.000000,0.000001,0.005035,0.000072,3.145000,0.011020,0.000000,0.000000,0.000336,0,0
277200000000,277500000000,6283499093,106,336030258,0.000343,0.001289,0.001936,0.000013,0.000389,0.001295,0.000012,0.000001,0.004456,0.001999,2.515000,0.007796,0.000000,0.000000,0.000449,0,0
277500000000,277800000000,6283499093,106,336030258,0.000320,0.001316,0.001938,0.000021,0.000398,0.001341,0.000048,0.000001,0.004745,0.011780,2.209000,0.006524,0.000000,0.000000,0.000215,0,0
277800000000,278100000000,6283499093,106,336030258,0.000320,0.001287,0.001938,0.000027,0.000404,0.001299,0.000007,0.000001,0.005074,0.001143,2.277000,0.006591,0.000000,0.000000,0.000200,0,0
278100000000,278400000000,6283499093,106,336030258,0.000345,0.001299,0.001938,0.000027,0.000404,0.001316,0.000010,0.000001,0.005486,0.001429,2.379000,0.006986,0.000000,0.000000,0.000635,0,0
278400000000,278700000000,6283499093,106,336030258,0.000333,0.001291,0.001938,0.000027,0.000405,0.001307,0.000007,0.000001,0.005646,0.000714,2.279000,0.006729,0.000000,0.000000,0.000643,0,0
278700000000,278900000000,6283499093,106,336030258,0.000366,0.001282,0.001938,0.000028,0.000405,0.001307,0.000203,0.000001,0.004936,0.031430,1.963000,0.005393,0.000000,0.000000,0.000329,0,0
278900000000,278914000000,6283499093,106,336030258,0.000155,0.000000,0.000000,0.000000,0.000000,0.000000,0.000082,0.000001,0.002182,0.001143,1.404000,0.002660,0.000000,0.000000,0.000000,0,0
278914000000,278916000000,6283499093,106,336030258,0.000000,0.000000,0.000000,0.000000,0.000000,0.000000,0.000000,0.000001,0.000000,0.000000,1.404000,0.002660,0.000000,0.000000,0.000000,0,0
