272507000000,272596000000,6283499093,107,567782,0.000000,0.000000,0.000000,0.000000,0.000000,0.000000,0.000000,0.000000,0.000000,0.000000,0.000000,0.000000,0.000000,0.000000,0.000000,0,0
272596000000,272700000000,6283499093,107,567782,0.000735,0.001554,0.001932,0.000363,0.000787,0.001686,0.002296,0.000000,0.014070,0.051210,2.891000,0.009092,0.000000,0.000000,0.000172,0,0
272700000000,273000000000,6283499093,107,567782,0.000394,0.001001,0.001932,0.000365,0.000808,0.001421,0.000001,0.000000,0.015370,0.000215,2.663000,0.007880,0.000000,0.000000,0.001068,0,0
273000000000,273300000000,6283499093,107,567782,0.000399,0.000935,0.001932,0.000364,0.000808,0.000947,0.000001,0.000000,0.006325,0.000072,1.741000,0.003776,0.000000,0.000000,0.000249,0,0
273300000000,273600000000,6283499093,107,567782,0.000336,0.000937,0.001934,0.000363,0.000808,0.000947,0.000000,0.000000,0.004387,0.000000,2.653000,0.007871,0.000000,0.000000,0.000659,0,0
273600000000,273900000000,6283499093,107,567782,0.000345,0.000944,0.001934,0.000363,0.000808,0.000954,0.000001,0.000000,0.004845,0.000072,1.723000,0.003658,0.000000,0.000000,0.000110,0,0
273900000000,274200000000,6283499093,107,567782,0.000327,0.000946,0.001934,0.000363,0.000808,0.000958,0.000000,0.000000,0.004189,0.000072,2.480000,0.007081,0.000000,0.000000,0.000198,0,0
274200000000,274500000000,6283499093,107,567782,0.000333,0.000947,0.001934,0.000363,0.000808,0.000961,0.000002,0.000000,0.004494,0.000072,2.272000,0.006241,0.000000,0.000000,0.000125,0,0
274500000000,274800000000,6283499093,107,567782,0.000320,0.000941,0.001934,0.000363,0.000808,0.000958,0.000000,0.000000,0.003960,0.000000,2.407000,0.006816,0.000000,0.000000,0.000270,0,0
274800000000,275100000000,6283499093,107,567782,0.000320,0.000938,0.001934,0.000363,0.000808,0.000940,0.000000,0.000000,0.004379,0.000072,2.524000,0.007187,0.000000,0.000000,0.000509,0,0
275100000000,275400000000,6283499093,107,567782,0.000310,0.000944,0.001934,0.000363,0.000808,0.000956,0.000000,0.000000,0.004677,0.000000,2.460000,0.006976,0.000000,0.000000,0.000670,0,0
275400000000,275700000000,6283499093,107,567782,0.000320,0.000954,0.001934,0.000363,0.000808,0.000962,0.000000,0.000000,0.004456,0.000072,2.181000,0.005768,0.000000,0.000000,0.000112,0,0
275700000000,276000000000,6283499093,107,567782,0.000359,0.000965,0.001934,0.000363,0.000808,0.000977,0.000000,0.000000,0.005165,0.000072,2.590000,0.007137,0.000000,0.000000,0.000089,0,0
276000000000,276300000000,6283499093,107,567782,0.000341,0.000958,0.001934,0.000363,0.000808,0.000969,0.000000,0.000000,0.004219,0.000072,2.759000,0.007988,0.000000,0.000000,0.000365,0,0
276300000000,276600000000,6283499093,107,567782,0.000356,0.000969,0.001934,0.000363,0.000808,0.000984,0.000000,0.000000,0.005447,0.000072,2.648000,0.007546,0.000000,0.000000,0.000536,0,0
276600000000,276900000000,6283499093,107,567782,0.000332,0.000967,0.001934,0.000363,0.000808,0.000984,0.000000,0.000000,0.004112,0.000072,2.624000,0.007351,0.000000,0.000000,0.000545,0,0
276900000000,277200000000,6283499093,107,567782,0.000359,0.000976,0.001934,0.000363,0.000809,0.000992,0.000000,0.000000,0.014110,0.000000,2.553000,0.007219,0.000000,0.000000,0.000095,0,0
277200000000,277500000000,6283499093,107,567782,0.000342,0.000978,0.001934,0.000363,0.000809,0.000992,0.000004,0.000000,0.004341,0.000286,2.693000,0.007591,0.000000,0.000000,0.000127,0,0
277500000000,277800000000,6283499093,107,567782,0.000362,0.000997,0.001934,0.000363,0.000809,0.001011,0.000006,0.000000,0.004562,0.000714,2.592000,0.007244,0.000000,0.000000,0.000158,0,0
277800000000,278019000000,6283499093,107,567782,0.001312,0.001040,0.002106,0.000359,0.000805,0.001289,0.000020,0.000000,0.066530,0.002571,0.867500,0.001077,0.000000,0.000000,0.000172,0,0
278019000000,278033000000,6283499093,107,567782,0.000217,0.000000,0.000000,0.000000,0.000000,0.000000,0.000072,0.000000,0.003029,0.000643,0.640100,0.000263,0.000000,0.000000,0.000000,0,0
278033000000,278034000000,6283499093,107,567782,0.000000,0.000000,0.000000,0.000000,0.000000,0.000000,0.000000,0.000000,0.000000,0.000000,0.640100,0.000263,0.000000,0.000000,0.000000,0,0
