272506000000,272582000000,6283499093,108,351622826,0.000000,0.000000,0.000000,0.000000,0.000000,0.000000,0.000000,0.000000,0.000000,0.000000,0.000000,0.000000,0.000000,0.000000,0.000000,0,0
272582000000,272700000000,6283499093,108,351622826,0.001297,0.001637,0.001926,0.000370,0.000816,0.001799,0.001671,0.000000,0.049380,0.066410,1.348000,0.002190,0.000000,0.000000,0.000756,0,0
272700000000,273000000000,6283499093,108,351622826,0.000773,0.001139,0.001926,0.000364,0.000827,0.001484,0.000006,0.000000,0.042050,0.001286,3.112000,0.010160,0.000000,0.000000,0.000607,0,0
273000000000,273300000000,6283499093,108,351622826,0.000869,0.001131,0.001926,0.000360,0.000822,0.001175,0.000021,0.000000,0.013690,0.003998,2.588000,0.007557,0.000000,0.000000,0.000137,0,0
273300000000,273600000000,6283499093,108,351622826,0.000569,0.001129,0.001928,0.000356,0.000819,0.001146,0.000000,0.000000,0.005447,0.000000,3.541000,0.012240,0.000000,0.000000,0.000332,0,0
273600000000,273900000000,6283499093,108,351622826,0.003632,0.001339,0.002052,0.000080,0.000503,0.001755,0.000030,0.000000,0.099610,0.005074,0.591500,0.000208,0.000000,0.000000,0.000567,0,0
273900000000,274200000000,6283499093,108,351622826,0.000489,0.001299,0.001930,0.000021,0.000433,0.001328,0.000000,0.000000,0.004974,0.000072,2.961000,0.009086,0.000000,0.000000,0.000219,0,0
274200000000,274500000000,6283499093,108,351622826,0.000439,0.001289,0.001930,0.000011,0.000423,0.001308,0.000006,0.000000,0.005234,0.001286,3.775000,0.012730,0.000000,0.000000,0.000321,0,0
274500000000,274800000000,6283499093,108,351622826,0.004250,0.001345,0.002056,0.000019,0.000389,0.001743,0.000053,0.000000,0.082640,0.009079,0.623400,0.000349,0.000000,0.000000,0.000263,0,0
274800000000,275100000000,6283499093,108,351622826,0.000547,0.001333,0.001928,0.000027,0.000309,0.001387,0.000009,0.000000,0.005157,0.001642,0.926700,0.001563,0.000000,0.000000,0.000351,0,0
275100000000,275400000000,6283499093,108,351622826,0.000494,0.001282,0.001930,0.000024,0.000307,0.001305,0.000000,0.000000,0.001755,0.000000,3.541000,0.012150,0.000000,0.000000,0.000676,0,0
275400000000,275700000000,6283499093,108,351622826,0.000434,0.001293,0.001930,0.000024,0.000307,0.001303,0.000003,0.000000,0.005486,0.000357,2.307000,0.006302,0.000000,0.000000,0.000189,0,0
275700000000,276000000000,6283499093,108,351622826,0.000421,0.001287,0.001930,0.000024,0.000307,0.001307,0.000000,0.000000,0.005280,0.000072,3.394000,0.011230,0.000000,0.000000,0.000232,0,0
276000000000,276300000000,6283499093,108,351622826,0.000393,0.001286,0.001930,0.000024,0.000307,0.001293,0.000002,0.000000,0.005066,0.000571,3.147000,0.010340,0.000000,0.000000,0.000653,0,0
276300000000,276600000000,6283499093,108,351622826,0.000427,0.001291,0.001930,0.000024,0.000307,0.001305,0.000013,0.000000,0.010180,0.002285,2.472000,0.007215,0.000000,0.000000,0.000127,0,0
276600000000,276900000000,6283499093,108,351622826,0.000429,0.001287,0.001930,0.000025,0.000307,0.001297,0.000001,0.000000,0.007248,0.000143,2.538000,0.007409,0.000000,0.000000,0.000191,0,0
276900000000,277200000000,6283499093,108,351622826,0.000413,0.001293,0.001930,0.000025,0.000307,0.001303,0.000002,0.000000,0.006607,0.000643,2.509000,0.007051,0.000000,0.000000,0.000154,0,0
277200000000,277370000000,6283499093,108,351622826,0.000418,0.000958,0.001930,0.000027,0.000308,0.001303,0.000255,0.000000,0.027100,0.028080,2.781000,0.008444,0.000000,0.000000,0.000191,0,0
277370000000,277392000000,6283499093,108,351622826,0.000112,0.000000,0.000000,0.000000,0.000000,0.000000,0.000113,0.000000,0.002449,0.002499,2.762000,0.008200,0.000000,0.000000,0.000000,0,0
277392000000,277393000000,6283499093,108,351622826,0.000000,0.000000,0.000000,0.000000,0.000000,0.000000,0.000000,0.000000,0.000000,0.000000,2.762000,0.008200,0.000000,0.000000,0.000000,0,0
