272496000000,272582000000,6283499093,109,1271735,0.000000,0.000000,0.000000,0.000000,0.000000,0.000000,0.000000,0.000000,0.000000,0.000000,0.000000,0.000000,0.000000,0.000000,0.000000,0,0
272582000000,272700000000,6283499093,109,1271735,0.000654,0.001535,0.001827,0.000372,0.000796,0.001688,0.002251,0.000000,0.016780,0.057620,2.640000,0.008462,0.000000,0.000000,0.000495,0,0
272700000000,273000000000,6283499093,109,1271735,0.000355,0.000967,0.001829,0.000380,0.000822,0.001350,0.000000,0.000000,0.004234,0.000000,2.521000,0.007843,0.000000,0.000000,0.000290,0,0
273000000000,273300000000,6283499093,109,1271735,0.000359,0.000924,0.001829,0.000379,0.000822,0.000940,0.000001,0.000000,0.004356,0.000215,2.704000,0.008547,0.000000,0.000000,0.000647,0,0
273300000000,273600000000,6283499093,109,1271735,0.006073,0.001299,0.002121,0.000066,0.000229,0.001909,0.000016,0.000000,0.074460,0.002213,0.579400,0.000211,0.000000,0.000000,0.000678,0,0
273600000000,273900000000,6283499093,109,1271735,0.003315,0.001320,0.002064,0.000022,0.000116,0.001995,0.000031,0.000000,0.085080,0.002930,2.688000,0.008524,0.000000,0.000000,0.000653,0,0
273900000000,274200000000,6283499093,109,1271735,0.003201,0.001348,0.001942,0.000036,0.000120,0.001568,0.000055,0.000000,0.098020,0.009293,0.581300,0.000239,0.000000,0.000000,0.000182,0,0
274200000000,274500000000,6283499093,109,1271735,0.000372,0.001297,0.001942,0.000038,0.000124,0.001326,0.000013,0.000001,0.004265,0.002857,2.605000,0.008184,0.000000,0.000000,0.000186,0,0
274500000000,274800000000,6283499093,109,1271735,0.002934,0.001343,0.001940,0.000058,0.000149,0.001759,0.000378,0.000001,0.064090,0.037410,1.007000,0.001661,0.000000,0.000000,0.000082,0,0
274800000000,275100000000,6283499093,109,1271735,0.000463,0.001415,0.001938,0.000190,0.000338,0.001583,0.000001,0.000001,0.002102,0.000143,3.041000,0.010280,0.000000,0.000000,0.000213,0,0
275100000000,275400000000,6283499093,109,1271735,0.000474,0.001337,0.001938,0.000190,0.000338,0.001348,0.000001,0.000001,0.004608,0.000143,3.135000,0.011030,0.000000,0.000000,0.000403,0,0
275400000000,275700000000,6283499093,109,1271735,0.000406,0.001341,0.001940,0.000190,0.000338,0.001352,0.000001,0.000001,0.009537,0.000143,2.579000,0.008137,0.000000,0.000000,0.009537,0,0
275700000000,276000000000,6283499093,109,1271735,0.000392,0.001345,0.001940,0.000189,0.000338,0.001358,0.000000,0.000001,0.005234,0.000072,2.124000,0.005776,0.000000,0.000000,0.000179,0,0
276000000000,276300000000,6283499093,109,1271735,0.000425,0.001347,0.001940,0.000187,0.000336,0.001350,0.000000,0.000001,0.005165,0.000143,2.375000,0.006948,0.000000,0.000000,0.000674,0,0
276300000000,276600000000,6283499093,109,1271735,0.000435,0.001350,0.001940,0.000183,0.000331,0.001362,0.000002,0.000001,0.011580,0.000357,1.980000,0.005023,0.000000,0.000000,0.000586,0,0
276600000000,276900000000,6283499093,109,1271735,0.000446,0.001352,0.001940,0.000186,0.000335,0.001383,0.000034,0.000001,0.007401,0.009140,2.835000,0.009320,0.000000,0.000000,0.000507,0,0
276900000000,277200000000,6283499093,109,1271735,0.000377,0.001345,0.001940,0.000192,0.000340,0.001375,0.000000,0.000001,0.001394,0.000000,2.524000,0.007906,0.000000,0.000000,0.000202,0,0
277200000000,277500000000,6283499093,109,1271735,0.000408,0.001350,0.001940,0.000202,0.000351,0.001371,0.000007,0.000001,0.002842,0.000714,2.495000,0.007906,0.000000,0.000000,0.000392,0,0
277500000000,277800000000,6283499093,109,1271735,0.000400,0.001345,0.001940,0.000212,0.000361,0.001350,0.000009,0.000001,0.005157,0.001572,2.686000,0.008564,0.000000,0.000000,0.000784,0,0
277800000000,278100000000,6283499093,109,1271735,0.000472,0.001360,0.001940,0.000212,0.000362,0.001371,0.000005,0.000001,0.008774,0.000357,2.108000,0.006071,0.000000,0.000000,0.000354,0,0
278100000000,278400000000,6283499093,109,1271735,0.000412,0.001341,0.001940,0.000213,0.000362,0.001358,0.000004,0.000001,0.005447,0.000143,2.976000,0.009977,0.000000,0.000000,0.000398,0,0
278400000000,278700000000,6283499093,109,1271735,0.000340,0.001356,0.001940,0.000213,0.000363,0.001366,0.000004,0.000001,0.004417,0.000143,2.578000,0.007993,0.000000,0.000000,0.000104,0,0
278700000000,278900000000,6283499093,109,1271735,0.000477,0.001339,0.001940,0.000214,0.000363,0.001347,0.000220,0.000001,0.029510,0.023500,2.535000,0.007848,0.000000,0.000000,0.000068,0,0
278900000000,278911000000,6283499093,109,1271735,0.000145,0.000000,0.000000,0.000000,0.000000,0.000000,0.000026,0.000001,0.001593,0.000215,1.988000,0.005382,0.000000,0.000000,0.000000,0,0
278911000000,278913000000,6283499093,109,1271735,0.000000,0.000000,0.000000,0.000000,0.000000,0.000000,0.000000,0.000001,0.000000,0.000000,1.988000,0.005382,0.000000,0.000000,0.000000,0,0
