272491000000,272614000000,6283499093,11,1193864692,0.000000,0.000000,0.000000,0.000000,0.000000,0.000000,0.000000,0.000000,0.000000,0.000000,0.000000,0.000000,0.000000,0.000000,0.000000,0,0
272614000000,272700000000,6283499093,11,1193864692,0.000753,0.000910,0.001926,0.000133,0.000164,0.001181,0.001564,0.000000,0.026180,0.017430,1.280000,0.001729,0.000000,0.000000,0.000842,0,0
272700000000,273000000000,6283499093,11,1193864692,0.000354,0.000974,0.001923,0.000140,0.000216,0.001329,0.000000,0.000000,0.005402,0.000000,2.616000,0.006930,0.000000,0.000000,0.000144,0,0
273000000000,273300000000,6283499093,11,1193864692,0.000372,0.001028,0.001923,0.000136,0.000268,0.001345,0.000003,0.000000,0.004715,0.000643,2.373000,0.005961,0.000000,0.000000,0.004021,0,0
273300000000,273600000000,6283499093,11,1193864692,0.000359,0.001074,0.001923,0.000135,0.000308,0.001348,0.000000,0.000000,0.004097,0.000072,2.453000,0.006304,0.000000,0.000000,0.000193,0,0
273600000000,273900000000,6283499093,11,1193864692,0.000762,0.001160,0.001923,0.000136,0.000344,0.001509,0.000039,0.000000,0.029110,0.006927,2.616000,0.007203,0.000000,0.000000,0.000535,0,0
273900000000,274200000000,6283499093,11,1193864692,0.000576,0.001184,0.001919,0.000133,0.000298,0.001509,0.000001,0.000000,0.005211,0.000143,3.705000,0.011900,0.000000,0.000000,0.000958,0,0
274200000000,274500000000,6283499093,11,1193864692,0.000584,0.001144,0.001919,0.000131,0.000258,0.001482,0.000001,0.000000,0.011950,0.000143,3.704000,0.011780,0.000000,0.000000,0.000744,0,0
274500000000,274800000000,6283499093,11,1193864692,0.000440,0.001196,0.001921,0.000131,0.000305,0.001492,0.000000,0.000000,0.005760,0.000000,2.664000,0.007225,0.000000,0.000000,0.000501,0,0
274800000000,275100000000,6283499093,11,1193864692,0.000427,0.001223,0.001921,0.000131,0.000329,0.001493,0.000000,0.000000,0.005623,0.000072,2.934000,0.008487,0.000000,0.000000,0.000332,0,0
275100000000,275400000000,6283499093,11,1193864692,0.000372,0.001217,0.001923,0.000131,0.000326,0.001488,0.000000,0.000000,0.004974,0.000000,2.668000,0.007357,0.000000,0.000000,0.000239,0,0
275400000000,275700000000,6283499093,11,1193864692,0.000363,0.001240,0.001923,0.000131,0.000346,0.001493,0.000002,0.000000,0.004967,0.000143,2.588000,0.006892,0.000000,0.000000,0.000324,0,0
275700000000,276000000000,6283499093,11,1193864692,0.000398,0.001165,0.001921,0.000131,0.000272,0.001490,0.000000,0.000000,0.004959,0.000072,2.312000,0.005644,0.000000,0.000000,0.000094,0,0
276000000000,276300000000,6283499093,11,1193864692,0.000411,0.001160,0.001921,0.000131,0.000259,0.001499,0.000002,0.000000,0.006767,0.000143,2.802000,0.007785,0.000000,0.000000,0.000097,0,0
276300000000,276600000000,6283499093,11,1193864692,0.000434,0.001165,0.001921,0.000131,0.000263,0.001499,0.000000,0.000000,0.005768,0.000000,3.271000,0.009566,0.000000,0.000000,0.000443,0,0
276600000000,276900000000,6283499093,11,1193864692,0.000362,0.001247,0.001923,0.000131,0.000346,0.001501,0.000001,0.000000,0.006149,0.000143,2.549000,0.006754,0.000000,0.000000,0.000171,0,0
276900000000,277200000000,6283499093,11,1193864692,0.000458,0.001158,0.001921,0.000132,0.000256,0.001503,0.000002,0.000000,0.025510,0.000215,2.788000,0.007694,0.000000,0.000000,0.000277,0,0
277200000000,277500000000,6283499093,11,1193864692,0.000427,0.001148,0.001921,0.000134,0.000246,0.001497,0.000161,0.000000,0.001806,0.018070,3.447000,0.010420,0.000000,0.000000,0.000563,0,0
277500000000,277800000000,6283499093,11,1193864692,0.000378,0.001081,0.001921,0.000132,0.000171,0.001158,0.000014,0.000000,0.005249,0.001642,2.780000,0.007530,0.000000,0.000000,0.000127,0,0
277800000000,278100000000,6283499093,11,1193864692,0.000379,0.001097,0.001921,0.000134,0.000170,0.001188,0.000150,0.000000,0.005112,0.015560,2.743000,0.007291,0.000000,0.000000,0.000243,0,0
278100000000,278400000000,6283499093,11,1193864692,0.000418,0.001123,0.001921,0.000131,0.000173,0.001213,0.000005,0.000000,0.008133,0.000929,3.017000,0.008371,0.000000,0.000000,0.000358,0,0
278400000000,278700000000,6283499093,11,1193864692,0.003193,0.001232,0.001923,0.000136,0.000199,0.001778,0.000006,0.000000,0.075680,0.000571,0.644200,0.000350,0.000000,0.000000,0.000259,0,0
278700000000,278841000000,6283499093,11,1193864692,0.003731,0.001291,0.001921,0.000140,0.000194,0.001419,0.000690,0.000000,0.074710,0.039060,0.734600,0.000708,0.000000,0.000000,0.000912,0,0
278841000000,278850000000,6283499093,11,1193864692,0.000256,0.000028,0.000000,0.000028,0.000036,0.000251,0.000064,0.000000,0.002300,0.000571,0.601500,0.000269,0.000000,0.000000,0.000000,0,0
278850000000,278852000000,6283499093,11,1193864692,0.000000,0.000000,0.000000,0.000000,0.000000,0.000000,0.000000,0.000000,0.000000,0.000000,0.601500,0.000269,0.000000,0.000000,0.000000,0,0
