272496000000,272700000000,6283499093,110,1436561135,0.000000,0.000000,0.000000,0.000000,0.000000,0.000000,0.000000,0.000000,0.000000,0.000000,0.000000,0.000000,0.000000,0.000000,0.000000,0,0
272700000000,272752000000,6283499093,110,1436561135,0.000000,0.000000,0.000000,0.000000,0.000000,0.000000,0.000000,0.000000,0.000000,0.000000,0.000000,0.000000,0.000000,0.000000,0.000000,0,0
272752000000,273000000000,6283499093,110,1436561135,0.000436,0.001259,0.001890,0.000186,0.000533,0.001551,0.000781,0.000000,0.011290,0.012210,2.245000,0.006346,0.000000,0.000000,0.000169,0,0
273000000000,273300000000,6283499093,110,1436561135,0.000339,0.001328,0.001892,0.000191,0.000607,0.001360,0.000001,0.000000,0.003937,0.000072,2.079000,0.005529,0.000000,0.000000,0.000159,0,0
273300000000,273600000000,6283499093,110,1436561135,0.000332,0.001305,0.001892,0.000190,0.000577,0.001364,0.000001,0.000000,0.004158,0.000072,2.064000,0.005477,0.000000,0.000000,0.000386,0,0
273600000000,273900000000,6283499093,110,1436561135,0.000316,0.001272,0.001892,0.000190,0.000547,0.001366,0.000000,0.000000,0.003952,0.000072,2.232000,0.006248,0.000000,0.000000,0.000108,0,0
273900000000,274200000000,6283499093,110,1436561135,0.000378,0.001255,0.001890,0.000190,0.000514,0.001390,0.000002,0.000000,0.005585,0.000072,1.634000,0.003511,0.000000,0.000000,0.000136,0,0
274200000000,274500000000,6283499093,110,1436561135,0.000337,0.001196,0.001890,0.000189,0.000442,0.001389,0.000000,0.000000,0.003876,0.000000,2.256000,0.006355,0.000000,0.000000,0.000289,0,0
274500000000,274800000000,6283499093,110,1436561135,0.000326,0.001116,0.001890,0.000183,0.000353,0.001394,0.000002,0.000000,0.004089,0.000072,1.808000,0.004333,0.000000,0.000000,0.000274,0,0
274800000000,275100000000,6283499093,110,1436561135,0.000273,0.001019,0.001905,0.000183,0.000261,0.001390,0.000000,0.000000,0.003574,0.000000,1.875000,0.004536,0.000000,0.000000,0.000165,0,0
275100000000,275400000000,6283499093,110,1436561135,0.000279,0.001137,0.001925,0.000183,0.000388,0.001377,0.000000,0.000000,0.004982,0.000072,1.916000,0.004746,0.000000,0.000000,0.000134,0,0
275400000000,275700000000,6283499093,110,1436561135,0.000288,0.001318,0.001926,0.000183,0.000569,0.001381,0.000000,0.000000,0.004784,0.000072,1.752000,0.004053,0.000000,0.000000,0.000765,0,0
275700000000,276000000000,6283499093,110,1436561135,0.000278,0.001259,0.001925,0.000184,0.000510,0.001381,0.000001,0.000000,0.004356,0.000072,1.877000,0.004548,0.000000,0.000000,0.000536,0,0
276000000000,276300000000,6283499093,110,1436561135,0.000361,0.001215,0.001923,0.000189,0.000458,0.001408,0.000024,0.000000,0.010680,0.005859,1.953000,0.004856,0.000000,0.000000,0.000588,0,0
276300000000,276600000000,6283499093,110,1436561135,0.000347,0.001162,0.001921,0.000186,0.000393,0.001408,0.000002,0.000000,0.011430,0.000215,1.863000,0.004492,0.000000,0.000000,0.000797,0,0
276600000000,276900000000,6283499093,110,1436561135,0.000317,0.001089,0.001921,0.000184,0.000305,0.001413,0.000000,0.000000,0.006020,0.000072,2.155000,0.005687,0.000000,0.000000,0.000063,0,0
276900000000,277200000000,6283499093,110,1436561135,0.000425,0.001064,0.001921,0.000184,0.000294,0.001421,0.000001,0.000000,0.007622,0.000143,1.874000,0.004543,0.000000,0.000000,0.000673,0,0
277200000000,277500000000,6283499093,110,1436561135,0.000431,0.000713,0.001919,0.000194,0.000363,0.001085,0.000365,0.000000,0.004105,0.025730,2.582000,0.007920,0.000000,0.000000,0.000140,0,0
277500000000,277501000000,6283499093,110,1436561135,0.000000,0.000910,0.001932,0.000591,0.000591,0.000910,0.007217,0.000000,0.000000,0.007217,2.898000,0.009697,0.000000,0.000000,0.000000,0,0
277501000000,277514000000,6283499093,110,1436561135,0.000125,0.000000,0.000000,0.000000,0.000000,0.000000,0.000035,0.000000,0.001617,0.000357,2.898000,0.009697,0.000000,0.000000,0.000000,0,0
277514000000,277516000000,6283499093,110,1436561135,0.000000,0.000000,0.000000,0.000000,0.000000,0.000000,0.000000,0.000000,0.000000,0.000000,2.898000,0.009697,0.000000,0.000000,0.000000,0,0
