272492000000,272675000000,6283499093,111,317477957,0.000000,0.000000,0.000000,0.000000,0.000000,0.000000,0.000000,0.000000,0.000000,0.000072,0.000000,0.000000,0.000000,0.000000,0.000000,0,0
272675000000,272700000000,6283499093,111,317477957,0.001835,0.000950,0.001909,0.000316,0.000604,0.001709,0.007843,0.000000,0.017670,0.020420,0.000000,0.000000,0.000000,0.000000,0.000763,0,0
272700000000,273000000000,6283499093,111,317477957,0.000355,0.001253,0.001905,0.000382,0.000825,0.001707,0.000016,0.000000,0.005951,0.002571,3.329000,0.010480,0.000000,0.000000,0.000295,0,0
273000000000,273300000000,6283499093,111,317477957,0.000380,0.000971,0.001907,0.000379,0.000821,0.000994,0.000001,0.000000,0.006737,0.000072,3.690000,0.011900,0.000000,0.000000,0.000220,0,0
273300000000,273600000000,6283499093,111,317477957,0.000339,0.000988,0.001907,0.000378,0.000821,0.000999,0.000001,0.000000,0.005104,0.000428,4.272000,0.014650,0.000000,0.000000,0.000103,0,0
273600000000,273900000000,6283499093,111,317477957,0.000364,0.000990,0.001907,0.000378,0.000821,0.001005,0.000001,0.000000,0.002205,0.000357,3.108000,0.009458,0.000000,0.000000,0.000164,0,0
273900000000,274200000000,6283499093,111,317477957,0.000331,0.000994,0.001907,0.000378,0.000822,0.001007,0.000005,0.000000,0.004379,0.001286,2.780000,0.007871,0.000000,0.000000,0.000175,0,0
274200000000,274500000000,6283499093,111,317477957,0.000342,0.000992,0.001907,0.000378,0.000821,0.001003,0.000000,0.000000,0.004906,0.000072,3.289000,0.010320,0.000000,0.000000,0.000845,0,0
274500000000,274800000000,6283499093,111,317477957,0.000388,0.001036,0.001907,0.000382,0.000827,0.001064,0.000044,0.000000,0.009018,0.006500,5.643000,0.019780,0.000000,0.000000,0.000417,0,0
274800000000,275100000000,6283499093,111,317477957,0.000301,0.001005,0.001913,0.000379,0.000824,0.001013,0.000002,0.000000,0.001410,0.000643,3.513000,0.010910,0.000000,0.000000,0.000082,0,0
275100000000,275400000000,6283499093,111,317477957,0.000277,0.001003,0.001934,0.000379,0.000825,0.001015,0.000001,0.000000,0.002907,0.000143,3.469000,0.010580,0.000000,0.000000,0.000582,0,0
275400000000,275700000000,6283499093,111,317477957,0.000320,0.001017,0.001934,0.000379,0.000825,0.001030,0.000000,0.000000,0.002819,0.000000,4.337000,0.013900,0.000000,0.000000,0.000997,0,0
275700000000,276000000000,6283499093,111,317477957,0.000318,0.001013,0.001932,0.000379,0.000825,0.001030,0.000000,0.000000,0.004257,0.000072,3.827000,0.012160,0.000000,0.000000,0.000101,0,0
276000000000,276300000000,6283499093,111,317477957,0.000353,0.001060,0.001932,0.000379,0.000825,0.001089,0.000000,0.000000,0.023680,0.000072,1.732000,0.003322,0.000000,0.000000,0.000232,0,0
276300000000,276600000000,6283499093,111,317477957,0.005356,0.001699,0.002602,0.000059,0.000292,0.003124,0.000018,0.000000,0.057130,0.000857,3.225000,0.010270,0.000000,0.000000,0.000166,0,0
276600000000,276900000000,6283499093,111,317477957,0.000352,0.001289,0.001932,0.000010,0.000185,0.001303,0.000001,0.000000,0.004227,0.000143,2.221000,0.005270,0.000000,0.000000,0.000248,0,0
276900000000,277200000000,6283499093,111,317477957,0.000318,0.001287,0.001932,0.000009,0.000183,0.001305,0.000000,0.000000,0.002132,0.000072,3.926000,0.012940,0.000000,0.000000,0.000161,0,0
277200000000,277500000000,6283499093,111,317477957,0.000294,0.001272,0.001932,0.000013,0.000189,0.001286,0.000019,0.000000,0.004425,0.005211,4.018000,0.012780,0.000000,0.000000,0.000206,0,0
277500000000,277800000000,6283499093,111,317477957,0.000334,0.001259,0.001932,0.000017,0.000193,0.001270,0.000005,0.000000,0.005219,0.000286,2.660000,0.007485,0.000000,0.000000,0.000562,0,0
277800000000,278100000000,6283499093,111,317477957,0.000340,0.001247,0.001932,0.000017,0.000194,0.001261,0.000010,0.000000,0.004677,0.001715,3.126000,0.009283,0.000000,0.000000,0.000183,0,0
278100000000,278400000000,6283499093,111,317477957,0.001644,0.001287,0.001932,0.000024,0.000199,0.001553,0.000026,0.000000,0.044800,0.005142,3.427000,0.010340,0.000000,0.000000,0.000361,0,0
278400000000,278601000000,6283499093,111,317477957,0.001484,0.001339,0.001930,0.000043,0.000222,0.001490,0.000434,0.000000,0.047240,0.026790,3.129000,0.009537,0.000000,0.000000,0.000338,0,0
278601000000,278618000000,6283499093,111,317477957,0.000136,0.000000,0.000000,0.000000,0.000000,0.000000,0.000189,0.000000,0.002316,0.002930,2.480000,0.006966,0.000000,0.000000,0.000000,0,0
278618000000,278619000000,6283499093,111,317477957,0.000000,0.000000,0.000000,0.000000,0.000000,0.000000,0.000000,0.000000,0.000000,0.000000,2.480000,0.006966,0.000000,0.000000,0.000000,0,0
