272500000000,272575000000,6283499093,112,1436378204,0.000000,0.000000,0.000000,0.000000,0.000000,0.000000,0.000000,0.000000,0.000000,0.000000,0.000000,0.000000,0.000000,0.000000,0.000000,0,0
272575000000,272700000000,6283499093,112,1436378204,0.000659,0.001503,0.002098,0.000334,0.000769,0.001871,0.001669,0.000000,0.023740,0.067870,2.391000,0.007133,0.000000,0.000000,0.000177,0,0
272700000000,273000000000,6283499093,112,1436378204,0.000349,0.000945,0.001921,0.000336,0.000779,0.000992,0.000000,0.000000,0.004036,0.000000,3.036000,0.009983,0.000000,0.000000,0.000254,0,0
273000000000,273300000000,6283499093,112,1436378204,0.000346,0.000946,0.001930,0.000332,0.000775,0.000960,0.000000,0.000000,0.004173,0.000072,2.373000,0.007101,0.000000,0.000000,0.000436,0,0
273300000000,273600000000,6283499093,112,1436378204,0.000323,0.000950,0.001934,0.000332,0.000775,0.000958,0.000000,0.000000,0.004745,0.000000,2.575000,0.007571,0.000000,0.000000,0.000552,0,0
273600000000,273900000000,6283499093,112,1436378204,0.000321,0.000949,0.001936,0.000332,0.000775,0.000958,0.000000,0.000000,0.004478,0.000072,2.244000,0.006335,0.000000,0.000000,0.000709,0,0
273900000000,274200000000,6283499093,112,1436378204,0.000314,0.000942,0.001938,0.000332,0.000775,0.000958,0.000000,0.000000,0.004646,0.000000,2.285000,0.006535,0.000000,0.000000,0.000576,0,0
274200000000,274500000000,6283499093,112,1436378204,0.000307,0.000952,0.001938,0.000331,0.000775,0.000962,0.000001,0.000000,0.004974,0.000072,2.183000,0.006114,0.000000,0.000000,0.000570,0,0
274500000000,274800000000,6283499093,112,1436378204,0.000306,0.000943,0.001938,0.000331,0.000775,0.000946,0.000000,0.000000,0.004021,0.000000,2.141000,0.005889,0.000000,0.000000,0.000157,0,0
274800000000,275100000000,6283499093,112,1436378204,0.000298,0.000954,0.001938,0.000331,0.000775,0.000969,0.000001,0.000000,0.004265,0.000072,2.082000,0.005629,0.000000,0.000000,0.000080,0,0
275100000000,275400000000,6283499093,112,1436378204,0.000292,0.000946,0.001938,0.000331,0.000775,0.000956,0.000001,0.000000,0.003773,0.000143,2.346000,0.006679,0.000000,0.000000,0.000290,0,0
275400000000,275700000000,6283499093,112,1436378204,0.000295,0.000955,0.001938,0.000331,0.000775,0.000968,0.000000,0.000000,0.004234,0.000072,2.031000,0.005427,0.000000,0.000000,0.000112,0,0
275700000000,276000000000,6283499093,112,1436378204,0.000293,0.000950,0.001938,0.000331,0.000775,0.000959,0.000000,0.000000,0.004066,0.000000,2.083000,0.005616,0.000000,0.000000,0.000089,0,0
276000000000,276300000000,6283499093,112,1436378204,0.000313,0.000961,0.001938,0.000320,0.000764,0.000965,0.000001,0.000000,0.003975,0.000143,2.270000,0.006397,0.000000,0.000000,0.000123,0,0
276300000000,276600000000,6283499093,112,1436378204,0.000317,0.000948,0.001938,0.000315,0.000759,0.000963,0.000000,0.000000,0.000936,0.000000,2.211000,0.006161,0.000000,0.000000,0.000158,0,0
276600000000,276900000000,6283499093,112,1436378204,0.000306,0.000945,0.001938,0.000315,0.000759,0.000963,0.000000,0.000000,0.004410,0.000072,2.193000,0.006038,0.000000,0.000000,0.000215,0,0
276900000000,277200000000,6283499093,112,1436378204,0.000298,0.000941,0.001938,0.000315,0.000759,0.000945,0.000000,0.000000,0.004608,0.000000,2.197000,0.006039,0.000000,0.000000,0.000228,0,0
277200000000,277500000000,6283499093,112,1436378204,0.000311,0.000959,0.001938,0.000315,0.000759,0.000980,0.000002,0.000000,0.005249,0.000072,2.098000,0.005626,0.000000,0.000000,0.000547,0,0
277500000000,277800000000,6283499093,112,1436378204,0.000316,0.000973,0.001938,0.000311,0.000755,0.000982,0.000004,0.000000,0.005165,0.000286,2.160000,0.005937,0.000000,0.000000,0.000586,0,0
277800000000,278100000000,6283499093,112,1436378204,0.000339,0.000965,0.001938,0.000310,0.000755,0.000994,0.000006,0.000000,0.004341,0.000500,2.292000,0.006447,0.000000,0.000000,0.000586,0,0
278100000000,278109000000,6283499093,112,1436378204,0.000258,0.000837,0.001932,0.000309,0.000755,0.000900,0.000151,0.000000,0.000585,0.001286,2.648000,0.008007,0.000000,0.000000,0.000265,0,0
278109000000,278125000000,6283499093,112,1436378204,0.000135,0.000000,0.000000,0.000000,0.000000,0.000000,0.000027,0.000000,0.002171,0.000428,2.648000,0.008007,0.000000,0.000000,0.000000,0,0
278125000000,278126000000,6283499093,112,1436378204,0.000000,0.000000,0.000000,0.000000,0.000000,0.000000,0.000000,0.000000,0.000000,0.000000,2.648000,0.008007,0.000000,0.000000,0.000000,0,0
