272493000000,272604000000,6283499093,113,369092093,0.000000,0.000000,0.000000,0.000000,0.000000,0.000000,0.000000,0.000000,0.000000,0.000000,0.000000,0.000000,0.000000,0.000000,0.000000,0,0
272604000000,272700000000,6283499093,113,369092093,0.000762,0.001497,0.001925,0.000379,0.000729,0.001717,0.002632,0.000000,0.019290,0.057980,2.496000,0.007952,0.000000,0.000000,0.000601,0,0
272700000000,273000000000,6283499093,113,369092093,0.000383,0.001173,0.001923,0.000385,0.000658,0.001514,0.000000,0.000000,0.011290,0.000072,2.676000,0.008341,0.000000,0.000000,0.000614,0,0
273000000000,273300000000,6283499093,113,369092093,0.000452,0.001148,0.001921,0.000380,0.000623,0.001366,0.000002,0.000000,0.004379,0.000143,1.736000,0.003894,0.000000,0.000000,0.000595,0,0
273300000000,273600000000,6283499093,113,369092093,0.000368,0.001144,0.001921,0.000368,0.000596,0.001360,0.000000,0.000000,0.004608,0.000000,2.813000,0.008999,0.000000,0.000000,0.000112,0,0
273600000000,273900000000,6283499093,113,369092093,0.000339,0.001146,0.001921,0.000365,0.000596,0.001360,0.000001,0.000000,0.003677,0.000072,2.375000,0.007012,0.000000,0.000000,0.000213,0,0
273900000000,274200000000,6283499093,113,369092093,0.000352,0.001143,0.001923,0.000365,0.000591,0.001383,0.000020,0.000000,0.006096,0.005859,2.179000,0.005975,0.000000,0.000000,0.000088,0,0
274200000000,274500000000,6283499093,113,369092093,0.000335,0.001143,0.001921,0.000369,0.000581,0.001383,0.000008,0.000000,0.004021,0.001358,2.242000,0.006460,0.000000,0.000000,0.000092,0,0
274500000000,274800000000,6283499093,113,369092093,0.000326,0.001108,0.001921,0.000365,0.000547,0.001373,0.000000,0.000000,0.004013,0.000000,2.431000,0.007280,0.000000,0.000000,0.000068,0,0
274800000000,275100000000,6283499093,113,369092093,0.000300,0.001064,0.001921,0.000363,0.000505,0.001368,0.000000,0.000000,0.004059,0.000072,2.285000,0.006398,0.000000,0.000000,0.000248,0,0
275100000000,275400000000,6283499093,113,369092093,0.000303,0.001028,0.001919,0.000363,0.000470,0.001366,0.000000,0.000000,0.004120,0.000072,2.218000,0.006042,0.000000,0.000000,0.000092,0,0
275400000000,275700000000,6283499093,113,369092093,0.000300,0.000996,0.001919,0.000363,0.000437,0.001356,0.000000,0.000000,0.004448,0.000072,2.097000,0.005424,0.000000,0.000000,0.000267,0,0
275700000000,276000000000,6283499093,113,369092093,0.000311,0.000954,0.001919,0.000363,0.000397,0.001148,0.000001,0.000000,0.004517,0.000072,2.122000,0.005556,0.000000,0.000000,0.000585,0,0
276000000000,276300000000,6283499093,113,369092093,0.000350,0.001209,0.001923,0.000363,0.000647,0.001373,0.000001,0.000000,0.005051,0.000072,2.486000,0.006948,0.000000,0.000000,0.000271,0,0
276300000000,276600000000,6283499093,113,369092093,0.000372,0.001326,0.001925,0.000363,0.000761,0.001375,0.000000,0.000000,0.004761,0.000072,2.695000,0.008068,0.000000,0.000000,0.000567,0,0
276600000000,276900000000,6283499093,113,369092093,0.000344,0.001293,0.001925,0.000363,0.000725,0.001379,0.000001,0.000000,0.004593,0.000215,2.564000,0.007467,0.000000,0.000000,0.000135,0,0
276900000000,277200000000,6283499093,113,369092093,0.000440,0.001265,0.001923,0.000363,0.000690,0.001392,0.000002,0.000000,0.013750,0.000072,1.891000,0.004520,0.000000,0.000000,0.000152,0,0
277200000000,277399000000,6283499093,113,369092093,0.000681,0.001204,0.001921,0.000362,0.000632,0.001392,0.000022,0.000000,0.043820,0.001429,2.655000,0.007989,0.000000,0.000000,0.000313,0,0
277399000000,277415000000,6283499093,113,369092093,0.000198,0.000000,0.000000,0.000000,0.000000,0.000000,0.000054,0.000000,0.003178,0.000929,2.434000,0.007507,0.000000,0.000000,0.000000,0,0
277415000000,277417000000,6283499093,113,369092093,0.000000,0.000000,0.000000,0.000000,0.000000,0.000000,0.000000,0.000000,0.000000,0.000000,2.399000,0.007404,0.000000,0.000000,0.000000,0,0
