272502000000,272600000000,6283499093,114,336055764,0.000000,0.000000,0.000000,0.000000,0.000000,0.000000,0.000000,0.000000,0.000000,0.000000,0.000000,0.000000,0.000000,0.000000,0.000000,0,0
272600000000,272700000000,6283499093,114,336055764,0.000949,0.001465,0.001928,0.000284,0.000694,0.001625,0.002003,0.000000,0.035830,0.041440,3.000000,0.009862,0.000000,0.000000,0.000245,0,0
272700000000,273000000000,6283499093,114,336055764,0.000431,0.001011,0.001928,0.000295,0.000738,0.001411,0.000010,0.000000,0.005669,0.002785,3.108000,0.010010,0.000000,0.000000,0.000353,0,0
273000000000,273300000000,6283499093,114,336055764,0.000440,0.000940,0.001928,0.000294,0.000737,0.000961,0.000004,0.000000,0.005318,0.000571,3.142000,0.010230,0.000000,0.000000,0.000278,0,0
273300000000,273600000000,6283499093,114,336055764,0.000424,0.000963,0.001930,0.000294,0.000738,0.000970,0.000001,0.000000,0.004402,0.000357,2.565000,0.007598,0.000000,0.000000,0.000272,0,0
273600000000,273900000000,6283499093,114,336055764,0.000588,0.000971,0.001928,0.000292,0.000736,0.001083,0.000020,0.000000,0.009491,0.005432,2.484000,0.007365,0.000000,0.000000,0.000143,0,0
273900000000,274200000000,6283499093,114,336055764,0.000712,0.001074,0.001926,0.000292,0.000737,0.001106,0.000001,0.000000,0.005333,0.000072,4.800000,0.017900,0.000000,0.000000,0.000823,0,0
274200000000,274500000000,6283499093,114,336055764,0.002647,0.001152,0.002052,0.000256,0.000708,0.001356,0.000075,0.000000,0.074220,0.007568,0.663000,0.000442,0.000000,0.000000,0.000700,0,0
274500000000,274800000000,6283499093,114,336055764,0.000660,0.001213,0.001925,0.000194,0.000659,0.001280,0.000000,0.000000,0.005402,0.000000,4.073000,0.014660,0.000000,0.000000,0.000650,0,0
274800000000,275100000000,6283499093,114,336055764,0.000594,0.001192,0.001926,0.000193,0.000658,0.001205,0.000000,0.000000,0.004646,0.000072,4.826000,0.018340,0.000000,0.000000,0.000356,0,0
275100000000,275400000000,6283499093,114,336055764,0.000436,0.001204,0.001928,0.000195,0.000660,0.001228,0.000018,0.000000,0.007118,0.004929,3.109000,0.010220,0.000000,0.000000,0.000509,0,0
275400000000,275700000000,6283499093,114,336055764,0.000436,0.001186,0.001928,0.000193,0.000658,0.001217,0.000001,0.000000,0.006386,0.000072,2.952000,0.009576,0.000000,0.000000,0.000143,0,0
275700000000,276000000000,6283499093,114,336055764,0.000610,0.001207,0.001926,0.000195,0.000660,0.001244,0.000034,0.000000,0.020720,0.005432,3.260000,0.010600,0.000000,0.000000,0.000238,0,0
276000000000,276300000000,6283499093,114,336055764,0.000575,0.001209,0.001926,0.000195,0.000660,0.001247,0.000001,0.000000,0.008698,0.000072,4.199000,0.015160,0.000000,0.000000,0.000467,0,0
276300000000,276600000000,6283499093,114,336055764,0.000588,0.001209,0.001926,0.000210,0.000675,0.001230,0.000012,0.000000,0.006134,0.002071,2.855000,0.009145,0.000000,0.000000,0.000262,0,0
276600000000,276900000000,6283499093,114,336055764,0.000428,0.001188,0.001928,0.000221,0.000687,0.001198,0.000000,0.000000,0.006676,0.000072,4.114000,0.014670,0.000000,0.000000,0.000287,0,0
276900000000,277200000000,6283499093,114,336055764,0.000435,0.001188,0.001928,0.000221,0.000687,0.001196,0.000001,0.000000,0.004845,0.000072,3.160000,0.010070,0.000000,0.000000,0.000125,0,0
277200000000,277500000000,6283499093,114,336055764,0.000387,0.001183,0.001928,0.000221,0.000687,0.001204,0.000003,0.000000,0.005486,0.000215,2.824000,0.009077,0.000000,0.000000,0.001032,0,0
277500000000,277719000000,6283499093,114,336055764,0.000427,0.001190,0.001928,0.000221,0.000687,0.001204,0.000034,0.000000,0.004417,0.005783,2.677000,0.008017,0.000000,0.000000,0.000296,0,0
277719000000,277733000000,6283499093,114,336055764,0.000175,0.000000,0.000000,0.000000,0.000000,0.000000,0.000137,0.000000,0.002453,0.001928,2.649000,0.007975,0.000000,0.000000,0.000000,0,0
277733000000,277734000000,6283499093,114,336055764,0.000000,0.000000,0.000000,0.000000,0.000000,0.000000,0.000000,0.000000,0.000000,0.000000,2.649000,0.007975,0.000000,0.000000,0.000000,0,0
