272506000000,272582000000,6283499093,115,4346557207,0.000000,0.000000,0.000000,0.000000,0.000000,0.000000,0.000000,0.000000,0.000000,0.000000,0.000000,0.000000,0.000000,0.000000,0.000000,0,0
272582000000,272700000000,6283499093,115,4346557207,0.008865,0.001844,0.002918,0.000309,0.000750,0.002079,0.001677,0.000000,0.070070,0.049990,0.694700,0.000520,0.000000,0.000000,0.001049,0,0
272700000000,273000000000,6283499093,115,4346557207,0.000444,0.001287,0.001928,0.000224,0.000688,0.001810,0.000000,0.000000,0.004204,0.000072,2.747000,0.008672,0.000000,0.000000,0.000286,0,0
273000000000,273300000000,6283499093,115,4346557207,0.000413,0.001163,0.001928,0.000221,0.000686,0.001167,0.000008,0.000000,0.004204,0.002144,2.620000,0.007837,0.000000,0.000000,0.000292,0,0
273300000000,273600000000,6283499093,115,4346557207,0.000320,0.001177,0.001930,0.000220,0.000685,0.001198,0.000003,0.000000,0.006332,0.000571,2.173000,0.006191,0.000000,0.000000,0.000051,0,0
273600000000,273900000000,6283499093,115,4346557207,0.000360,0.001177,0.001930,0.000219,0.000685,0.001198,0.000000,0.000000,0.001238,0.000072,2.664000,0.008039,0.000000,0.000000,0.000088,0,0
273900000000,274200000000,6283499093,115,4346557207,0.002739,0.001358,0.002060,0.000039,0.000455,0.001789,0.000006,0.000000,0.086430,0.000286,0.588700,0.000238,0.000000,0.000000,0.000414,0,0
274200000000,274500000000,6283499093,115,4346557207,0.000755,0.001328,0.001932,0.000009,0.000417,0.001369,0.000013,0.000000,0.037900,0.000929,0.658300,0.000488,0.000000,0.000000,0.004471,0,0
274500000000,274800000000,6283499093,115,4346557207,0.000326,0.001274,0.001934,0.000009,0.000417,0.001293,0.000000,0.000000,0.001062,0.000072,2.156000,0.005662,0.000000,0.000000,0.000113,0,0
274800000000,275100000000,6283499093,115,4346557207,0.001247,0.001312,0.001934,0.000011,0.000420,0.001383,0.000010,0.000000,0.069700,0.000999,1.841000,0.004435,0.000000,0.000000,0.000174,0,0
275100000000,275400000000,6283499093,115,4346557207,0.001154,0.001305,0.001934,0.000014,0.000423,0.001396,0.000107,0.000000,0.067750,0.021270,1.895000,0.004821,0.000000,0.000000,0.000492,0,0
275400000000,275700000000,6283499093,115,4346557207,0.000279,0.001244,0.001934,0.000040,0.000453,0.001310,0.000005,0.000000,0.004547,0.001358,2.043000,0.005213,0.000000,0.000000,0.000080,0,0
275700000000,276000000000,6283499093,115,4346557207,0.000334,0.001223,0.001936,0.000036,0.000449,0.001236,0.000001,0.000000,0.004265,0.000072,2.157000,0.005953,0.000000,0.000000,0.000758,0,0
276000000000,276300000000,6283499093,115,4346557207,0.000384,0.001226,0.001936,0.000034,0.000446,0.001232,0.000001,0.000000,0.004745,0.000072,2.458000,0.007327,0.000000,0.000000,0.000507,0,0
276300000000,276600000000,6283499093,115,4346557207,0.000403,0.001225,0.001934,0.000034,0.000446,0.001232,0.000000,0.000000,0.004776,0.000000,2.509000,0.007765,0.000000,0.000000,0.000639,0,0
276600000000,276900000000,6283499093,115,4346557207,0.000357,0.001223,0.001934,0.000036,0.000449,0.001255,0.000023,0.000000,0.006454,0.006073,2.152000,0.006224,0.000000,0.000000,0.000345,0,0
276900000000,277200000000,6283499093,115,4346557207,0.000293,0.001215,0.001936,0.000041,0.000453,0.001247,0.000004,0.000000,0.004684,0.000643,1.948000,0.005162,0.000000,0.000000,0.000322,0,0
277200000000,277500000000,6283499093,115,4346557207,0.000287,0.001200,0.001936,0.000035,0.000448,0.001221,0.000005,0.000000,0.004295,0.000643,2.119000,0.006016,0.000000,0.000000,0.000160,0,0
277500000000,277800000000,6283499093,115,4346557207,0.000309,0.001225,0.001936,0.000051,0.000466,0.001247,0.000047,0.000000,0.004478,0.011220,1.737000,0.004213,0.000000,0.000000,0.000071,0,0
277800000000,278100000000,6283499093,115,4346557207,0.000298,0.001205,0.001936,0.000065,0.000483,0.001221,0.000009,0.000000,0.004601,0.001499,1.946000,0.005211,0.000000,0.000000,0.000055,0,0
278100000000,278400000000,6283499093,115,4346557207,0.000313,0.001204,0.001936,0.000066,0.000483,0.001215,0.000005,0.000000,0.004730,0.000357,2.262000,0.006621,0.000000,0.000000,0.000257,0,0
278400000000,278700000000,6283499093,115,4346557207,0.000335,0.001207,0.001936,0.000067,0.000483,0.001226,0.000003,0.000000,0.005295,0.000072,2.074000,0.005843,0.000000,0.000000,0.000092,0,0
278700000000,279000000000,6283499093,115,4346557207,0.000375,0.001217,0.001936,0.000070,0.000487,0.001265,0.000031,0.000000,0.012950,0.008286,1.894000,0.004708,0.000000,0.000000,0.000153,0,0
279000000000,279300000000,6283499093,115,4346557207,0.000361,0.001213,0.001936,0.000077,0.000496,0.001259,0.000002,0.000000,0.004623,0.000072,2.464000,0.007527,0.000000,0.000000,0.000149,0,0
279300000000,279349000000,6283499093,115,4346557207,0.000476,0.001215,0.001936,0.000077,0.000496,0.001225,0.000380,0.000000,0.005859,0.018430,2.498000,0.007601,0.000000,0.000000,0.000193,0,0
279349000000,279370000000,6283499093,115,4346557207,0.000115,0.000000,0.000000,0.000000,0.000000,0.000000,0.000010,0.000000,0.002419,0.000143,2.498000,0.007601,0.000000,0.000000,0.000000,0,0
279370000000,279371000000,6283499093,115,4346557207,0.000000,0.000000,0.000000,0.000000,0.000000,0.000000,0.000000,0.000000,0.000000,0.000000,2.498000,0.007601,0.000000,0.000000,0.000000,0,0
