272491000000,272654000000,6283499093,116,4820233297,0.000000,0.000000,0.000000,0.000000,0.000000,0.000000,0.000000,0.000000,0.000000,0.000000,0.000000,0.000000,0.000000,0.000000,0.000000,0,0
272654000000,272700000000,6283499093,116,4820233297,0.001320,0.001392,0.002201,0.000287,0.000659,0.001846,0.005821,0.000000,0.022370,0.052060,0.000000,0.000000,0.000000,0.000000,0.000073,0,0
272700000000,273000000000,6283499093,116,4820233297,0.000362,0.001112,0.001930,0.000318,0.000760,0.001663,0.000004,0.000000,0.008026,0.001072,3.148000,0.000000,0.000000,0.000000,0.000510,0,0
273000000000,273300000000,6283499093,116,4820233297,0.000385,0.000958,0.001930,0.000312,0.000755,0.000975,0.000000,0.000000,0.006195,0.000072,3.226000,0.000000,0.000000,0.000000,0.000390,0,0
273300000000,273600000000,6283499093,116,4820233297,0.000331,0.000956,0.001930,0.000312,0.000755,0.000972,0.000000,0.000000,0.003998,0.000000,2.885000,0.000000,0.000000,0.000000,0.000071,0,0
273600000000,273900000000,6283499093,116,4820233297,0.000359,0.000968,0.001930,0.000311,0.000755,0.000990,0.000003,0.000000,0.004852,0.000643,2.246000,0.000000,0.000000,0.000000,0.000224,0,0
273900000000,274200000000,6283499093,116,4820233297,0.000328,0.000977,0.001930,0.000311,0.000755,0.000990,0.000000,0.000000,0.004395,0.000143,3.744000,0.000000,0.000000,0.000000,0.000214,0,0
274200000000,274500000000,6283499093,116,4820233297,0.000351,0.000970,0.001930,0.000311,0.000755,0.000984,0.000002,0.000000,0.002392,0.000143,2.819000,0.000000,0.000000,0.000000,0.000579,0,0
274500000000,274800000000,6283499093,116,4820233297,0.000285,0.000969,0.001932,0.000311,0.000755,0.000986,0.000000,0.000000,0.002132,0.000072,2.639000,0.000000,0.000000,0.000000,0.000168,0,0
274800000000,275100000000,6283499093,116,4820233297,0.000303,0.000961,0.001934,0.000311,0.000755,0.000963,0.000000,0.000000,0.004158,0.000072,2.514000,0.000000,0.000000,0.000000,0.000207,0,0
275100000000,275400000000,6283499093,116,4820233297,0.000308,0.000964,0.001940,0.000311,0.000755,0.000978,0.000000,0.000000,0.004364,0.000000,2.431000,0.000000,0.000000,0.000000,0.000602,0,0
275400000000,275700000000,6283499093,116,4820233297,0.000311,0.000950,0.001942,0.000311,0.000755,0.000951,0.000001,0.000000,0.004356,0.000178,2.729000,0.000000,0.000000,0.000000,0.000084,0,0
275700000000,276000000000,6283499093,116,4820233297,0.000302,0.000959,0.001942,0.000311,0.000755,0.000972,0.000000,0.000000,0.005783,0.000000,2.414000,0.000000,0.000000,0.000000,0.000261,0,0
276000000000,276300000000,6283499093,116,4820233297,0.000308,0.000959,0.001942,0.000311,0.000755,0.000972,0.000001,0.000000,0.006760,0.000215,2.744000,0.000000,0.000000,0.000000,0.000592,0,0
276300000000,276600000000,6283499093,116,4820233297,0.000321,0.000967,0.001942,0.000311,0.000755,0.000978,0.000000,0.000000,0.004478,0.000000,3.346000,0.000000,0.000000,0.000000,0.000138,0,0
276600000000,276900000000,6283499093,116,4820233297,0.000333,0.000968,0.001942,0.000311,0.000755,0.000978,0.000001,0.000000,0.004082,0.000143,2.406000,0.000000,0.000000,0.000000,0.000246,0,0
276900000000,277200000000,6283499093,116,4820233297,0.000332,0.000977,0.001942,0.000311,0.000755,0.000984,0.000000,0.000000,0.004295,0.000072,2.751000,0.000000,0.000000,0.000000,0.000315,0,0
277200000000,277500000000,6283499093,116,4820233297,0.000327,0.000974,0.001942,0.000311,0.000755,0.000992,0.000002,0.000000,0.004517,0.000143,2.742000,0.000000,0.000000,0.000000,0.000556,0,0
277500000000,277800000000,6283499093,116,4820233297,0.000304,0.000982,0.001942,0.000311,0.000755,0.000996,0.000007,0.000000,0.001396,0.000929,2.808000,0.000000,0.000000,0.000000,0.000670,0,0
277800000000,278019000000,6283499093,116,4820233297,0.000331,0.000967,0.001942,0.000311,0.000755,0.000976,0.000013,0.000000,0.035030,0.002071,2.507000,0.000000,0.000000,0.000000,0.000145,0,0
278019000000,278038000000,6283499093,116,4820233297,0.000224,0.000000,0.000000,0.000000,0.000000,0.000000,0.000125,0.000000,0.000609,0.001215,2.535000,0.000000,0.000000,0.000000,0.000000,0,0
278038000000,278040000000,6283499093,116,4820233297,0.000000,0.000000,0.000000,0.000000,0.000000,0.000000,0.000000,0.000000,0.000000,0.000000,2.535000,0.000000,0.000000,0.000000,0.000000,0,0
