272500000000,272566000000,6283499093,117,1324478,0.000000,0.000000,0.000000,0.000000,0.000000,0.000000,0.000000,0.000000,0.000000,0.000000,0.000000,0.000000,0.000000,0.000000,0.000000,0,0
272566000000,272700000000,6283499093,117,1324478,0.000823,0.001556,0.001925,0.000379,0.000812,0.001711,0.001375,0.000000,0.018310,0.070310,1.655000,0.003374,0.000000,0.000000,0.000559,0,0
272700000000,273000000000,6283499093,117,1324478,0.000464,0.000990,0.001926,0.000380,0.000822,0.001280,0.000001,0.000000,0.004669,0.000143,3.046000,0.009715,0.000000,0.000000,0.000244,0,0
273000000000,273300000000,6283499093,117,1324478,0.000465,0.000963,0.001928,0.000378,0.000821,0.000973,0.000004,0.000000,0.004387,0.001143,3.848000,0.012980,0.000000,0.000000,0.000470,0,0
273300000000,273600000000,6283499093,117,1324478,0.003258,0.001282,0.002064,0.000146,0.000555,0.001934,0.000145,0.000000,0.091920,0.023220,4.398000,0.015200,0.000000,0.000000,0.000958,0,0
273600000000,273900000000,6283499093,117,1324478,0.000651,0.001200,0.001925,0.000059,0.000453,0.001205,0.000001,0.000000,0.001894,0.000286,4.532000,0.016040,0.000000,0.000000,0.000375,0,0
273900000000,274200000000,6283499093,117,1324478,0.000456,0.001183,0.001928,0.000058,0.000452,0.001200,0.000000,0.000000,0.005264,0.000000,3.347000,0.010910,0.000000,0.000000,0.000169,0,0
274200000000,274500000000,6283499093,117,1324478,0.000379,0.001188,0.001928,0.000057,0.000452,0.001207,0.000001,0.000000,0.005592,0.000286,2.307000,0.006271,0.000000,0.000000,0.000670,0,0
274500000000,274800000000,6283499093,117,1324478,0.000358,0.001181,0.001928,0.000056,0.000451,0.001190,0.000000,0.000000,0.005402,0.000072,2.543000,0.007294,0.000000,0.000000,0.000451,0,0
274800000000,275100000000,6283499093,117,1324478,0.000361,0.001183,0.001930,0.000056,0.000451,0.001207,0.000000,0.000000,0.005661,0.000072,2.449000,0.006872,0.000000,0.000000,0.000120,0,0
275100000000,275400000000,6283499093,117,1324478,0.000345,0.001184,0.001930,0.000056,0.000451,0.001205,0.000004,0.000000,0.005348,0.000857,2.808000,0.008121,0.000000,0.000000,0.000154,0,0
275400000000,275700000000,6283499093,117,1324478,0.000364,0.001181,0.001930,0.000055,0.000450,0.001196,0.000002,0.000000,0.005302,0.000571,2.577000,0.007216,0.000000,0.000000,0.000481,0,0
275700000000,276000000000,6283499093,117,1324478,0.000358,0.001184,0.001930,0.000056,0.000450,0.001200,0.000000,0.000000,0.005257,0.000072,2.623000,0.007283,0.000000,0.000000,0.000540,0,0
276000000000,276300000000,6283499093,117,1324478,0.000414,0.001188,0.001928,0.000056,0.000450,0.001198,0.000000,0.000000,0.005554,0.000072,2.837000,0.008495,0.000000,0.000000,0.000518,0,0
276300000000,276600000000,6283499093,117,1324478,0.000415,0.001200,0.001928,0.000056,0.000451,0.001205,0.000000,0.000000,0.005119,0.000000,3.089000,0.009504,0.000000,0.000000,0.000266,0,0
276600000000,276900000000,6283499093,117,1324478,0.000468,0.001186,0.001928,0.000057,0.000452,0.001228,0.000025,0.000000,0.007164,0.007072,2.855000,0.008463,0.000000,0.000000,0.000418,0,0
276900000000,277200000000,6283499093,117,1324478,0.000526,0.001219,0.001928,0.000059,0.000454,0.001245,0.000001,0.000000,0.005264,0.000143,3.398000,0.011250,0.000000,0.000000,0.000437,0,0
277200000000,277500000000,6283499093,117,1324478,0.000521,0.001207,0.001928,0.000057,0.000452,0.001225,0.000014,0.000000,0.008713,0.001715,3.386000,0.010910,0.000000,0.000000,0.000156,0,0
277500000000,277800000000,6283499093,117,1324478,0.000362,0.001211,0.001930,0.000058,0.000453,0.001223,0.000006,0.000000,0.005432,0.000643,2.648000,0.007546,0.000000,0.000000,0.000114,0,0
277800000000,278100000000,6283499093,117,1324478,0.000360,0.001209,0.001930,0.000058,0.000453,0.001219,0.000004,0.000000,0.005112,0.000143,2.904000,0.008604,0.000000,0.000000,0.000609,0,0
278100000000,278400000000,6283499093,117,1324478,0.000341,0.001200,0.001930,0.000058,0.000453,0.001204,0.000006,0.000000,0.005157,0.000428,2.321000,0.006188,0.000000,0.000000,0.000122,0,0
278400000000,278700000000,6283499093,117,1324478,0.000380,0.001217,0.001930,0.000058,0.000453,0.001270,0.000049,0.000000,0.003330,0.013500,2.432000,0.006508,0.000000,0.000000,0.003330,0,0
278700000000,279000000000,6283499093,117,1324478,0.000373,0.001223,0.001928,0.000095,0.000495,0.001274,0.000006,0.000000,0.005417,0.000643,2.748000,0.007935,0.000000,0.000000,0.000206,0,0
279000000000,279199000000,6283499093,117,1324478,0.000421,0.001183,0.001930,0.000095,0.000495,0.001202,0.000071,0.000000,0.037410,0.013780,2.343000,0.006290,0.000000,0.000000,0.000635,0,0
279199000000,279212000000,6283499093,117,1324478,0.000212,0.000000,0.000000,0.000000,0.000000,0.000000,0.000000,0.000000,0.002750,0.000000,2.338000,0.006131,0.000000,0.000000,0.000000,0,0
279212000000,279213000000,6283499093,117,1324478,0.000000,0.000000,0.000000,0.000000,0.000000,0.000000,0.000000,0.000000,0.000000,0.000000,2.338000,0.006131,0.000000,0.000000,0.000000,0,0
