272500000000,272700000000,6283499093,118,257502305,0.000000,0.000000,0.000000,0.000000,0.000000,0.000000,0.000000,0.000000,0.000000,0.000000,0.000000,0.000000,0.000000,0.000000,0.000000,0,0
272700000000,272932000000,6283499093,118,257502305,0.000000,0.000000,0.000000,0.000000,0.000000,0.000000,0.000000,0.000000,0.000000,0.000000,0.000000,0.000000,0.000000,0.000000,0.000000,0,0
272932000000,273000000000,6283499093,118,257502305,0.000770,0.001017,0.001936,0.000315,0.000615,0.001696,0.001961,0.000000,0.010640,0.011140,3.047000,0.009352,0.000000,0.000000,0.000560,0,0
273000000000,273300000000,6283499093,118,257502305,0.000312,0.001158,0.001930,0.000374,0.000816,0.001711,0.000004,0.000000,0.006714,0.000500,2.120000,0.006535,0.000000,0.000000,0.000353,0,0
273300000000,273600000000,6283499093,118,257502305,0.000329,0.000953,0.001930,0.000366,0.000810,0.000982,0.000005,0.000000,0.002407,0.001358,6.968000,0.029860,0.000000,0.000000,0.000434,0,0
273600000000,273900000000,6283499093,118,257502305,0.000196,0.000976,0.001932,0.000365,0.000811,0.000984,0.000005,0.000000,0.001440,0.001215,16.710000,0.076800,0.000000,0.000000,0.000098,0,0
273900000000,274200000000,6283499093,118,257502305,0.000213,0.000988,0.001934,0.000365,0.000811,0.000997,0.000001,0.000000,0.004845,0.000143,6.637000,0.028070,0.000000,0.000000,0.000169,0,0
274200000000,274500000000,6283499093,118,257502305,0.000211,0.000994,0.001932,0.000365,0.000811,0.000999,0.000000,0.000000,0.001558,0.000000,21.160000,0.098470,0.000000,0.000000,0.000330,0,0
274500000000,274800000000,6283499093,118,257502305,0.000197,0.000984,0.001934,0.000365,0.000811,0.000992,0.000001,0.000000,0.002010,0.000286,18.040000,0.082370,0.000000,0.000000,0.000141,0,0
274800000000,275100000000,6283499093,118,257502305,0.000171,0.000994,0.001934,0.000365,0.000811,0.001001,0.000004,0.000000,0.001537,0.000571,18.400000,0.084200,0.000000,0.000000,0.000094,0,0
275100000000,275400000000,6283499093,118,257502305,0.000172,0.000978,0.001934,0.000365,0.000811,0.000982,0.000000,0.000000,0.001415,0.000072,16.910000,0.077260,0.000000,0.000000,0.000156,0,0
275400000000,275700000000,6283499093,118,257502305,0.000161,0.000980,0.001934,0.000365,0.000811,0.000984,0.000000,0.000000,0.002193,0.000000,21.590000,0.100100,0.000000,0.000000,0.000101,0,0
275700000000,276000000000,6283499093,118,257502305,0.000222,0.000978,0.001934,0.000365,0.000811,0.000980,0.000000,0.000000,0.001385,0.000072,3.580000,0.012270,0.000000,0.000000,0.000149,0,0
276000000000,276300000000,6283499093,118,257502305,0.000146,0.000977,0.001934,0.000365,0.000811,0.000982,0.000000,0.000000,0.004021,0.000000,6.299000,0.025900,0.000000,0.000000,0.000309,0,0
276300000000,276600000000,6283499093,118,257502305,0.000145,0.000986,0.001934,0.000365,0.000811,0.000994,0.000000,0.000000,0.000874,0.000000,4.475000,0.017950,0.000000,0.000000,0.000086,0,0
276600000000,276900000000,6283499093,118,257502305,0.000153,0.000975,0.001934,0.000366,0.000811,0.000986,0.000001,0.000000,0.000824,0.000428,21.290000,0.095720,0.000000,0.000000,0.000024,0,0
276900000000,277200000000,6283499093,118,257502305,0.000155,0.000976,0.001934,0.000365,0.000811,0.000980,0.000001,0.000000,0.000871,0.000072,15.660000,0.067720,0.000000,0.000000,0.000164,0,0
277200000000,277500000000,6283499093,118,257502305,0.000178,0.000978,0.001934,0.000365,0.000811,0.000982,0.000013,0.000000,0.001402,0.002930,6.597000,0.026460,0.000000,0.000000,0.000225,0,0
277500000000,277800000000,6283499093,118,257502305,0.000216,0.000992,0.001934,0.000365,0.000811,0.001003,0.000012,0.000000,0.004601,0.001642,5.106000,0.019440,0.000000,0.000000,0.000104,0,0
277800000000,278100000000,6283499093,118,257502305,0.000215,0.000988,0.001934,0.000365,0.000812,0.001003,0.000018,0.000000,0.003830,0.001072,5.162000,0.019740,0.000000,0.000000,0.000116,0,0
278100000000,278400000000,6283499093,118,257502305,0.000258,0.000988,0.001934,0.000365,0.000812,0.000999,0.000020,0.000000,0.003857,0.002930,2.625000,0.008493,0.000000,0.000000,0.000931,0,0
278400000000,278700000000,6283499093,118,257502305,0.000212,0.001049,0.001932,0.000356,0.000812,0.001085,0.000016,0.000000,0.003773,0.001785,3.329000,0.012090,0.000000,0.000000,0.000279,0,0
278700000000,279000000000,6283499093,118,257502305,0.000216,0.001020,0.001932,0.000353,0.000812,0.001036,0.000007,0.000000,0.023190,0.001072,6.803000,0.028860,0.000000,0.000000,0.000168,0,0
279000000000,279300000000,6283499093,118,257502305,0.000192,0.001017,0.001932,0.000353,0.000812,0.001019,0.000005,0.000000,0.002892,0.000571,4.849000,0.019580,0.000000,0.000000,0.000198,0,0
279300000000,279600000000,6283499093,118,257502305,0.000194,0.001036,0.001932,0.000351,0.000812,0.001064,0.000020,0.000000,0.004509,0.002785,4.675000,0.018880,0.000000,0.000000,0.000145,0,0
279600000000,279900000000,6283499093,118,257502305,0.000203,0.001022,0.001932,0.000351,0.000812,0.001040,0.000007,0.000000,0.003914,0.001143,6.788000,0.028560,0.000000,0.000000,0.000165,0,0
279900000000,280200000000,6283499093,118,257502305,0.000217,0.001047,0.001932,0.000351,0.000812,0.001068,0.000014,0.000000,0.001848,0.001072,4.968000,0.020310,0.000000,0.000000,0.000272,0,0
280200000000,280500000000,6283499093,118,257502305,0.000229,0.001051,0.001932,0.000351,0.000812,0.001078,0.000001,0.000000,0.004211,0.000072,8.020000,0.034640,0.000000,0.000000,0.000049,0,0
280500000000,280800000000,6283499093,118,257502305,0.000226,0.001030,0.001932,0.000351,0.000812,0.001040,0.000006,0.000000,0.001965,0.000786,3.997000,0.015770,0.000000,0.000000,0.000155,0,0
280800000000,281100000000,6283499093,118,257502305,0.000216,0.000673,0.001932,0.000351,0.000813,0.001053,0.000017,0.000000,0.002987,0.001429,4.550000,0.017980,0.000000,0.000000,0.000121,0,0
281100000000,281400000000,6283499093,118,257502305,0.000211,0.000595,0.001932,0.000351,0.000813,0.000623,0.000005,0.000000,0.001509,0.000643,2.734000,0.009551,0.000000,0.000000,0.000154,0,0
281400000000,281700000000,6283499093,118,257502305,0.000197,0.000593,0.001932,0.000352,0.000813,0.000624,0.000006,0.000000,0.001289,0.000857,4.564000,0.018080,0.000000,0.000000,0.000393,0,0
281700000000,281779000000,6283499093,118,257502305,0.000214,0.000588,0.001932,0.000351,0.000813,0.000611,0.000004,0.000000,0.001488,0.000286,2.827000,0.010120,0.000000,0.000000,0.000159,0,0
281779000000,281793000000,6283499093,118,257502305,0.000210,0.000000,0.000000,0.000000,0.000000,0.000000,0.000124,0.000000,0.002934,0.001286,2.641000,0.008924,0.000000,0.000000,0.000000,0,0
281793000000,281795000000,6283499093,118,257502305,0.000000,0.000000,0.000000,0.000000,0.000000,0.000000,0.000000,0.000000,0.000000,0.000000,2.641000,0.008924,0.000000,0.000000,0.000000,0,0
