272501000000,272601000000,6283499093,119,3853067458,0.000000,0.000000,0.000000,0.000000,0.000000,0.000000,0.000000,0.000000,0.000000,0.000000,0.000000,0.000000,0.000000,0.000000,0.000000,0,0
272601000000,272700000000,6283499093,119,3853067458,0.000746,0.001499,0.001932,0.000280,0.000701,0.001617,0.001186,0.000000,0.032040,0.046140,1.358000,0.002580,0.000000,0.000000,0.000210,0,0
272700000000,273000000000,6283499093,119,3853067458,0.000308,0.000996,0.001934,0.000278,0.000721,0.001421,0.000000,0.000000,0.001404,0.000000,3.839000,0.013070,0.000000,0.000000,0.000251,0,0
273000000000,273300000000,6283499093,119,3853067458,0.000322,0.000934,0.001934,0.000279,0.000723,0.000952,0.000004,0.000000,0.011920,0.000571,3.033000,0.009403,0.000000,0.000000,0.000269,0,0
273300000000,273600000000,6283499093,119,3853067458,0.000294,0.000930,0.001934,0.000282,0.000727,0.000945,0.000005,0.000000,0.003563,0.001429,3.547000,0.011590,0.000000,0.000000,0.000345,0,0
273600000000,273900000000,6283499093,119,3853067458,0.000293,0.000937,0.001934,0.000283,0.000728,0.000945,0.000003,0.000000,0.005241,0.000571,3.021000,0.009225,0.000000,0.000000,0.000315,0,0
273900000000,274200000000,6283499093,119,3853067458,0.000292,0.000941,0.001934,0.000283,0.000728,0.000948,0.000000,0.000000,0.003578,0.000000,3.609000,0.011720,0.000000,0.000000,0.000085,0,0
274200000000,274500000000,6283499093,119,3853067458,0.000292,0.000932,0.001934,0.000283,0.000728,0.000947,0.000003,0.000000,0.004234,0.000428,2.928000,0.009092,0.000000,0.000000,0.000106,0,0
274500000000,274800000000,6283499093,119,3853067458,0.000294,0.000951,0.001934,0.000283,0.000728,0.000953,0.000000,0.000000,0.007156,0.000072,1.935000,0.004860,0.000000,0.000000,0.000246,0,0
274800000000,275100000000,6283499093,119,3853067458,0.000278,0.000942,0.001934,0.000283,0.000728,0.000954,0.000001,0.000000,0.001705,0.000072,3.302000,0.010700,0.000000,0.000000,0.000594,0,0
275100000000,275400000000,6283499093,119,3853067458,0.000275,0.000935,0.001934,0.000283,0.000728,0.000945,0.000000,0.000000,0.004852,0.000000,2.467000,0.006964,0.000000,0.000000,0.000105,0,0
275400000000,275700000000,6283499093,119,3853067458,0.000269,0.000943,0.001934,0.000283,0.000728,0.000954,0.000000,0.000000,0.003853,0.000072,2.919000,0.008980,0.000000,0.000000,0.000258,0,0
275700000000,276000000000,6283499093,119,3853067458,0.000278,0.000941,0.001934,0.000283,0.000728,0.000953,0.000000,0.000000,0.001274,0.000000,2.883000,0.008757,0.000000,0.000000,0.000085,0,0
276000000000,276300000000,6283499093,119,3853067458,0.000284,0.000936,0.001934,0.000283,0.000728,0.000947,0.000000,0.000000,0.004829,0.000072,2.637000,0.007601,0.000000,0.000000,0.000086,0,0
276300000000,276600000000,6283499093,119,3853067458,0.000302,0.000941,0.001934,0.000283,0.000728,0.000958,0.000004,0.000000,0.004013,0.001143,3.068000,0.009301,0.000000,0.000000,0.001614,0,0
276600000000,276900000000,6283499093,119,3853067458,0.000292,0.000948,0.001934,0.000283,0.000728,0.000956,0.000001,0.000000,0.008896,0.000143,2.826000,0.008578,0.000000,0.000000,0.000151,0,0
276900000000,277200000000,6283499093,119,3853067458,0.000281,0.000945,0.001934,0.000283,0.000728,0.000959,0.000000,0.000000,0.004562,0.000000,2.688000,0.007963,0.000000,0.000000,0.000233,0,0
277200000000,277500000000,6283499093,119,3853067458,0.000307,0.000984,0.001930,0.000283,0.000653,0.001320,0.000006,0.000000,0.001732,0.000643,3.025000,0.009441,0.000000,0.000000,0.000156,0,0
277500000000,277800000000,6283499093,119,3853067458,0.000340,0.001078,0.001926,0.000288,0.000483,0.001324,0.000103,0.000000,0.007538,0.010570,2.815000,0.008833,0.000000,0.000000,0.000783,0,0
277800000000,278100000000,6283499093,119,3853067458,0.000371,0.001053,0.001925,0.000284,0.000415,0.001156,0.000075,0.000000,0.002197,0.009506,3.033000,0.009603,0.000000,0.000000,0.000136,0,0
278100000000,278400000000,6283499093,119,3853067458,0.000324,0.001034,0.001930,0.000384,0.000481,0.001123,0.000207,0.000000,0.001497,0.033390,3.006000,0.009587,0.000000,0.000000,0.000373,0,0
278400000000,278700000000,6283499093,119,3853067458,0.000331,0.001015,0.001932,0.000403,0.000513,0.001034,0.000041,0.000000,0.001629,0.009995,2.586000,0.007960,0.000000,0.000000,0.000570,0,0
278700000000,279000000000,6283499093,119,3853067458,0.000300,0.000996,0.001932,0.000404,0.000517,0.001007,0.000002,0.000000,0.004631,0.000286,2.889000,0.008494,0.000000,0.000000,0.000135,0,0
279000000000,279040000000,6283499093,119,3853067458,0.000404,0.000988,0.001932,0.000409,0.000520,0.000994,0.000721,0.000000,0.003139,0.015430,2.673000,0.007536,0.000000,0.000000,0.000239,0,0
279040000000,279058000000,6283499093,119,3853067458,0.000125,0.000010,0.000000,0.000000,0.000000,0.000190,0.000024,0.000000,0.002243,0.000428,2.276000,0.006199,0.000000,0.000000,0.000000,0,0
279058000000,279059000000,6283499093,119,3853067458,0.000000,0.000000,0.000000,0.000000,0.000000,0.000000,0.000000,0.000000,0.000000,0.000000,2.276000,0.006199,0.000000,0.000000,0.000000,0,0
