272510000000,272556000000,6283499093,12,1436310757,0.000000,0.000000,0.000000,0.000000,0.000000,0.000000,0.000000,0.000000,0.000000,0.000000,0.000000,0.000000,0.000000,0.000000,0.000000,0,0
272556000000,272700000000,6283499093,12,1436310757,0.000639,0.001081,0.001925,0.000153,0.000308,0.001469,0.000539,0.000000,0.019380,0.018800,2.937000,0.009418,0.000000,0.000000,0.000141,0,0
272700000000,273000000000,6283499093,12,1436310757,0.000359,0.000939,0.001923,0.000156,0.000225,0.001299,0.000008,0.000000,0.004860,0.002144,2.737000,0.008462,0.000000,0.000000,0.000141,0,0
273000000000,273300000000,6283499093,12,1436310757,0.000360,0.001043,0.001923,0.000156,0.000326,0.001322,0.000005,0.000000,0.009598,0.001072,3.160000,0.009981,0.000000,0.000000,0.000212,0,0
273300000000,273600000000,6283499093,12,1436310757,0.000317,0.001156,0.001926,0.000156,0.000436,0.001322,0.000000,0.000000,0.004776,0.000000,2.908000,0.008823,0.000000,0.000000,0.000090,0,0
273600000000,273900000000,6283499093,12,1436310757,0.000329,0.001097,0.001926,0.000156,0.000376,0.001322,0.000000,0.000000,0.004814,0.000072,2.620000,0.007415,0.000000,0.000000,0.000789,0,0
273900000000,274200000000,6283499093,12,1436310757,0.000333,0.001171,0.001926,0.000156,0.000448,0.001328,0.000000,0.000000,0.002224,0.000000,2.634000,0.007611,0.000000,0.000000,0.000234,0,0
274200000000,274500000000,6283499093,12,1436310757,0.000336,0.001053,0.001923,0.000156,0.000326,0.001329,0.000004,0.000000,0.003914,0.000571,2.720000,0.008064,0.000000,0.000000,0.000283,0,0
274500000000,274800000000,6283499093,12,1436310757,0.000347,0.001143,0.001926,0.000156,0.000414,0.001329,0.000000,0.000000,0.004539,0.000072,2.614000,0.007644,0.000000,0.000000,0.000092,0,0
274800000000,275100000000,6283499093,12,1436310757,0.000342,0.001099,0.001925,0.000156,0.000371,0.001331,0.000000,0.000000,0.005196,0.000072,3.159000,0.009812,0.000000,0.000000,0.001163,0,0
275100000000,275400000000,6283499093,12,1436310757,0.000318,0.001127,0.001926,0.000156,0.000398,0.001331,0.000000,0.000000,0.004936,0.000072,3.048000,0.009722,0.000000,0.000000,0.000540,0,0
275400000000,275700000000,6283499093,12,1436310757,0.000307,0.001108,0.001925,0.000156,0.000380,0.001329,0.000001,0.000000,0.005348,0.000143,2.473000,0.007211,0.000000,0.000000,0.000383,0,0
275700000000,276000000000,6283499093,12,1436310757,0.000334,0.001112,0.001926,0.000156,0.000378,0.001335,0.000002,0.000000,0.004082,0.000643,2.419000,0.006761,0.000000,0.000000,0.000166,0,0
276000000000,276300000000,6283499093,12,1436310757,0.000345,0.001148,0.001926,0.000156,0.000409,0.001341,0.000005,0.000000,0.005150,0.000929,2.636000,0.007639,0.000000,0.000000,0.000487,0,0
276300000000,276600000000,6283499093,12,1436310757,0.000347,0.001146,0.001926,0.000155,0.000403,0.001352,0.000000,0.000000,0.004272,0.000072,2.419000,0.006665,0.000000,0.000000,0.000529,0,0
276600000000,276900000000,6283499093,12,1436310757,0.000357,0.001167,0.001926,0.000155,0.000415,0.001354,0.000001,0.000000,0.005470,0.000143,1.972000,0.004879,0.000000,0.000000,0.000092,0,0
276900000000,277200000000,6283499093,12,1436310757,0.000350,0.001108,0.001925,0.000155,0.000355,0.001354,0.000000,0.000000,0.004601,0.000000,3.098000,0.009888,0.000000,0.000000,0.000232,0,0
277200000000,277500000000,6283499093,12,1436310757,0.000379,0.001219,0.001926,0.000154,0.000449,0.001415,0.000013,0.000000,0.006798,0.002785,2.623000,0.007751,0.000000,0.000000,0.000427,0,0
277500000000,277549000000,6283499093,12,1436310757,0.000534,0.001032,0.001921,0.000153,0.000237,0.001362,0.000181,0.000000,0.009277,0.008713,2.955000,0.009589,0.000000,0.000000,0.000341,0,0
277549000000,277560000000,6283499093,12,1436310757,0.000282,0.000000,0.000000,0.000000,0.000000,0.000000,0.000039,0.000000,0.003101,0.000428,2.956000,0.009673,0.000000,0.000000,0.000000,0,0
277560000000,277561000000,6283499093,12,1436310757,0.000000,0.000000,0.000000,0.000000,0.000000,0.000000,0.000000,0.000000,0.000000,0.000000,2.956000,0.009673,0.000000,0.000000,0.000000,0,0
