272504000000,272603000000,6283499093,120,38737050,0.000000,0.000000,0.000000,0.000000,0.000000,0.000000,0.000000,0.000000,0.000000,0.000000,0.000000,0.000000,0.000000,0.000000,0.000000,0,0
272603000000,272700000000,6283499093,120,38737050,0.000705,0.001469,0.001926,0.000240,0.000662,0.001604,0.001842,0.000000,0.016330,0.042240,1.141000,0.001519,0.000000,0.000000,0.000179,0,0
272700000000,273000000000,6283499093,120,38737050,0.000432,0.001036,0.001928,0.000241,0.000684,0.001362,0.000001,0.000000,0.019380,0.000215,1.594000,0.003310,0.000000,0.000000,0.000374,0,0
273000000000,273300000000,6283499093,120,38737050,0.000436,0.000978,0.001928,0.000241,0.000684,0.001007,0.000001,0.000000,0.009415,0.000072,2.915000,0.009766,0.000000,0.000000,0.000141,0,0
273300000000,273600000000,6283499093,120,38737050,0.000304,0.000999,0.001930,0.000241,0.000685,0.001015,0.000000,0.000000,0.003765,0.000000,2.263000,0.006644,0.000000,0.000000,0.000072,0,0
273600000000,273900000000,6283499093,120,38737050,0.000291,0.000999,0.001930,0.000241,0.000685,0.001011,0.000000,0.000000,0.003716,0.000072,2.258000,0.006552,0.000000,0.000000,0.000120,0,0
273900000000,274200000000,6283499093,120,38737050,0.000285,0.000999,0.001930,0.000241,0.000686,0.001011,0.000000,0.000000,0.003685,0.000000,2.124000,0.005942,0.000000,0.000000,0.000278,0,0
274200000000,274500000000,6283499093,120,38737050,0.000357,0.001005,0.001928,0.000242,0.000687,0.001064,0.000019,0.000000,0.015010,0.004929,2.056000,0.005750,0.000000,0.000000,0.000130,0,0
274500000000,274800000000,6283499093,120,38737050,0.000339,0.001030,0.001928,0.000240,0.000687,0.001062,0.000000,0.000000,0.004028,0.000072,2.293000,0.006846,0.000000,0.000000,0.000372,0,0
274800000000,275100000000,6283499093,120,38737050,0.000351,0.001017,0.001928,0.000240,0.000687,0.001064,0.000001,0.000000,0.003365,0.000072,2.677000,0.008604,0.000000,0.000000,0.000256,0,0
275100000000,275400000000,6283499093,120,38737050,0.003155,0.001255,0.002056,0.000028,0.000275,0.001802,0.000008,0.000000,0.085330,0.000643,0.564600,0.000125,0.000000,0.000000,0.002686,0,0
275400000000,275700000000,6283499093,120,38737050,0.000335,0.001198,0.001928,0.000005,0.000233,0.001211,0.000000,0.000000,0.004257,0.000072,2.291000,0.006959,0.000000,0.000000,0.000256,0,0
275700000000,276000000000,6283499093,120,38737050,0.000341,0.001194,0.001928,0.000004,0.000232,0.001209,0.000000,0.000000,0.004333,0.000072,2.213000,0.006474,0.000000,0.000000,0.000157,0,0
276000000000,276300000000,6283499093,120,38737050,0.000388,0.001204,0.001928,0.000001,0.000229,0.001217,0.000003,0.000000,0.005066,0.000714,2.573000,0.008282,0.000000,0.000000,0.000712,0,0
276300000000,276600000000,6283499093,120,38737050,0.004631,0.001270,0.001926,0.000013,0.000241,0.001509,0.000009,0.000000,0.071780,0.001286,2.640000,0.008508,0.000000,0.000000,0.000940,0,0
276600000000,276900000000,6283499093,120,38737050,0.001204,0.001362,0.001925,0.000066,0.000320,0.001532,0.000310,0.000000,0.065310,0.036930,2.901000,0.009684,0.000000,0.000000,0.000400,0,0
276900000000,277200000000,6283499093,120,38737050,0.000394,0.001284,0.001926,0.000075,0.000336,0.001291,0.000000,0.000000,0.005630,0.000072,2.772000,0.009296,0.000000,0.000000,0.000412,0,0
277200000000,277500000000,6283499093,120,38737050,0.000322,0.001284,0.001928,0.000075,0.000336,0.001301,0.000004,0.000000,0.004509,0.000714,2.413000,0.007284,0.000000,0.000000,0.000347,0,0
277500000000,277800000000,6283499093,120,38737050,0.000320,0.001305,0.001928,0.000075,0.000336,0.001314,0.000004,0.000000,0.005112,0.000143,2.379000,0.007256,0.000000,0.000000,0.000129,0,0
277800000000,278100000000,6283499093,120,38737050,0.002926,0.001350,0.001926,0.000079,0.000341,0.001625,0.000011,0.000000,0.080080,0.001499,0.834200,0.001138,0.000000,0.000000,0.000527,0,0
278100000000,278400000000,6283499093,120,38737050,0.000438,0.001379,0.001926,0.000078,0.000340,0.001410,0.000004,0.000001,0.018740,0.000143,0.813200,0.001132,0.000000,0.000000,0.000258,0,0
278400000000,278700000000,6283499093,120,38737050,0.000366,0.001348,0.001928,0.000076,0.000339,0.001358,0.000005,0.000001,0.004890,0.000143,2.485000,0.007885,0.000000,0.000000,0.000307,0,0
278700000000,279000000000,6283499093,120,38737050,0.000326,0.001341,0.001928,0.000076,0.000339,0.001362,0.000003,0.000001,0.004333,0.000215,2.252000,0.006602,0.000000,0.000000,0.000099,0,0
279000000000,279300000000,6283499093,120,38737050,0.000315,0.001347,0.001928,0.000082,0.000346,0.001366,0.000028,0.000001,0.004562,0.007645,2.404000,0.007428,0.000000,0.000000,0.000104,0,0
279300000000,279600000000,6283499093,120,38737050,0.000325,0.001333,0.001928,0.000099,0.000365,0.001356,0.000004,0.000001,0.002304,0.000571,1.754000,0.004336,0.000000,0.000000,0.000146,0,0
279600000000,279800000000,6283499093,120,38737050,0.003952,0.001381,0.002121,0.000113,0.000358,0.001692,0.000284,0.000001,0.076900,0.028350,1.735000,0.004139,0.000000,0.000000,0.000145,0,0
279800000000,279815000000,6283499093,120,38737050,0.000099,0.000017,0.000000,0.000000,0.000000,0.000251,0.000005,0.000001,0.001493,0.000072,2.093000,0.005985,0.000000,0.000000,0.000000,0,0
279815000000,279816000000,6283499093,120,38737050,0.000000,0.000000,0.000000,0.000000,0.000000,0.000000,0.000000,0.000001,0.000000,0.000000,2.093000,0.005985,0.000000,0.000000,0.000000,0,0
