272493000000,272579000000,6283499093,121,765878,0.000000,0.000000,0.000000,0.000000,0.000000,0.000000,0.000000,0.000000,0.000000,0.000000,0.000000,0.000000,0.000000,0.000000,0.000000,0,0
272579000000,272700000000,6283499093,121,765878,0.000610,0.001444,0.001930,0.000250,0.000679,0.001566,0.001146,0.000000,0.015810,0.057190,1.341000,0.002401,0.000000,0.000000,0.000069,0,0
272700000000,273000000000,6283499093,121,765878,0.000330,0.000955,0.001932,0.000255,0.000696,0.001236,0.000007,0.000000,0.004028,0.002144,2.428000,0.006941,0.000000,0.000000,0.000162,0,0
273000000000,273300000000,6283499093,121,765878,0.001593,0.001047,0.001930,0.000261,0.000709,0.001226,0.000077,0.000000,0.053280,0.007935,2.301000,0.006353,0.000000,0.000000,0.000250,0,0
273300000000,273600000000,6283499093,121,765878,0.000576,0.001154,0.001928,0.000259,0.000724,0.001219,0.000001,0.000000,0.005089,0.000072,3.711000,0.012550,0.000000,0.000000,0.000551,0,0
273600000000,273900000000,6283499093,121,765878,0.000526,0.001116,0.001928,0.000254,0.000719,0.001125,0.000000,0.000000,0.004784,0.000072,3.795000,0.012630,0.000000,0.000000,0.000369,0,0
273900000000,274200000000,6283499093,121,765878,0.000378,0.001125,0.001930,0.000254,0.000719,0.001131,0.000001,0.000000,0.004738,0.000143,2.532000,0.007470,0.000000,0.000000,0.000190,0,0
274200000000,274500000000,6283499093,121,765878,0.000379,0.001120,0.001930,0.000253,0.000718,0.001135,0.000001,0.000000,0.004990,0.000286,2.847000,0.008828,0.000000,0.000000,0.000203,0,0
274500000000,274800000000,6283499093,121,765878,0.000355,0.001114,0.001930,0.000253,0.000718,0.001129,0.000000,0.000000,0.005051,0.000072,2.565000,0.007378,0.000000,0.000000,0.000228,0,0
274800000000,275100000000,6283499093,121,765878,0.008026,0.001217,0.002140,0.000218,0.000670,0.002029,0.000028,0.000000,0.090580,0.006500,2.197000,0.005806,0.000000,0.000000,0.000219,0,0
275100000000,275400000000,6283499093,121,765878,0.006874,0.001669,0.002411,0.000158,0.000270,0.002514,0.000334,0.000000,0.084960,0.044370,0.566700,0.000164,0.000000,0.000000,0.000806,0,0
275400000000,275700000000,6283499093,121,765878,0.003124,0.001507,0.001940,0.000175,0.000278,0.001562,0.000064,0.000000,0.075560,0.011350,0.580800,0.000239,0.000000,0.000000,0.041810,0,0
275700000000,276000000000,6283499093,121,765878,0.004150,0.001480,0.001940,0.000182,0.000291,0.001556,0.000006,0.000001,0.089720,0.000215,0.669000,0.000270,0.000000,0.000000,0.001181,0,0
276000000000,276300000000,6283499093,121,765878,0.002342,0.001431,0.001938,0.000207,0.000326,0.001564,0.000112,0.000001,0.075930,0.022060,3.542000,0.011610,0.000000,0.000000,0.000393,0,0
276300000000,276600000000,6283499093,121,765878,0.000798,0.001318,0.001936,0.000223,0.000357,0.001379,0.000001,0.000001,0.006248,0.000143,3.383000,0.010730,0.000000,0.000000,0.000645,0,0
276600000000,276900000000,6283499093,121,765878,0.000682,0.001291,0.001938,0.000218,0.000352,0.001299,0.000001,0.000001,0.006638,0.000143,2.438000,0.006655,0.000000,0.000000,0.000291,0,0
276900000000,277200000000,6283499093,121,765878,0.000415,0.001234,0.001940,0.000218,0.000352,0.001297,0.000000,0.000001,0.005333,0.000072,2.719000,0.007838,0.000000,0.000000,0.000086,0,0
277200000000,277350000000,6283499093,121,765878,0.000390,0.000817,0.001942,0.000220,0.000354,0.000871,0.000282,0.000001,0.001638,0.022800,2.725000,0.008120,0.000000,0.000000,0.000110,0,0
277350000000,277364000000,6283499093,121,765878,0.000118,0.000000,0.000000,0.000000,0.000000,0.000000,0.000038,0.000001,0.001654,0.000357,2.893000,0.008474,0.000000,0.000000,0.000000,0,0
277364000000,277366000000,6283499093,121,765878,0.000000,0.000000,0.000000,0.000000,0.000000,0.000000,0.000000,0.000001,0.000000,0.000000,2.893000,0.008474,0.000000,0.000000,0.000000,0,0
