272501000000,272601000000,6283499093,122,5782215,0.000000,0.000000,0.000000,0.000000,0.000000,0.000000,0.000000,0.000000,0.000000,0.000000,0.000000,0.000000,0.000000,0.000000,0.000000,0,0
272601000000,272700000000,6283499093,122,5782215,0.000704,0.001440,0.001928,0.000347,0.000736,0.001701,0.002357,0.000000,0.012800,0.039370,1.467000,0.002846,0.000000,0.000000,0.000171,0,0
272700000000,273000000000,6283499093,122,5782215,0.000338,0.001041,0.001930,0.000367,0.000812,0.001551,0.000000,0.000000,0.003647,0.000072,2.195000,0.006448,0.000000,0.000000,0.000140,0,0
273000000000,273300000000,6283499093,122,5782215,0.000413,0.000956,0.001928,0.000365,0.000809,0.000963,0.000003,0.000000,0.004280,0.000643,2.017000,0.005455,0.000000,0.000000,0.000102,0,0
273300000000,273600000000,6283499093,122,5782215,0.000366,0.000958,0.001928,0.000364,0.000809,0.000973,0.000000,0.000000,0.003773,0.000072,2.403000,0.007457,0.000000,0.000000,0.000175,0,0
273600000000,273900000000,6283499093,122,5782215,0.000336,0.000953,0.001930,0.000364,0.000809,0.000971,0.000001,0.000000,0.007523,0.000072,2.328000,0.006907,0.000000,0.000000,0.000136,0,0
273900000000,274200000000,6283499093,122,5782215,0.000329,0.000972,0.001930,0.000363,0.000808,0.000980,0.000001,0.000000,0.004181,0.000072,1.976000,0.005251,0.000000,0.000000,0.000079,0,0
274200000000,274500000000,6283499093,122,5782215,0.000410,0.001011,0.001928,0.000368,0.000813,0.001041,0.000049,0.000000,0.005676,0.003929,2.420000,0.007532,0.000000,0.000000,0.000269,0,0
274500000000,274800000000,6283499093,122,5782215,0.000340,0.000996,0.001928,0.000369,0.000814,0.001001,0.000000,0.000000,0.004013,0.000000,2.466000,0.007809,0.000000,0.000000,0.000330,0,0
274800000000,275100000000,6283499093,122,5782215,0.000333,0.001003,0.001928,0.000369,0.000814,0.001011,0.000001,0.000000,0.004013,0.000072,1.908000,0.004933,0.000000,0.000000,0.000668,0,0
275100000000,275400000000,6283499093,122,5782215,0.000333,0.000997,0.001928,0.000362,0.000809,0.001015,0.000000,0.000000,0.004128,0.000000,1.916000,0.005125,0.000000,0.000000,0.000256,0,0
275400000000,275700000000,6283499093,122,5782215,0.000318,0.000999,0.001928,0.000362,0.000809,0.001015,0.000000,0.000000,0.004410,0.000072,2.140000,0.006144,0.000000,0.000000,0.000559,0,0
275700000000,276000000000,6283499093,122,5782215,0.000317,0.001003,0.001928,0.000362,0.000809,0.001013,0.000000,0.000000,0.004356,0.000072,2.048000,0.005746,0.000000,0.000000,0.000563,0,0
276000000000,276300000000,6283499093,122,5782215,0.000302,0.001001,0.001928,0.000362,0.000809,0.001013,0.000001,0.000000,0.004593,0.000072,2.165000,0.006136,0.000000,0.000000,0.000099,0,0
276300000000,276600000000,6283499093,122,5782215,0.000304,0.001005,0.001928,0.000362,0.000809,0.001015,0.000000,0.000000,0.004387,0.000072,2.049000,0.005707,0.000000,0.000000,0.000088,0,0
276600000000,276900000000,6283499093,122,5782215,0.000302,0.001009,0.001930,0.000363,0.000809,0.001020,0.000003,0.000000,0.004211,0.000857,1.795000,0.004473,0.000000,0.000000,0.000075,0,0
276900000000,277200000000,6283499093,122,5782215,0.000305,0.001005,0.001928,0.000363,0.000809,0.001019,0.000000,0.000000,0.004181,0.000072,2.036000,0.005689,0.000000,0.000000,0.000189,0,0
277200000000,277439000000,6283499093,122,5782215,0.000330,0.001003,0.001928,0.000363,0.000809,0.001024,0.000003,0.000000,0.003944,0.000143,2.114000,0.005753,0.000000,0.000000,0.000188,0,0
277439000000,277450000000,6283499093,122,5782215,0.000218,0.000000,0.000000,0.000000,0.000000,0.000000,0.000526,0.000000,0.002399,0.002930,2.103000,0.005368,0.000000,0.000000,0.000000,0,0
277450000000,277451000000,6283499093,122,5782215,0.000000,0.000000,0.000000,0.000000,0.000000,0.000000,0.000000,0.000000,0.000000,0.000000,1.514000,0.003330,0.000000,0.000000,0.000000,0,0
