272499000000,272651000000,6283499093,123,1271008,0.000000,0.000000,0.000000,0.000000,0.000000,0.000000,0.000000,0.000000,0.000000,0.000000,0.000000,0.000000,0.000000,0.000000,0.000000,0,0
272651000000,272700000000,6283499093,123,1271008,0.000924,0.001417,0.001858,0.000343,0.000722,0.001705,0.004456,0.000000,0.011930,0.028660,0.000000,0.000000,0.000000,0.000000,0.000158,0,0
272700000000,273000000000,6283499093,123,1271008,0.000326,0.001156,0.001858,0.000371,0.000814,0.001705,0.000001,0.000000,0.003853,0.000072,2.312000,0.006572,0.000000,0.000000,0.000083,0,0
273000000000,273300000000,6283499093,123,1271008,0.000336,0.000954,0.001858,0.000369,0.000812,0.000963,0.000000,0.000000,0.004066,0.000072,2.509000,0.007414,0.000000,0.000000,0.000134,0,0
273300000000,273600000000,6283499093,123,1271008,0.000292,0.000948,0.001860,0.000367,0.000812,0.000953,0.000000,0.000000,0.003929,0.000072,2.120000,0.005769,0.000000,0.000000,0.000112,0,0
273600000000,273900000000,6283499093,123,1271008,0.000289,0.000951,0.001860,0.000367,0.000811,0.000976,0.000000,0.000000,0.004517,0.000072,2.026000,0.005161,0.000000,0.000000,0.000093,0,0
273900000000,274200000000,6283499093,123,1271008,0.000293,0.000966,0.001860,0.000367,0.000812,0.000978,0.000000,0.000000,0.004440,0.000000,2.056000,0.005394,0.000000,0.000000,0.000182,0,0
274200000000,274500000000,6283499093,123,1271008,0.000333,0.000978,0.001860,0.000367,0.000812,0.000997,0.000003,0.000000,0.004669,0.000286,2.137000,0.005587,0.000000,0.000000,0.000227,0,0
274500000000,274800000000,6283499093,123,1271008,0.000307,0.000980,0.001867,0.000367,0.000812,0.000996,0.000000,0.000000,0.004143,0.000143,2.223000,0.006097,0.000000,0.000000,0.000211,0,0
274800000000,275100000000,6283499093,123,1271008,0.000306,0.000953,0.001934,0.000367,0.000812,0.000956,0.000000,0.000000,0.004059,0.000072,2.363000,0.006650,0.000000,0.000000,0.000323,0,0
275100000000,275400000000,6283499093,123,1271008,0.000284,0.000956,0.001934,0.000367,0.000812,0.000974,0.000000,0.000000,0.004669,0.000072,2.152000,0.005652,0.000000,0.000000,0.000109,0,0
275400000000,275700000000,6283499093,123,1271008,0.000284,0.000958,0.001934,0.000367,0.000812,0.000974,0.000000,0.000000,0.003822,0.000072,2.147000,0.005784,0.000000,0.000000,0.000044,0,0
275700000000,276000000000,6283499093,123,1271008,0.000284,0.000954,0.001934,0.000367,0.000812,0.000956,0.000000,0.000000,0.003712,0.000000,2.184000,0.005920,0.000000,0.000000,0.000361,0,0
276000000000,276300000000,6283499093,123,1271008,0.000278,0.000960,0.001934,0.000367,0.000812,0.000973,0.000001,0.000000,0.003784,0.000072,2.149000,0.005570,0.000000,0.000000,0.000122,0,0
276300000000,276600000000,6283499093,123,1271008,0.000300,0.000956,0.001934,0.000367,0.000812,0.000974,0.000000,0.000000,0.003975,0.000072,2.122000,0.005633,0.000000,0.000000,0.000133,0,0
276600000000,276900000000,6283499093,123,1271008,0.000313,0.000962,0.001934,0.000367,0.000812,0.000970,0.000001,0.000000,0.010180,0.000143,2.283000,0.006138,0.000000,0.000000,0.000301,0,0
276900000000,277200000000,6283499093,123,1271008,0.000302,0.000964,0.001934,0.000367,0.000812,0.000973,0.000000,0.000000,0.004669,0.000000,2.143000,0.005757,0.000000,0.000000,0.000244,0,0
277200000000,277469000000,6283499093,123,1271008,0.000312,0.000738,0.001932,0.000368,0.000812,0.000969,0.000003,0.000000,0.005402,0.000143,1.856000,0.004222,0.000000,0.000000,0.000215,0,0
277469000000,277483000000,6283499093,123,1271008,0.000154,0.000000,0.000000,0.000000,0.000000,0.000000,0.000035,0.000000,0.002163,0.000357,2.140000,0.005919,0.000000,0.000000,0.000000,0,0
277483000000,277484000000,6283499093,123,1271008,0.000000,0.000000,0.000000,0.000000,0.000000,0.000000,0.000000,0.000000,0.000000,0.000000,2.140000,0.005919,0.000000,0.000000,0.000000,0,0
277484000000,277500000000,6283499093,123,1271008,0.000000,0.000000,0.000000,0.000000,0.000000,0.000000,0.000000,0.000000,0.000000,0.000000,0.000000,0.000000,0.000000,0.000000,0.000000,0,0
