272503000000,272578000000,6283499093,124,2096233187,0.000000,0.000000,0.000000,0.000000,0.000000,0.000000,0.000000,0.000000,0.000000,0.000000,0.000000,0.000000,0.000000,0.000000,0.000000,0,0
272578000000,272700000000,6283499093,124,2096233187,0.000729,0.001492,0.001928,0.000300,0.000730,0.001608,0.001301,0.000000,0.023440,0.058290,1.414000,0.002402,0.000000,0.000000,0.000265,0,0
272700000000,273000000000,6283499093,124,2096233187,0.000392,0.000978,0.001930,0.000302,0.000746,0.001255,0.000000,0.000000,0.004700,0.000000,3.021000,0.008965,0.000000,0.000000,0.000383,0,0
273000000000,273300000000,6283499093,124,2096233187,0.000425,0.000955,0.001928,0.000289,0.000733,0.000962,0.000006,0.000000,0.005539,0.001429,3.004000,0.008967,0.000000,0.000000,0.000276,0,0
273300000000,273600000000,6283499093,124,2096233187,0.000369,0.000940,0.001930,0.000290,0.000734,0.000945,0.000000,0.000000,0.004791,0.000000,2.755000,0.007972,0.000000,0.000000,0.000335,0,0
273600000000,273900000000,6283499093,124,2096233187,0.000349,0.000941,0.001930,0.000290,0.000734,0.000944,0.000000,0.000000,0.004417,0.000072,2.729000,0.007664,0.000000,0.000000,0.000199,0,0
273900000000,274200000000,6283499093,124,2096233187,0.000380,0.000952,0.001930,0.000290,0.000734,0.000975,0.000002,0.000000,0.005058,0.000357,2.663000,0.007251,0.000000,0.000000,0.000564,0,0
274200000000,274500000000,6283499093,124,2096233187,0.000419,0.000973,0.001930,0.000290,0.000734,0.000982,0.000008,0.000000,0.005089,0.001499,3.268000,0.010050,0.000000,0.000000,0.000389,0,0
274500000000,274800000000,6283499093,124,2096233187,0.000410,0.000972,0.001930,0.000290,0.000734,0.000988,0.000000,0.000000,0.005051,0.000072,2.871000,0.008492,0.000000,0.000000,0.000247,0,0
274800000000,275100000000,6283499093,124,2096233187,0.000354,0.000980,0.001930,0.000290,0.000734,0.000986,0.000000,0.000000,0.004730,0.000072,3.027000,0.008811,0.000000,0.000000,0.000128,0,0
275100000000,275400000000,6283499093,124,2096233187,0.000345,0.000965,0.001930,0.000290,0.000734,0.000977,0.000001,0.000000,0.003811,0.000072,2.576000,0.007171,0.000000,0.000000,0.000182,0,0
275400000000,275700000000,6283499093,124,2096233187,0.000333,0.000961,0.001932,0.000290,0.000734,0.000964,0.000000,0.000000,0.001310,0.000072,2.560000,0.006927,0.000000,0.000000,0.000534,0,0
275700000000,276000000000,6283499093,124,2096233187,0.000332,0.000971,0.001932,0.000291,0.000735,0.000982,0.000001,0.000000,0.004364,0.000215,2.715000,0.007654,0.000000,0.000000,0.000212,0,0
276000000000,276300000000,6283499093,124,2096233187,0.000380,0.000978,0.001932,0.000291,0.000735,0.000984,0.000001,0.000000,0.003082,0.000072,2.357000,0.006105,0.000000,0.000000,0.000137,0,0
276300000000,276600000000,6283499093,124,2096233187,0.000385,0.000977,0.001932,0.000291,0.000736,0.000992,0.000000,0.000000,0.004692,0.000000,3.144000,0.009427,0.000000,0.000000,0.000607,0,0
276600000000,276900000000,6283499093,124,2096233187,0.000445,0.001013,0.001932,0.000296,0.000741,0.001040,0.000024,0.000000,0.007660,0.004356,3.355000,0.010290,0.000000,0.000000,0.000256,0,0
276900000000,277200000000,6283499093,124,2096233187,0.000388,0.000986,0.001932,0.000291,0.000736,0.001019,0.000000,0.000000,0.005020,0.000000,2.855000,0.008524,0.000000,0.000000,0.000723,0,0
277200000000,277500000000,6283499093,124,2096233187,0.000430,0.001020,0.001932,0.000291,0.000736,0.001034,0.000005,0.000000,0.008163,0.000500,2.803000,0.008098,0.000000,0.000000,0.000613,0,0
277500000000,277800000000,6283499093,124,2096233187,0.000434,0.001038,0.001932,0.000291,0.000736,0.001045,0.000020,0.000000,0.008942,0.002144,2.276000,0.005887,0.000000,0.000000,0.000195,0,0
277800000000,278100000000,6283499093,124,2096233187,0.000379,0.001022,0.001932,0.000291,0.000736,0.001030,0.000005,0.000000,0.005333,0.000571,3.018000,0.009000,0.000000,0.000000,0.000284,0,0
278100000000,278400000000,6283499093,124,2096233187,0.000335,0.001028,0.001932,0.000291,0.000736,0.001040,0.000007,0.000000,0.004478,0.000643,2.937000,0.008567,0.000000,0.000000,0.000062,0,0
278400000000,278700000000,6283499093,124,2096233187,0.000332,0.001022,0.001932,0.000291,0.000737,0.001041,0.000010,0.000000,0.004257,0.001715,2.366000,0.006184,0.000000,0.000000,0.000361,0,0
278700000000,279000000000,6283499093,124,2096233187,0.000409,0.001074,0.001932,0.000287,0.000741,0.001133,0.000024,0.000000,0.005981,0.005569,2.858000,0.008306,0.000000,0.000000,0.000333,0,0
279000000000,279300000000,6283499093,124,2096233187,0.000460,0.001068,0.001930,0.000283,0.000745,0.001108,0.000010,0.000000,0.005630,0.001572,3.211000,0.009743,0.000000,0.000000,0.000194,0,0
279300000000,279600000000,6283499093,124,2096233187,0.000418,0.001062,0.001930,0.000283,0.000745,0.001072,0.000001,0.000000,0.005096,0.000072,3.115000,0.009163,0.000000,0.000000,0.000199,0,0
279600000000,279900000000,6283499093,124,2096233187,0.000549,0.001062,0.001932,0.000284,0.000746,0.001184,0.000010,0.000000,0.030790,0.001286,2.703000,0.007494,0.000000,0.000000,0.000296,0,0
279900000000,280039000000,6283499093,124,2096233187,0.001863,0.001143,0.001928,0.000287,0.000753,0.001226,0.000053,0.000000,0.076050,0.003502,0.729200,0.000722,0.000000,0.000000,0.000364,0,0
280039000000,280054000000,6283499093,124,2096233187,0.000227,0.000000,0.000000,0.000000,0.000000,0.000000,0.000040,0.000000,0.003399,0.000286,5.951000,0.019860,0.000000,0.000000,0.000000,0,0
280054000000,280056000000,6283499093,124,2096233187,0.000000,0.000000,0.000000,0.000000,0.000000,0.000000,0.000000,0.000000,0.000000,0.000000,5.951000,0.019860,0.000000,0.000000,0.000000,0,0
