272497000000,272596000000,6283499093,125,603116,0.000000,0.000000,0.000000,0.000000,0.000000,0.000000,0.000000,0.000000,0.000000,0.000000,0.000000,0.000000,0.000000,0.000000,0.000000,0,0
272596000000,272700000000,6283499093,125,603116,0.000726,0.001406,0.001907,0.000298,0.000548,0.001684,0.002064,0.000000,0.014560,0.066040,1.587000,0.003390,0.000000,0.000000,0.000142,0,0
272700000000,273000000000,6283499093,125,603116,0.000378,0.001144,0.001904,0.000301,0.000495,0.001472,0.000006,0.000000,0.006920,0.001785,2.334000,0.006549,0.000000,0.000000,0.000795,0,0
273000000000,273300000000,6283499093,125,603116,0.000371,0.001213,0.001905,0.000297,0.000559,0.001398,0.000002,0.000000,0.006050,0.000215,2.420000,0.006842,0.000000,0.000000,0.000122,0,0
273300000000,273600000000,6283499093,125,603116,0.000392,0.001280,0.001907,0.000295,0.000615,0.001408,0.000005,0.000000,0.005249,0.000643,2.362000,0.006597,0.000000,0.000000,0.000084,0,0
273600000000,273900000000,6283499093,125,603116,0.001081,0.001348,0.001907,0.000295,0.000632,0.001617,0.000038,0.000000,0.050170,0.004074,0.644500,0.000356,0.000000,0.000000,0.000272,0,0
273900000000,274200000000,6283499093,125,603116,0.001417,0.001352,0.002022,0.000285,0.000495,0.001762,0.000024,0.000000,0.059940,0.006218,0.732100,0.000714,0.000000,0.000000,0.000292,0,0
274200000000,274500000000,6283499093,125,603116,0.000532,0.001385,0.001907,0.000217,0.000440,0.001711,0.000009,0.000000,0.005295,0.001286,0.706300,0.000639,0.000000,0.000000,0.000259,0,0
274500000000,274800000000,6283499093,125,603116,0.000382,0.001375,0.001904,0.000214,0.000445,0.001612,0.000001,0.000000,0.004623,0.000143,2.064000,0.005297,0.000000,0.000000,0.000171,0,0
274800000000,275100000000,6283499093,125,603116,0.000389,0.001373,0.001904,0.000214,0.000452,0.001608,0.000001,0.000000,0.007233,0.000143,2.432000,0.006902,0.000000,0.000000,0.000531,0,0
275100000000,275400000000,6283499093,125,603116,0.000559,0.001328,0.001902,0.000214,0.000411,0.001600,0.000006,0.000000,0.013410,0.001215,3.768000,0.012760,0.000000,0.000000,0.000505,0,0
275400000000,275700000000,6283499093,125,603116,0.000653,0.001358,0.001902,0.000211,0.000432,0.001617,0.000028,0.000000,0.018430,0.004211,2.201000,0.006162,0.000000,0.000000,0.000375,0,0
275700000000,276000000000,6283499093,125,603116,0.000509,0.001358,0.001902,0.000234,0.000463,0.001616,0.000010,0.000000,0.004929,0.001072,2.381000,0.007080,0.000000,0.000000,0.000442,0,0
276000000000,276300000000,6283499093,125,603116,0.000504,0.001341,0.001904,0.000232,0.000450,0.001593,0.000009,0.000000,0.005791,0.002213,2.365000,0.006420,0.000000,0.000000,0.000538,0,0
276300000000,276600000000,6283499093,125,603116,0.000433,0.001343,0.001904,0.000232,0.000452,0.001602,0.000000,0.000000,0.005341,0.000072,2.762000,0.008034,0.000000,0.000000,0.000175,0,0
276600000000,276900000000,6283499093,125,603116,0.000364,0.001366,0.001904,0.000231,0.000464,0.001606,0.000000,0.000000,0.004753,0.000072,2.270000,0.006135,0.000000,0.000000,0.000234,0,0
276900000000,277200000000,6283499093,125,603116,0.000368,0.001347,0.001904,0.000233,0.000449,0.001600,0.000001,0.000000,0.011990,0.000072,2.154000,0.005659,0.000000,0.000000,0.000188,0,0
277200000000,277500000000,6283499093,125,603116,0.000367,0.001331,0.001904,0.000222,0.000426,0.001593,0.000002,0.000000,0.003761,0.000143,2.666000,0.007655,0.000000,0.000000,0.000242,0,0
277500000000,277800000000,6283499093,125,603116,0.000359,0.001343,0.001904,0.000220,0.000433,0.001604,0.000005,0.000000,0.005234,0.000286,2.609000,0.007302,0.000000,0.000000,0.000214,0,0
277800000000,278100000000,6283499093,125,603116,0.000332,0.001356,0.001905,0.000236,0.000457,0.001604,0.000208,0.000000,0.005455,0.017060,2.501000,0.006845,0.000000,0.000000,0.000214,0,0
278100000000,278261000000,6283499093,125,603116,0.000994,0.001209,0.001905,0.000256,0.000346,0.001366,0.000829,0.000000,0.031620,0.032650,1.773000,0.004153,0.000000,0.000000,0.000380,0,0
278261000000,278277000000,6283499093,125,603116,0.000103,0.000000,0.000000,0.000000,0.000000,0.000000,0.000058,0.000000,0.001654,0.000714,0.984300,0.001435,0.000000,0.000000,0.000000,0,0
278277000000,278278000000,6283499093,125,603116,0.000000,0.000000,0.000000,0.000000,0.000000,0.000000,0.000000,0.000000,0.000000,0.000000,0.984300,0.001435,0.000000,0.000000,0.000000,0,0
