272506000000,272626000000,6283499093,126,3349181752,0.000000,0.000000,0.000000,0.000000,0.000000,0.000000,0.000000,0.000000,0.000000,0.000000,0.000000,0.000000,0.000000,0.000000,0.000000,0,0
272626000000,272700000000,6283499093,126,3349181752,0.000958,0.001476,0.001930,0.000276,0.000671,0.001617,0.003044,0.000000,0.027250,0.048580,7.823000,0.030970,0.000000,0.000000,0.000449,0,0
272700000000,273000000000,6283499093,126,3349181752,0.000466,0.001049,0.001932,0.000282,0.000726,0.001581,0.000000,0.000000,0.004776,0.000072,3.928000,0.013160,0.000000,0.000000,0.000798,0,0
273000000000,273300000000,6283499093,126,3349181752,0.000451,0.000945,0.001932,0.000280,0.000724,0.000962,0.000016,0.000000,0.001879,0.002998,3.204000,0.010230,0.000000,0.000000,0.001211,0,0
273300000000,273600000000,6283499093,126,3349181752,0.000318,0.000938,0.001934,0.000281,0.000726,0.000953,0.000002,0.000000,0.004417,0.000571,2.415000,0.006652,0.000000,0.000000,0.000078,0,0
273600000000,273900000000,6283499093,126,3349181752,0.000502,0.000982,0.001932,0.000282,0.000727,0.001041,0.000030,0.000000,0.015430,0.007431,3.323000,0.010520,0.000000,0.000000,0.000103,0,0
273900000000,274200000000,6283499093,126,3349181752,0.000482,0.001026,0.001932,0.000281,0.000727,0.001043,0.000010,0.000000,0.005272,0.002144,2.976000,0.008978,0.000000,0.000000,0.000415,0,0
274200000000,274500000000,6283499093,126,3349181752,0.000451,0.001015,0.001932,0.000281,0.000728,0.001026,0.000004,0.000000,0.005806,0.000857,3.238000,0.010320,0.000000,0.000000,0.000292,0,0
274500000000,274800000000,6283499093,126,3349181752,0.000345,0.001019,0.001932,0.000282,0.000728,0.001032,0.000001,0.000000,0.002094,0.000143,2.527000,0.007011,0.000000,0.000000,0.000665,0,0
274800000000,275100000000,6283499093,126,3349181752,0.000318,0.001013,0.001932,0.000281,0.000728,0.001024,0.000000,0.000000,0.004959,0.000072,2.338000,0.006325,0.000000,0.000000,0.000503,0,0
275100000000,275400000000,6283499093,126,3349181752,0.000337,0.001015,0.001932,0.000281,0.000728,0.001026,0.000000,0.000000,0.002377,0.000000,2.555000,0.007171,0.000000,0.000000,0.000154,0,0
275400000000,275700000000,6283499093,126,3349181752,0.000345,0.001011,0.001932,0.000281,0.000728,0.001026,0.000002,0.000000,0.004379,0.000428,2.879000,0.008711,0.000000,0.000000,0.000574,0,0
275700000000,276000000000,6283499093,126,3349181752,0.000349,0.001009,0.001932,0.000281,0.000728,0.001020,0.000000,0.000000,0.005859,0.000000,2.546000,0.007131,0.000000,0.000000,0.000512,0,0
276000000000,276300000000,6283499093,126,3349181752,0.000324,0.001022,0.001932,0.000281,0.000728,0.001034,0.000000,0.000000,0.005775,0.000072,2.753000,0.007982,0.000000,0.000000,0.000173,0,0
276300000000,276600000000,6283499093,126,3349181752,0.000330,0.001022,0.001932,0.000282,0.000728,0.001032,0.000002,0.000000,0.004845,0.000357,3.018000,0.009032,0.000000,0.000000,0.000113,0,0
276600000000,276900000000,6283499093,126,3349181752,0.000295,0.001013,0.001932,0.000283,0.000729,0.001026,0.000000,0.000000,0.004684,0.000072,2.966000,0.009145,0.000000,0.000000,0.000157,0,0
276900000000,277200000000,6283499093,126,3349181752,0.000360,0.001026,0.001932,0.000283,0.000729,0.001032,0.000002,0.000000,0.004311,0.000571,2.140000,0.005517,0.000000,0.000000,0.000218,0,0
277200000000,277449000000,6283499093,126,3349181752,0.000548,0.000868,0.001930,0.000282,0.000737,0.001112,0.000081,0.000000,0.062320,0.005997,3.442000,0.011090,0.000000,0.000000,0.000397,0,0
277449000000,277461000000,6283499093,126,3349181752,0.000254,0.000000,0.000000,0.000000,0.000000,0.000000,0.000072,0.000000,0.003044,0.000857,6.239000,0.023110,0.000000,0.000000,0.000000,0,0
277461000000,277462000000,6283499093,126,3349181752,0.000000,0.000000,0.000000,0.000000,0.000000,0.000000,0.000000,0.000000,0.000000,0.000000,6.239000,0.023110,0.000000,0.000000,0.000000,0,0
