272505000000,272678000000,6283499093,127,305386981,0.000000,0.000000,0.000000,0.000000,0.000000,0.000000,0.000000,0.000000,0.000000,0.000000,0.000000,0.000000,0.000000,0.000000,0.000000,0,0
272678000000,272700000000,6283499093,127,305386981,0.002232,0.001188,0.001928,0.000235,0.000567,0.001598,0.009399,0.000000,0.014860,0.042850,0.000000,0.000000,0.000000,0.000000,0.000380,0,0
272700000000,273000000000,6283499093,127,305386981,0.000876,0.001312,0.001923,0.000241,0.000703,0.001743,0.000029,0.000000,0.031860,0.003429,4.173000,0.015440,0.000000,0.000000,0.000772,0,0
273000000000,273300000000,6283499093,127,305386981,0.000646,0.001085,0.001923,0.000238,0.000702,0.001095,0.000000,0.000000,0.004959,0.000000,4.144000,0.015610,0.000000,0.000000,0.000946,0,0
273300000000,273600000000,6283499093,127,305386981,0.000387,0.001078,0.001926,0.000238,0.000703,0.001097,0.000002,0.000000,0.004295,0.000571,3.131000,0.011240,0.000000,0.000000,0.000230,0,0
273600000000,273900000000,6283499093,127,305386981,0.000431,0.001089,0.001926,0.000237,0.000703,0.001104,0.000000,0.000000,0.004524,0.000072,3.559000,0.012760,0.000000,0.000000,0.000284,0,0
273900000000,274200000000,6283499093,127,305386981,0.000407,0.001085,0.001926,0.000237,0.000703,0.001110,0.000001,0.000000,0.004723,0.000143,2.688000,0.008961,0.000000,0.000000,0.000219,0,0
274200000000,274500000000,6283499093,127,305386981,0.000338,0.001104,0.001928,0.000237,0.000703,0.001110,0.000000,0.000000,0.004608,0.000072,2.356000,0.007131,0.000000,0.000000,0.000459,0,0
274500000000,274800000000,6283499093,127,305386981,0.000336,0.001102,0.001928,0.000237,0.000703,0.001114,0.000002,0.000000,0.004364,0.000143,2.125000,0.006083,0.000000,0.000000,0.000115,0,0
274800000000,275100000000,6283499093,127,305386981,0.000325,0.001093,0.001928,0.000237,0.000703,0.001112,0.000000,0.000000,0.004616,0.000072,2.225000,0.006360,0.000000,0.000000,0.000069,0,0
275100000000,275400000000,6283499093,127,305386981,0.000353,0.001104,0.001928,0.000237,0.000703,0.001122,0.000000,0.000000,0.004944,0.000072,2.420000,0.006983,0.000000,0.000000,0.000287,0,0
275400000000,275700000000,6283499093,127,305386981,0.000293,0.001097,0.001928,0.000237,0.000703,0.001102,0.000000,0.000000,0.004341,0.000072,2.940000,0.009812,0.000000,0.000000,0.000629,0,0
275700000000,276000000000,6283499093,127,305386981,0.000567,0.001163,0.001926,0.000239,0.000705,0.001226,0.000024,0.000000,0.017430,0.006142,1.185000,0.002579,0.000000,0.000000,0.000195,0,0
276000000000,276300000000,6283499093,127,305386981,0.000388,0.001156,0.001928,0.000237,0.000703,0.001200,0.000000,0.000000,0.006554,0.000072,2.661000,0.008337,0.000000,0.000000,0.000204,0,0
276300000000,276600000000,6283499093,127,305386981,0.000400,0.001211,0.001928,0.000237,0.000704,0.001230,0.000000,0.000000,0.005508,0.000072,2.327000,0.006838,0.000000,0.000000,0.000187,0,0
276600000000,276900000000,6283499093,127,305386981,0.000349,0.001202,0.001928,0.000237,0.000704,0.001226,0.000000,0.000000,0.004326,0.000072,3.092000,0.010850,0.000000,0.000000,0.000193,0,0
276900000000,277200000000,6283499093,127,305386981,0.003757,0.001329,0.002052,0.000090,0.000555,0.001507,0.000021,0.000000,0.088750,0.002430,0.586100,0.000194,0.000000,0.000000,0.000085,0,0
277200000000,277500000000,6283499093,127,305386981,0.000388,0.001287,0.001926,0.000062,0.000527,0.001299,0.000003,0.000000,0.004684,0.000215,2.796000,0.009040,0.000000,0.000000,0.000220,0,0
277500000000,277800000000,6283499093,127,305386981,0.000371,0.001270,0.001926,0.000079,0.000545,0.001301,0.000035,0.000000,0.005035,0.002644,3.099000,0.010720,0.000000,0.000000,0.000059,0,0
277800000000,278070000000,6283499093,127,305386981,0.000913,0.001266,0.002033,0.000080,0.000545,0.001461,0.000039,0.000000,0.052980,0.007072,3.632000,0.013690,0.000000,0.000000,0.000229,0,0
278070000000,278092000000,6283499093,127,305386981,0.000049,0.000000,0.000000,0.000000,0.000000,0.000000,0.000026,0.000000,0.001074,0.000428,4.941000,0.019200,0.000000,0.000000,0.000000,0,0
278092000000,278100000000,6283499093,127,305386981,0.000000,0.000000,0.000000,0.000000,0.000000,0.000000,0.000000,0.000000,0.000000,0.000000,0.000000,0.000000,0.000000,0.000000,0.000000,0,0
278100000000,278103000000,6283499093,127,305386981,0.000000,0.000000,0.000000,0.000000,0.000000,0.000000,0.000000,0.000000,0.000000,0.000000,4.941000,0.019200,0.000000,0.000000,0.000000,0,0
