272500000000,272611000000,6283499093,128,105885020,0.000000,0.000000,0.000000,0.000000,0.000000,0.000000,0.000000,0.000000,0.000000,0.000000,0.000000,0.000000,0.000000,0.000000,0.000000,0,0
272611000000,272700000000,6283499093,128,105885020,0.000676,0.001059,0.001921,0.000178,0.000304,0.001497,0.001659,0.000000,0.013440,0.019710,1.211000,0.001737,0.000000,0.000000,0.000437,0,0
272700000000,273000000000,6283499093,128,105885020,0.000350,0.001024,0.001921,0.000186,0.000329,0.001404,0.000000,0.000000,0.004822,0.000072,2.549000,0.007185,0.000000,0.000000,0.000530,0,0
273000000000,273300000000,6283499093,128,105885020,0.000360,0.001070,0.001921,0.000182,0.000368,0.001331,0.000002,0.000000,0.004135,0.000571,2.405000,0.006608,0.000000,0.000000,0.000246,0,0
273300000000,273600000000,6283499093,128,105885020,0.000359,0.001144,0.001925,0.000180,0.000437,0.001333,0.000000,0.000000,0.004532,0.000072,2.351000,0.006376,0.000000,0.000000,0.000093,0,0
273600000000,273900000000,6283499093,128,105885020,0.000335,0.001221,0.001926,0.000180,0.000510,0.001335,0.000001,0.000000,0.004128,0.000072,2.319000,0.006200,0.000000,0.000000,0.000133,0,0
273900000000,274200000000,6283499093,128,105885020,0.000315,0.001276,0.001928,0.000180,0.000565,0.001337,0.000000,0.000000,0.004021,0.000000,2.443000,0.006763,0.000000,0.000000,0.000152,0,0
274200000000,274500000000,6283499093,128,105885020,0.000335,0.001053,0.001925,0.000180,0.000340,0.001335,0.000001,0.000000,0.004593,0.000072,2.276000,0.006178,0.000000,0.000000,0.000164,0,0
274500000000,274800000000,6283499093,128,105885020,0.000332,0.001011,0.001923,0.000180,0.000292,0.001341,0.000000,0.000000,0.004074,0.000000,2.848000,0.008430,0.000000,0.000000,0.000135,0,0
274800000000,275100000000,6283499093,128,105885020,0.000358,0.001070,0.001923,0.000180,0.000351,0.001345,0.000001,0.000000,0.004715,0.000215,3.293000,0.010460,0.000000,0.000000,0.000351,0,0
275100000000,275400000000,6283499093,128,105885020,0.000433,0.001148,0.001923,0.000182,0.000419,0.001387,0.000017,0.000000,0.006836,0.004784,2.191000,0.005607,0.000000,0.000000,0.000613,0,0
275400000000,275700000000,6283499093,128,105885020,0.000543,0.001217,0.001923,0.000184,0.000445,0.001423,0.000003,0.000000,0.009018,0.000357,2.394000,0.006519,0.000000,0.000000,0.000189,0,0
275700000000,276000000000,6283499093,128,105885020,0.000446,0.001196,0.001921,0.000182,0.000405,0.001417,0.000000,0.000000,0.005760,0.000000,3.183000,0.009867,0.000000,0.000000,0.000654,0,0
276000000000,276300000000,6283499093,128,105885020,0.000344,0.001154,0.001921,0.000182,0.000332,0.001465,0.000000,0.000000,0.004623,0.000072,2.373000,0.006390,0.000000,0.000000,0.000491,0,0
276300000000,276600000000,6283499093,128,105885020,0.000348,0.001158,0.001925,0.000182,0.000324,0.001469,0.000000,0.000000,0.012710,0.000072,2.372000,0.006085,0.000000,0.000000,0.000089,0,0
276600000000,276900000000,6283499093,128,105885020,0.000306,0.001369,0.001928,0.000181,0.000536,0.001461,0.000001,0.000000,0.005165,0.000072,2.313000,0.005934,0.000000,0.000000,0.000167,0,0
276900000000,277200000000,6283499093,128,105885020,0.000478,0.001270,0.001925,0.000180,0.000441,0.001532,0.000017,0.000000,0.066160,0.002213,2.448000,0.006486,0.000000,0.000000,0.000204,0,0
277200000000,277429000000,6283499093,128,105885020,0.000399,0.000845,0.001921,0.000174,0.000380,0.001341,0.000004,0.000000,0.004982,0.000072,2.697000,0.007854,0.000000,0.000000,0.000374,0,0
277429000000,277442000000,6283499093,128,105885020,0.000225,0.000000,0.000000,0.000000,0.000000,0.000000,0.000066,0.000000,0.002934,0.000857,3.052000,0.009172,0.000000,0.000000,0.000000,0,0
277442000000,277443000000,6283499093,128,105885020,0.000000,0.000000,0.000000,0.000000,0.000000,0.000000,0.000000,0.000000,0.000000,0.000000,3.084000,0.009299,0.000000,0.000000,0.000000,0,0
