272505000000,272607000000,6283499093,129,711826,0.000000,0.000000,0.000000,0.000000,0.000000,0.000000,0.000000,0.000000,0.000000,0.000000,0.000000,0.000000,0.000000,0.000000,0.000000,0,0
272607000000,272700000000,6283499093,129,711826,0.000750,0.001633,0.001825,0.000370,0.000766,0.001776,0.002460,0.000000,0.020170,0.055730,1.591000,0.003193,0.000000,0.000000,0.000074,0,0
272700000000,273000000000,6283499093,129,711826,0.000442,0.001387,0.001822,0.000377,0.000773,0.001623,0.000000,0.000000,0.011840,0.000072,2.284000,0.006324,0.000000,0.000000,0.000752,0,0
273000000000,273300000000,6283499093,129,711826,0.000420,0.001331,0.001818,0.000373,0.000714,0.001438,0.000001,0.000000,0.001947,0.000286,3.950000,0.014250,0.000000,0.000000,0.000432,0,0
273300000000,273600000000,6283499093,129,711826,0.000397,0.001318,0.001820,0.000372,0.000701,0.001436,0.000000,0.000000,0.004730,0.000000,3.513000,0.011650,0.000000,0.000000,0.000175,0,0
273600000000,273900000000,6283499093,129,711826,0.000305,0.001293,0.001820,0.000372,0.000677,0.001436,0.000000,0.000000,0.005623,0.000072,2.409000,0.006723,0.000000,0.000000,0.000105,0,0
273900000000,274200000000,6283499093,129,711826,0.000317,0.001278,0.001820,0.000372,0.000656,0.001440,0.000000,0.000000,0.004585,0.000000,2.754000,0.007941,0.000000,0.000000,0.000531,0,0
274200000000,274500000000,6283499093,129,711826,0.000360,0.001293,0.001949,0.000371,0.000659,0.001572,0.000025,0.000000,0.006729,0.005142,3.665000,0.012000,0.000000,0.000000,0.000608,0,0
274500000000,274800000000,6283499093,129,711826,0.000351,0.001301,0.001822,0.000364,0.000657,0.001461,0.000000,0.000000,0.003693,0.000000,3.316000,0.010610,0.000000,0.000000,0.000316,0,0
274800000000,275100000000,6283499093,129,711826,0.000324,0.001301,0.001823,0.000362,0.000655,0.001455,0.000003,0.000000,0.004967,0.000786,3.171000,0.010220,0.000000,0.000000,0.000131,0,0
275100000000,275400000000,6283499093,129,711826,0.000325,0.001295,0.001823,0.000362,0.000655,0.001453,0.000000,0.000000,0.005325,0.000000,2.535000,0.007130,0.000000,0.000000,0.000345,0,0
275400000000,275700000000,6283499093,129,711826,0.000313,0.001308,0.001823,0.000362,0.000667,0.001451,0.000002,0.000000,0.004631,0.000571,2.801000,0.008432,0.000000,0.000000,0.000173,0,0
275700000000,276000000000,6283499093,129,711826,0.000331,0.001329,0.001825,0.000362,0.000689,0.001451,0.000000,0.000000,0.001493,0.000072,2.558000,0.007386,0.000000,0.000000,0.000140,0,0
276000000000,276300000000,6283499093,129,711826,0.000333,0.001383,0.001825,0.000362,0.000738,0.001461,0.000005,0.000000,0.012860,0.001215,1.890000,0.004381,0.000000,0.000000,0.000800,0,0
276300000000,276600000000,6283499093,129,711826,0.000356,0.001421,0.001825,0.000362,0.000771,0.001463,0.000000,0.000000,0.004051,0.000000,2.525000,0.007283,0.000000,0.000000,0.000593,0,0
276600000000,276900000000,6283499093,129,711826,0.000380,0.001431,0.001825,0.000362,0.000784,0.001457,0.000001,0.000000,0.003242,0.000072,2.739000,0.008393,0.000000,0.000000,0.000112,0,0
276900000000,277200000000,6283499093,129,711826,0.000333,0.001429,0.001953,0.000363,0.000777,0.001501,0.000000,0.000000,0.003983,0.000000,2.929000,0.008921,0.000000,0.000000,0.000114,0,0
277200000000,277500000000,6283499093,129,711826,0.000305,0.001348,0.001827,0.000386,0.000697,0.001463,0.000322,0.000000,0.003197,0.031560,2.401000,0.006620,0.000000,0.000000,0.000346,0,0
277500000000,277690000000,6283499093,129,711826,0.000360,0.001116,0.001831,0.000481,0.000558,0.001167,0.000300,0.000000,0.013340,0.026860,2.800000,0.008374,0.000000,0.000000,0.000154,0,0
277690000000,277702000000,6283499093,129,711826,0.000156,0.000000,0.000000,0.000000,0.000000,0.000000,0.000050,0.000000,0.001879,0.000643,1.700000,0.003313,0.000000,0.000000,0.000000,0,0
277702000000,277704000000,6283499093,129,711826,0.000000,0.000000,0.000000,0.000000,0.000000,0.000000,0.000000,0.000000,0.000000,0.000000,1.656000,0.003096,0.000000,0.000000,0.000000,0,0
