272494000000,272532000000,6283499093,13,38666328,0.000000,0.000000,0.000000,0.000000,0.000000,0.000000,0.000000,0.000000,0.000000,0.000000,0.000000,0.000000,0.000000,0.000000,0.000000,0,0
272532000000,272700000000,6283499093,13,38666328,0.000511,0.001022,0.001917,0.000187,0.000292,0.001488,0.000743,0.000000,0.015090,0.026580,2.375000,0.007175,0.000000,0.000000,0.000711,0,0
272700000000,273000000000,6283499093,13,38666328,0.000320,0.000889,0.001917,0.000188,0.000220,0.001076,0.000000,0.000000,0.004471,0.000000,2.929000,0.009257,0.000000,0.000000,0.000630,0,0
273000000000,273300000000,6283499093,13,38666328,0.000336,0.001053,0.001919,0.000185,0.000366,0.001326,0.000009,0.000000,0.004715,0.002430,2.487000,0.007325,0.000000,0.000000,0.000619,0,0
273300000000,273600000000,6283499093,13,38666328,0.000313,0.000913,0.001917,0.000185,0.000217,0.001087,0.000000,0.000000,0.004608,0.000000,2.248000,0.006313,0.000000,0.000000,0.000093,0,0
273600000000,273900000000,6283499093,13,38666328,0.000311,0.000938,0.001915,0.000185,0.000241,0.001192,0.000000,0.000000,0.004257,0.000072,2.369000,0.006762,0.000000,0.000000,0.000171,0,0
273900000000,274200000000,6283499093,13,38666328,0.000311,0.000971,0.001915,0.000185,0.000270,0.001322,0.000000,0.000000,0.003788,0.000072,2.064000,0.005387,0.000000,0.000000,0.000140,0,0
274200000000,274500000000,6283499093,13,38666328,0.000302,0.000992,0.001915,0.000185,0.000289,0.001331,0.000008,0.000000,0.004166,0.001999,2.201000,0.006086,0.000000,0.000000,0.000627,0,0
274500000000,274800000000,6283499093,13,38666328,0.000313,0.001038,0.001915,0.000185,0.000333,0.001339,0.000000,0.000000,0.002743,0.000072,2.314000,0.006531,0.000000,0.000000,0.000183,0,0
274800000000,275100000000,6283499093,13,38666328,0.000331,0.001091,0.001917,0.000185,0.000380,0.001341,0.000001,0.000000,0.004761,0.000072,2.489000,0.007648,0.000000,0.000000,0.000094,0,0
275100000000,275400000000,6283499093,13,38666328,0.000315,0.001135,0.001919,0.000185,0.000423,0.001341,0.000000,0.000000,0.004784,0.000000,2.597000,0.007978,0.000000,0.000000,0.000081,0,0
275400000000,275700000000,6283499093,13,38666328,0.000296,0.001167,0.001923,0.000185,0.000459,0.001341,0.000000,0.000000,0.003849,0.000072,2.214000,0.006364,0.000000,0.000000,0.000210,0,0
275700000000,276000000000,6283499093,13,38666328,0.000309,0.001200,0.001925,0.000185,0.000490,0.001341,0.000000,0.000000,0.004517,0.000072,1.939000,0.004859,0.000000,0.000000,0.003864,0,0
276000000000,276300000000,6283499093,13,38666328,0.000301,0.001242,0.001925,0.000185,0.000530,0.001341,0.000002,0.000000,0.004097,0.000072,2.237000,0.006330,0.000000,0.000000,0.000217,0,0
276300000000,276600000000,6283499093,13,38666328,0.000308,0.001274,0.001926,0.000185,0.000565,0.001339,0.000000,0.000000,0.004204,0.000000,2.221000,0.006075,0.000000,0.000000,0.000133,0,0
276600000000,276900000000,6283499093,13,38666328,0.000315,0.001308,0.001926,0.000185,0.000601,0.001341,0.000001,0.000000,0.004898,0.000072,2.118000,0.005666,0.000000,0.000000,0.000155,0,0
276900000000,277200000000,6283499093,13,38666328,0.000304,0.001009,0.001923,0.000185,0.000301,0.001337,0.000000,0.000000,0.004433,0.000000,2.320000,0.006498,0.000000,0.000000,0.000236,0,0
277200000000,277500000000,6283499093,13,38666328,0.000327,0.000971,0.001919,0.000185,0.000256,0.001343,0.000003,0.000000,0.004150,0.000072,2.452000,0.007107,0.000000,0.000000,0.003845,0,0
277500000000,277800000000,6283499093,13,38666328,0.000340,0.001020,0.001919,0.000194,0.000292,0.001364,0.000237,0.000000,0.004478,0.021420,2.473000,0.007231,0.000000,0.000000,0.000330,0,0
277800000000,277959000000,6283499093,13,38666328,0.000474,0.000956,0.001923,0.000217,0.000257,0.001078,0.000526,0.000000,0.010120,0.035340,3.146000,0.010380,0.000000,0.000000,0.000261,0,0
277959000000,277976000000,6283499093,13,38666328,0.000167,0.000000,0.000000,0.000000,0.000000,0.000000,0.000260,0.000000,0.002838,0.004425,2.643000,0.008161,0.000000,0.000000,0.000000,0,0
277976000000,277977000000,6283499093,13,38666328,0.000000,0.000000,0.000000,0.000000,0.000000,0.000000,0.000000,0.000000,0.000000,0.000000,1.870000,0.004837,0.000000,0.000000,0.000000,0,0
