272504000000,272569000000,6283499093,130,902903,0.000000,0.000000,0.000000,0.000000,0.000000,0.000000,0.000000,0.000000,0.000000,0.000000,0.000000,0.000000,0.000000,0.000000,0.000000,0,0
272569000000,272700000000,6283499093,130,902903,0.000659,0.001549,0.001930,0.000365,0.000795,0.001707,0.001671,0.000000,0.017700,0.069210,2.659000,0.007694,0.000000,0.000000,0.000370,0,0
272700000000,273000000000,6283499093,130,902903,0.000363,0.000980,0.001932,0.000367,0.000810,0.001303,0.000000,0.000000,0.004654,0.000072,2.900000,0.008461,0.000000,0.000000,0.000264,0,0
273000000000,273300000000,6283499093,130,902903,0.000387,0.000963,0.001932,0.000367,0.000812,0.000984,0.000007,0.000000,0.004456,0.001999,2.718000,0.007870,0.000000,0.000000,0.000145,0,0
273300000000,273600000000,6283499093,130,902903,0.000365,0.000969,0.001932,0.000367,0.000812,0.000982,0.000000,0.000000,0.004814,0.000000,2.608000,0.007402,0.000000,0.000000,0.000194,0,0
273600000000,273900000000,6283499093,130,902903,0.000429,0.000986,0.001932,0.000367,0.000812,0.001007,0.000001,0.000000,0.006332,0.000143,2.825000,0.008405,0.000000,0.000000,0.000133,0,0
273900000000,274200000000,6283499093,130,902903,0.000415,0.000999,0.001932,0.000367,0.000812,0.001005,0.000000,0.000000,0.006279,0.000072,2.781000,0.008389,0.000000,0.000000,0.000310,0,0
274200000000,274500000000,6283499093,130,902903,0.000469,0.001009,0.001932,0.000366,0.000812,0.001020,0.000011,0.000000,0.007187,0.002998,1.666000,0.003334,0.000000,0.000000,0.000313,0,0
274500000000,274800000000,6283499093,130,902903,0.000722,0.001019,0.001932,0.000367,0.000812,0.001127,0.000007,0.000000,0.063720,0.000999,2.813000,0.008717,0.000000,0.000000,0.000787,0,0
274800000000,275100000000,6283499093,130,902903,0.000629,0.001167,0.001928,0.000354,0.000818,0.001221,0.000032,0.000000,0.026520,0.006432,0.993700,0.001707,0.000000,0.000000,0.000768,0,0
275100000000,275400000000,6283499093,130,902903,0.000449,0.001123,0.001930,0.000350,0.000815,0.001139,0.000000,0.000000,0.004906,0.000000,3.180000,0.010010,0.000000,0.000000,0.000133,0,0
275400000000,275700000000,6283499093,130,902903,0.000338,0.001118,0.001930,0.000350,0.000815,0.001129,0.000000,0.000000,0.004677,0.000072,3.043000,0.009334,0.000000,0.000000,0.000118,0,0
275700000000,276000000000,6283499093,130,902903,0.000358,0.001127,0.001932,0.000350,0.000815,0.001143,0.000000,0.000000,0.006836,0.000000,2.470000,0.006758,0.000000,0.000000,0.000212,0,0
276000000000,276300000000,6283499093,130,902903,0.000356,0.001116,0.001932,0.000350,0.000815,0.001135,0.000000,0.000000,0.005241,0.000072,2.395000,0.006489,0.000000,0.000000,0.000233,0,0
276300000000,276600000000,6283499093,130,902903,0.000347,0.001127,0.001932,0.000350,0.000815,0.001135,0.000000,0.000000,0.004250,0.000072,2.522000,0.006948,0.000000,0.000000,0.000683,0,0
276600000000,276900000000,6283499093,130,902903,0.000337,0.001110,0.001932,0.000350,0.000815,0.001118,0.000002,0.000000,0.004776,0.000215,2.325000,0.006245,0.000000,0.000000,0.000720,0,0
276900000000,277200000000,6283499093,130,902903,0.000346,0.001114,0.001932,0.000350,0.000815,0.001129,0.000000,0.000000,0.005325,0.000072,2.337000,0.006183,0.000000,0.000000,0.000112,0,0
277200000000,277500000000,6283499093,130,902903,0.000341,0.001118,0.001932,0.000350,0.000815,0.001129,0.000006,0.000000,0.004601,0.001143,2.583000,0.007206,0.000000,0.000000,0.000258,0,0
277500000000,277800000000,6283499093,130,902903,0.000376,0.001120,0.001932,0.000350,0.000815,0.001125,0.000004,0.000000,0.005264,0.000286,2.389000,0.006308,0.000000,0.000000,0.000165,0,0
277800000000,278100000000,6283499093,130,902903,0.000398,0.001127,0.001930,0.000350,0.000815,0.001141,0.000007,0.000000,0.005592,0.000643,2.822000,0.008257,0.000000,0.000000,0.000212,0,0
278100000000,278400000000,6283499093,130,902903,0.000402,0.001120,0.001930,0.000350,0.000815,0.001135,0.000016,0.000000,0.001644,0.002857,2.562000,0.007244,0.000000,0.000000,0.000686,0,0
278400000000,278700000000,6283499093,130,902903,0.000384,0.001135,0.001932,0.000350,0.000815,0.001141,0.000008,0.000000,0.006226,0.001499,2.710000,0.007568,0.000000,0.000000,0.000658,0,0
278700000000,279000000000,6283499093,130,902903,0.000408,0.001143,0.001932,0.000348,0.000816,0.001171,0.000010,0.000000,0.010510,0.001928,2.630000,0.007319,0.000000,0.000000,0.000650,0,0
279000000000,279300000000,6283499093,130,902903,0.000423,0.001139,0.001930,0.000346,0.000816,0.001148,0.000002,0.000000,0.005630,0.000143,2.584000,0.007081,0.000000,0.000000,0.000155,0,0
279300000000,279600000000,6283499093,130,902903,0.000400,0.001137,0.001932,0.000347,0.000816,0.001156,0.000001,0.000000,0.007095,0.000143,2.884000,0.008295,0.000000,0.000000,0.000227,0,0
279600000000,279900000000,6283499093,130,902903,0.000390,0.001152,0.001932,0.000347,0.000816,0.001177,0.000009,0.000000,0.005455,0.001143,2.514000,0.006866,0.000000,0.000000,0.000178,0,0
279900000000,280200000000,6283499093,130,902903,0.000386,0.001146,0.001932,0.000347,0.000816,0.001173,0.000005,0.000000,0.005585,0.000500,2.725000,0.007723,0.000000,0.000000,0.000218,0,0
280200000000,280500000000,6283499093,130,902903,0.000371,0.001125,0.001932,0.000347,0.000816,0.001143,0.000001,0.000000,0.006104,0.000143,2.479000,0.006824,0.000000,0.000000,0.000643,0,0
280500000000,280800000000,6283499093,130,902903,0.000379,0.001148,0.001932,0.000347,0.000816,0.001179,0.000002,0.000000,0.002598,0.000215,2.477000,0.006705,0.000000,0.000000,0.000637,0,0
280800000000,281100000000,6283499093,130,902903,0.000417,0.001158,0.001930,0.000347,0.000816,0.001184,0.000008,0.000000,0.002094,0.000929,2.488000,0.006713,0.000000,0.000000,0.000623,0,0
281100000000,281400000000,6283499093,130,902903,0.000414,0.001148,0.001930,0.000347,0.000816,0.001167,0.000002,0.000000,0.004944,0.000215,2.204000,0.005587,0.000000,0.000000,0.000121,0,0
281400000000,281569000000,6283499093,130,902903,0.001764,0.001162,0.001999,0.000345,0.000812,0.001453,0.000045,0.000000,0.085080,0.005859,2.614000,0.007369,0.000000,0.000000,0.000101,0,0
281569000000,281584000000,6283499093,130,902903,0.000262,0.000000,0.000000,0.000000,0.000000,0.000000,0.000076,0.000000,0.003944,0.001072,2.483000,0.006859,0.000000,0.000000,0.000000,0,0
281584000000,281585000000,6283499093,130,902903,0.000000,0.000000,0.000000,0.000000,0.000000,0.000000,0.000000,0.000000,0.000000,0.000000,2.483000,0.006859,0.000000,0.000000,0.000000,0,0
