272493000000,272579000000,6283499093,131,3924798080,0.000000,0.000000,0.000000,0.000000,0.000000,0.000000,0.000000,0.000000,0.000000,0.000000,0.000000,0.000000,0.000000,0.000000,0.000000,0,0
272579000000,272700000000,6283499093,131,3924798080,0.000614,0.001440,0.001932,0.000248,0.000673,0.001564,0.001492,0.000000,0.014310,0.059200,2.505000,0.007189,0.000000,0.000000,0.000562,0,0
272700000000,273000000000,6283499093,131,3924798080,0.000343,0.000955,0.001934,0.000249,0.000691,0.001196,0.000000,0.000000,0.004288,0.000000,2.397000,0.006724,0.000000,0.000000,0.000076,0,0
273000000000,273300000000,6283499093,131,3924798080,0.000361,0.000930,0.001934,0.000248,0.000692,0.000947,0.000000,0.000000,0.004860,0.000072,2.414000,0.006882,0.000000,0.000000,0.000113,0,0
273300000000,273600000000,6283499093,131,3924798080,0.000358,0.000937,0.001934,0.000248,0.000692,0.000951,0.000000,0.000000,0.004509,0.000000,2.413000,0.006926,0.000000,0.000000,0.000209,0,0
273600000000,273900000000,6283499093,131,3924798080,0.000365,0.000943,0.001934,0.000248,0.000692,0.000955,0.000001,0.000000,0.004265,0.000072,2.130000,0.005693,0.000000,0.000000,0.000237,0,0
273900000000,274200000000,6283499093,131,3924798080,0.000367,0.000955,0.001934,0.000248,0.000692,0.000958,0.000000,0.000000,0.004074,0.000000,2.766000,0.008264,0.000000,0.000000,0.000140,0,0
274200000000,274500000000,6283499093,131,3924798080,0.000350,0.000952,0.001934,0.000248,0.000692,0.000959,0.000005,0.000000,0.004402,0.000857,2.623000,0.007750,0.000000,0.000000,0.000214,0,0
274500000000,274800000000,6283499093,131,3924798080,0.000360,0.001289,0.001930,0.000248,0.000664,0.001335,0.000001,0.000000,0.004555,0.000072,2.581000,0.007269,0.000000,0.000000,0.000275,0,0
274800000000,275100000000,6283499093,131,3924798080,0.000352,0.001280,0.001930,0.000249,0.000638,0.001337,0.000000,0.000000,0.003429,0.000072,2.641000,0.007660,0.000000,0.000000,0.000274,0,0
275100000000,275400000000,6283499093,131,3924798080,0.000343,0.001255,0.001928,0.000249,0.000612,0.001337,0.000000,0.000000,0.004311,0.000000,2.563000,0.007230,0.000000,0.000000,0.000293,0,0
275400000000,275700000000,6283499093,131,3924798080,0.000394,0.000970,0.001923,0.000249,0.000325,0.001339,0.000015,0.000000,0.032710,0.004425,2.285000,0.005982,0.000000,0.000000,0.000134,0,0
275700000000,276000000000,6283499093,131,3924798080,0.000429,0.001102,0.001923,0.000249,0.000423,0.001379,0.000001,0.000000,0.007126,0.000072,3.063000,0.009435,0.000000,0.000000,0.000230,0,0
276000000000,276300000000,6283499093,131,3924798080,0.000425,0.001160,0.001925,0.000248,0.000481,0.001373,0.000000,0.000000,0.008286,0.000072,2.482000,0.006932,0.000000,0.000000,0.000155,0,0
276300000000,276600000000,6283499093,131,3924798080,0.000423,0.001213,0.001926,0.000248,0.000533,0.001381,0.000001,0.000000,0.008133,0.000072,2.269000,0.006125,0.000000,0.000000,0.000154,0,0
276600000000,276900000000,6283499093,131,3924798080,0.000425,0.001278,0.001926,0.000248,0.000588,0.001387,0.000000,0.000000,0.004349,0.000072,2.831000,0.008655,0.000000,0.000000,0.000794,0,0
276900000000,277200000000,6283499093,131,3924798080,0.000408,0.001341,0.001928,0.000248,0.000647,0.001398,0.000000,0.000000,0.003990,0.000072,2.794000,0.008427,0.000000,0.000000,0.000246,0,0
277200000000,277500000000,6283499093,131,3924798080,0.000388,0.001398,0.001928,0.000248,0.000677,0.001415,0.000009,0.000000,0.005280,0.001572,2.445000,0.006947,0.000000,0.000000,0.000172,0,0
277500000000,277739000000,6283499093,131,3924798080,0.000360,0.001396,0.001928,0.000248,0.000676,0.001415,0.000005,0.000000,0.004082,0.000143,2.751000,0.007964,0.000000,0.000000,0.000122,0,0
277739000000,277751000000,6283499093,131,3924798080,0.000228,0.000000,0.000000,0.000000,0.000000,0.000000,0.000042,0.000000,0.002731,0.000428,1.778000,0.004087,0.000000,0.000000,0.000000,0,0
277751000000,277752000000,6283499093,131,3924798080,0.000000,0.000000,0.000000,0.000000,0.000000,0.000000,0.000000,0.000000,0.000000,0.000000,1.778000,0.004087,0.000000,0.000000,0.000000,0,0
