272503000000,272602000000,6283499093,132,336025409,0.000000,0.000000,0.000000,0.000000,0.000000,0.000000,0.000000,0.000000,0.000000,0.000000,0.000000,0.000000,0.000000,0.000000,0.000000,0,0
272602000000,272700000000,6283499093,132,336025409,0.000706,0.001570,0.001928,0.000367,0.000796,0.001665,0.002552,0.000000,0.016630,0.071290,2.441000,0.007639,0.000000,0.000000,0.000615,0,0
272700000000,273000000000,6283499093,132,336025409,0.000350,0.001009,0.001930,0.000366,0.000810,0.001448,0.000004,0.000000,0.004372,0.001215,2.452000,0.007498,0.000000,0.000000,0.000111,0,0
273000000000,273300000000,6283499093,132,336025409,0.000353,0.000911,0.001930,0.000365,0.000808,0.000928,0.000000,0.000000,0.004272,0.000072,2.660000,0.008562,0.000000,0.000000,0.000103,0,0
273300000000,273600000000,6283499093,132,336025409,0.000330,0.000928,0.001930,0.000364,0.000808,0.000941,0.000000,0.000000,0.007774,0.000000,2.311000,0.006890,0.000000,0.000000,0.000141,0,0
273600000000,273900000000,6283499093,132,336025409,0.000344,0.000933,0.001930,0.000364,0.000808,0.000942,0.000001,0.000000,0.004929,0.000143,2.716000,0.008534,0.000000,0.000000,0.000407,0,0
273900000000,274200000000,6283499093,132,336025409,0.000335,0.000925,0.001930,0.000364,0.000808,0.000937,0.000000,0.000000,0.005585,0.000000,2.542000,0.007798,0.000000,0.000000,0.000637,0,0
274200000000,274500000000,6283499093,132,336025409,0.000333,0.000930,0.001930,0.000364,0.000808,0.000951,0.000002,0.000000,0.004272,0.000286,2.401000,0.007254,0.000000,0.000000,0.000067,0,0
274500000000,274800000000,6283499093,132,336025409,0.000317,0.000941,0.001930,0.000364,0.000808,0.000951,0.000000,0.000000,0.004128,0.000000,2.342000,0.007014,0.000000,0.000000,0.000228,0,0
274800000000,275100000000,6283499093,132,336025409,0.000311,0.000929,0.001930,0.000364,0.000808,0.000933,0.000000,0.000000,0.004539,0.000072,2.333000,0.006989,0.000000,0.000000,0.000245,0,0
275100000000,275400000000,6283499093,132,336025409,0.000298,0.000930,0.001930,0.000364,0.000808,0.000933,0.000000,0.000000,0.004547,0.000000,2.138000,0.006100,0.000000,0.000000,0.000197,0,0
275400000000,275700000000,6283499093,132,336025409,0.000318,0.000940,0.001930,0.000364,0.000808,0.000956,0.000001,0.000000,0.004196,0.000143,2.381000,0.006837,0.000000,0.000000,0.000151,0,0
275700000000,276000000000,6283499093,132,336025409,0.000400,0.000959,0.001930,0.000364,0.000809,0.000990,0.000001,0.000000,0.007416,0.000072,1.630000,0.003377,0.000000,0.000000,0.000603,0,0
276000000000,276300000000,6283499093,132,336025409,0.000467,0.000984,0.001928,0.000365,0.000810,0.001034,0.000022,0.000000,0.007469,0.005569,1.987000,0.005121,0.000000,0.000000,0.000224,0,0
276300000000,276600000000,6283499093,132,336025409,0.000440,0.001005,0.001928,0.000363,0.000809,0.001028,0.000001,0.000000,0.004555,0.000286,2.527000,0.007797,0.000000,0.000000,0.000293,0,0
276600000000,276900000000,6283499093,132,336025409,0.000427,0.000996,0.001928,0.000362,0.000809,0.001001,0.000001,0.000000,0.007629,0.000143,2.397000,0.007098,0.000000,0.000000,0.000583,0,0
276900000000,277200000000,6283499093,132,336025409,0.000386,0.000996,0.001928,0.000362,0.000809,0.001001,0.000001,0.000000,0.004585,0.000286,3.041000,0.009957,0.000000,0.000000,0.000206,0,0
277200000000,277500000000,6283499093,132,336025409,0.000443,0.001013,0.001928,0.000363,0.000809,0.001024,0.000010,0.000000,0.028410,0.001999,1.767000,0.004073,0.000000,0.000000,0.000486,0,0
277500000000,277800000000,6283499093,132,336025409,0.000359,0.001009,0.001928,0.000363,0.000809,0.001024,0.000004,0.000000,0.004448,0.000215,2.618000,0.008736,0.000000,0.000000,0.000341,0,0
277800000000,277889000000,6283499093,132,336025409,0.000391,0.001005,0.001928,0.000362,0.000809,0.001017,0.000008,0.000000,0.005890,0.000286,3.207000,0.011440,0.000000,0.000000,0.000267,0,0
277889000000,277902000000,6283499093,132,336025409,0.000174,0.000000,0.000000,0.000000,0.000000,0.000000,0.000209,0.000000,0.002258,0.002716,2.331000,0.007423,0.000000,0.000000,0.000000,0,0
277902000000,277903000000,6283499093,132,336025409,0.000000,0.000000,0.000000,0.000000,0.000000,0.000000,0.000000,0.000000,0.000000,0.000000,2.331000,0.007423,0.000000,0.000000,0.000000,0,0
