272499000000,272597000000,6283499093,133,3998905372,0.000000,0.000000,0.000000,0.000000,0.000000,0.000000,0.000000,0.000000,0.000000,0.000000,0.000000,0.000000,0.000000,0.000000,0.000000,0,0
272597000000,272700000000,6283499093,133,3998905372,0.000631,0.001467,0.001932,0.000269,0.000694,0.001568,0.001352,0.000000,0.021790,0.057620,1.287000,0.001983,0.000000,0.000000,0.000357,0,0
272700000000,273000000000,6283499093,133,3998905372,0.000338,0.000968,0.001932,0.000276,0.000717,0.001354,0.000000,0.000000,0.004578,0.000072,2.458000,0.006765,0.000000,0.000000,0.000227,0,0
273000000000,273300000000,6283499093,133,3998905372,0.000350,0.000925,0.001932,0.000278,0.000722,0.000936,0.000017,0.000000,0.004265,0.002785,2.453000,0.006761,0.000000,0.000000,0.000097,0,0
273300000000,273600000000,6283499093,133,3998905372,0.000332,0.000917,0.001932,0.000280,0.000724,0.000937,0.000000,0.000000,0.004234,0.000000,2.699000,0.007504,0.000000,0.000000,0.000147,0,0
273600000000,273900000000,6283499093,133,3998905372,0.000324,0.000923,0.001932,0.000280,0.000724,0.000937,0.000000,0.000000,0.004158,0.000072,2.335000,0.006177,0.000000,0.000000,0.000075,0,0
273900000000,274200000000,6283499093,133,3998905372,0.000320,0.000922,0.001932,0.000279,0.000724,0.000937,0.000002,0.000000,0.003819,0.000643,2.277000,0.006032,0.000000,0.000000,0.000091,0,0
274200000000,274500000000,6283499093,133,3998905372,0.000431,0.000953,0.001932,0.000279,0.000724,0.000964,0.000006,0.000000,0.004578,0.001072,3.020000,0.009190,0.000000,0.000000,0.000250,0,0
274500000000,274800000000,6283499093,133,3998905372,0.000417,0.000952,0.001932,0.000279,0.000724,0.000970,0.000000,0.000000,0.004707,0.000143,3.940000,0.012890,0.000000,0.000000,0.000354,0,0
274800000000,275100000000,6283499093,133,3998905372,0.000304,0.000954,0.001932,0.000279,0.000724,0.000968,0.000000,0.000000,0.003864,0.000072,2.721000,0.008120,0.000000,0.000000,0.000138,0,0
275100000000,275400000000,6283499093,133,3998905372,0.000298,0.000950,0.001932,0.000279,0.000724,0.000969,0.000000,0.000000,0.003872,0.000072,2.257000,0.005950,0.000000,0.000000,0.000167,0,0
275400000000,275700000000,6283499093,133,3998905372,0.000361,0.000996,0.001932,0.000283,0.000729,0.001024,0.000028,0.000000,0.024290,0.005859,2.238000,0.006059,0.000000,0.000000,0.000113,0,0
275700000000,276000000000,6283499093,133,3998905372,0.000340,0.000967,0.001932,0.000281,0.000727,0.000978,0.000000,0.000000,0.004601,0.000020,2.299000,0.006212,0.000000,0.000000,0.000139,0,0
276000000000,276300000000,6283499093,133,3998905372,0.000396,0.000994,0.001930,0.000279,0.000726,0.001003,0.000001,0.000000,0.004593,0.000143,2.261000,0.006135,0.000000,0.000000,0.000237,0,0
276300000000,276600000000,6283499093,133,3998905372,0.000351,0.000992,0.001932,0.000279,0.000726,0.001001,0.000000,0.000000,0.004341,0.000072,2.094000,0.005399,0.000000,0.000000,0.000232,0,0
276600000000,276900000000,6283499093,133,3998905372,0.000349,0.001013,0.001932,0.000279,0.000726,0.001015,0.000001,0.000000,0.003983,0.000143,1.767000,0.003852,0.000000,0.000000,0.000103,0,0
276900000000,277200000000,6283499093,133,3998905372,0.000311,0.001003,0.001932,0.000279,0.000725,0.001013,0.000002,0.000000,0.004105,0.000428,2.233000,0.005995,0.000000,0.000000,0.000112,0,0
277200000000,277499000000,6283499093,133,3998905372,0.000316,0.001003,0.001932,0.000279,0.000725,0.001019,0.000021,0.000000,0.004562,0.002930,2.033000,0.005167,0.000000,0.000000,0.000162,0,0
277499000000,277500000000,6283499093,133,3998905372,0.002377,0.000144,0.000000,0.000741,0.000741,0.000144,0.000000,0.000000,0.002377,0.000000,1.792000,0.004299,0.000000,0.000000,0.000000,0,0
277500000000,277523000000,6283499093,133,3998905372,0.000000,0.000000,0.000000,0.000000,0.000000,0.000000,0.000047,0.000000,0.000000,0.000999,1.792000,0.004299,0.000000,0.000000,0.000000,0,0
277523000000,277524000000,6283499093,133,3998905372,0.000000,0.000000,0.000000,0.000000,0.000000,0.000000,0.000000,0.000000,0.000000,0.000000,1.792000,0.004299,0.000000,0.000000,0.000000,0,0
