272505000000,272571000000,6283499093,134,317468392,0.000000,0.000000,0.000000,0.000000,0.000000,0.000000,0.000000,0.000000,0.000000,0.000000,0.000000,0.000000,0.000000,0.000000,0.000000,0,0
272571000000,272700000000,6283499093,134,317468392,0.000619,0.001266,0.001915,0.000202,0.000481,0.001524,0.000771,0.000000,0.014070,0.030790,2.535000,0.007479,0.000000,0.000000,0.000547,0,0
272700000000,273000000000,6283499093,134,317468392,0.000366,0.001181,0.001915,0.000200,0.000505,0.001318,0.000000,0.000000,0.005249,0.000000,2.302000,0.006567,0.000000,0.000000,0.000074,0,0
273000000000,273300000000,6283499093,134,317468392,0.000351,0.001179,0.001915,0.000200,0.000503,0.001320,0.000000,0.000000,0.054440,0.000072,2.468000,0.007171,0.000000,0.000000,0.000101,0,0
273300000000,273600000000,6283499093,134,317468392,0.000301,0.001186,0.001915,0.000200,0.000507,0.001324,0.000000,0.000000,0.003960,0.000000,2.413000,0.006830,0.000000,0.000000,0.000272,0,0
273600000000,273900000000,6283499093,134,317468392,0.000298,0.001213,0.001917,0.000200,0.000532,0.001328,0.000000,0.000000,0.001072,0.000072,2.050000,0.005344,0.000000,0.000000,0.000195,0,0
273900000000,274200000000,6283499093,134,317468392,0.000437,0.001251,0.001915,0.000199,0.000540,0.001369,0.000001,0.000000,0.005638,0.000072,2.644000,0.008409,0.000000,0.000000,0.000261,0,0
274200000000,274500000000,6283499093,134,317468392,0.000407,0.001213,0.001913,0.000199,0.000486,0.001369,0.000001,0.000000,0.004028,0.000143,2.924000,0.009678,0.000000,0.000000,0.000403,0,0
274500000000,274800000000,6283499093,134,317468392,0.000350,0.001162,0.001913,0.000199,0.000436,0.001371,0.000000,0.000000,0.004356,0.000000,2.436000,0.007122,0.000000,0.000000,0.000320,0,0
274800000000,275100000000,6283499093,134,317468392,0.001385,0.001116,0.001911,0.000199,0.000378,0.001577,0.000031,0.000000,0.068730,0.007217,2.363000,0.006597,0.000000,0.000000,0.000241,0,0
275100000000,275400000000,6283499093,134,317468392,0.000425,0.001255,0.001909,0.000193,0.000397,0.001535,0.000002,0.000000,0.004898,0.000357,2.859000,0.009600,0.000000,0.000000,0.000308,0,0
275400000000,275700000000,6283499093,134,317468392,0.000403,0.001280,0.001911,0.000192,0.000426,0.001511,0.000000,0.000000,0.006195,0.000072,2.694000,0.008761,0.000000,0.000000,0.000349,0,0
275700000000,276000000000,6283499093,134,317468392,0.000325,0.001266,0.001911,0.000192,0.000413,0.001513,0.000000,0.000000,0.005600,0.000072,2.319000,0.006686,0.000000,0.000000,0.000608,0,0
276000000000,276300000000,6283499093,134,317468392,0.000341,0.001244,0.001911,0.000192,0.000387,0.001516,0.000003,0.000000,0.005150,0.000571,2.526000,0.007760,0.000000,0.000000,0.000099,0,0
276300000000,276600000000,6283499093,134,317468392,0.000339,0.001295,0.001911,0.000192,0.000442,0.001511,0.000000,0.000000,0.004761,0.000072,2.277000,0.006538,0.000000,0.000000,0.000121,0,0
276600000000,276900000000,6283499093,134,317468392,0.000308,0.001266,0.001913,0.000192,0.000411,0.001516,0.000001,0.000000,0.004776,0.000215,2.169000,0.006014,0.000000,0.000000,0.000172,0,0
276900000000,277200000000,6283499093,134,317468392,0.000305,0.001232,0.001911,0.000192,0.000379,0.001511,0.000000,0.000000,0.004700,0.000072,2.314000,0.006561,0.000000,0.000000,0.000163,0,0
277200000000,277500000000,6283499093,134,317468392,0.000353,0.001293,0.001913,0.000192,0.000437,0.001528,0.000002,0.000000,0.010160,0.000215,2.108000,0.005694,0.000000,0.000000,0.000150,0,0
277500000000,277800000000,6283499093,134,317468392,0.000386,0.001268,0.001911,0.000191,0.000405,0.001530,0.000005,0.000000,0.005775,0.000357,2.616000,0.007820,0.000000,0.000000,0.000242,0,0
277800000000,278100000000,6283499093,134,317468392,0.000382,0.001261,0.001909,0.000191,0.000403,0.001518,0.000004,0.000000,0.004730,0.000215,2.663000,0.008082,0.000000,0.000000,0.000423,0,0
278100000000,278400000000,6283499093,134,317468392,0.000339,0.001287,0.001913,0.000192,0.000426,0.001524,0.000004,0.000000,0.004852,0.000143,2.209000,0.006301,0.000000,0.000000,0.000652,0,0
278400000000,278700000000,6283499093,134,317468392,0.000323,0.001314,0.001915,0.000192,0.000526,0.001520,0.000006,0.000000,0.005096,0.001143,2.339000,0.007065,0.000000,0.000000,0.000258,0,0
278700000000,279000000000,6283499093,134,317468392,0.000320,0.001158,0.001919,0.000194,0.000662,0.001188,0.000020,0.000000,0.005287,0.005142,2.299000,0.006896,0.000000,0.000000,0.000309,0,0
279000000000,279300000000,6283499093,134,317468392,0.000316,0.001135,0.001919,0.000196,0.000665,0.001148,0.000002,0.000000,0.004906,0.000143,2.194000,0.006441,0.000000,0.000000,0.000197,0,0
279300000000,279600000000,6283499093,134,317468392,0.000320,0.001131,0.001919,0.000196,0.000665,0.001150,0.000001,0.000000,0.004791,0.000072,2.352000,0.007101,0.000000,0.000000,0.000485,0,0
279600000000,279900000000,6283499093,134,317468392,0.000338,0.001162,0.001919,0.000196,0.000665,0.001179,0.000015,0.000000,0.004768,0.002930,2.596000,0.008288,0.000000,0.000000,0.000217,0,0
279900000000,280200000000,6283499093,134,317468392,0.000335,0.001137,0.001919,0.000196,0.000665,0.001144,0.000004,0.000000,0.005356,0.000286,2.235000,0.006693,0.000000,0.000000,0.000130,0,0
280200000000,280500000000,6283499093,134,317468392,0.000340,0.001150,0.001919,0.000196,0.000665,0.001165,0.000011,0.000000,0.002529,0.002930,2.300000,0.007073,0.000000,0.000000,0.000132,0,0
280500000000,280800000000,6283499093,134,317468392,0.000333,0.001144,0.001919,0.000196,0.000666,0.001152,0.000011,0.000000,0.004471,0.002857,2.190000,0.006542,0.000000,0.000000,0.000213,0,0
280800000000,281049000000,6283499093,134,317468392,0.000355,0.001148,0.001919,0.000197,0.000666,0.001173,0.000021,0.000000,0.005852,0.003857,2.387000,0.007516,0.000000,0.000000,0.000122,0,0
281049000000,281062000000,6283499093,134,317468392,0.000199,0.000000,0.000000,0.000000,0.000000,0.000000,0.000055,0.000000,0.002590,0.000643,1.497000,0.002975,0.000000,0.000000,0.000000,0,0
281062000000,281063000000,6283499093,134,317468392,0.000000,0.000000,0.000000,0.000000,0.000000,0.000000,0.000000,0.000000,0.000000,0.000000,1.387000,0.002387,0.000000,0.000000,0.000000,0,0
