272502000000,272602000000,6283499093,135,336045605,0.000000,0.000000,0.000000,0.000000,0.000000,0.000000,0.000000,0.000000,0.000000,0.000000,0.000000,0.000000,0.000000,0.000000,0.000000,0,0
272602000000,272700000000,6283499093,135,336045605,0.000694,0.001593,0.001928,0.000382,0.000806,0.001713,0.002544,0.000000,0.013380,0.064330,2.387000,0.007377,0.000000,0.000000,0.000758,0,0
272700000000,273000000000,6283499093,135,336045605,0.000368,0.001041,0.001930,0.000390,0.000833,0.001492,0.000000,0.000000,0.015530,0.000072,1.896000,0.004775,0.000000,0.000000,0.000239,0,0
273000000000,273300000000,6283499093,135,336045605,0.000346,0.000958,0.001930,0.000389,0.000833,0.000970,0.000000,0.000000,0.005013,0.000072,2.023000,0.005400,0.000000,0.000000,0.001289,0,0
273300000000,273600000000,6283499093,135,336045605,0.000325,0.000959,0.001930,0.000383,0.000828,0.000971,0.000000,0.000000,0.004211,0.000000,2.553000,0.007730,0.000000,0.000000,0.000209,0,0
273600000000,273900000000,6283499093,135,336045605,0.000326,0.000956,0.001930,0.000365,0.000810,0.000982,0.000001,0.000000,0.005241,0.000072,2.102000,0.005872,0.000000,0.000000,0.000176,0,0
273900000000,274200000000,6283499093,135,336045605,0.000373,0.000992,0.001930,0.000365,0.000810,0.001017,0.000000,0.000000,0.006088,0.000072,2.229000,0.006538,0.000000,0.000000,0.000573,0,0
274200000000,274500000000,6283499093,135,336045605,0.000357,0.000988,0.001930,0.000365,0.000810,0.000999,0.000001,0.000000,0.004387,0.000072,2.448000,0.007467,0.000000,0.000000,0.000098,0,0
274500000000,274800000000,6283499093,135,336045605,0.000303,0.000982,0.001930,0.000365,0.000810,0.000986,0.000000,0.000000,0.004509,0.000000,2.411000,0.007131,0.000000,0.000000,0.000380,0,0
274800000000,275100000000,6283499093,135,336045605,0.000327,0.000986,0.001930,0.000365,0.000810,0.001001,0.000001,0.000000,0.011660,0.000072,2.209000,0.006321,0.000000,0.000000,0.000185,0,0
275100000000,275400000000,6283499093,135,336045605,0.001280,0.001102,0.001926,0.000357,0.000812,0.001226,0.000040,0.000000,0.054570,0.008850,1.665000,0.003585,0.000000,0.000000,0.000510,0,0
275400000000,275700000000,6283499093,135,336045605,0.000469,0.001129,0.001926,0.000347,0.000812,0.001167,0.000000,0.000000,0.001497,0.000072,2.770000,0.009000,0.000000,0.000000,0.000258,0,0
275700000000,276000000000,6283499093,135,336045605,0.000393,0.001110,0.001926,0.000342,0.000807,0.001116,0.000000,0.000000,0.004402,0.000000,2.925000,0.009785,0.000000,0.000000,0.000398,0,0
276000000000,276300000000,6283499093,135,336045605,0.000341,0.001120,0.001928,0.000341,0.000806,0.001141,0.000000,0.000000,0.003136,0.000072,1.940000,0.004870,0.000000,0.000000,0.000286,0,0
276300000000,276600000000,6283499093,135,336045605,0.000342,0.001120,0.001928,0.000340,0.000806,0.001137,0.000000,0.000000,0.005905,0.000000,2.311000,0.006688,0.000000,0.000000,0.000120,0,0
276600000000,276900000000,6283499093,135,336045605,0.000331,0.001123,0.001928,0.000340,0.000806,0.001135,0.000000,0.000000,0.004211,0.000072,2.343000,0.007000,0.000000,0.000000,0.000102,0,0
276900000000,277200000000,6283499093,135,336045605,0.000445,0.001066,0.001926,0.000340,0.000806,0.001150,0.000002,0.000000,0.006340,0.000072,2.729000,0.008694,0.000000,0.000000,0.000145,0,0
277200000000,277399000000,6283499093,135,336045605,0.000397,0.000693,0.001928,0.000340,0.000806,0.000707,0.000005,0.000000,0.004272,0.000500,2.735000,0.009525,0.000000,0.000000,0.000157,0,0
277399000000,277415000000,6283499093,135,336045605,0.000195,0.000000,0.000000,0.000000,0.000000,0.000000,0.000045,0.000000,0.003105,0.000500,4.313000,0.017160,0.000000,0.000000,0.000000,0,0
277415000000,277416000000,6283499093,135,336045605,0.000000,0.000000,0.000000,0.000000,0.000000,0.000000,0.000000,0.000000,0.000000,0.000000,4.313000,0.017160,0.000000,0.000000,0.000000,0,0
