272508000000,272660000000,6283499093,136,6608763,0.000000,0.000000,0.000000,0.000000,0.000000,0.000000,0.000000,0.000000,0.000000,0.000000,0.000000,0.000000,0.000000,0.000000,0.000000,0,0
272660000000,272700000000,6283499093,136,6608763,0.001179,0.001442,0.001930,0.000350,0.000732,0.001715,0.006981,0.000000,0.010030,0.050050,1.246000,0.001750,0.000000,0.000000,0.001284,0,0
272700000000,273000000000,6283499093,136,6608763,0.000357,0.001173,0.001930,0.000374,0.000817,0.001717,0.000001,0.000000,0.004631,0.000072,1.616000,0.003408,0.000000,0.000000,0.000465,0,0
273000000000,273300000000,6283499093,136,6608763,0.000375,0.000953,0.001930,0.000372,0.000815,0.000977,0.000000,0.000000,0.004738,0.000072,2.506000,0.007364,0.000000,0.000000,0.000663,0,0
273300000000,273600000000,6283499093,136,6608763,0.000336,0.000962,0.001930,0.000372,0.000815,0.000977,0.000000,0.000000,0.004021,0.000072,2.394000,0.006833,0.000000,0.000000,0.000791,0,0
273600000000,273900000000,6283499093,136,6608763,0.000338,0.000974,0.001930,0.000371,0.000815,0.000982,0.000000,0.000000,0.004211,0.000000,2.456000,0.007063,0.000000,0.000000,0.000596,0,0
273900000000,274200000000,6283499093,136,6608763,0.000340,0.000974,0.001930,0.000371,0.000814,0.000990,0.000001,0.000000,0.004036,0.000143,2.344000,0.006538,0.000000,0.000000,0.000119,0,0
274200000000,274500000000,6283499093,136,6608763,0.000369,0.000994,0.001930,0.000366,0.000810,0.001001,0.000003,0.000000,0.015270,0.000215,2.269000,0.006287,0.000000,0.000000,0.000095,0,0
274500000000,274800000000,6283499093,136,6608763,0.000364,0.000992,0.001930,0.000366,0.000810,0.001001,0.000000,0.000000,0.004227,0.000000,2.639000,0.007901,0.000000,0.000000,0.000126,0,0
274800000000,275100000000,6283499093,136,6608763,0.000345,0.000996,0.001930,0.000365,0.000810,0.001003,0.000002,0.000000,0.003792,0.000143,2.477000,0.007018,0.000000,0.000000,0.000160,0,0
275100000000,275400000000,6283499093,136,6608763,0.000337,0.000982,0.001930,0.000366,0.000811,0.000999,0.000000,0.000000,0.004051,0.000000,2.137000,0.005518,0.000000,0.000000,0.000113,0,0
275400000000,275700000000,6283499093,136,6608763,0.000750,0.001078,0.001926,0.000358,0.000812,0.001175,0.000031,0.000000,0.074710,0.003284,1.643000,0.003702,0.000000,0.000000,0.000095,0,0
275700000000,276000000000,6283499093,136,6608763,0.000568,0.001095,0.001925,0.000349,0.000813,0.001156,0.000000,0.000000,0.004990,0.000072,3.725000,0.012850,0.000000,0.000000,0.000519,0,0
276000000000,276300000000,6283499093,136,6608763,0.000505,0.001087,0.001926,0.000349,0.000813,0.001102,0.000000,0.000000,0.001827,0.000072,3.446000,0.011490,0.000000,0.000000,0.000220,0,0
276300000000,276600000000,6283499093,136,6608763,0.000334,0.001087,0.001928,0.000348,0.000813,0.001102,0.000000,0.000000,0.004883,0.000000,2.286000,0.006262,0.000000,0.000000,0.000220,0,0
276600000000,276900000000,6283499093,136,6608763,0.000344,0.001083,0.001928,0.000346,0.000812,0.001108,0.000000,0.000000,0.003094,0.000072,2.023000,0.005124,0.000000,0.000000,0.000226,0,0
276900000000,277200000000,6283499093,136,6608763,0.000351,0.001101,0.001928,0.000346,0.000812,0.001108,0.000000,0.000000,0.004967,0.000143,2.391000,0.006817,0.000000,0.000000,0.000157,0,0
277200000000,277500000000,6283499093,136,6608763,0.000354,0.001093,0.001928,0.000346,0.000812,0.001106,0.000003,0.000000,0.005371,0.000215,2.388000,0.006664,0.000000,0.000000,0.000531,0,0
277500000000,277800000000,6283499093,136,6608763,0.000332,0.001099,0.001928,0.000347,0.000812,0.001110,0.000004,0.000000,0.005333,0.000143,2.413000,0.006576,0.000000,0.000000,0.000617,0,0
277800000000,278100000000,6283499093,136,6608763,0.000386,0.001106,0.001928,0.000346,0.000812,0.001114,0.000004,0.000000,0.004791,0.000143,2.145000,0.005489,0.000000,0.000000,0.000944,0,0
278100000000,278400000000,6283499093,136,6608763,0.000395,0.001104,0.001928,0.000346,0.000812,0.001116,0.000004,0.000000,0.005150,0.000143,2.590000,0.007614,0.000000,0.000000,0.000136,0,0
278400000000,278700000000,6283499093,136,6608763,0.000357,0.001108,0.001928,0.000346,0.000812,0.001118,0.000003,0.000000,0.004829,0.000143,2.500000,0.007032,0.000000,0.000000,0.000182,0,0
278700000000,279000000000,6283499093,136,6608763,0.000329,0.001101,0.001928,0.000346,0.000812,0.001118,0.000002,0.000000,0.004959,0.000143,2.270000,0.006144,0.000000,0.000000,0.000176,0,0
279000000000,279300000000,6283499093,136,6608763,0.000362,0.001097,0.001928,0.000346,0.000812,0.001120,0.000003,0.000000,0.004692,0.000286,2.342000,0.006374,0.000000,0.000000,0.000208,0,0
279300000000,279600000000,6283499093,136,6608763,0.000382,0.001116,0.001928,0.000343,0.000812,0.001148,0.000001,0.000000,0.005371,0.000215,2.718000,0.007734,0.000000,0.000000,0.000125,0,0
279600000000,279900000000,6283499093,136,6608763,0.000405,0.001099,0.001928,0.000343,0.000812,0.001139,0.000003,0.000000,0.004860,0.000286,2.824000,0.008221,0.000000,0.000000,0.000093,0,0
279900000000,280200000000,6283499093,136,6608763,0.000359,0.001131,0.001928,0.000343,0.000812,0.001148,0.000003,0.000000,0.005241,0.000286,2.454000,0.007055,0.000000,0.000000,0.000229,0,0
280200000000,280500000000,6283499093,136,6608763,0.000374,0.001017,0.001928,0.000343,0.000812,0.001141,0.000002,0.000000,0.013150,0.000143,2.212000,0.005958,0.000000,0.000000,0.000414,0,0
280500000000,280800000000,6283499093,136,6608763,0.000333,0.000666,0.001928,0.000343,0.000812,0.000682,0.000002,0.000000,0.004623,0.000215,2.421000,0.006715,0.000000,0.000000,0.000354,0,0
280800000000,280999000000,6283499093,136,6608763,0.000316,0.000670,0.001928,0.000346,0.000813,0.000685,0.000004,0.000000,0.005264,0.000215,2.171000,0.005708,0.000000,0.000000,0.000272,0,0
280999000000,281011000000,6283499093,136,6608763,0.000285,0.000000,0.000000,0.000000,0.000000,0.000000,0.000072,0.000000,0.003426,0.000857,2.149000,0.005543,0.000000,0.000000,0.000000,0,0
281011000000,281012000000,6283499093,136,6608763,0.000000,0.000000,0.000000,0.000000,0.000000,0.000000,0.000000,0.000000,0.000000,0.000000,2.149000,0.005543,0.000000,0.000000,0.000000,0,0
