272497000000,272574000000,6283499093,137,1331892,0.000000,0.000000,0.000000,0.000000,0.000000,0.000000,0.000002,0.000000,0.000000,0.000143,0.000000,0.000000,0.000000,0.000000,0.000000,0,0
272574000000,272700000000,6283499093,137,1331892,0.000937,0.001173,0.001917,0.000069,0.000354,0.001417,0.000556,0.000000,0.016660,0.011860,3.518000,0.011420,0.000000,0.000000,0.000840,0,0
272700000000,273000000000,6283499093,137,1331892,0.000530,0.001190,0.001915,0.000069,0.000357,0.001352,0.000000,0.000000,0.001802,0.000000,3.781000,0.012480,0.000000,0.000000,0.000777,0,0
273000000000,273300000000,6283499093,137,1331892,0.000528,0.001177,0.001915,0.000069,0.000326,0.001377,0.000004,0.000000,0.006310,0.000643,2.873000,0.008525,0.000000,0.000000,0.000418,0,0
273300000000,273600000000,6283499093,137,1331892,0.000354,0.001150,0.001915,0.000070,0.000289,0.001379,0.000001,0.000000,0.004189,0.000143,2.524000,0.006955,0.000000,0.000000,0.000200,0,0
273600000000,273900000000,6283499093,137,1331892,0.000344,0.001122,0.001915,0.000070,0.000259,0.001379,0.000000,0.000000,0.004028,0.000072,2.305000,0.006091,0.000000,0.000000,0.000142,0,0
273900000000,274200000000,6283499093,137,1331892,0.000331,0.001078,0.001915,0.000070,0.000216,0.001377,0.000000,0.000000,0.005013,0.000000,2.324000,0.006100,0.000000,0.000000,0.000154,0,0
274200000000,274500000000,6283499093,137,1331892,0.000325,0.001047,0.001915,0.000070,0.000182,0.001379,0.000001,0.000000,0.004135,0.000143,2.555000,0.006851,0.000000,0.000000,0.000522,0,0
274500000000,274800000000,6283499093,137,1331892,0.000320,0.001013,0.001915,0.000070,0.000144,0.001364,0.000000,0.000000,0.003990,0.000000,2.446000,0.006342,0.000000,0.000000,0.000834,0,0
274800000000,275100000000,6283499093,137,1331892,0.000360,0.000977,0.001917,0.000070,0.000103,0.001167,0.000001,0.000000,0.005409,0.000143,2.601000,0.007173,0.000000,0.000000,0.000593,0,0
275100000000,275400000000,6283499093,137,1331892,0.000365,0.000967,0.001917,0.000070,0.000092,0.001200,0.000000,0.000000,0.004906,0.000000,2.686000,0.007573,0.000000,0.000000,0.000123,0,0
275400000000,275700000000,6283499093,137,1331892,0.000342,0.001038,0.001915,0.000070,0.000161,0.001383,0.000000,0.000000,0.004593,0.000072,2.379000,0.006441,0.000000,0.000000,0.000297,0,0
275700000000,276000000000,6283499093,137,1331892,0.000365,0.000986,0.001917,0.000070,0.000111,0.001390,0.000015,0.000000,0.034610,0.004425,2.065000,0.004864,0.000000,0.000000,0.000124,0,0
276000000000,276300000000,6283499093,137,1331892,0.000481,0.000975,0.001917,0.000074,0.000088,0.001080,0.000001,0.000000,0.004234,0.000143,2.709000,0.007885,0.000000,0.000000,0.000419,0,0
276300000000,276600000000,6283499093,137,1331892,0.000452,0.000970,0.001917,0.000074,0.000087,0.001060,0.000000,0.000000,0.004417,0.000000,2.921000,0.008887,0.000000,0.000000,0.000334,0,0
276600000000,276900000000,6283499093,137,1331892,0.000355,0.000980,0.001917,0.000074,0.000096,0.001114,0.000000,0.000000,0.005699,0.000072,2.695000,0.007571,0.000000,0.000000,0.000217,0,0
276900000000,277200000000,6283499093,137,1331892,0.000327,0.000992,0.001915,0.000073,0.000104,0.001143,0.000000,0.000000,0.004539,0.000072,2.342000,0.006091,0.000000,0.000000,0.000447,0,0
277200000000,277500000000,6283499093,137,1331892,0.000334,0.001005,0.001915,0.000069,0.000117,0.001226,0.000030,0.000000,0.008179,0.007500,2.346000,0.006139,0.000000,0.000000,0.000615,0,0
277500000000,277800000000,6283499093,137,1331892,0.000363,0.001057,0.001913,0.000087,0.000141,0.001284,0.000131,0.000000,0.005676,0.016510,2.732000,0.007572,0.000000,0.000000,0.000280,0,0
277800000000,278100000000,6283499093,137,1331892,0.000371,0.001036,0.001911,0.000090,0.000128,0.001272,0.000060,0.000000,0.004837,0.016850,2.831000,0.008081,0.000000,0.000000,0.000678,0,0
278100000000,278400000000,6283499093,137,1331892,0.000343,0.001074,0.001913,0.000089,0.000172,0.001259,0.000006,0.000000,0.005043,0.000929,2.522000,0.006808,0.000000,0.000000,0.000554,0,0
278400000000,278700000000,6283499093,137,1331892,0.000329,0.001104,0.001915,0.000089,0.000199,0.001266,0.000003,0.000000,0.005592,0.000143,2.266000,0.005883,0.000000,0.000000,0.000085,0,0
278700000000,279000000000,6283499093,137,1331892,0.000350,0.001102,0.001913,0.000097,0.000203,0.001301,0.000070,0.000000,0.004547,0.020200,2.417000,0.006384,0.000000,0.000000,0.000209,0,0
279000000000,279300000000,6283499093,137,1331892,0.000347,0.001163,0.001915,0.000107,0.000278,0.001286,0.000002,0.000000,0.005798,0.000143,2.364000,0.006179,0.000000,0.000000,0.000144,0,0
279300000000,279600000000,6283499093,137,1331892,0.000340,0.001183,0.001917,0.000107,0.000294,0.001289,0.000001,0.000000,0.005180,0.000072,2.481000,0.006694,0.000000,0.000000,0.000469,0,0
279600000000,279900000000,6283499093,137,1331892,0.000366,0.001194,0.001923,0.000106,0.000307,0.001289,0.000003,0.000000,0.004890,0.000286,2.466000,0.006879,0.000000,0.000000,0.000347,0,0
279900000000,280200000000,6283499093,137,1331892,0.000377,0.001148,0.001930,0.000147,0.000309,0.001287,0.000110,0.000000,0.005096,0.012210,2.380000,0.006670,0.000000,0.000000,0.000933,0,0
280200000000,280500000000,6283499093,137,1331892,0.000361,0.000864,0.001932,0.000169,0.000320,0.001083,0.000021,0.000000,0.018340,0.005928,2.349000,0.006509,0.000000,0.000000,0.000860,0,0
280500000000,280570000000,6283499093,137,1331892,0.000334,0.000623,0.001932,0.000175,0.000326,0.000656,0.000505,0.000000,0.002071,0.028020,2.384000,0.006497,0.000000,0.000000,0.000137,0,0
280570000000,280583000000,6283499093,137,1331892,0.000184,0.000000,0.000000,0.000000,0.000000,0.000000,0.000242,0.000000,0.002392,0.002930,2.231000,0.006063,0.000000,0.000000,0.000000,0,0
280583000000,280584000000,6283499093,137,1331892,0.000000,0.000000,0.000000,0.000000,0.000000,0.000000,0.000000,0.000000,0.000000,0.000000,2.231000,0.006063,0.000000,0.000000,0.000000,0,0
