272502000000,272539000000,6283499093,138,1093963,0.000000,0.000000,0.000000,0.000000,0.000000,0.000000,0.000000,0.000000,0.000000,0.000000,0.000000,0.000000,0.000000,0.000000,0.000000,0,0
272539000000,272700000000,6283499093,138,1093963,0.000558,0.001505,0.001886,0.000376,0.000802,0.001741,0.001894,0.000000,0.014220,0.062130,1.453000,0.002433,0.000000,0.000000,0.000131,0,0
272700000000,273000000000,6283499093,138,1093963,0.000340,0.000978,0.001886,0.000383,0.000825,0.001163,0.000000,0.000000,0.003483,0.000072,2.652000,0.008128,0.000000,0.000000,0.000205,0,0
273000000000,273300000000,6283499093,138,1093963,0.000390,0.000994,0.001886,0.000382,0.000826,0.001011,0.000003,0.000000,0.005104,0.000643,2.549000,0.007718,0.000000,0.000000,0.000144,0,0
273300000000,273600000000,6283499093,138,1093963,0.000368,0.000992,0.001886,0.000382,0.000826,0.001007,0.000000,0.000000,0.004158,0.000000,2.751000,0.008689,0.000000,0.000000,0.000591,0,0
273600000000,273900000000,6283499093,138,1093963,0.000343,0.000999,0.001886,0.000382,0.000826,0.001007,0.000000,0.000000,0.004425,0.000072,2.600000,0.008199,0.000000,0.000000,0.000196,0,0
273900000000,274200000000,6283499093,138,1093963,0.000340,0.001007,0.001886,0.000382,0.000826,0.001028,0.000000,0.000000,0.004494,0.000072,2.520000,0.007688,0.000000,0.000000,0.000127,0,0
274200000000,274500000000,6283499093,138,1093963,0.000435,0.001019,0.001886,0.000365,0.000810,0.001036,0.000004,0.000000,0.007103,0.000500,2.544000,0.007731,0.000000,0.000000,0.000239,0,0
274500000000,274800000000,6283499093,138,1093963,0.000654,0.001080,0.001883,0.000368,0.000813,0.001110,0.000038,0.000000,0.006981,0.007713,2.611000,0.008170,0.000000,0.000000,0.000966,0,0
274800000000,275100000000,6283499093,138,1093963,0.000550,0.001068,0.001884,0.000369,0.000814,0.001081,0.000000,0.000000,0.005417,0.000072,3.586000,0.012730,0.000000,0.000000,0.000949,0,0
275100000000,275400000000,6283499093,138,1093963,0.000369,0.001076,0.001886,0.000369,0.000814,0.001078,0.000000,0.000000,0.004021,0.000072,2.812000,0.009097,0.000000,0.000000,0.000480,0,0
275400000000,275700000000,6283499093,138,1093963,0.000338,0.001070,0.001886,0.000369,0.000814,0.001080,0.000001,0.000000,0.008270,0.000143,2.192000,0.006096,0.000000,0.000000,0.000368,0,0
275700000000,276000000000,6283499093,138,1093963,0.000404,0.001078,0.001886,0.000369,0.000814,0.001102,0.000009,0.000000,0.033690,0.002071,2.475000,0.007225,0.000000,0.000000,0.000094,0,0
276000000000,276300000000,6283499093,138,1093963,0.000440,0.001070,0.001886,0.000369,0.000814,0.001078,0.000005,0.000000,0.002148,0.001358,2.391000,0.006846,0.000000,0.000000,0.000517,0,0
276300000000,276600000000,6283499093,138,1093963,0.000421,0.001072,0.001886,0.000369,0.000815,0.001078,0.000001,0.000000,0.005447,0.000072,2.891000,0.009235,0.000000,0.000000,0.000547,0,0
276600000000,276900000000,6283499093,138,1093963,0.000382,0.001060,0.001886,0.000364,0.000810,0.001081,0.000000,0.000000,0.004539,0.000072,2.703000,0.008412,0.000000,0.000000,0.000270,0,0
276900000000,277200000000,6283499093,138,1093963,0.000386,0.001087,0.001886,0.000362,0.000809,0.001095,0.000000,0.000000,0.006439,0.000072,2.598000,0.007724,0.000000,0.000000,0.000219,0,0
277200000000,277500000000,6283499093,138,1093963,0.000392,0.001118,0.001884,0.000358,0.000810,0.001175,0.000008,0.000000,0.005051,0.001286,2.307000,0.006337,0.000000,0.000000,0.000242,0,0
277500000000,277800000000,6283499093,138,1093963,0.000396,0.001122,0.001884,0.000351,0.000811,0.001165,0.000004,0.000000,0.004745,0.000072,2.417000,0.007112,0.000000,0.000000,0.000259,0,0
277800000000,278100000000,6283499093,138,1093963,0.000406,0.001118,0.001884,0.000351,0.000811,0.001125,0.000008,0.000000,0.006027,0.000714,2.757000,0.008431,0.000000,0.000000,0.000390,0,0
278100000000,278400000000,6283499093,138,1093963,0.000368,0.001209,0.001875,0.000351,0.000542,0.001482,0.000011,0.000000,0.004959,0.001999,2.584000,0.007674,0.000000,0.000000,0.000529,0,0
278400000000,278700000000,6283499093,138,1093963,0.000362,0.001204,0.001875,0.000351,0.000539,0.001476,0.000011,0.000000,0.004593,0.002571,2.895000,0.008842,0.000000,0.000000,0.000103,0,0
278700000000,278859000000,6283499093,138,1093963,0.000438,0.001200,0.001875,0.000350,0.000529,0.001492,0.000045,0.000000,0.004799,0.006569,2.226000,0.006130,0.000000,0.000000,0.000264,0,0
278859000000,278876000000,6283499093,138,1093963,0.000153,0.000000,0.000000,0.000000,0.000000,0.000000,0.000038,0.000000,0.002617,0.000643,1.578000,0.003051,0.000000,0.000000,0.000000,0,0
278876000000,278878000000,6283499093,138,1093963,0.000000,0.000000,0.000000,0.000000,0.000000,0.000000,0.000000,0.000000,0.000000,0.000000,1.578000,0.003051,0.000000,0.000000,0.000000,0,0
