272493000000,272700000000,6283499093,139,711933,0.000000,0.000000,0.000000,0.000000,0.000000,0.000000,0.000000,0.000000,0.000000,0.000000,0.000000,0.000000,0.000000,0.000000,0.000000,0,0
272700000000,272838000000,6283499093,139,711933,0.000000,0.000000,0.000000,0.000000,0.000000,0.000000,0.000000,0.000000,0.000000,0.000000,0.000000,0.000000,0.000000,0.000000,0.000000,0,0
272838000000,273000000000,6283499093,139,711933,0.000588,0.001188,0.001928,0.000111,0.000472,0.001472,0.000597,0.000000,0.011950,0.006073,1.391000,0.002186,0.000000,0.000000,0.000218,0,0
273000000000,273300000000,6283499093,139,711933,0.000441,0.001307,0.001928,0.000119,0.000513,0.001358,0.000001,0.000000,0.003799,0.000072,3.083000,0.009679,0.000000,0.000000,0.000311,0,0
273300000000,273600000000,6283499093,139,711933,0.000425,0.001301,0.001928,0.000115,0.000501,0.001364,0.000000,0.000000,0.004448,0.000072,3.026000,0.009252,0.000000,0.000000,0.000221,0,0
273600000000,273900000000,6283499093,139,711933,0.000464,0.001076,0.001921,0.000114,0.000252,0.001389,0.000002,0.000000,0.032780,0.000143,3.208000,0.009689,0.000000,0.000000,0.000583,0,0
273900000000,274200000000,6283499093,139,711933,0.000421,0.001116,0.001921,0.000114,0.000277,0.001404,0.000000,0.000000,0.004967,0.000072,2.881000,0.008752,0.000000,0.000000,0.000298,0,0
274200000000,274500000000,6283499093,139,711933,0.000390,0.001209,0.001925,0.000114,0.000365,0.001404,0.000001,0.000000,0.009323,0.000072,2.394000,0.006524,0.000000,0.000000,0.000615,0,0
274500000000,274800000000,6283499093,139,711933,0.000375,0.001034,0.001923,0.000114,0.000191,0.001402,0.000001,0.000000,0.012990,0.000072,2.262000,0.006003,0.000000,0.000000,0.000462,0,0
274800000000,275100000000,6283499093,139,711933,0.000349,0.001095,0.001921,0.000114,0.000252,0.001406,0.000000,0.000000,0.004341,0.000000,2.121000,0.005243,0.000000,0.000000,0.000071,0,0
275100000000,275400000000,6283499093,139,711933,0.000355,0.001116,0.001923,0.000114,0.000272,0.001406,0.000001,0.000000,0.003784,0.000072,2.348000,0.006366,0.000000,0.000000,0.000229,0,0
275400000000,275700000000,6283499093,139,711933,0.000383,0.001120,0.001923,0.000114,0.000267,0.001413,0.000001,0.000000,0.020630,0.000072,2.294000,0.006101,0.000000,0.000000,0.000142,0,0
275700000000,276000000000,6283499093,139,711933,0.000363,0.001186,0.001923,0.000112,0.000335,0.001419,0.000000,0.000000,0.004799,0.000072,2.646000,0.007506,0.000000,0.000000,0.000161,0,0
276000000000,276300000000,6283499093,139,711933,0.000351,0.001129,0.001923,0.000107,0.000270,0.001411,0.000001,0.000000,0.004692,0.000143,2.468000,0.006919,0.000000,0.000000,0.000272,0,0
276300000000,276600000000,6283499093,139,711933,0.000345,0.001162,0.001923,0.000107,0.000301,0.001415,0.000000,0.000000,0.004356,0.000072,2.497000,0.007020,0.000000,0.000000,0.000072,0,0
276600000000,276900000000,6283499093,139,711933,0.000407,0.001152,0.001923,0.000107,0.000288,0.001419,0.000002,0.000000,0.036500,0.000143,1.503000,0.003094,0.000000,0.000000,0.000167,0,0
276900000000,277200000000,6283499093,139,711933,0.000378,0.001091,0.001923,0.000107,0.000225,0.001421,0.000000,0.000000,0.005829,0.000072,2.652000,0.007774,0.000000,0.000000,0.000237,0,0
277200000000,277500000000,6283499093,139,711933,0.000356,0.001102,0.001923,0.000107,0.000235,0.001423,0.000002,0.000000,0.004150,0.000072,2.392000,0.006785,0.000000,0.000000,0.002529,0,0
277500000000,277800000000,6283499093,139,711933,0.000360,0.001144,0.001923,0.000107,0.000274,0.001425,0.000004,0.000000,0.004738,0.000072,2.228000,0.005997,0.000000,0.000000,0.000117,0,0
277800000000,278100000000,6283499093,139,711933,0.000340,0.001194,0.001925,0.000107,0.000323,0.001425,0.000003,0.000000,0.004501,0.000072,2.450000,0.007047,0.000000,0.000000,0.000540,0,0
278100000000,278400000000,6283499093,139,711933,0.000348,0.001175,0.001923,0.000108,0.000303,0.001425,0.000005,0.000000,0.004967,0.000286,2.442000,0.006766,0.000000,0.000000,0.000293,0,0
278400000000,278700000000,6283499093,139,711933,0.000432,0.001154,0.001921,0.000107,0.000256,0.001471,0.000006,0.000000,0.005737,0.000786,2.550000,0.007201,0.000000,0.000000,0.000320,0,0
278700000000,279000000000,6283499093,139,711933,0.000398,0.001150,0.001921,0.000107,0.000251,0.001469,0.000005,0.000000,0.005142,0.000786,2.900000,0.008943,0.000000,0.000000,0.000353,0,0
279000000000,279300000000,6283499093,139,711933,0.000347,0.001123,0.001921,0.000107,0.000228,0.001465,0.000002,0.000000,0.005966,0.000215,2.181000,0.005690,0.000000,0.000000,0.000118,0,0
279300000000,279600000000,6283499093,139,711933,0.000339,0.001154,0.001923,0.000107,0.000258,0.001471,0.000003,0.000000,0.004654,0.000357,2.340000,0.005984,0.000000,0.000000,0.000075,0,0
279600000000,279749000000,6283499093,139,711933,0.000453,0.001213,0.001923,0.000107,0.000362,0.001474,0.000006,0.000000,0.007591,0.000215,1.857000,0.004191,0.000000,0.000000,0.000207,0,0
279749000000,279763000000,6283499093,139,711933,0.000212,0.000000,0.000000,0.000000,0.000000,0.000000,0.000061,0.000000,0.002964,0.000857,1.577000,0.003018,0.000000,0.000000,0.000000,0,0
279763000000,279764000000,6283499093,139,711933,0.000000,0.000000,0.000000,0.000000,0.000000,0.000000,0.000000,0.000000,0.000000,0.000000,1.577000,0.003018,0.000000,0.000000,0.000000,0,0
