272491000000,272612000000,6283499093,14,400426617,0.000000,0.000000,0.000000,0.000000,0.000000,0.000000,0.000002,0.000000,0.000000,0.000143,0.000000,0.000000,0.000000,0.000000,0.000000,0,0
272612000000,272700000000,6283499093,14,400426617,0.000626,0.001102,0.001923,0.000175,0.000350,0.001514,0.001724,0.000000,0.014360,0.019710,1.265000,0.002854,0.000000,0.000000,0.000606,0,0
272700000000,273000000000,6283499093,14,400426617,0.000302,0.000954,0.001921,0.000186,0.000246,0.001112,0.000000,0.000000,0.003727,0.000072,2.313000,0.007169,0.000000,0.000000,0.000212,0,0
273000000000,273300000000,6283499093,14,400426617,0.000294,0.001005,0.001919,0.000183,0.000300,0.001324,0.000001,0.000000,0.003838,0.000072,2.654000,0.008663,0.000000,0.000000,0.000558,0,0
273300000000,273600000000,6283499093,14,400426617,0.000333,0.001032,0.001919,0.000183,0.000320,0.001352,0.000000,0.000000,0.007904,0.000072,2.149000,0.006054,0.000000,0.000000,0.000116,0,0
273600000000,273900000000,6283499093,14,400426617,0.000400,0.001114,0.001919,0.000182,0.000364,0.001377,0.000005,0.000000,0.009811,0.001215,1.555000,0.003405,0.000000,0.000000,0.000134,0,0
273900000000,274200000000,6283499093,14,400426617,0.000421,0.001143,0.001919,0.000182,0.000380,0.001402,0.000003,0.000000,0.007874,0.000786,2.610000,0.008677,0.000000,0.000000,0.000343,0,0
274200000000,274500000000,6283499093,14,400426617,0.000335,0.001165,0.001921,0.000184,0.000403,0.001390,0.000007,0.000000,0.004295,0.001072,2.475000,0.007965,0.000000,0.000000,0.000154,0,0
274500000000,274800000000,6283499093,14,400426617,0.000294,0.001194,0.001923,0.000184,0.000432,0.001390,0.000000,0.000000,0.004021,0.000000,2.508000,0.008034,0.000000,0.000000,0.000363,0,0
274800000000,275100000000,6283499093,14,400426617,0.000335,0.001204,0.001921,0.000186,0.000440,0.001408,0.000028,0.000000,0.010640,0.007004,2.591000,0.008458,0.000000,0.000000,0.000695,0,0
275100000000,275400000000,6283499093,14,400426617,0.000317,0.001223,0.001923,0.000185,0.000454,0.001402,0.000000,0.000000,0.004211,0.000072,1.706000,0.004064,0.000000,0.000000,0.000338,0,0
275400000000,275700000000,6283499093,14,400426617,0.000309,0.001234,0.001923,0.000184,0.000461,0.001402,0.000000,0.000000,0.004066,0.000072,2.794000,0.009131,0.000000,0.000000,0.000262,0,0
275700000000,276000000000,6283499093,14,400426617,0.000292,0.001253,0.001923,0.000184,0.000483,0.001400,0.000000,0.000000,0.004097,0.000000,2.158000,0.006344,0.000000,0.000000,0.000614,0,0
276000000000,276300000000,6283499093,14,400426617,0.000341,0.001282,0.001923,0.000184,0.000503,0.001411,0.000016,0.000000,0.005157,0.002213,2.500000,0.007982,0.000000,0.000000,0.000201,0,0
276300000000,276600000000,6283499093,14,400426617,0.000332,0.001301,0.001923,0.000184,0.000511,0.001421,0.000001,0.000000,0.004036,0.000072,2.605000,0.008482,0.000000,0.000000,0.000217,0,0
276600000000,276900000000,6283499093,14,400426617,0.000293,0.001305,0.001925,0.000184,0.000518,0.001421,0.000014,0.000000,0.004211,0.002644,2.257000,0.006726,0.000000,0.000000,0.000196,0,0
276900000000,277200000000,6283499093,14,400426617,0.000278,0.001295,0.001925,0.000184,0.000507,0.001417,0.000000,0.000000,0.004288,0.000000,2.066000,0.005892,0.000000,0.000000,0.000116,0,0
277200000000,277500000000,6283499093,14,400426617,0.000289,0.001228,0.001923,0.000184,0.000444,0.001419,0.000011,0.000000,0.004036,0.001785,2.224000,0.006558,0.000000,0.000000,0.000066,0,0
277500000000,277800000000,6283499093,14,400426617,0.000279,0.001129,0.001921,0.000188,0.000343,0.001415,0.000190,0.000000,0.004211,0.018280,2.366000,0.007009,0.000000,0.000000,0.000138,0,0
277800000000,278100000000,6283499093,14,400426617,0.000326,0.001072,0.001919,0.000188,0.000275,0.001339,0.000244,0.000000,0.012020,0.028990,2.576000,0.007958,0.000000,0.000000,0.000288,0,0
278100000000,278400000000,6283499093,14,400426617,0.000333,0.001116,0.001919,0.000190,0.000315,0.001333,0.000031,0.000000,0.004364,0.004356,2.470000,0.007796,0.000000,0.000000,0.000097,0,0
278400000000,278700000000,6283499093,14,400426617,0.000335,0.001167,0.001923,0.000192,0.000385,0.001299,0.000042,0.000000,0.004662,0.009293,2.470000,0.007685,0.000000,0.000000,0.000330,0,0
278700000000,279000000000,6283499093,14,400426617,0.000320,0.001055,0.001928,0.000195,0.000413,0.001072,0.000040,0.000000,0.004997,0.010570,2.196000,0.006569,0.000000,0.000000,0.000608,0,0
279000000000,279300000000,6283499093,14,400426617,0.000342,0.001095,0.001928,0.000218,0.000446,0.001156,0.000222,0.000000,0.004608,0.042540,1.914000,0.005105,0.000000,0.000000,0.000203,0,0
279300000000,279600000000,6283499093,14,400426617,0.000325,0.001062,0.001928,0.000237,0.000471,0.001081,0.000004,0.000000,0.004654,0.000428,2.437000,0.007550,0.000000,0.000000,0.000399,0,0
279600000000,279900000000,6283499093,14,400426617,0.000317,0.001068,0.001928,0.000237,0.000471,0.001076,0.000021,0.000000,0.004959,0.002857,2.178000,0.006294,0.000000,0.000000,0.000163,0,0
279900000000,280200000000,6283499093,14,400426617,0.000321,0.001076,0.001928,0.000237,0.000472,0.001118,0.000031,0.000000,0.004745,0.003284,2.178000,0.006082,0.000000,0.000000,0.000168,0,0
280200000000,280500000000,6283499093,14,400426617,0.000421,0.001080,0.001928,0.000240,0.000476,0.001146,0.000065,0.000000,0.020170,0.008072,1.843000,0.005051,0.000000,0.000000,0.000670,0,0
280500000000,280760000000,6283499093,14,400426617,0.000386,0.000686,0.001928,0.000254,0.000498,0.000902,0.000203,0.000000,0.004372,0.028930,1.076000,0.002048,0.000000,0.000000,0.000194,0,0
280760000000,280773000000,6283499093,14,400426617,0.000154,0.000000,0.000000,0.000000,0.000000,0.000000,0.000247,0.000000,0.002010,0.002857,2.649000,0.008541,0.000000,0.000000,0.000000,0,0
280773000000,280775000000,6283499093,14,400426617,0.000000,0.000000,0.000000,0.000000,0.000000,0.000000,0.000000,0.000000,0.000000,0.000000,2.649000,0.008541,0.000000,0.000000,0.000000,0,0
