272498000000,272547000000,6283499093,140,294847093,0.000000,0.000000,0.000000,0.000000,0.000000,0.000000,0.000000,0.000000,0.000000,0.000000,0.000000,0.000000,0.000000,0.000000,0.000000,0,0
272547000000,272700000000,6283499093,140,294847093,0.000581,0.001234,0.001925,0.000202,0.000470,0.001562,0.001009,0.000000,0.030980,0.023930,3.177000,0.010620,0.000000,0.000000,0.000338,0,0
272700000000,273000000000,6283499093,140,294847093,0.000358,0.001118,0.001921,0.000209,0.000418,0.001352,0.000000,0.000000,0.004356,0.000000,2.482000,0.007423,0.000000,0.000000,0.000318,0,0
273000000000,273300000000,6283499093,140,294847093,0.000426,0.001034,0.001919,0.000193,0.000290,0.001383,0.000000,0.000000,0.004761,0.000072,2.998000,0.009924,0.000000,0.000000,0.001595,0,0
273300000000,273600000000,6283499093,140,294847093,0.002563,0.001364,0.002052,0.000181,0.000511,0.002220,0.000014,0.000000,0.073970,0.002430,2.061000,0.005531,0.000000,0.000000,0.000349,0,0
273600000000,273900000000,6283499093,140,294847093,0.000890,0.001335,0.001919,0.000125,0.000330,0.001637,0.000012,0.000000,0.038210,0.002785,3.354000,0.011840,0.000000,0.000000,0.000750,0,0
273900000000,274200000000,6283499093,140,294847093,0.000417,0.001316,0.001919,0.000120,0.000324,0.001577,0.000000,0.000000,0.004486,0.000072,3.119000,0.010500,0.000000,0.000000,0.000246,0,0
274200000000,274500000000,6283499093,140,294847093,0.000341,0.001307,0.001921,0.000120,0.000315,0.001577,0.000001,0.000000,0.004669,0.000072,2.890000,0.008948,0.000000,0.000000,0.000143,0,0
274500000000,274800000000,6283499093,140,294847093,0.000327,0.001305,0.001921,0.000119,0.000312,0.001581,0.000000,0.000000,0.004631,0.000072,2.443000,0.007175,0.000000,0.000000,0.000133,0,0
274800000000,275100000000,6283499093,140,294847093,0.000320,0.001328,0.001921,0.000119,0.000337,0.001575,0.000000,0.000000,0.006355,0.000072,2.519000,0.007246,0.000000,0.000000,0.000143,0,0
275100000000,275400000000,6283499093,140,294847093,0.000313,0.001303,0.001921,0.000120,0.000311,0.001581,0.000000,0.000000,0.004875,0.000000,2.124000,0.005869,0.000000,0.000000,0.000119,0,0
275400000000,275700000000,6283499093,140,294847093,0.000337,0.001335,0.001921,0.000120,0.000331,0.001591,0.000001,0.000000,0.003639,0.000072,2.403000,0.007158,0.000000,0.000000,0.000258,0,0
275700000000,276000000000,6283499093,140,294847093,0.000360,0.001316,0.001921,0.000120,0.000312,0.001591,0.000000,0.000000,0.007591,0.000072,2.684000,0.008832,0.000000,0.000000,0.000598,0,0
276000000000,276300000000,6283499093,140,294847093,0.002468,0.001421,0.001961,0.000075,0.000279,0.001919,0.000062,0.000000,0.085940,0.012440,0.589400,0.000186,0.000000,0.000000,0.002777,0,0
276300000000,276600000000,6283499093,140,294847093,0.000570,0.001368,0.001928,0.000009,0.000211,0.001642,0.000000,0.000000,0.057190,0.000000,3.046000,0.010560,0.000000,0.000000,0.004532,0,0
276600000000,276900000000,6283499093,140,294847093,0.000431,0.001352,0.001930,0.000007,0.000197,0.001633,0.000001,0.000000,0.001553,0.000357,3.229000,0.011150,0.000000,0.000000,0.000323,0,0
276900000000,277200000000,6283499093,140,294847093,0.000340,0.001362,0.001930,0.000008,0.000217,0.001617,0.000000,0.000000,0.005119,0.000000,2.260000,0.006494,0.000000,0.000000,0.000147,0,0
277200000000,277500000000,6283499093,140,294847093,0.000342,0.001314,0.001932,0.000062,0.000187,0.001616,0.000439,0.000000,0.004364,0.038330,3.260000,0.011080,0.000000,0.000000,0.000206,0,0
277500000000,277800000000,6283499093,140,294847093,0.000340,0.001205,0.001932,0.000123,0.000182,0.001299,0.000133,0.000000,0.005516,0.026150,2.468000,0.007625,0.000000,0.000000,0.000180,0,0
277800000000,278100000000,6283499093,140,294847093,0.000444,0.001232,0.001934,0.000149,0.000207,0.001348,0.000609,0.000000,0.013810,0.048580,1.923000,0.004917,0.000000,0.000000,0.000309,0,0
278100000000,278400000000,6283499093,140,294847093,0.000384,0.001255,0.001938,0.000210,0.000288,0.001320,0.000376,0.000000,0.005051,0.036740,3.163000,0.010640,0.000000,0.000000,0.000732,0,0
278400000000,278450000000,6283499093,140,294847093,0.000618,0.001240,0.001936,0.000240,0.000340,0.001287,0.001385,0.000000,0.014720,0.028720,2.552000,0.008290,0.000000,0.000000,0.000326,0,0
278450000000,278465000000,6283499093,140,294847093,0.000166,0.000000,0.000000,0.000000,0.000000,0.000000,0.000043,0.000000,0.002491,0.000357,1.840000,0.005007,0.000000,0.000000,0.000000,0,0
278465000000,278466000000,6283499093,140,294847093,0.000000,0.000000,0.000000,0.000000,0.000000,0.000000,0.000000,0.000000,0.000000,0.000000,1.627000,0.004024,0.000000,0.000000,0.000000,0,0
