272498000000,272583000000,6283499093,141,4802886612,0.000000,0.000000,0.000000,0.000000,0.000000,0.000000,0.000000,0.000000,0.000000,0.000000,0.000000,0.000000,0.000000,0.000000,0.000000,0,0
272583000000,272700000000,6283499093,141,4802886612,0.000886,0.000917,0.001921,0.000052,0.000076,0.000994,0.000221,0.000000,0.041560,0.006645,3.736000,0.000000,0.000000,0.000000,0.000791,0,0
272700000000,273000000000,6283499093,141,4802886612,0.000470,0.000911,0.001925,0.000052,0.000054,0.000931,0.000002,0.000000,0.003155,0.000571,4.414000,0.000000,0.000000,0.000000,0.000718,0,0
273000000000,273300000000,6283499093,141,4802886612,0.000443,0.000923,0.001926,0.000052,0.000056,0.000946,0.000003,0.000000,0.002220,0.000857,2.549000,0.000000,0.000000,0.000000,0.000232,0,0
273300000000,273600000000,6283499093,141,4802886612,0.000338,0.000937,0.001928,0.000052,0.000059,0.000971,0.000000,0.000000,0.004715,0.000072,2.718000,0.000000,0.000000,0.000000,0.000209,0,0
273600000000,273900000000,6283499093,141,4802886612,0.000338,0.000941,0.001925,0.000052,0.000053,0.000958,0.000000,0.000000,0.004768,0.000072,3.164000,0.000000,0.000000,0.000000,0.000155,0,0
273900000000,274200000000,6283499093,141,4802886612,0.000309,0.000960,0.001926,0.000051,0.000070,0.001083,0.000000,0.000000,0.004219,0.000072,2.597000,0.000000,0.000000,0.000000,0.000447,0,0
274200000000,274500000000,6283499093,141,4802886612,0.000307,0.000968,0.001926,0.000051,0.000073,0.001070,0.000006,0.000000,0.004440,0.001358,2.887000,0.000000,0.000000,0.000000,0.000108,0,0
274500000000,274800000000,6283499093,141,4802886612,0.000284,0.000956,0.001928,0.000051,0.000061,0.001024,0.000000,0.000000,0.006516,0.000072,2.282000,0.000000,0.000000,0.000000,0.000162,0,0
274800000000,275100000000,6283499093,141,4802886612,0.000280,0.000954,0.001928,0.000051,0.000060,0.001003,0.000000,0.000000,0.004112,0.000072,2.465000,0.000000,0.000000,0.000000,0.000337,0,0
275100000000,275400000000,6283499093,141,4802886612,0.000270,0.000949,0.001926,0.000051,0.000054,0.000972,0.000000,0.000000,0.004234,0.000000,2.405000,0.000000,0.000000,0.000000,0.000188,0,0
275400000000,275700000000,6283499093,141,4802886612,0.000258,0.000952,0.001928,0.000051,0.000059,0.000992,0.000000,0.000000,0.004333,0.000072,2.383000,0.000000,0.000000,0.000000,0.000186,0,0
275700000000,276000000000,6283499093,141,4802886612,0.000304,0.000955,0.001928,0.000051,0.000060,0.001003,0.000000,0.000000,0.005486,0.000072,2.360000,0.000000,0.000000,0.000000,0.000093,0,0
276000000000,276300000000,6283499093,141,4802886612,0.000321,0.000958,0.001928,0.000051,0.000062,0.001019,0.000000,0.000000,0.004677,0.000072,2.931000,0.000000,0.000000,0.000000,0.000102,0,0
276300000000,276600000000,6283499093,141,4802886612,0.000316,0.000951,0.001928,0.000051,0.000054,0.000969,0.000000,0.000000,0.004280,0.000000,2.729000,0.000000,0.000000,0.000000,0.000538,0,0
276600000000,276900000000,6283499093,141,4802886612,0.000300,0.000980,0.001926,0.000051,0.000076,0.001123,0.000000,0.000000,0.004639,0.000072,2.608000,0.000000,0.000000,0.000000,0.000155,0,0
276900000000,277200000000,6283499093,141,4802886612,0.000288,0.000994,0.001928,0.000051,0.000067,0.001112,0.000000,0.000000,0.004196,0.000000,2.543000,0.000000,0.000000,0.000000,0.000414,0,0
277200000000,277369000000,6283499093,141,4802886612,0.000374,0.000903,0.001925,0.000051,0.000072,0.001099,0.000007,0.000000,0.014040,0.000929,2.701000,0.000000,0.000000,0.000000,0.000606,0,0
277369000000,277394000000,6283499093,141,4802886612,0.000093,0.000002,0.000000,0.000000,0.000000,0.000036,0.000006,0.000000,0.002308,0.000143,3.851000,0.000000,0.000000,0.000000,0.000000,0,0
277394000000,277395000000,6283499093,141,4802886612,0.000000,0.000000,0.000000,0.000000,0.000000,0.000000,0.000000,0.000000,0.000000,0.000000,3.851000,0.000000,0.000000,0.000000,0.000000,0,0
