272498000000,272618000000,6283499093,142,4820093460,0.000000,0.000000,0.000000,0.000000,0.000000,0.000000,0.000000,0.000000,0.000000,0.000000,0.000000,0.000000,0.000000,0.000000,0.000000,0,0
272618000000,272700000000,6283499093,142,4820093460,0.000905,0.001099,0.001919,0.000138,0.000254,0.001535,0.000818,0.000000,0.036070,0.022580,4.644000,0.000000,0.000000,0.000000,0.000655,0,0
272700000000,273000000000,6283499093,142,4820093460,0.000343,0.001274,0.001923,0.000137,0.000441,0.001499,0.000000,0.000000,0.004295,0.000072,2.853000,0.000000,0.000000,0.000000,0.000118,0,0
273000000000,273300000000,6283499093,142,4820093460,0.000356,0.001223,0.001921,0.000137,0.000394,0.001417,0.000001,0.000000,0.006462,0.000215,2.775000,0.000000,0.000000,0.000000,0.000084,0,0
273300000000,273600000000,6283499093,142,4820093460,0.000351,0.001207,0.001921,0.000137,0.000368,0.001423,0.000001,0.000000,0.004860,0.000072,2.819000,0.000000,0.000000,0.000000,0.000142,0,0
273600000000,273900000000,6283499093,142,4820093460,0.000383,0.001135,0.001919,0.000137,0.000294,0.001423,0.000001,0.000000,0.003807,0.000143,3.134000,0.000000,0.000000,0.000000,0.000672,0,0
273900000000,274200000000,6283499093,142,4820093460,0.000413,0.001118,0.001921,0.000137,0.000266,0.001432,0.000000,0.000000,0.004440,0.000000,2.054000,0.000000,0.000000,0.000000,0.000152,0,0
274200000000,274500000000,6283499093,142,4820093460,0.000318,0.001055,0.001923,0.000136,0.000208,0.001419,0.000002,0.000000,0.004616,0.000215,2.616000,0.000000,0.000000,0.000000,0.000430,0,0
274500000000,274800000000,6283499093,142,4820093460,0.000300,0.001011,0.001925,0.000136,0.000163,0.001240,0.000001,0.000000,0.006599,0.000143,2.621000,0.000000,0.000000,0.000000,0.000190,0,0
274800000000,275100000000,6283499093,142,4820093460,0.000290,0.001385,0.001928,0.000136,0.000538,0.001427,0.000000,0.000000,0.005669,0.000072,2.547000,0.000000,0.000000,0.000000,0.000549,0,0
275100000000,275400000000,6283499093,142,4820093460,0.000322,0.001348,0.001926,0.000136,0.000504,0.001427,0.000000,0.000000,0.009827,0.000072,2.643000,0.000000,0.000000,0.000000,0.004745,0,0
275400000000,275700000000,6283499093,142,4820093460,0.000335,0.001301,0.001923,0.000136,0.000462,0.001421,0.000000,0.000000,0.004715,0.000072,2.923000,0.000000,0.000000,0.000000,0.000137,0,0
275700000000,276000000000,6283499093,142,4820093460,0.000324,0.001255,0.001923,0.000136,0.000416,0.001421,0.000000,0.000000,0.004715,0.000072,2.656000,0.000000,0.000000,0.000000,0.000070,0,0
276000000000,276300000000,6283499093,142,4820093460,0.000295,0.001228,0.001923,0.000136,0.000391,0.001419,0.000000,0.000000,0.004219,0.000072,2.674000,0.000000,0.000000,0.000000,0.000491,0,0
276300000000,276600000000,6283499093,142,4820093460,0.000296,0.001190,0.001921,0.000136,0.000352,0.001419,0.000000,0.000000,0.004440,0.000000,2.900000,0.000000,0.000000,0.000000,0.000200,0,0
276600000000,276900000000,6283499093,142,4820093460,0.000318,0.001162,0.001921,0.000137,0.000323,0.001423,0.000001,0.000000,0.004868,0.000357,2.070000,0.000000,0.000000,0.000000,0.000063,0,0
276900000000,277200000000,6283499093,142,4820093460,0.000318,0.000917,0.001921,0.000138,0.000266,0.001421,0.000001,0.000000,0.004921,0.000143,2.315000,0.000000,0.000000,0.000000,0.000396,0,0
277200000000,277449000000,6283499093,142,4820093460,0.000291,0.000645,0.001921,0.000138,0.000236,0.000996,0.000005,0.000000,0.004021,0.000643,2.628000,0.000000,0.000000,0.000000,0.000365,0,0
277449000000,277463000000,6283499093,142,4820093460,0.000250,0.000000,0.000000,0.000000,0.000000,0.000000,0.000010,0.000000,0.003498,0.000072,1.973000,0.000000,0.000000,0.000000,0.000000,0,0
277463000000,277466000000,6283499093,142,4820093460,0.000000,0.000000,0.000000,0.000000,0.000000,0.000000,0.000000,0.000000,0.000000,0.000000,1.846000,0.000000,0.000000,0.000000,0.000000,0,0
