272499000000,272548000000,6283499093,143,225959266,0.000000,0.000000,0.000000,0.000000,0.000000,0.000000,0.000000,0.000000,0.000000,0.000000,0.000000,0.000000,0.000000,0.000000,0.000000,0,0
272548000000,272700000000,6283499093,143,225959266,0.000616,0.001123,0.001923,0.000184,0.000340,0.001509,0.000863,0.000000,0.015110,0.029140,1.997000,0.004567,0.000000,0.000000,0.001732,0,0
272700000000,273000000000,6283499093,143,225959266,0.000491,0.001013,0.001921,0.000187,0.000253,0.001333,0.000001,0.000000,0.011380,0.000072,2.709000,0.007964,0.000000,0.000000,0.000257,0,0
273000000000,273300000000,6283499093,143,225959266,0.000457,0.001282,0.001926,0.000187,0.000494,0.001421,0.000001,0.000000,0.004288,0.000072,3.316000,0.010780,0.000000,0.000000,0.000191,0,0
273300000000,273600000000,6283499093,143,225959266,0.000389,0.001272,0.001926,0.000187,0.000483,0.001421,0.000000,0.000000,0.004486,0.000000,2.708000,0.007991,0.000000,0.000000,0.000193,0,0
273600000000,273900000000,6283499093,143,225959266,0.000333,0.001158,0.001923,0.000186,0.000369,0.001419,0.000000,0.000000,0.004486,0.000072,2.359000,0.006471,0.000000,0.000000,0.000187,0,0
273900000000,274200000000,6283499093,143,225959266,0.000312,0.001062,0.001923,0.000185,0.000273,0.001417,0.000000,0.000000,0.004677,0.000000,2.371000,0.006407,0.000000,0.000000,0.000167,0,0
274200000000,274500000000,6283499093,143,225959266,0.000309,0.001146,0.001926,0.000184,0.000357,0.001419,0.000001,0.000000,0.002232,0.000072,2.330000,0.006107,0.000000,0.000000,0.000616,0,0
274500000000,274800000000,6283499093,143,225959266,0.000305,0.001207,0.001926,0.000184,0.000418,0.001419,0.000000,0.000000,0.004715,0.000000,2.200000,0.005611,0.000000,0.000000,0.000588,0,0
274800000000,275100000000,6283499093,143,225959266,0.003166,0.001371,0.002048,0.000175,0.000399,0.001757,0.000024,0.000000,0.092290,0.004143,0.610400,0.000234,0.000000,0.000000,0.000224,0,0
275100000000,275400000000,6283499093,143,225959266,0.000483,0.001356,0.001921,0.000161,0.000371,0.001589,0.000001,0.000000,0.011950,0.000072,3.462000,0.011160,0.000000,0.000000,0.000390,0,0
275400000000,275700000000,6283499093,143,225959266,0.000431,0.001329,0.001923,0.000161,0.000369,0.001589,0.000001,0.000000,0.017270,0.000072,3.042000,0.009343,0.000000,0.000000,0.000211,0,0
275700000000,276000000000,6283499093,143,225959266,0.000352,0.001322,0.001923,0.000161,0.000362,0.001589,0.000000,0.000000,0.004837,0.000072,2.690000,0.007753,0.000000,0.000000,0.000225,0,0
276000000000,276300000000,6283499093,143,225959266,0.000347,0.001341,0.001925,0.000161,0.000383,0.001585,0.000000,0.000000,0.005096,0.000072,2.986000,0.008815,0.000000,0.000000,0.000243,0,0
276300000000,276600000000,6283499093,143,225959266,0.000380,0.001331,0.001923,0.000161,0.000372,0.001591,0.000000,0.000000,0.002842,0.000000,2.309000,0.006003,0.000000,0.000000,0.000255,0,0
276600000000,276900000000,6283499093,143,225959266,0.000420,0.001329,0.001923,0.000161,0.000369,0.001589,0.000001,0.000000,0.004890,0.000072,2.412000,0.006722,0.000000,0.000000,0.000509,0,0
276900000000,277200000000,6283499093,143,225959266,0.000445,0.001320,0.001923,0.000161,0.000360,0.001598,0.000001,0.000000,0.012850,0.000072,2.661000,0.007833,0.000000,0.000000,0.000258,0,0
277200000000,277479000000,6283499093,143,225959266,0.001690,0.001358,0.002010,0.000157,0.000363,0.001884,0.000011,0.000000,0.066280,0.002357,2.728000,0.008153,0.000000,0.000000,0.000229,0,0
277479000000,277491000000,6283499093,143,225959266,0.000275,0.000000,0.000000,0.000000,0.000000,0.000000,0.000072,0.000000,0.003296,0.000929,2.315000,0.006394,0.000000,0.000000,0.000000,0,0
277491000000,277493000000,6283499093,143,225959266,0.000000,0.000000,0.000000,0.000000,0.000000,0.000000,0.000000,0.000000,0.000000,0.000000,1.747000,0.003837,0.000000,0.000000,0.000000,0,0
277493000000,277500000000,6283499093,143,225959266,0.000000,0.000000,0.000000,0.000000,0.000000,0.000000,0.000000,0.000000,0.000000,0.000000,0.000000,0.000000,0.000000,0.000000,0.000000,0,0
