272506000000,272648000000,6283499093,144,6639226,0.000000,0.000000,0.000000,0.000000,0.000000,0.000000,0.000001,0.000000,0.000000,0.000072,0.000000,0.000000,0.000000,0.000000,0.000000,0,0
272648000000,272700000000,6283499093,144,6639226,0.001034,0.001059,0.001930,0.000107,0.000415,0.001455,0.001623,0.000000,0.016330,0.012710,1.312000,0.001672,0.000000,0.000000,0.000425,0,0
272700000000,273000000000,6283499093,144,6639226,0.000368,0.001299,0.001928,0.000118,0.000506,0.001455,0.000000,0.000000,0.003826,0.000072,2.053000,0.005147,0.000000,0.000000,0.000185,0,0
273000000000,273300000000,6283499093,144,6639226,0.000463,0.001215,0.001926,0.000118,0.000419,0.001364,0.000001,0.000000,0.003113,0.000215,4.143000,0.014450,0.000000,0.000000,0.000327,0,0
273300000000,273600000000,6283499093,144,6639226,0.000380,0.001150,0.001925,0.000118,0.000347,0.001366,0.000000,0.000000,0.004082,0.000000,2.940000,0.009371,0.000000,0.000000,0.000890,0,0
273600000000,273900000000,6283499093,144,6639226,0.002354,0.001204,0.001923,0.000115,0.000276,0.001812,0.000037,0.000000,0.076290,0.004715,0.586400,0.000203,0.000000,0.000000,0.000244,0,0
273900000000,274200000000,6283499093,144,6639226,0.000810,0.001333,0.001919,0.000101,0.000295,0.001614,0.000020,0.000000,0.015930,0.004784,1.464000,0.002722,0.000000,0.000000,0.000632,0,0
274200000000,274500000000,6283499093,144,6639226,0.000660,0.001328,0.001921,0.000099,0.000277,0.001629,0.000004,0.000000,0.006470,0.000786,4.509000,0.016510,0.000000,0.000000,0.000539,0,0
274500000000,274800000000,6283499093,144,6639226,0.000360,0.001337,0.001923,0.000098,0.000274,0.001631,0.000000,0.000000,0.005051,0.000000,3.006000,0.009430,0.000000,0.000000,0.000202,0,0
274800000000,275100000000,6283499093,144,6639226,0.000340,0.001328,0.001925,0.000098,0.000265,0.001631,0.000000,0.000000,0.001650,0.000072,2.551000,0.007375,0.000000,0.000000,0.000691,0,0
275100000000,275400000000,6283499093,144,6639226,0.002476,0.001427,0.001923,0.000104,0.000311,0.001797,0.000004,0.000000,0.080810,0.000215,0.628800,0.000326,0.000000,0.000000,0.000396,0,0
275400000000,275700000000,6283499093,144,6639226,0.001255,0.001440,0.001923,0.000104,0.000306,0.001760,0.000006,0.000000,0.069700,0.000571,0.750300,0.000866,0.000000,0.000000,0.000322,0,0
275700000000,276000000000,6283499093,144,6639226,0.000405,0.001392,0.001923,0.000097,0.000272,0.001684,0.000001,0.000000,0.005440,0.000072,2.395000,0.006703,0.000000,0.000000,0.000527,0,0
276000000000,276300000000,6283499093,144,6639226,0.000358,0.001410,0.001923,0.000097,0.000287,0.001690,0.000000,0.000000,0.004898,0.000072,2.541000,0.007148,0.000000,0.000000,0.000115,0,0
276300000000,276600000000,6283499093,144,6639226,0.000570,0.001377,0.001923,0.000100,0.000278,0.001677,0.000024,0.000000,0.026640,0.003784,2.510000,0.007025,0.000000,0.000000,0.002880,0,0
276600000000,276900000000,6283499093,144,6639226,0.000425,0.001375,0.001925,0.000099,0.000290,0.001654,0.000000,0.000000,0.004982,0.000072,3.297000,0.010530,0.000000,0.000000,0.000171,0,0
276900000000,277200000000,6283499093,144,6639226,0.000371,0.001385,0.001925,0.000099,0.000298,0.001656,0.000006,0.000000,0.004852,0.001642,2.902000,0.008745,0.000000,0.000000,0.000208,0,0
277200000000,277500000000,6283499093,144,6639226,0.000334,0.001390,0.001925,0.000099,0.000311,0.001650,0.000004,0.000000,0.004944,0.000357,2.636000,0.007604,0.000000,0.000000,0.000151,0,0
277500000000,277800000000,6283499093,144,6639226,0.000355,0.001402,0.001926,0.000099,0.000332,0.001648,0.000005,0.000000,0.005196,0.000428,2.572000,0.007524,0.000000,0.000000,0.000166,0,0
277800000000,278100000000,6283499093,144,6639226,0.000347,0.001434,0.001928,0.000099,0.000395,0.001623,0.000004,0.000000,0.004623,0.000143,2.638000,0.007680,0.000000,0.000000,0.000169,0,0
278100000000,278400000000,6283499093,144,6639226,0.000365,0.001263,0.001932,0.000098,0.000564,0.001383,0.000019,0.000000,0.005272,0.002857,2.482000,0.006881,0.000000,0.000000,0.000621,0,0
278400000000,278700000000,6283499093,144,6639226,0.000394,0.001232,0.001932,0.000098,0.000565,0.001244,0.000005,0.000000,0.005753,0.000571,2.917000,0.008874,0.000000,0.000000,0.000202,0,0
278700000000,279000000000,6283499093,144,6639226,0.000364,0.001217,0.001932,0.000098,0.000565,0.001219,0.000007,0.000000,0.005180,0.000999,2.674000,0.007932,0.000000,0.000000,0.000708,0,0
279000000000,279300000000,6283499093,144,6639226,0.000347,0.001232,0.001932,0.000098,0.000566,0.001263,0.000006,0.000000,0.005585,0.000786,2.501000,0.007205,0.000000,0.000000,0.000070,0,0
279300000000,279600000000,6283499093,144,6639226,0.000364,0.001236,0.001932,0.000099,0.000568,0.001265,0.000010,0.000000,0.001898,0.001785,2.492000,0.007110,0.000000,0.000000,0.000216,0,0
279600000000,279900000000,6283499093,144,6639226,0.000364,0.001234,0.001932,0.000099,0.000568,0.001251,0.000005,0.000000,0.004868,0.000500,2.615000,0.007662,0.000000,0.000000,0.000567,0,0
279900000000,280200000000,6283499093,144,6639226,0.000398,0.001236,0.001932,0.000099,0.000568,0.001272,0.000006,0.000000,0.007065,0.000643,2.332000,0.006346,0.000000,0.000000,0.000112,0,0
280200000000,280500000000,6283499093,144,6639226,0.000403,0.001238,0.001932,0.000099,0.000568,0.001270,0.000001,0.000000,0.004051,0.000143,3.048000,0.009421,0.000000,0.000000,0.000163,0,0
280500000000,280800000000,6283499093,144,6639226,0.000392,0.001228,0.001932,0.000099,0.000568,0.001247,0.000002,0.000000,0.003799,0.000143,2.729000,0.008150,0.000000,0.000000,0.000140,0,0
280800000000,281100000000,6283499093,144,6639226,0.000382,0.001253,0.001930,0.000099,0.000569,0.001274,0.000012,0.000000,0.009995,0.001358,2.364000,0.006543,0.000000,0.000000,0.000188,0,0
281100000000,281289000000,6283499093,144,6639226,0.000397,0.001242,0.001930,0.000100,0.000569,0.001255,0.000001,0.000000,0.003101,0.000072,2.029000,0.005031,0.000000,0.000000,0.000420,0,0
281289000000,281312000000,6283499093,144,6639226,0.000144,0.000000,0.000000,0.000000,0.000000,0.000000,0.000022,0.000000,0.003315,0.000428,2.620000,0.007951,0.000000,0.000000,0.000000,0,0
281312000000,281313000000,6283499093,144,6639226,0.000000,0.000000,0.000000,0.000000,0.000000,0.000000,0.000000,0.000000,0.000000,0.000000,2.620000,0.007951,0.000000,0.000000,0.000000,0,0
