272499000000,272700000000,6283499093,145,4070993131,0.000000,0.000000,0.000000,0.000000,0.000000,0.000000,0.000000,0.000000,0.000000,0.000000,0.000000,0.000000,0.000000,0.000000,0.000000,0,0
272700000000,272768000000,6283499093,145,4070993131,0.000000,0.000000,0.000000,0.000000,0.000000,0.000000,0.000000,0.000000,0.000000,0.000000,0.000000,0.000000,0.000000,0.000000,0.000000,0,0
272768000000,273000000000,6283499093,145,4070993131,0.000557,0.001305,0.001926,0.000202,0.000613,0.001535,0.000629,0.000000,0.019560,0.011220,2.168000,0.005367,0.000000,0.000000,0.000181,0,0
273000000000,273300000000,6283499093,145,4070993131,0.000371,0.001331,0.001926,0.000196,0.000637,0.001333,0.000000,0.000000,0.003990,0.000000,3.355000,0.010560,0.000000,0.000000,0.000140,0,0
273300000000,273600000000,6283499093,145,4070993131,0.000360,0.001326,0.001928,0.000190,0.000625,0.001335,0.000001,0.000000,0.004646,0.000072,3.340000,0.010500,0.000000,0.000000,0.000179,0,0
273600000000,273900000000,6283499093,145,4070993131,0.000393,0.001324,0.001928,0.000190,0.000622,0.001354,0.000003,0.000000,0.010930,0.000857,2.403000,0.006455,0.000000,0.000000,0.000210,0,0
273900000000,274200000000,6283499093,145,4070993131,0.000447,0.001347,0.001928,0.000190,0.000621,0.001366,0.000002,0.000000,0.013640,0.000357,2.590000,0.007307,0.000000,0.000000,0.000309,0,0
274200000000,274500000000,6283499093,145,4070993131,0.000405,0.001320,0.001928,0.000190,0.000591,0.001364,0.000000,0.000000,0.001743,0.000000,4.192000,0.014170,0.000000,0.000000,0.000382,0,0
274500000000,274800000000,6283499093,145,4070993131,0.000682,0.001320,0.001925,0.000187,0.000519,0.001549,0.000040,0.000000,0.062440,0.005356,2.677000,0.007746,0.000000,0.000000,0.000153,0,0
274800000000,275100000000,6283499093,145,4070993131,0.000480,0.001232,0.001925,0.000185,0.000418,0.001469,0.000005,0.000000,0.004791,0.001143,4.197000,0.014590,0.000000,0.000000,0.000212,0,0
275100000000,275400000000,6283499093,145,4070993131,0.000425,0.001186,0.001923,0.000180,0.000364,0.001469,0.000000,0.000000,0.004532,0.000072,3.598000,0.011430,0.000000,0.000000,0.000282,0,0
275400000000,275700000000,6283499093,145,4070993131,0.000488,0.001263,0.001925,0.000179,0.000425,0.001492,0.000000,0.000000,0.005630,0.000072,3.463000,0.011160,0.000000,0.000000,0.000257,0,0
275700000000,276000000000,6283499093,145,4070993131,0.000494,0.001234,0.001923,0.000179,0.000393,0.001488,0.000003,0.000000,0.005135,0.000643,3.459000,0.011010,0.000000,0.000000,0.000409,0,0
276000000000,276300000000,6283499093,145,4070993131,0.001345,0.001305,0.001923,0.000185,0.000419,0.001621,0.000022,0.000000,0.072270,0.003502,3.406000,0.010600,0.000000,0.000000,0.000229,0,0
276300000000,276600000000,6283499093,145,4070993131,0.000413,0.001293,0.001923,0.000185,0.000382,0.001572,0.000001,0.000000,0.001701,0.000286,3.098000,0.009384,0.000000,0.000000,0.000232,0,0
276600000000,276900000000,6283499093,145,4070993131,0.000519,0.001318,0.002026,0.000178,0.000391,0.001762,0.000001,0.000000,0.017520,0.000143,3.006000,0.009125,0.000000,0.000000,0.000696,0,0
276900000000,277200000000,6283499093,145,4070993131,0.018220,0.001657,0.002735,0.000053,0.000262,0.002071,0.000028,0.000000,0.118500,0.001499,0.582800,0.000175,0.000000,0.000000,0.000382,0,0
277200000000,277500000000,6283499093,145,4070993131,0.005600,0.001585,0.002079,0.000007,0.000185,0.002048,0.000015,0.000001,0.073610,0.002285,0.584200,0.000217,0.000000,0.000000,0.000153,0,0
277500000000,277800000000,6283499093,145,4070993131,0.000426,0.001579,0.001925,0.000019,0.000230,0.001791,0.000163,0.000001,0.005264,0.015560,2.742000,0.008036,0.000000,0.000000,0.000144,0,0
277800000000,278100000000,6283499093,145,4070993131,0.000411,0.001427,0.001926,0.000097,0.000170,0.001659,0.000310,0.000001,0.005241,0.017000,3.164000,0.009817,0.000000,0.000000,0.000154,0,0
278100000000,278400000000,6283499093,145,4070993131,0.003479,0.001587,0.002262,0.000072,0.000114,0.002583,0.000194,0.000001,0.090330,0.017210,0.590700,0.000247,0.000000,0.000000,0.000599,0,0
278400000000,278700000000,6283499093,145,4070993131,0.001987,0.001507,0.002071,0.000059,0.000101,0.002159,0.000248,0.000001,0.093870,0.014710,1.324000,0.002950,0.000000,0.000000,0.000629,0,0
278700000000,278799000000,6283499093,145,4070993131,0.003036,0.001217,0.001923,0.000069,0.000129,0.001608,0.000164,0.000001,0.066040,0.009140,0.624200,0.000237,0.000000,0.000000,0.050600,0,0
278799000000,278814000000,6283499093,145,4070993131,0.000276,0.000000,0.000000,0.000000,0.000000,0.000000,0.000161,0.000001,0.004143,0.002499,3.447000,0.010920,0.000000,0.000000,0.000000,0,0
278814000000,278816000000,6283499093,145,4070993131,0.000000,0.000000,0.000000,0.000000,0.000000,0.000000,0.000000,0.000001,0.000000,0.000000,3.447000,0.010920,0.000000,0.000000,0.000000,0,0
