272492000000,272655000000,6283499093,146,6213862553,0.000000,0.000000,0.000000,0.000000,0.000000,0.000000,0.000000,0.000000,0.000000,0.000000,0.000000,0.000000,0.000000,0.000000,0.000000,0,0
272655000000,272700000000,6283499093,146,6213862553,0.001078,0.000842,0.001926,0.000144,0.000155,0.001038,0.002563,0.000000,0.014920,0.022800,1.048000,0.001699,0.000000,0.000000,0.000143,0,0
272700000000,273000000000,6283499093,146,6213862553,0.000377,0.000932,0.001926,0.000131,0.000148,0.001091,0.000000,0.000000,0.021910,0.000072,1.842000,0.004433,0.000000,0.000000,0.000227,0,0
273000000000,273300000000,6283499093,146,6213862553,0.000349,0.001287,0.001930,0.000130,0.000525,0.001339,0.000000,0.000000,0.003998,0.000072,2.380000,0.006205,0.000000,0.000000,0.000194,0,0
273300000000,273600000000,6283499093,146,6213862553,0.000315,0.001282,0.001930,0.000130,0.000517,0.001339,0.000000,0.000000,0.003906,0.000072,2.251000,0.005780,0.000000,0.000000,0.000177,0,0
273600000000,273900000000,6283499093,146,6213862553,0.000364,0.001289,0.001930,0.000130,0.000502,0.001387,0.000010,0.000000,0.004402,0.002930,2.083000,0.004964,0.000000,0.000000,0.000231,0,0
273900000000,274200000000,6283499093,146,6213862553,0.003071,0.001314,0.001926,0.000136,0.000435,0.001646,0.000010,0.000000,0.076170,0.001215,0.574700,0.000187,0.000000,0.000000,0.000595,0,0
274200000000,274500000000,6283499093,146,6213862553,0.000392,0.001263,0.001926,0.000143,0.000362,0.001503,0.000001,0.000000,0.012120,0.000143,2.902000,0.008426,0.000000,0.000000,0.000641,0,0
274500000000,274800000000,6283499093,146,6213862553,0.000429,0.001207,0.001925,0.000128,0.000301,0.001490,0.000000,0.000000,0.005180,0.000072,2.791000,0.007742,0.000000,0.000000,0.000640,0,0
274800000000,275100000000,6283499093,146,6213862553,0.000424,0.001158,0.001925,0.000128,0.000250,0.001484,0.000000,0.000000,0.004547,0.000072,3.005000,0.008684,0.000000,0.000000,0.000266,0,0
275100000000,275400000000,6283499093,146,6213862553,0.000417,0.001152,0.001923,0.000128,0.000243,0.001484,0.000000,0.000000,0.004677,0.000072,3.320000,0.009853,0.000000,0.000000,0.000100,0,0
275400000000,275700000000,6283499093,146,6213862553,0.000355,0.001165,0.001925,0.000128,0.000254,0.001492,0.000001,0.000000,0.005112,0.000215,2.318000,0.005752,0.000000,0.000000,0.000382,0,0
275700000000,276000000000,6283499093,146,6213862553,0.000327,0.001162,0.001925,0.000127,0.000247,0.001492,0.000000,0.000000,0.004410,0.000000,2.401000,0.006071,0.000000,0.000000,0.000089,0,0
276000000000,276300000000,6283499093,146,6213862553,0.002899,0.001293,0.001921,0.000132,0.000273,0.001766,0.000030,0.000000,0.084590,0.007217,0.568400,0.000130,0.000000,0.000000,0.000716,0,0
276300000000,276600000000,6283499093,146,6213862553,0.000612,0.001266,0.001921,0.000126,0.000256,0.001606,0.000000,0.000000,0.005226,0.000072,3.309000,0.010400,0.000000,0.000000,0.000462,0,0
276600000000,276900000000,6283499093,146,6213862553,0.000475,0.001291,0.001923,0.000126,0.000278,0.001606,0.000003,0.000000,0.007172,0.000643,2.324000,0.006354,0.000000,0.000000,0.000500,0,0
276900000000,277200000000,6283499093,146,6213862553,0.000338,0.001328,0.001925,0.000126,0.000314,0.001608,0.000000,0.000000,0.004723,0.000072,2.612000,0.007333,0.000000,0.000000,0.000114,0,0
277200000000,277500000000,6283499093,146,6213862553,0.000426,0.001301,0.001925,0.000150,0.000286,0.001614,0.000149,0.000000,0.008636,0.025360,2.908000,0.008931,0.000000,0.000000,0.000172,0,0
277500000000,277800000000,6283499093,146,6213862553,0.000452,0.001204,0.001925,0.000183,0.000235,0.001284,0.000048,0.000000,0.009827,0.008423,2.690000,0.008220,0.000000,0.000000,0.000130,0,0
277800000000,277830000000,6283499093,146,6213862553,0.000786,0.001215,0.001925,0.000194,0.000272,0.001276,0.001316,0.000000,0.009064,0.026060,2.584000,0.007758,0.000000,0.000000,0.000426,0,0
277830000000,277843000000,6283499093,146,6213862553,0.000189,0.000000,0.000000,0.000000,0.000000,0.000000,0.000159,0.000000,0.002457,0.002071,2.199000,0.006286,0.000000,0.000000,0.000000,0,0
277843000000,277844000000,6283499093,146,6213862553,0.000000,0.000000,0.000000,0.000000,0.000000,0.000000,0.000000,0.000000,0.000000,0.000000,1.970000,0.005408,0.000000,0.000000,0.000000,0,0
