272494000000,272647000000,6283499093,147,4820137260,0.000000,0.000000,0.000000,0.000000,0.000000,0.000000,0.000000,0.000000,0.000000,0.000000,0.000000,0.000000,0.000000,0.000000,0.000000,0,0
272647000000,272700000000,6283499093,147,4820137260,0.001291,0.000911,0.001917,0.000122,0.000152,0.001179,0.000864,0.000000,0.044920,0.011350,0.000000,0.000000,0.000000,0.000000,0.044920,0,0
272700000000,273000000000,6283499093,147,4820137260,0.000360,0.001257,0.001923,0.000111,0.000440,0.001406,0.000000,0.000000,0.006142,0.000000,3.581000,0.000000,0.000000,0.000000,0.000189,0,0
273000000000,273300000000,6283499093,147,4820137260,0.000409,0.001234,0.001921,0.000108,0.000427,0.001368,0.000000,0.000000,0.004257,0.000143,3.530000,0.000000,0.000000,0.000000,0.000607,0,0
273300000000,273600000000,6283499093,147,4820137260,0.000346,0.001171,0.001919,0.000108,0.000358,0.001366,0.000000,0.000000,0.007179,0.000000,3.201000,0.000000,0.000000,0.000000,0.000213,0,0
273600000000,273900000000,6283499093,147,4820137260,0.000308,0.001116,0.001919,0.000108,0.000308,0.001366,0.000000,0.000000,0.004295,0.000072,2.583000,0.000000,0.000000,0.000000,0.000073,0,0
273900000000,274200000000,6283499093,147,4820137260,0.000298,0.001091,0.001919,0.000109,0.000277,0.001366,0.000000,0.000000,0.004211,0.000000,2.728000,0.000000,0.000000,0.000000,0.000149,0,0
274200000000,274500000000,6283499093,147,4820137260,0.000315,0.001057,0.001919,0.000109,0.000243,0.001366,0.000004,0.000000,0.009338,0.000786,2.806000,0.000000,0.000000,0.000000,0.000221,0,0
274500000000,274800000000,6283499093,147,4820137260,0.000302,0.001036,0.001917,0.000109,0.000223,0.001364,0.000000,0.000000,0.004784,0.000000,2.997000,0.000000,0.000000,0.000000,0.000198,0,0
274800000000,275100000000,6283499093,147,4820137260,0.000331,0.001011,0.001919,0.000109,0.000184,0.001375,0.000001,0.000000,0.005928,0.000215,1.684000,0.000000,0.000000,0.000000,0.000063,0,0
275100000000,275400000000,6283499093,147,4820137260,0.000353,0.000978,0.001921,0.000109,0.000152,0.001347,0.000000,0.000000,0.004219,0.000000,2.581000,0.000000,0.000000,0.000000,0.000431,0,0
275400000000,275700000000,6283499093,147,4820137260,0.000394,0.000999,0.001919,0.000109,0.000168,0.001331,0.000000,0.000000,0.004082,0.000072,3.174000,0.000000,0.000000,0.000000,0.000275,0,0
275700000000,276000000000,6283499093,147,4820137260,0.000390,0.001152,0.001923,0.000109,0.000310,0.001408,0.000003,0.000000,0.006569,0.000571,3.152000,0.000000,0.000000,0.000000,0.000517,0,0
276000000000,276300000000,6283499093,147,4820137260,0.000370,0.001253,0.001919,0.000109,0.000395,0.001417,0.000001,0.000000,0.005196,0.000215,3.271000,0.000000,0.000000,0.000000,0.000136,0,0
276300000000,276600000000,6283499093,147,4820137260,0.000453,0.001211,0.001917,0.000109,0.000342,0.001432,0.000000,0.000000,0.004723,0.000072,2.850000,0.000000,0.000000,0.000000,0.000262,0,0
276600000000,276900000000,6283499093,147,4820137260,0.000444,0.001156,0.001915,0.000109,0.000276,0.001446,0.000001,0.000000,0.004333,0.000143,4.059000,0.000000,0.000000,0.000000,0.000271,0,0
276900000000,277200000000,6283499093,147,4820137260,0.000390,0.001112,0.001917,0.000109,0.000219,0.001446,0.000000,0.000000,0.005295,0.000000,2.909000,0.000000,0.000000,0.000000,0.000085,0,0
277200000000,277469000000,6283499093,147,4820137260,0.000349,0.001055,0.001921,0.000109,0.000164,0.001404,0.000018,0.000000,0.005730,0.001928,2.340000,0.000000,0.000000,0.000000,0.000152,0,0
277469000000,277488000000,6283499093,147,4820137260,0.000209,0.000014,0.000000,0.000000,0.000000,0.000266,0.000008,0.000000,0.003960,0.000143,2.732000,0.000000,0.000000,0.000000,0.000000,0,0
277488000000,277491000000,6283499093,147,4820137260,0.000000,0.000000,0.000000,0.000000,0.000000,0.000000,0.000000,0.000000,0.000000,0.000000,2.732000,0.000000,0.000000,0.000000,0.000000,0,0
277491000000,277500000000,6283499093,147,4820137260,0.000000,0.000000,0.000000,0.000000,0.000000,0.000000,0.000000,0.000000,0.000000,0.000000,0.000000,0.000000,0.000000,0.000000,0.000000,0,0
