272503000000,272615000000,6283499093,148,16912230,0.000000,0.000000,0.000000,0.000000,0.000000,0.000000,0.000000,0.000000,0.000000,0.000000,0.000000,0.000000,0.000000,0.000000,0.000000,0,0
272615000000,272700000000,6283499093,148,16912230,0.000702,0.001049,0.001923,0.000121,0.000271,0.001431,0.001333,0.000000,0.040340,0.024570,0.970600,0.001259,0.000000,0.000000,0.000952,0,0
272700000000,273000000000,6283499093,148,16912230,0.000383,0.000954,0.001921,0.000123,0.000191,0.001310,0.000000,0.000000,0.027400,0.000072,2.431000,0.006991,0.000000,0.000000,0.000258,0,0
273000000000,273300000000,6283499093,148,16912230,0.000435,0.001022,0.001921,0.000123,0.000251,0.001352,0.000031,0.000000,0.008453,0.009079,2.500000,0.007304,0.000000,0.000000,0.000761,0,0
273300000000,273600000000,6283499093,148,16912230,0.000349,0.001087,0.001923,0.000122,0.000309,0.001347,0.000000,0.000000,0.003708,0.000072,2.546000,0.007600,0.000000,0.000000,0.000607,0,0
273600000000,273900000000,6283499093,148,16912230,0.000292,0.001148,0.001923,0.000122,0.000370,0.001347,0.000001,0.000000,0.001526,0.000143,2.121000,0.005670,0.000000,0.000000,0.000150,0,0
273900000000,274200000000,6283499093,148,16912230,0.000282,0.001209,0.001926,0.000123,0.000430,0.001354,0.000000,0.000000,0.004425,0.000000,1.776000,0.004134,0.000000,0.000000,0.000562,0,0
274200000000,274500000000,6283499093,148,16912230,0.000288,0.001278,0.001926,0.000123,0.000492,0.001354,0.000002,0.000000,0.004356,0.000286,1.809000,0.004182,0.000000,0.000000,0.000547,0,0
274500000000,274800000000,6283499093,148,16912230,0.000369,0.001251,0.001925,0.000122,0.000461,0.001366,0.000001,0.000000,0.004662,0.000072,1.580000,0.003300,0.000000,0.000000,0.000675,0,0
274800000000,275100000000,6283499093,148,16912230,0.000346,0.000978,0.001921,0.000122,0.000187,0.001348,0.000000,0.000000,0.003899,0.000072,2.250000,0.006355,0.000000,0.000000,0.000153,0,0
275100000000,275400000000,6283499093,148,16912230,0.000329,0.001066,0.001921,0.000122,0.000272,0.001366,0.000000,0.000000,0.004578,0.000000,1.989000,0.005005,0.000000,0.000000,0.000093,0,0
275400000000,275700000000,6283499093,148,16912230,0.000309,0.001156,0.001923,0.000123,0.000357,0.001368,0.000001,0.000000,0.006042,0.000072,2.065000,0.005437,0.000000,0.000000,0.000135,0,0
275700000000,276000000000,6283499093,148,16912230,0.000294,0.001253,0.001925,0.000123,0.000452,0.001371,0.000002,0.000000,0.003983,0.000643,2.107000,0.005489,0.000000,0.000000,0.000096,0,0
276000000000,276300000000,6283499093,148,16912230,0.000382,0.001215,0.001923,0.000118,0.000371,0.001448,0.000025,0.000000,0.007278,0.003716,1.423000,0.003044,0.000000,0.000000,0.000127,0,0
276300000000,276600000000,6283499093,148,16912230,0.000360,0.001204,0.001923,0.000117,0.000362,0.001427,0.000000,0.000000,0.004189,0.000072,2.833000,0.008885,0.000000,0.000000,0.004189,0,0
276600000000,276900000000,6283499093,148,16912230,0.000300,0.001209,0.001923,0.000117,0.000364,0.001427,0.000000,0.000000,0.004150,0.000072,2.318000,0.006492,0.000000,0.000000,0.000066,0,0
276900000000,277200000000,6283499093,148,16912230,0.000289,0.001202,0.001923,0.000116,0.000356,0.001431,0.000000,0.000000,0.000842,0.000000,2.074000,0.005535,0.000000,0.000000,0.000083,0,0
277200000000,277500000000,6283499093,148,16912230,0.000318,0.001198,0.001923,0.000116,0.000353,0.001429,0.000004,0.000000,0.011550,0.000215,1.603000,0.003384,0.000000,0.000000,0.000078,0,0
277500000000,277800000000,6283499093,148,16912230,0.000315,0.001192,0.001923,0.000116,0.000343,0.001434,0.000005,0.000000,0.003914,0.000500,2.177000,0.006077,0.000000,0.000000,0.000292,0,0
277800000000,277912000000,6283499093,148,16912230,0.000296,0.001127,0.001923,0.000116,0.000281,0.001429,0.000012,0.000000,0.001221,0.000857,2.063000,0.005562,0.000000,0.000000,0.000124,0,0
277912000000,277917000000,6283499093,148,16912230,0.000312,0.001429,0.001928,0.000123,0.000584,0.001429,0.000143,0.000000,0.000807,0.000714,2.079000,0.005575,0.000000,0.000000,0.000144,0,0
277917000000,277930000000,6283499093,148,16912230,0.001101,0.000037,0.000000,0.000000,0.000000,0.000479,0.000011,0.000000,0.014300,0.000143,2.079000,0.005575,0.000000,0.000000,0.000000,1,0
277930000000,277934000000,6283499093,148,16912230,0.000000,0.000000,0.000000,0.000000,0.000000,0.000000,0.000053,0.000000,0.000000,0.000107,2.079000,0.005575,0.000000,0.000000,0.000000,0,0
277974000000,278081000000,6283499093,148,717233,0.000362,0.000635,0.001923,0.000058,0.000276,0.000811,0.001675,0.000000,0.012360,0.029750,29.140000,0.134400,0.000000,0.000000,0.000086,0,0
278081000000,278091000000,6283499093,148,717233,0.000143,0.000000,0.000000,0.000000,0.000000,0.000000,0.000264,0.000000,0.001434,0.002644,29.140000,0.134400,0.000000,0.000000,0.000000,0,0
278091000000,278092000000,6283499093,148,717233,0.000000,0.000000,0.000000,0.000000,0.000000,0.000000,0.000000,0.000000,0.000000,0.000000,29.140000,0.134400,0.000000,0.000000,0.000000,0,0
278092000000,278100000000,6283499093,148,717233,0.000000,0.000000,0.000000,0.000000,0.000000,0.000000,0.000000,0.000000,0.000000,0.000000,0.000000,0.000000,0.000000,0.000000,0.000000,0,0
