272490000000,272576000000,6283499093,149,351640884,0.000000,0.000000,0.000000,0.000000,0.000000,0.000000,0.000000,0.000000,0.000000,0.000000,0.000000,0.000000,0.000000,0.000000,0.000000,0,0
272576000000,272700000000,6283499093,149,351640884,0.000647,0.001101,0.001925,0.000134,0.000312,0.001432,0.000705,0.000000,0.018650,0.027770,2.036000,0.005345,0.000000,0.000000,0.000136,0,0
272700000000,273000000000,6283499093,149,351640884,0.000340,0.000996,0.001923,0.000133,0.000253,0.001320,0.000000,0.000000,0.000867,0.000000,2.460000,0.006983,0.000000,0.000000,0.000133,0,0
273000000000,273300000000,6283499093,149,351640884,0.000340,0.000992,0.001923,0.000131,0.000243,0.001326,0.000008,0.000000,0.004173,0.001215,2.292000,0.006345,0.000000,0.000000,0.000120,0,0
273300000000,273600000000,6283499093,149,351640884,0.000311,0.001017,0.001925,0.000131,0.000263,0.001329,0.000000,0.000000,0.004433,0.000000,2.153000,0.005764,0.000000,0.000000,0.000116,0,0
273600000000,273900000000,6283499093,149,351640884,0.003155,0.001207,0.002052,0.000080,0.000236,0.001991,0.000016,0.000000,0.092160,0.003643,2.080000,0.005298,0.000000,0.000000,0.000257,0,0
273900000000,274200000000,6283499093,149,351640884,0.000480,0.001259,0.001926,0.000003,0.000153,0.001431,0.000001,0.000000,0.009903,0.000143,2.388000,0.006782,0.000000,0.000000,0.000209,0,0
274200000000,274500000000,6283499093,149,351640884,0.001766,0.001261,0.001925,0.000010,0.000131,0.001537,0.000080,0.000000,0.081910,0.011290,0.854900,0.001290,0.000000,0.000000,0.000216,0,0
274500000000,274800000000,6283499093,149,351640884,0.000561,0.001286,0.001923,0.000022,0.000175,0.001490,0.000004,0.000000,0.004890,0.000857,3.352000,0.011340,0.000000,0.000000,0.000283,0,0
274800000000,275100000000,6283499093,149,351640884,0.000472,0.001284,0.001923,0.000019,0.000174,0.001465,0.000002,0.000000,0.005516,0.000500,3.175000,0.010530,0.000000,0.000000,0.000599,0,0
275100000000,275400000000,6283499093,149,351640884,0.000348,0.001280,0.001925,0.000019,0.000171,0.001467,0.000000,0.000000,0.004463,0.000072,2.431000,0.007109,0.000000,0.000000,0.000192,0,0
275400000000,275700000000,6283499093,149,351640884,0.000318,0.001274,0.001925,0.000019,0.000164,0.001467,0.000002,0.000000,0.002689,0.000571,2.471000,0.007194,0.000000,0.000000,0.000604,0,0
275700000000,276000000000,6283499093,149,351640884,0.000317,0.001272,0.001926,0.000019,0.000166,0.001461,0.000000,0.000000,0.004776,0.000000,2.221000,0.006095,0.000000,0.000000,0.000340,0,0
276000000000,276300000000,6283499093,149,351640884,0.000317,0.001272,0.001925,0.000019,0.000163,0.001467,0.000004,0.000000,0.004898,0.000714,2.195000,0.005940,0.000000,0.000000,0.000071,0,0
276300000000,276600000000,6283499093,149,351640884,0.000311,0.001278,0.001925,0.000019,0.000173,0.001461,0.000000,0.000000,0.004570,0.000000,2.337000,0.006412,0.000000,0.000000,0.000071,0,0
276600000000,276900000000,6283499093,149,351640884,0.000342,0.001274,0.001925,0.000020,0.000165,0.001469,0.000001,0.000000,0.005959,0.000143,1.974000,0.005015,0.000000,0.000000,0.000128,0,0
276900000000,277200000000,6283499093,149,351640884,0.000351,0.001287,0.001925,0.000020,0.000177,0.001465,0.000000,0.000000,0.004478,0.000072,2.542000,0.007552,0.000000,0.000000,0.000116,0,0
277200000000,277500000000,6283499093,149,351640884,0.000361,0.001280,0.001925,0.000020,0.000169,0.001478,0.000005,0.000000,0.004272,0.000714,2.528000,0.007731,0.000000,0.000000,0.000306,0,0
277500000000,277800000000,6283499093,149,351640884,0.000338,0.001286,0.001925,0.000019,0.000163,0.001478,0.000004,0.000000,0.004951,0.000072,2.432000,0.006954,0.000000,0.000000,0.000194,0,0
277800000000,278100000000,6283499093,149,351640884,0.000342,0.001301,0.001925,0.000019,0.000179,0.001476,0.000004,0.000000,0.007065,0.000215,2.396000,0.006734,0.000000,0.000000,0.000245,0,0
278100000000,278400000000,6283499093,149,351640884,0.000367,0.001280,0.001925,0.000019,0.000155,0.001478,0.000008,0.000000,0.010590,0.000714,2.064000,0.005242,0.000000,0.000000,0.000269,0,0
278400000000,278449000000,6283499093,149,351640884,0.000432,0.001286,0.001926,0.000020,0.000175,0.001476,0.000345,0.000000,0.006950,0.016780,2.080000,0.005323,0.000000,0.000000,0.000264,0,0
278449000000,278467000000,6283499093,149,351640884,0.000168,0.000000,0.000000,0.000000,0.000000,0.000000,0.000031,0.000000,0.003029,0.000500,1.613000,0.003291,0.000000,0.000000,0.000000,0,0
278467000000,278469000000,6283499093,149,351640884,0.000000,0.000000,0.000000,0.000000,0.000000,0.000000,0.000000,0.000000,0.000000,0.000000,1.613000,0.003291,0.000000,0.000000,0.000000,0,0
