272503000000,272624000000,6283499093,15,2113042883,0.000000,0.000000,0.000000,0.000000,0.000000,0.000000,0.000000,0.000000,0.000000,0.000000,0.000000,0.000000,0.000000,0.000000,0.000000,0,0
272624000000,272700000000,6283499093,15,2113042883,0.000820,0.001137,0.001928,0.000155,0.000428,0.001516,0.002045,0.000000,0.039490,0.019560,0.895600,0.000993,0.000000,0.000000,0.000317,0,0
272700000000,273000000000,6283499093,15,2113042883,0.000378,0.001143,0.001925,0.000171,0.000393,0.001478,0.000001,0.000000,0.004997,0.000072,2.199000,0.005708,0.000000,0.000000,0.000721,0,0
273000000000,273300000000,6283499093,15,2113042883,0.000355,0.001120,0.001925,0.000165,0.000376,0.001354,0.000000,0.000000,0.003937,0.000143,2.706000,0.007956,0.000000,0.000000,0.000883,0,0
273300000000,273600000000,6283499093,15,2113042883,0.000311,0.001123,0.001926,0.000163,0.000376,0.001356,0.000000,0.000000,0.004326,0.000072,2.255000,0.005877,0.000000,0.000000,0.000689,0,0
273600000000,273900000000,6283499093,15,2113042883,0.000392,0.001131,0.001926,0.000163,0.000376,0.001387,0.000003,0.000000,0.011410,0.000428,1.953000,0.004587,0.000000,0.000000,0.000169,0,0
273900000000,274200000000,6283499093,15,2113042883,0.000390,0.001143,0.001925,0.000163,0.000364,0.001389,0.000000,0.000000,0.004349,0.000072,2.560000,0.007481,0.000000,0.000000,0.000252,0,0
274200000000,274500000000,6283499093,15,2113042883,0.000421,0.001158,0.001925,0.000163,0.000378,0.001389,0.000002,0.000000,0.004082,0.000072,2.585000,0.007302,0.000000,0.000000,0.000159,0,0
274500000000,274800000000,6283499093,15,2113042883,0.000379,0.001173,0.001925,0.000164,0.000391,0.001417,0.000026,0.000000,0.006554,0.006569,2.308000,0.006141,0.000000,0.000000,0.000258,0,0
274800000000,275100000000,6283499093,15,2113042883,0.000409,0.001169,0.001923,0.000167,0.000345,0.001461,0.000002,0.000000,0.006531,0.000143,2.592000,0.007500,0.000000,0.000000,0.000288,0,0
275100000000,275400000000,6283499093,15,2113042883,0.000423,0.001091,0.001923,0.000163,0.000232,0.001461,0.000000,0.000000,0.004517,0.000000,2.795000,0.008241,0.000000,0.000000,0.000369,0,0
275400000000,275700000000,6283499093,15,2113042883,0.000343,0.001127,0.001925,0.000158,0.000252,0.001478,0.000000,0.000000,0.004784,0.000072,2.521000,0.006936,0.000000,0.000000,0.000244,0,0
275700000000,276000000000,6283499093,15,2113042883,0.003407,0.001223,0.001925,0.000161,0.000232,0.001692,0.000010,0.000000,0.077880,0.000929,0.573700,0.000165,0.000000,0.000000,0.000502,0,0
276000000000,276300000000,6283499093,15,2113042883,0.000364,0.001329,0.001925,0.000155,0.000326,0.001608,0.000007,0.000000,0.004890,0.000999,2.650000,0.007372,0.000000,0.000000,0.000293,0,0
276300000000,276600000000,6283499093,15,2113042883,0.000336,0.001326,0.001925,0.000153,0.000324,0.001606,0.000000,0.000000,0.004311,0.000072,2.470000,0.006634,0.000000,0.000000,0.000690,0,0
276600000000,276900000000,6283499093,15,2113042883,0.000298,0.001295,0.001925,0.000153,0.000296,0.001604,0.000003,0.000000,0.004807,0.000428,2.396000,0.006299,0.000000,0.000000,0.000225,0,0
276900000000,277200000000,6283499093,15,2113042883,0.000311,0.001230,0.001925,0.000153,0.000232,0.001600,0.000000,0.000000,0.004501,0.000000,2.145000,0.005341,0.000000,0.000000,0.000123,0,0
277200000000,277500000000,6283499093,15,2113042883,0.000357,0.001326,0.001926,0.000153,0.000324,0.001608,0.000003,0.000000,0.004356,0.000357,2.217000,0.005860,0.000000,0.000000,0.000240,0,0
277500000000,277800000000,6283499093,15,2113042883,0.000697,0.001347,0.001925,0.000153,0.000341,0.001608,0.000005,0.000000,0.044250,0.000215,2.547000,0.007321,0.000000,0.000000,0.000525,0,0
277800000000,277849000000,6283499093,15,2113042883,0.002331,0.001335,0.001925,0.000163,0.000312,0.001656,0.000022,0.000000,0.056090,0.000643,1.777000,0.004128,0.000000,0.000000,0.000349,0,0
277849000000,277876000000,6283499093,15,2113042883,0.000091,0.000000,0.000000,0.000000,0.000000,0.000000,0.000027,0.000000,0.002438,0.000714,1.389000,0.002500,0.000000,0.000000,0.000000,0,0
277876000000,277877000000,6283499093,15,2113042883,0.000000,0.000000,0.000000,0.000000,0.000000,0.000000,0.000000,0.000000,0.000000,0.000000,1.389000,0.002500,0.000000,0.000000,0.000000,0,0
