272498000000,272565000000,6283499093,150,294908869,0.000000,0.000000,0.000000,0.000000,0.000000,0.000000,0.000002,0.000000,0.000000,0.000143,0.000000,0.000000,0.000000,0.000000,0.000000,0,0
272565000000,272700000000,6283499093,150,294908869,0.000627,0.001116,0.001909,0.000175,0.000305,0.001514,0.000707,0.000000,0.015030,0.029300,2.437000,0.007218,0.000000,0.000000,0.000188,0,0
272700000000,273000000000,6283499093,150,294908869,0.000354,0.001024,0.001909,0.000176,0.000298,0.001345,0.000000,0.000000,0.005981,0.000000,2.542000,0.007650,0.000000,0.000000,0.000216,0,0
273000000000,273300000000,6283499093,150,294908869,0.000365,0.001043,0.001911,0.000173,0.000311,0.001350,0.000002,0.000000,0.003845,0.000643,2.569000,0.007697,0.000000,0.000000,0.000591,0,0
273300000000,273600000000,6283499093,150,294908869,0.000346,0.001032,0.001913,0.000172,0.000293,0.001354,0.000000,0.000000,0.004456,0.000072,2.470000,0.007193,0.000000,0.000000,0.000196,0,0
273600000000,273900000000,6283499093,150,294908869,0.000337,0.001043,0.001911,0.000172,0.000301,0.001358,0.000000,0.000000,0.004135,0.000072,2.400000,0.007022,0.000000,0.000000,0.000214,0,0
273900000000,274200000000,6283499093,150,294908869,0.000342,0.001060,0.001913,0.000172,0.000314,0.001362,0.000000,0.000000,0.004570,0.000072,2.114000,0.005754,0.000000,0.000000,0.000270,0,0
274200000000,274500000000,6283499093,150,294908869,0.000359,0.001072,0.001915,0.000172,0.000324,0.001364,0.000005,0.000000,0.004921,0.001143,2.457000,0.007304,0.000000,0.000000,0.000289,0,0
274500000000,274800000000,6283499093,150,294908869,0.000366,0.001087,0.001917,0.000172,0.000337,0.001366,0.000000,0.000000,0.005463,0.000000,2.450000,0.007491,0.000000,0.000000,0.000340,0,0
274800000000,275100000000,6283499093,150,294908869,0.000309,0.001085,0.001919,0.000172,0.000336,0.001366,0.000000,0.000000,0.004120,0.000072,2.358000,0.006795,0.000000,0.000000,0.000594,0,0
275100000000,275400000000,6283499093,150,294908869,0.000300,0.001095,0.001919,0.000172,0.000345,0.001368,0.000003,0.000000,0.004555,0.000786,2.107000,0.005710,0.000000,0.000000,0.000082,0,0
275400000000,275700000000,6283499093,150,294908869,0.000391,0.001112,0.001919,0.000177,0.000344,0.001406,0.000033,0.000000,0.024230,0.006783,2.335000,0.006753,0.000000,0.000000,0.000700,0,0
275700000000,276000000000,6283499093,150,294908869,0.000370,0.001095,0.001919,0.000180,0.000326,0.001394,0.000000,0.000000,0.004318,0.000000,2.592000,0.008033,0.000000,0.000000,0.000633,0,0
276000000000,276300000000,6283499093,150,294908869,0.000351,0.001097,0.001919,0.000175,0.000320,0.001400,0.000001,0.000000,0.003929,0.000215,2.531000,0.007708,0.000000,0.000000,0.000174,0,0
276300000000,276600000000,6283499093,150,294908869,0.000307,0.001093,0.001919,0.000174,0.000312,0.001400,0.000000,0.000000,0.003983,0.000000,2.225000,0.006155,0.000000,0.000000,0.000177,0,0
276600000000,276900000000,6283499093,150,294908869,0.000301,0.001101,0.001919,0.000174,0.000321,0.001398,0.000000,0.000000,0.003773,0.000072,2.127000,0.005879,0.000000,0.000000,0.000093,0,0
276900000000,277200000000,6283499093,150,294908869,0.000300,0.001102,0.001919,0.000174,0.000325,0.001396,0.000000,0.000000,0.004219,0.000072,2.176000,0.006097,0.000000,0.000000,0.000310,0,0
277200000000,277500000000,6283499093,150,294908869,0.000356,0.001110,0.001921,0.000173,0.000320,0.001448,0.000010,0.000000,0.004578,0.001286,2.529000,0.007525,0.000000,0.000000,0.000137,0,0
277500000000,277800000000,6283499093,150,294908869,0.000392,0.001249,0.001921,0.000169,0.000443,0.001446,0.000020,0.000000,0.005623,0.001572,2.755000,0.009047,0.000000,0.000000,0.000191,0,0
277800000000,278100000000,6283499093,150,294908869,0.000372,0.001045,0.001921,0.000167,0.000238,0.001432,0.000005,0.000000,0.004936,0.000571,2.598000,0.008244,0.000000,0.000000,0.000746,0,0
278100000000,278400000000,6283499093,150,294908869,0.000301,0.001085,0.001925,0.000242,0.000303,0.001213,0.000286,0.000000,0.002113,0.025730,2.241000,0.006290,0.000000,0.000000,0.000274,0,0
278400000000,278700000000,6283499093,150,294908869,0.000330,0.001062,0.001928,0.000332,0.000420,0.001089,0.000097,0.000000,0.004684,0.013290,2.504000,0.007491,0.000000,0.000000,0.000248,0,0
278700000000,279000000000,6283499093,150,294908869,0.000338,0.001066,0.001928,0.000354,0.000457,0.001087,0.000009,0.000000,0.005386,0.001286,1.672000,0.003762,0.000000,0.000000,0.000212,0,0
279000000000,279300000000,6283499093,150,294908869,0.000315,0.001057,0.001928,0.000353,0.000457,0.001072,0.000001,0.000000,0.005150,0.000143,2.273000,0.006448,0.000000,0.000000,0.000534,0,0
279300000000,279600000000,6283499093,150,294908869,0.000318,0.001060,0.001928,0.000353,0.000457,0.001074,0.000005,0.000000,0.001320,0.001143,2.109000,0.005822,0.000000,0.000000,0.000066,0,0
279600000000,279900000000,6283499093,150,294908869,0.000343,0.001081,0.001928,0.000354,0.000468,0.001108,0.000037,0.000000,0.007057,0.009430,2.218000,0.006274,0.000000,0.000000,0.004456,0,0
279900000000,280050000000,6283499093,150,294908869,0.000432,0.001066,0.001928,0.000356,0.000471,0.001089,0.000217,0.000000,0.007057,0.030580,2.250000,0.006482,0.000000,0.000000,0.000171,0,0
280050000000,280069000000,6283499093,150,294908869,0.000045,0.000000,0.000000,0.000000,0.000000,0.000000,0.000112,0.000000,0.000844,0.001928,1.735000,0.004134,0.000000,0.000000,0.000000,0,0
280069000000,280070000000,6283499093,150,294908869,0.000000,0.000000,0.000000,0.000000,0.000000,0.000000,0.000000,0.000000,0.000000,0.000000,1.716000,0.004043,0.000000,0.000000,0.000000,0,0
