272495000000,272571000000,6283499093,151,318350734,0.000000,0.000000,0.000000,0.000000,0.000000,0.000000,0.000000,0.000000,0.000000,0.000000,0.000000,0.000000,0.000000,0.000000,0.000000,0,0
272571000000,272700000000,6283499093,151,318350734,0.000689,0.001129,0.001921,0.000132,0.000298,0.001465,0.000468,0.000000,0.016420,0.029940,2.850000,0.009423,0.000000,0.000000,0.000757,0,0
272700000000,273000000000,6283499093,151,318350734,0.003201,0.001099,0.001923,0.000135,0.000240,0.001637,0.000022,0.000000,0.073120,0.003716,1.134000,0.001688,0.000000,0.000000,0.000459,0,0
273000000000,273300000000,6283499093,151,318350734,0.000404,0.001280,0.001921,0.000150,0.000281,0.001617,0.000001,0.000000,0.005318,0.000357,1.358000,0.003214,0.000000,0.000000,0.000309,0,0
273300000000,273600000000,6283499093,151,318350734,0.000412,0.001255,0.001921,0.000133,0.000245,0.001596,0.000005,0.000000,0.005104,0.001286,1.913000,0.004651,0.000000,0.000000,0.000295,0,0
273600000000,273900000000,6283499093,151,318350734,0.003235,0.001339,0.001921,0.000139,0.000239,0.001759,0.000012,0.000000,0.084840,0.001429,0.714000,0.000608,0.000000,0.000000,0.000282,0,0
273900000000,274200000000,6283499093,151,318350734,0.000387,0.001335,0.001921,0.000142,0.000264,0.001665,0.000000,0.000000,0.004402,0.000000,2.556000,0.007804,0.000000,0.000000,0.000343,0,0
274200000000,274500000000,6283499093,151,318350734,0.000357,0.001343,0.001921,0.000136,0.000266,0.001661,0.000009,0.000000,0.004425,0.002285,2.531000,0.007370,0.000000,0.000000,0.000115,0,0
274500000000,274800000000,6283499093,151,318350734,0.000328,0.001368,0.001923,0.000130,0.000286,0.001661,0.000000,0.000000,0.004822,0.000072,2.330000,0.006273,0.000000,0.000000,0.000080,0,0
274800000000,275100000000,6283499093,151,318350734,0.002487,0.001431,0.001919,0.000134,0.000321,0.001755,0.000043,0.000001,0.068850,0.007431,0.624300,0.000308,0.000000,0.000000,0.000366,0,0
275100000000,275400000000,6283499093,151,318350734,0.000444,0.001406,0.001919,0.000130,0.000323,0.001677,0.000000,0.000001,0.005623,0.000000,3.265000,0.010580,0.000000,0.000000,0.000509,0,0
275400000000,275700000000,6283499093,151,318350734,0.000378,0.001369,0.001919,0.000130,0.000289,0.001677,0.000002,0.000001,0.004974,0.000571,2.883000,0.008690,0.000000,0.000000,0.000367,0,0
275700000000,276000000000,6283499093,151,318350734,0.000340,0.001362,0.001921,0.000130,0.000279,0.001680,0.000000,0.000001,0.001072,0.000072,2.358000,0.006399,0.000000,0.000000,0.000142,0,0
276000000000,276300000000,6283499093,151,318350734,0.000498,0.001328,0.001919,0.000133,0.000251,0.001692,0.000038,0.000001,0.008026,0.009781,1.848000,0.004329,0.000000,0.000000,0.000542,0,0
276300000000,276600000000,6283499093,151,318350734,0.000568,0.001339,0.001917,0.000149,0.000274,0.001692,0.000000,0.000001,0.005707,0.000072,2.415000,0.006694,0.000000,0.000000,0.000646,0,0
276600000000,276900000000,6283499093,151,318350734,0.000534,0.001318,0.001919,0.000146,0.000256,0.001675,0.000007,0.000001,0.006142,0.001785,3.267000,0.010240,0.000000,0.000000,0.000330,0,0
276900000000,277200000000,6283499093,151,318350734,0.000355,0.001348,0.001919,0.000146,0.000286,0.001675,0.000000,0.000001,0.005585,0.000072,2.664000,0.007404,0.000000,0.000000,0.000225,0,0
277200000000,277500000000,6283499093,151,318350734,0.000329,0.001358,0.001921,0.000145,0.000296,0.001678,0.000002,0.000001,0.005135,0.000143,2.453000,0.006686,0.000000,0.000000,0.000602,0,0
277500000000,277800000000,6283499093,151,318350734,0.000327,0.001392,0.001921,0.000145,0.000331,0.001673,0.000005,0.000001,0.016170,0.000500,2.293000,0.006059,0.000000,0.000000,0.000114,0,0
277800000000,278100000000,6283499093,151,318350734,0.000336,0.001377,0.001919,0.000145,0.000308,0.001684,0.000005,0.000001,0.005173,0.000286,2.535000,0.006820,0.000000,0.000000,0.000112,0,0
278100000000,278400000000,6283499093,151,318350734,0.000356,0.001345,0.001919,0.000144,0.000271,0.001684,0.000005,0.000001,0.005600,0.000500,2.717000,0.007598,0.000000,0.000000,0.000212,0,0
278400000000,278700000000,6283499093,151,318350734,0.000348,0.001371,0.001921,0.000144,0.000302,0.001684,0.000005,0.000001,0.005051,0.000571,2.302000,0.006044,0.000000,0.000000,0.000157,0,0
278700000000,279000000000,6283499093,151,318350734,0.000353,0.001354,0.001921,0.000146,0.000287,0.001682,0.000010,0.000001,0.005081,0.002571,2.406000,0.006664,0.000000,0.000000,0.000302,0,0
279000000000,279300000000,6283499093,151,318350734,0.000421,0.001326,0.001923,0.000208,0.000298,0.001677,0.000095,0.000001,0.005516,0.010500,2.580000,0.007790,0.000000,0.000000,0.000442,0,0
279300000000,279600000000,6283499093,151,318350734,0.000386,0.001297,0.001923,0.000223,0.000307,0.001381,0.000017,0.000001,0.005028,0.004929,2.536000,0.007498,0.000000,0.000000,0.000276,0,0
279600000000,279900000000,6283499093,151,318350734,0.000347,0.001276,0.001923,0.000223,0.000300,0.001364,0.000004,0.000001,0.004845,0.000286,2.374000,0.006740,0.000000,0.000000,0.000392,0,0
279900000000,280099000000,6283499093,151,318350734,0.000339,0.001276,0.001923,0.000223,0.000306,0.001364,0.000107,0.000001,0.007141,0.019930,2.489000,0.007157,0.000000,0.000000,0.000235,0,0
280099000000,280114000000,6283499093,151,318350734,0.000172,0.000000,0.000000,0.000000,0.000000,0.000000,0.000210,0.000001,0.002571,0.003143,3.750000,0.012390,0.000000,0.000000,0.000000,0,0
280114000000,280115000000,6283499093,151,318350734,0.000000,0.000000,0.000000,0.000000,0.000000,0.000000,0.000000,0.000001,0.000000,0.000000,3.620000,0.011770,0.000000,0.000000,0.000000,0,0
