272499000000,272584000000,6283499093,152,38683513,0.000000,0.000000,0.000000,0.000000,0.000000,0.000000,0.000000,0.000000,0.000000,0.000000,0.000000,0.000000,0.000000,0.000000,0.000000,0,0
272584000000,272700000000,6283499093,152,38683513,0.000696,0.001314,0.001925,0.000187,0.000502,0.001530,0.001066,0.000000,0.033080,0.026580,2.567000,0.007536,0.000000,0.000000,0.000368,0,0
272700000000,273000000000,6283499093,152,38683513,0.007919,0.001516,0.002048,0.000111,0.000338,0.001909,0.000045,0.000000,0.085690,0.002071,0.594000,0.000190,0.000000,0.000000,0.000281,0,0
273000000000,273300000000,6283499093,152,38683513,0.004478,0.001501,0.001919,0.000082,0.000284,0.001854,0.000056,0.000001,0.075930,0.006859,0.586900,0.000177,0.000000,0.000000,0.000296,0,0
273300000000,273600000000,6283499093,152,38683513,0.000519,0.001465,0.001919,0.000072,0.000287,0.001730,0.000000,0.000001,0.046390,0.000072,3.271000,0.011130,0.000000,0.000000,0.000346,0,0
273600000000,273900000000,6283499093,152,38683513,0.000454,0.001451,0.001919,0.000072,0.000280,0.001711,0.000000,0.000001,0.004837,0.000072,2.701000,0.008523,0.000000,0.000000,0.001623,0,0
273900000000,274200000000,6283499093,152,38683513,0.000528,0.001463,0.001921,0.000072,0.000294,0.001726,0.000007,0.000001,0.017850,0.001215,2.447000,0.007007,0.000000,0.000000,0.000232,0,0
274200000000,274500000000,6283499093,152,38683513,0.000468,0.001459,0.001919,0.000072,0.000297,0.001705,0.000003,0.000001,0.005203,0.000643,3.450000,0.011470,0.000000,0.000000,0.000194,0,0
274500000000,274800000000,6283499093,152,38683513,0.000386,0.001411,0.001921,0.000068,0.000250,0.001715,0.000000,0.000001,0.004715,0.000000,2.540000,0.007317,0.000000,0.000000,0.000175,0,0
274800000000,275100000000,6283499093,152,38683513,0.000416,0.001480,0.001921,0.000067,0.000318,0.001715,0.000005,0.000001,0.032650,0.001215,2.476000,0.006946,0.000000,0.000000,0.000571,0,0
275100000000,275400000000,6283499093,152,38683513,0.000360,0.001440,0.001921,0.000067,0.000286,0.001688,0.000004,0.000001,0.005173,0.000999,2.326000,0.006119,0.000000,0.000000,0.000651,0,0
275400000000,275700000000,6283499093,152,38683513,0.000341,0.001478,0.001921,0.000067,0.000316,0.001703,0.000000,0.000001,0.010060,0.000072,2.845000,0.008446,0.000000,0.000000,0.000056,0,0
275700000000,276000000000,6283499093,152,38683513,0.000412,0.001472,0.001921,0.000067,0.000300,0.001707,0.000002,0.000001,0.007874,0.000072,2.115000,0.005438,0.000000,0.000000,0.000059,0,0
276000000000,276300000000,6283499093,152,38683513,0.000589,0.001469,0.001919,0.000087,0.000315,0.001743,0.000031,0.000001,0.019230,0.004784,1.677000,0.003453,0.000000,0.000000,0.000135,0,0
276300000000,276600000000,6283499093,152,38683513,0.000446,0.001451,0.001921,0.000090,0.000315,0.001694,0.000000,0.000001,0.004189,0.000000,2.903000,0.008898,0.000000,0.000000,0.000384,0,0
276600000000,276900000000,6283499093,152,38683513,0.000369,0.001425,0.001921,0.000090,0.000289,0.001694,0.000001,0.000001,0.005241,0.000072,2.322000,0.006300,0.000000,0.000000,0.000701,0,0
276900000000,277200000000,6283499093,152,38683513,0.000357,0.001492,0.001921,0.000090,0.000355,0.001694,0.000000,0.000001,0.005249,0.000072,2.760000,0.008029,0.000000,0.000000,0.000537,0,0
277200000000,277500000000,6283499093,152,38683513,0.000357,0.001444,0.001923,0.000090,0.000306,0.001694,0.000009,0.000001,0.004875,0.000643,2.620000,0.007578,0.000000,0.000000,0.000140,0,0
277500000000,277800000000,6283499093,152,38683513,0.000366,0.001472,0.001921,0.000090,0.000334,0.001699,0.000023,0.000001,0.005081,0.002716,2.598000,0.007545,0.000000,0.000000,0.000173,0,0
277800000000,278100000000,6283499093,152,38683513,0.000342,0.001465,0.001923,0.000090,0.000326,0.001698,0.000015,0.000001,0.005241,0.001286,2.235000,0.006205,0.000000,0.000000,0.000282,0,0
278100000000,278400000000,6283499093,152,38683513,0.000333,0.001421,0.001919,0.000090,0.000282,0.001698,0.000009,0.000001,0.005638,0.000643,2.314000,0.006390,0.000000,0.000000,0.000477,0,0
278400000000,278700000000,6283499093,152,38683513,0.000324,0.001501,0.001923,0.000090,0.000363,0.001696,0.000009,0.000001,0.005188,0.000714,2.205000,0.005897,0.000000,0.000000,0.000138,0,0
278700000000,279000000000,6283499093,152,38683513,0.000379,0.001375,0.001919,0.000090,0.000236,0.001698,0.000010,0.000001,0.005341,0.000643,2.508000,0.007255,0.000000,0.000000,0.000312,0,0
279000000000,279069000000,6283499093,152,38683513,0.000403,0.001459,0.001925,0.000090,0.000343,0.001703,0.000030,0.000001,0.002731,0.001928,2.499000,0.007234,0.000000,0.000000,0.000741,0,0
279069000000,279082000000,6283499093,152,38683513,0.000197,0.000000,0.000000,0.000000,0.000000,0.000000,0.000346,0.000001,0.002567,0.004501,2.412000,0.007028,0.000000,0.000000,0.000000,0,0
279082000000,279083000000,6283499093,152,38683513,0.000000,0.000000,0.000000,0.000000,0.000000,0.000000,0.000000,0.000001,0.000000,0.000000,2.412000,0.007028,0.000000,0.000000,0.000000,0,0
