272509000000,272700000000,6283499093,153,995353236,0.000000,0.000000,0.000000,0.000000,0.000000,0.000000,0.000000,0.000000,0.000000,0.000000,0.000000,0.000000,0.000000,0.000000,0.000000,0,0
272700000000,272705000000,6283499093,153,995353236,0.000000,0.000000,0.000000,0.000000,0.000000,0.000000,0.000000,0.000000,0.000000,0.000000,0.000000,0.000000,0.000000,0.000000,0.000000,0,0
272705000000,273000000000,6283499093,153,995353236,0.000369,0.000950,0.001923,0.000193,0.000217,0.001230,0.000477,0.000000,0.022370,0.020140,2.057000,0.006210,0.000000,0.000000,0.000162,0,0
273000000000,273300000000,6283499093,153,995353236,0.000303,0.000996,0.001921,0.000198,0.000246,0.001114,0.000000,0.000000,0.003990,0.000000,2.475000,0.007930,0.000000,0.000000,0.000167,0,0
273300000000,273600000000,6283499093,153,995353236,0.001013,0.001154,0.001921,0.000198,0.000298,0.001711,0.000020,0.000000,0.062010,0.002716,1.200000,0.001605,0.000000,0.000000,0.000191,0,0
273600000000,273900000000,6283499093,153,995353236,0.001757,0.001499,0.002007,0.000203,0.000465,0.001812,0.000016,0.000000,0.057740,0.001642,0.652600,0.000499,0.000000,0.000000,0.000314,0,0
273900000000,274200000000,6283499093,153,995353236,0.016080,0.001637,0.002663,0.000182,0.000356,0.002163,0.000089,0.000000,0.108500,0.002930,0.588200,0.000233,0.000000,0.000000,0.050480,0,0
274200000000,274500000000,6283499093,153,995353236,0.020320,0.001999,0.003380,0.000066,0.000207,0.002453,0.000126,0.000002,0.096680,0.002857,0.570200,0.000148,0.000000,0.000000,0.000113,0,0
274500000000,274800000000,6283499093,153,995353236,0.009811,0.001968,0.003113,0.000007,0.000144,0.002373,0.000026,0.000003,0.083620,0.002357,0.888800,0.000252,0.000000,0.000000,0.000183,0,0
274800000000,275100000000,6283499093,153,995353236,0.003662,0.001789,0.002705,0.000018,0.000202,0.002346,0.000124,0.000003,0.071900,0.020420,0.584400,0.000235,0.000000,0.000000,0.000558,0,0
275100000000,275400000000,6283499093,153,995353236,0.000505,0.001516,0.001921,0.000021,0.000185,0.001738,0.000000,0.000003,0.004463,0.000072,3.801000,0.014770,0.000000,0.000000,0.000472,0,0
275400000000,275700000000,6283499093,153,995353236,0.000379,0.001509,0.001921,0.000019,0.000183,0.001730,0.000000,0.000003,0.004906,0.000000,2.683000,0.009223,0.000000,0.000000,0.000255,0,0
275700000000,276000000000,6283499093,153,995353236,0.000288,0.001513,0.001923,0.000019,0.000187,0.001730,0.000003,0.000003,0.004143,0.000571,2.757000,0.009119,0.000000,0.000000,0.000104,0,0
276000000000,276300000000,6283499093,153,995353236,0.000298,0.001505,0.001921,0.000018,0.000185,0.001722,0.000000,0.000003,0.005211,0.000000,2.297000,0.006990,0.000000,0.000000,0.000217,0,0
276300000000,276600000000,6283499093,153,995353236,0.000286,0.001503,0.001921,0.000018,0.000185,0.001720,0.000000,0.000003,0.004776,0.000072,3.202000,0.011060,0.000000,0.000000,0.000248,0,0
276600000000,276900000000,6283499093,153,995353236,0.000300,0.001509,0.001923,0.000018,0.000195,0.001717,0.000001,0.000003,0.005302,0.000143,2.551000,0.008182,0.000000,0.000000,0.000225,0,0
276900000000,277200000000,6283499093,153,995353236,0.000300,0.001495,0.001923,0.000018,0.000180,0.001715,0.000001,0.000003,0.004822,0.000143,2.515000,0.008144,0.000000,0.000000,0.000092,0,0
277200000000,277500000000,6283499093,153,995353236,0.000303,0.001501,0.001921,0.000018,0.000185,0.001720,0.000007,0.000003,0.004860,0.000643,2.542000,0.008051,0.000000,0.000000,0.000193,0,0
277500000000,277800000000,6283499093,153,995353236,0.000306,0.001484,0.001921,0.000019,0.000168,0.001717,0.000038,0.000003,0.004662,0.002930,2.263000,0.006819,0.000000,0.000000,0.000074,0,0
277800000000,278100000000,6283499093,153,995353236,0.000317,0.001497,0.001921,0.000019,0.000177,0.001722,0.000032,0.000003,0.004761,0.002857,2.523000,0.008192,0.000000,0.000000,0.000172,0,0
278100000000,278400000000,6283499093,153,995353236,0.000361,0.001505,0.001921,0.000019,0.000185,0.001720,0.000017,0.000003,0.004883,0.002213,2.312000,0.007128,0.000000,0.000000,0.000166,0,0
278400000000,278700000000,6283499093,153,995353236,0.000370,0.001534,0.001921,0.000018,0.000203,0.001732,0.000022,0.000003,0.006920,0.002857,2.259000,0.006985,0.000000,0.000000,0.000238,0,0
278700000000,279000000000,6283499093,153,995353236,0.000346,0.001503,0.001923,0.000018,0.000173,0.001732,0.000021,0.000003,0.005119,0.002213,2.657000,0.008805,0.000000,0.000000,0.000113,0,0
279000000000,279120000000,6283499093,153,995353236,0.000385,0.001503,0.001921,0.000018,0.000192,0.001730,0.000147,0.000003,0.004211,0.010420,2.186000,0.006563,0.000000,0.000000,0.000141,0,0
279120000000,279134000000,6283499093,153,995353236,0.000150,0.000000,0.000000,0.000000,0.000000,0.000000,0.000119,0.000003,0.002094,0.001785,1.736000,0.004654,0.000000,0.000000,0.000000,0,0
279134000000,279136000000,6283499093,153,995353236,0.000000,0.000000,0.000000,0.000000,0.000000,0.000000,0.000000,0.000003,0.000000,0.000000,1.112000,0.001908,0.000000,0.000000,0.000000,0,0
