272493000000,272700000000,6283499093,154,348653426,0.000000,0.000000,0.000000,0.000000,0.000000,0.000000,0.000000,0.000000,0.000000,0.000000,0.000000,0.000000,0.000000,0.000000,0.000000,0,0
272700000000,272740000000,6283499093,154,348653426,0.000000,0.000000,0.000000,0.000000,0.000000,0.000000,0.000000,0.000000,0.000000,0.000000,0.000000,0.000000,0.000000,0.000000,0.000000,0,0
272740000000,273000000000,6283499093,154,348653426,0.000445,0.001190,0.001928,0.000182,0.000496,0.001497,0.000345,0.000000,0.014500,0.009995,2.538000,0.007931,0.000000,0.000000,0.000196,0,0
273000000000,273300000000,6283499093,154,348653426,0.000366,0.001270,0.001928,0.000177,0.000551,0.001343,0.000000,0.000000,0.004311,0.000072,4.341000,0.015100,0.000000,0.000000,0.000758,0,0
273300000000,273600000000,6283499093,154,348653426,0.000344,0.001213,0.001926,0.000168,0.000479,0.001348,0.000000,0.000000,0.004745,0.000143,3.651000,0.012080,0.000000,0.000000,0.000232,0,0
273600000000,273900000000,6283499093,154,348653426,0.000310,0.001181,0.001926,0.000168,0.000444,0.001348,0.000000,0.000000,0.004982,0.000000,4.943000,0.016950,0.000000,0.000000,0.000742,0,0
273900000000,274200000000,6283499093,154,348653426,0.000278,0.001125,0.001925,0.000168,0.000389,0.001348,0.000000,0.000000,0.004036,0.000072,3.147000,0.009264,0.000000,0.000000,0.000096,0,0
274200000000,274500000000,6283499093,154,348653426,0.000304,0.001106,0.001925,0.000168,0.000363,0.001362,0.000000,0.000000,0.004684,0.000072,2.895000,0.008373,0.000000,0.000000,0.000250,0,0
274500000000,274800000000,6283499093,154,348653426,0.000333,0.001085,0.001923,0.000168,0.000336,0.001364,0.000005,0.000000,0.004387,0.000929,3.466000,0.010770,0.000000,0.000000,0.000221,0,0
274800000000,275100000000,6283499093,154,348653426,0.000389,0.001051,0.001923,0.000168,0.000297,0.001383,0.000019,0.000000,0.007202,0.003716,3.341000,0.010320,0.000000,0.000000,0.000245,0,0
275100000000,275400000000,6283499093,154,348653426,0.000338,0.001013,0.001923,0.000170,0.000237,0.001373,0.000001,0.000000,0.004906,0.000143,3.814000,0.012010,0.000000,0.000000,0.000548,0,0
275400000000,275700000000,6283499093,154,348653426,0.000370,0.001278,0.001928,0.000169,0.000501,0.001392,0.000000,0.000000,0.005829,0.000072,2.917000,0.008351,0.000000,0.000000,0.000315,0,0
275700000000,276000000000,6283499093,154,348653426,0.000388,0.001251,0.001926,0.000169,0.000470,0.001406,0.000002,0.000000,0.005821,0.000215,2.373000,0.006122,0.000000,0.000000,0.000257,0,0
276000000000,276300000000,6283499093,154,348653426,0.000394,0.001171,0.001923,0.000169,0.000380,0.001411,0.000000,0.000000,0.004684,0.000072,2.908000,0.008416,0.000000,0.000000,0.000650,0,0
276300000000,276600000000,6283499093,154,348653426,0.000398,0.001085,0.001923,0.000169,0.000290,0.001410,0.000005,0.000000,0.004356,0.000643,5.108000,0.017100,0.000000,0.000000,0.000233,0,0
276600000000,276900000000,6283499093,154,348653426,0.000337,0.001040,0.001925,0.000169,0.000243,0.001400,0.000001,0.000000,0.004967,0.000072,3.203000,0.009658,0.000000,0.000000,0.000626,0,0
276900000000,277200000000,6283499093,154,348653426,0.000308,0.001188,0.001926,0.000168,0.000391,0.001415,0.000000,0.000000,0.003731,0.000143,2.847000,0.008164,0.000000,0.000000,0.000306,0,0
277200000000,277491000000,6283499093,154,348653426,0.000351,0.001078,0.001928,0.000170,0.000374,0.001413,0.000419,0.000000,0.006668,0.036620,2.489000,0.006426,0.000000,0.000000,0.000570,0,0
277491000000,277500000000,6283499093,154,348653426,0.000264,0.000000,0.000000,0.000000,0.000000,0.000000,0.000000,0.000000,0.002377,0.000000,4.957000,0.016970,0.000000,0.000000,0.000000,0,0
277500000000,277503000000,6283499093,154,348653426,0.000000,0.000000,0.000000,0.000000,0.000000,0.000000,0.000000,0.000000,0.000000,0.000000,4.957000,0.016970,0.000000,0.000000,0.000000,0,0
277503000000,277504000000,6283499093,154,348653426,0.000000,0.000000,0.000000,0.000000,0.000000,0.000000,0.000000,0.000000,0.000000,0.000000,4.957000,0.016970,0.000000,0.000000,0.000000,0,0
