272504000000,272592000000,6283499093,155,484713708,0.000000,0.000000,0.000000,0.000000,0.000000,0.000000,0.000000,0.000000,0.000000,0.000000,0.000000,0.000000,0.000000,0.000000,0.000000,0,0
272592000000,272700000000,6283499093,155,484713708,0.000675,0.001015,0.001921,0.000120,0.000237,0.001434,0.000601,0.000000,0.016820,0.013640,1.271000,0.001739,0.000000,0.000000,0.000167,0,0
272700000000,273000000000,6283499093,155,484713708,0.000355,0.001005,0.001923,0.000119,0.000250,0.001333,0.000000,0.000000,0.005127,0.000072,1.775000,0.003725,0.000000,0.000000,0.000116,0,0
273000000000,273300000000,6283499093,155,484713708,0.000330,0.001057,0.001923,0.000119,0.000286,0.001337,0.000001,0.000000,0.001741,0.000143,2.481000,0.007049,0.000000,0.000000,0.000748,0,0
273300000000,273600000000,6283499093,155,484713708,0.000328,0.001122,0.001925,0.000119,0.000348,0.001339,0.000001,0.000000,0.047180,0.000072,2.732000,0.008226,0.000000,0.000000,0.000197,0,0
273600000000,273900000000,6283499093,155,484713708,0.000315,0.001114,0.001925,0.000119,0.000340,0.001339,0.000002,0.000000,0.005386,0.000571,2.879000,0.008717,0.000000,0.000000,0.000599,0,0
273900000000,274200000000,6283499093,155,484713708,0.000283,0.001133,0.001925,0.000119,0.000359,0.001339,0.000000,0.000000,0.003983,0.000000,2.468000,0.007005,0.000000,0.000000,0.000118,0,0
274200000000,274500000000,6283499093,155,484713708,0.000271,0.001059,0.001925,0.000118,0.000280,0.001339,0.000002,0.000000,0.005035,0.000286,2.548000,0.007336,0.000000,0.000000,0.000173,0,0
274500000000,274800000000,6283499093,155,484713708,0.000259,0.000940,0.001925,0.000117,0.000162,0.001215,0.000000,0.000000,0.003811,0.000000,2.354000,0.006359,0.000000,0.000000,0.000149,0,0
274800000000,275100000000,6283499093,155,484713708,0.000266,0.000996,0.001923,0.000117,0.000218,0.001339,0.000001,0.000000,0.004349,0.000143,2.401000,0.006458,0.000000,0.000000,0.000094,0,0
275100000000,275400000000,6283499093,155,484713708,0.000262,0.000927,0.001925,0.000117,0.000148,0.001144,0.000000,0.000000,0.004135,0.000000,2.293000,0.006245,0.000000,0.000000,0.000598,0,0
275400000000,275700000000,6283499093,155,484713708,0.000304,0.001024,0.001925,0.000117,0.000245,0.001348,0.000003,0.000000,0.005013,0.000571,2.659000,0.007593,0.000000,0.000000,0.000168,0,0
275700000000,276000000000,6283499093,155,484713708,0.000318,0.001173,0.001926,0.000117,0.000386,0.001350,0.000000,0.000000,0.004997,0.000000,3.047000,0.009180,0.000000,0.000000,0.000208,0,0
276000000000,276300000000,6283499093,155,484713708,0.000307,0.000980,0.001925,0.000117,0.000194,0.001350,0.000000,0.000000,0.004135,0.000072,2.621000,0.007502,0.000000,0.000000,0.004044,0,0
276300000000,276600000000,6283499093,155,484713708,0.000275,0.000967,0.001925,0.000117,0.000180,0.001337,0.000000,0.000000,0.003773,0.000000,2.749000,0.007597,0.000000,0.000000,0.000108,0,0
276600000000,276900000000,6283499093,155,484713708,0.000287,0.001001,0.001925,0.000118,0.000216,0.001348,0.000001,0.000000,0.004601,0.000072,2.164000,0.005225,0.000000,0.000000,0.000654,0,0
276900000000,277200000000,6283499093,155,484713708,0.000304,0.000962,0.001925,0.000118,0.000173,0.001310,0.000000,0.000000,0.004730,0.000000,2.700000,0.007617,0.000000,0.000000,0.000147,0,0
277200000000,277419000000,6283499093,155,484713708,0.000370,0.000984,0.001923,0.000117,0.000197,0.001373,0.000021,0.000000,0.009399,0.003571,2.584000,0.007154,0.000000,0.000000,0.000230,0,0
277419000000,277437000000,6283499093,155,484713708,0.000220,0.000000,0.000000,0.000000,0.000000,0.000000,0.000024,0.000000,0.003960,0.000286,1.954000,0.004438,0.000000,0.000000,0.000000,0,0
277437000000,277439000000,6283499093,155,484713708,0.000000,0.000000,0.000000,0.000000,0.000000,0.000000,0.000000,0.000000,0.000000,0.000000,1.954000,0.004438,0.000000,0.000000,0.000000,0,0
