272489000000,272586000000,6283499093,156,4304150309,0.000000,0.000000,0.000000,0.000000,0.000000,0.000000,0.000000,0.000000,0.000000,0.000000,0.000000,0.000000,0.000000,0.000000,0.000000,0,0
272586000000,272700000000,6283499093,156,4304150309,0.000582,0.001226,0.001835,0.000162,0.000349,0.001556,0.000973,0.000000,0.010940,0.023990,2.371000,0.007123,0.000000,0.000000,0.000562,0,0
272700000000,273000000000,6283499093,156,4304150309,0.000334,0.001135,0.001833,0.000166,0.000351,0.001394,0.000000,0.000000,0.004120,0.000000,2.351000,0.006941,0.000000,0.000000,0.000164,0,0
273000000000,273300000000,6283499093,156,4304150309,0.000346,0.001150,0.001835,0.000152,0.000348,0.001413,0.000005,0.000000,0.004494,0.000929,2.429000,0.007155,0.000000,0.000000,0.000177,0,0
273300000000,273600000000,6283499093,156,4304150309,0.000316,0.001198,0.001835,0.000153,0.000382,0.001413,0.000000,0.000000,0.004097,0.000000,2.368000,0.006680,0.000000,0.000000,0.003853,0,0
273600000000,273900000000,6283499093,156,4304150309,0.000309,0.001272,0.001839,0.000153,0.000457,0.001411,0.000000,0.000000,0.004395,0.000072,2.386000,0.007015,0.000000,0.000000,0.000797,0,0
273900000000,274200000000,6283499093,156,4304150309,0.000370,0.001352,0.001841,0.000153,0.000537,0.001446,0.000000,0.000000,0.029600,0.000072,2.247000,0.006398,0.000000,0.000000,0.000057,0,0
274200000000,274500000000,6283499093,156,4304150309,0.000335,0.001207,0.001837,0.000153,0.000403,0.001402,0.000001,0.000000,0.003864,0.000072,2.378000,0.006882,0.000000,0.000000,0.000198,0,0
274500000000,274800000000,6283499093,156,4304150309,0.000301,0.001091,0.001841,0.000153,0.000289,0.001398,0.000000,0.000000,0.003250,0.000000,2.217000,0.006075,0.000000,0.000000,0.000078,0,0
274800000000,275100000000,6283499093,156,4304150309,0.000322,0.001198,0.001871,0.000153,0.000399,0.001408,0.000001,0.000000,0.003990,0.000072,2.000000,0.005080,0.000000,0.000000,0.000060,0,0
275100000000,275400000000,6283499093,156,4304150309,0.000316,0.001286,0.001928,0.000153,0.000515,0.001368,0.000001,0.000000,0.003906,0.000072,2.417000,0.006985,0.000000,0.000000,0.000176,0,0
275400000000,275700000000,6283499093,156,4304150309,0.000334,0.001034,0.001923,0.000153,0.000269,0.001366,0.000001,0.000000,0.004646,0.000357,2.316000,0.006699,0.000000,0.000000,0.000205,0,0
275700000000,276000000000,6283499093,156,4304150309,0.000362,0.001085,0.001923,0.000153,0.000332,0.001358,0.000000,0.000000,0.004295,0.000072,2.042000,0.005146,0.000000,0.000000,0.000696,0,0
276000000000,276300000000,6283499093,156,4304150309,0.000436,0.001204,0.001925,0.000156,0.000433,0.001392,0.000026,0.000000,0.009430,0.004501,2.254000,0.006266,0.000000,0.000000,0.000179,0,0
276300000000,276600000000,6283499093,156,4304150309,0.000443,0.001291,0.001926,0.000154,0.000516,0.001379,0.000001,0.000000,0.004852,0.000072,2.264000,0.006329,0.000000,0.000000,0.000454,0,0
276600000000,276900000000,6283499093,156,4304150309,0.000402,0.001030,0.001921,0.000154,0.000247,0.001383,0.000001,0.000000,0.004677,0.000072,1.935000,0.004738,0.000000,0.000000,0.000445,0,0
276900000000,277200000000,6283499093,156,4304150309,0.000346,0.001083,0.001923,0.000153,0.000298,0.001383,0.000000,0.000000,0.004234,0.000000,2.768000,0.008310,0.000000,0.000000,0.000264,0,0
277200000000,277500000000,6283499093,156,4304150309,0.000328,0.001167,0.001925,0.000153,0.000382,0.001385,0.000005,0.000000,0.001297,0.000857,2.833000,0.008518,0.000000,0.000000,0.000197,0,0
277500000000,277800000000,6283499093,156,4304150309,0.000374,0.001205,0.001923,0.000153,0.000398,0.001432,0.000017,0.000000,0.006035,0.003143,3.638000,0.011940,0.000000,0.000000,0.000835,0,0
277800000000,278100000000,6283499093,156,4304150309,0.000356,0.001204,0.001923,0.000153,0.000386,0.001434,0.000021,0.000000,0.012970,0.001642,2.617000,0.007746,0.000000,0.000000,0.000191,0,0
278100000000,278400000000,6283499093,156,4304150309,0.000336,0.001228,0.001923,0.000153,0.000406,0.001436,0.000005,0.000000,0.005096,0.000286,2.340000,0.006208,0.000000,0.000000,0.000192,0,0
278400000000,278700000000,6283499093,156,4304150309,0.000343,0.001261,0.001925,0.000153,0.000439,0.001434,0.000003,0.000000,0.004524,0.000215,2.359000,0.006519,0.000000,0.000000,0.000141,0,0
278700000000,279000000000,6283499093,156,4304150309,0.000348,0.001287,0.001925,0.000153,0.000469,0.001436,0.000012,0.000000,0.004639,0.003143,2.382000,0.006756,0.000000,0.000000,0.000143,0,0
279000000000,279300000000,6283499093,156,4304150309,0.000352,0.001307,0.001926,0.000155,0.000490,0.001436,0.000007,0.000000,0.004791,0.000786,2.317000,0.006554,0.000000,0.000000,0.000149,0,0
279300000000,279559000000,6283499093,156,4304150309,0.000403,0.001339,0.001926,0.000155,0.000526,0.001440,0.000010,0.000000,0.006721,0.001858,1.888000,0.004567,0.000000,0.000000,0.000257,0,0
279559000000,279574000000,6283499093,156,4304150309,0.000166,0.000033,0.000000,0.000011,0.000042,0.000496,0.000219,0.000000,0.002483,0.002857,1.487000,0.002855,0.000000,0.000000,0.000000,0,0
279574000000,279575000000,6283499093,156,4304150309,0.000000,0.000000,0.000000,0.000000,0.000000,0.000000,0.000000,0.000000,0.000000,0.000000,1.530000,0.003237,0.000000,0.000000,0.000000,0,0
