272501000000,272577000000,6283499093,157,3349567885,0.000000,0.000000,0.000000,0.000000,0.000000,0.000000,0.000000,0.000000,0.000000,0.000000,0.000000,0.000000,0.000000,0.000000,0.000000,0,0
272577000000,272700000000,6283499093,157,3349567885,0.000608,0.000994,0.001925,0.000117,0.000204,0.001423,0.000593,0.000000,0.041080,0.016780,2.517000,0.007235,0.000000,0.000000,0.000393,0,0
272700000000,273000000000,6283499093,157,3349567885,0.000362,0.000954,0.001923,0.000118,0.000207,0.001316,0.000002,0.000000,0.013230,0.000643,2.228000,0.005904,0.000000,0.000000,0.013230,0,0
273000000000,273300000000,6283499093,157,3349567885,0.000360,0.001041,0.001923,0.000118,0.000286,0.001320,0.000000,0.000000,0.002289,0.000072,2.454000,0.006712,0.000000,0.000000,0.000124,0,0
273300000000,273600000000,6283499093,157,3349567885,0.000327,0.001112,0.001926,0.000117,0.000354,0.001322,0.000000,0.000000,0.003880,0.000000,2.445000,0.006688,0.000000,0.000000,0.000093,0,0
273600000000,273900000000,6283499093,157,3349567885,0.000309,0.001024,0.001926,0.000117,0.000265,0.001320,0.000000,0.000000,0.004028,0.000072,2.180000,0.005525,0.000000,0.000000,0.000187,0,0
273900000000,274200000000,6283499093,157,3349567885,0.000305,0.000919,0.001925,0.000117,0.000160,0.001305,0.000000,0.000000,0.003990,0.000000,2.172000,0.005452,0.000000,0.000000,0.000108,0,0
274200000000,274500000000,6283499093,157,3349567885,0.000304,0.000936,0.001925,0.000117,0.000176,0.001320,0.000001,0.000000,0.004250,0.000143,2.231000,0.005547,0.000000,0.000000,0.000143,0,0
274500000000,274800000000,6283499093,157,3349567885,0.000318,0.001083,0.001925,0.000117,0.000323,0.001328,0.000000,0.000000,0.003922,0.000072,2.155000,0.005434,0.000000,0.000000,0.000214,0,0
274800000000,275100000000,6283499093,157,3349567885,0.000366,0.001070,0.001926,0.000117,0.000301,0.001331,0.000001,0.000000,0.006493,0.000143,1.629000,0.003168,0.000000,0.000000,0.000349,0,0
275100000000,275400000000,6283499093,157,3349567885,0.000324,0.000997,0.001925,0.000117,0.000217,0.001343,0.000000,0.000000,0.003990,0.000000,2.458000,0.006751,0.000000,0.000000,0.000301,0,0
275400000000,275700000000,6283499093,157,3349567885,0.000352,0.000941,0.001926,0.000118,0.000145,0.001165,0.000001,0.000000,0.026120,0.000143,2.023000,0.005129,0.000000,0.000000,0.000579,0,0
275700000000,276000000000,6283499093,157,3349567885,0.000358,0.000969,0.001925,0.000118,0.000159,0.001156,0.000000,0.000000,0.016050,0.000072,2.396000,0.006243,0.000000,0.000000,0.000137,0,0
276000000000,276300000000,6283499093,157,3349567885,0.000374,0.000982,0.001925,0.000118,0.000173,0.001190,0.000001,0.000000,0.006821,0.000143,2.412000,0.006620,0.000000,0.000000,0.000237,0,0
276300000000,276600000000,6283499093,157,3349567885,0.000355,0.000984,0.001923,0.000117,0.000175,0.001293,0.000000,0.000000,0.007561,0.000000,2.445000,0.006662,0.000000,0.000000,0.000135,0,0
276600000000,276900000000,6283499093,157,3349567885,0.000386,0.001011,0.001925,0.000117,0.000184,0.001305,0.000001,0.000000,0.005775,0.000215,1.675000,0.003438,0.000000,0.000000,0.000117,0,0
276900000000,277200000000,6283499093,157,3349567885,0.000439,0.000769,0.001925,0.000117,0.000138,0.001101,0.000002,0.000000,0.042540,0.000143,1.697000,0.003490,0.000000,0.000000,0.000283,0,0
277200000000,277349000000,6283499093,157,3349567885,0.000362,0.000550,0.001925,0.000117,0.000153,0.000790,0.000001,0.000000,0.003891,0.000072,2.522000,0.007219,0.000000,0.000000,0.000318,0,0
277349000000,277363000000,6283499093,157,3349567885,0.000161,0.000000,0.000000,0.000000,0.000000,0.000000,0.000010,0.000000,0.002262,0.000072,2.665000,0.007565,0.000000,0.000000,0.000000,0,0
277363000000,277364000000,6283499093,157,3349567885,0.000000,0.000000,0.000000,0.000000,0.000000,0.000000,0.000000,0.000000,0.000000,0.000000,2.665000,0.007565,0.000000,0.000000,0.000000,0,0
