272491000000,272613000000,6283499093,158,4469371014,0.000000,0.000000,0.000000,0.000000,0.000000,0.000000,0.000000,0.000000,0.000000,0.000000,0.000000,0.000000,0.000000,0.000000,0.000000,0,0
272613000000,272700000000,6283499093,158,4469371014,0.000830,0.000952,0.001923,0.000093,0.000171,0.001318,0.001087,0.000000,0.021910,0.015720,1.217000,0.002719,0.000000,0.000000,0.000120,0,0
272700000000,273000000000,6283499093,158,4469371014,0.000360,0.000914,0.001923,0.000104,0.000147,0.001245,0.000000,0.000000,0.004311,0.000143,2.718000,0.008097,0.000000,0.000000,0.000199,0,0
273000000000,273300000000,6283499093,158,4469371014,0.000379,0.000917,0.001923,0.000096,0.000140,0.001198,0.000001,0.000000,0.006004,0.000215,2.725000,0.008113,0.000000,0.000000,0.000457,0,0
273300000000,273600000000,6283499093,158,4469371014,0.000336,0.000947,0.001925,0.000096,0.000166,0.001312,0.000000,0.000000,0.001961,0.000072,2.087000,0.005323,0.000000,0.000000,0.000294,0,0
273600000000,273900000000,6283499093,158,4469371014,0.000317,0.000937,0.001925,0.000096,0.000151,0.001307,0.000000,0.000000,0.005264,0.000072,2.237000,0.006012,0.000000,0.000000,0.000243,0,0
273900000000,274200000000,6283499093,158,4469371014,0.000331,0.001011,0.001923,0.000096,0.000215,0.001339,0.000000,0.000000,0.016480,0.000000,2.519000,0.006945,0.000000,0.000000,0.000568,0,0
274200000000,274500000000,6283499093,158,4469371014,0.000342,0.001030,0.001923,0.000096,0.000230,0.001343,0.000001,0.000000,0.005623,0.000143,2.088000,0.005333,0.000000,0.000000,0.000097,0,0
274500000000,274800000000,6283499093,158,4469371014,0.000338,0.000974,0.001923,0.000095,0.000178,0.001335,0.000000,0.000000,0.004097,0.000000,2.373000,0.006401,0.000000,0.000000,0.000164,0,0
274800000000,275100000000,6283499093,158,4469371014,0.000354,0.001036,0.001923,0.000095,0.000240,0.001339,0.000001,0.000000,0.001799,0.000143,2.200000,0.005362,0.000000,0.000000,0.000385,0,0
275100000000,275400000000,6283499093,158,4469371014,0.000616,0.001005,0.001923,0.000093,0.000171,0.001493,0.000032,0.000000,0.046880,0.006218,1.300000,0.002565,0.000000,0.000000,0.000237,0,0
275400000000,275700000000,6283499093,158,4469371014,0.000534,0.001158,0.001919,0.000098,0.000250,0.001493,0.000001,0.000000,0.008972,0.000143,3.369000,0.010430,0.000000,0.000000,0.000586,0,0
275700000000,276000000000,6283499093,158,4469371014,0.000507,0.001081,0.001919,0.000097,0.000181,0.001457,0.000000,0.000000,0.004921,0.000000,3.320000,0.009705,0.000000,0.000000,0.000262,0,0
276000000000,276300000000,6283499093,158,4469371014,0.000444,0.001223,0.001923,0.000098,0.000301,0.001497,0.000003,0.000000,0.005096,0.000643,2.475000,0.006518,0.000000,0.000000,0.000517,0,0
276300000000,276600000000,6283499093,158,4469371014,0.000400,0.001125,0.001919,0.000098,0.000204,0.001480,0.000000,0.000000,0.005325,0.000072,2.800000,0.007623,0.000000,0.000000,0.000205,0,0
276600000000,276900000000,6283499093,158,4469371014,0.000348,0.001158,0.001921,0.000098,0.000236,0.001495,0.000000,0.000000,0.004082,0.000072,2.522000,0.006367,0.000000,0.000000,0.000511,0,0
276900000000,277200000000,6283499093,158,4469371014,0.000349,0.001095,0.001921,0.000098,0.000183,0.001493,0.000002,0.000000,0.003056,0.000286,2.172000,0.005071,0.000000,0.000000,0.000107,0,0
277200000000,277409000000,6283499093,158,4469371014,0.000337,0.000630,0.001923,0.000088,0.000137,0.000972,0.000019,0.000000,0.004501,0.003571,2.485000,0.005976,0.000000,0.000000,0.000054,0,0
277409000000,277425000000,6283499093,158,4469371014,0.000183,0.000000,0.000000,0.000000,0.000000,0.000000,0.000035,0.000000,0.002937,0.000571,2.326000,0.005274,0.000000,0.000000,0.000000,0,0
277425000000,277427000000,6283499093,158,4469371014,0.000000,0.000000,0.000000,0.000000,0.000000,0.000000,0.000000,0.000000,0.000000,0.000000,2.326000,0.005274,0.000000,0.000000,0.000000,0,0
