272508000000,272618000000,6283499093,159,602946,0.000000,0.000000,0.000000,0.000000,0.000000,0.000000,0.000000,0.000000,0.000000,0.000000,0.000000,0.000000,0.000000,0.000000,0.000000,0,0
272618000000,272700000000,6283499093,159,602946,0.000816,0.001623,0.001869,0.000363,0.000785,0.001755,0.003174,0.000000,0.013000,0.062740,2.712000,0.007851,0.000000,0.000000,0.000210,0,0
272700000000,273000000000,6283499093,159,602946,0.000363,0.001116,0.001879,0.000368,0.000811,0.001656,0.000000,0.000000,0.004448,0.000072,2.774000,0.008056,0.000000,0.000000,0.000496,0,0
273000000000,273300000000,6283499093,159,602946,0.000366,0.001005,0.001892,0.000365,0.000809,0.001017,0.000001,0.000000,0.004745,0.000072,2.913000,0.008694,0.000000,0.000000,0.000334,0,0
273300000000,273600000000,6283499093,159,602946,0.000345,0.000999,0.001896,0.000364,0.000808,0.001022,0.000000,0.000000,0.005394,0.000000,2.691000,0.007880,0.000000,0.000000,0.000087,0,0
273600000000,273900000000,6283499093,159,602946,0.000339,0.001005,0.001900,0.000363,0.000808,0.001022,0.000000,0.000000,0.004761,0.000072,2.547000,0.007206,0.000000,0.000000,0.000150,0,0
273900000000,274200000000,6283499093,159,602946,0.000371,0.001011,0.001902,0.000363,0.000808,0.001030,0.000000,0.000000,0.004143,0.000072,3.015000,0.009170,0.000000,0.000000,0.000574,0,0
274200000000,274500000000,6283499093,159,602946,0.000377,0.001020,0.001902,0.000363,0.000808,0.001036,0.000001,0.000000,0.004654,0.000143,2.866000,0.008502,0.000000,0.000000,0.000252,0,0
274500000000,274800000000,6283499093,159,602946,0.000366,0.001022,0.001902,0.000363,0.000808,0.001036,0.000000,0.000000,0.004578,0.000072,2.662000,0.007693,0.000000,0.000000,0.000095,0,0
274800000000,275100000000,6283499093,159,602946,0.000416,0.001036,0.001902,0.000363,0.000808,0.001041,0.000000,0.000000,0.005478,0.000072,2.707000,0.007915,0.000000,0.000000,0.000620,0,0
275100000000,275400000000,6283499093,159,602946,0.000405,0.001020,0.001904,0.000363,0.000809,0.001024,0.000000,0.000000,0.004776,0.000000,3.044000,0.009267,0.000000,0.000000,0.000192,0,0
275400000000,275700000000,6283499093,159,602946,0.000341,0.001020,0.001905,0.000363,0.000809,0.001022,0.000000,0.000000,0.005104,0.000072,2.547000,0.007273,0.000000,0.000000,0.000425,0,0
275700000000,276000000000,6283499093,159,602946,0.000318,0.001026,0.001907,0.000363,0.000809,0.001040,0.000000,0.000000,0.004211,0.000000,2.560000,0.007193,0.000000,0.000000,0.000409,0,0
276000000000,276300000000,6283499093,159,602946,0.000448,0.001064,0.001907,0.000367,0.000812,0.001114,0.000041,0.000000,0.013260,0.005569,2.179000,0.005657,0.000000,0.000000,0.000277,0,0
276300000000,276600000000,6283499093,159,602946,0.000404,0.001068,0.001909,0.000367,0.000812,0.001089,0.000000,0.000000,0.004776,0.000072,3.111000,0.009455,0.000000,0.000000,0.000096,0,0
276600000000,276900000000,6283499093,159,602946,0.000460,0.001068,0.001911,0.000367,0.000812,0.001118,0.000020,0.000000,0.023440,0.005783,3.246000,0.009905,0.000000,0.000000,0.000674,0,0
276900000000,277200000000,6283499093,159,602946,0.000660,0.001026,0.001913,0.000371,0.000817,0.001131,0.000013,0.000000,0.017970,0.001429,3.674000,0.012150,0.000000,0.000000,0.000304,0,0
277200000000,277439000000,6283499093,159,602946,0.000636,0.000676,0.001915,0.000367,0.000812,0.000696,0.000003,0.000000,0.006088,0.000143,4.645000,0.016480,0.000000,0.000000,0.000455,0,0
277439000000,277456000000,6283499093,159,602946,0.000185,0.000012,0.000000,0.000049,0.000049,0.000205,0.000105,0.000000,0.003151,0.001358,3.108000,0.009775,0.000000,0.000000,0.000000,0,0
277456000000,277457000000,6283499093,159,602946,0.000000,0.000000,0.000000,0.000000,0.000000,0.000000,0.000000,0.000000,0.000000,0.000000,2.373000,0.006732,0.000000,0.000000,0.000000,0,0
