272491000000,272700000000,6283499093,16,16918680,0.000000,0.000000,0.000000,0.000000,0.000000,0.000000,0.000000,0.000000,0.000000,0.000000,0.000000,0.000000,0.000000,0.000000,0.000000,0,0
272700000000,272708000000,6283499093,16,16918680,0.000000,0.000000,0.000000,0.000000,0.000000,0.000000,0.000000,0.000000,0.000000,0.000000,0.000000,0.000000,0.000000,0.000000,0.000000,0,0
272708000000,273000000000,6283499093,16,16918680,0.000515,0.000877,0.001925,0.000094,0.000108,0.001043,0.000485,0.000000,0.023320,0.016140,2.203000,0.005907,0.000000,0.000000,0.000134,0,0
273000000000,273300000000,6283499093,16,16918680,0.000404,0.000919,0.001925,0.000095,0.000109,0.000992,0.000001,0.000000,0.008942,0.000072,2.317000,0.006170,0.000000,0.000000,0.001129,0,0
273300000000,273600000000,6283499093,16,16918680,0.000363,0.000931,0.001926,0.000095,0.000113,0.001356,0.000000,0.000000,0.004448,0.000143,2.773000,0.008143,0.000000,0.000000,0.000990,0,0
273600000000,273900000000,6283499093,16,16918680,0.000434,0.001028,0.001925,0.000095,0.000196,0.001375,0.000000,0.000000,0.008591,0.000072,2.789000,0.008190,0.000000,0.000000,0.000086,0,0
273900000000,274200000000,6283499093,16,16918680,0.000382,0.001181,0.001925,0.000095,0.000347,0.001375,0.000000,0.000000,0.004646,0.000072,3.124000,0.009372,0.000000,0.000000,0.000517,0,0
274200000000,274500000000,6283499093,16,16918680,0.000332,0.001131,0.001926,0.000090,0.000296,0.001377,0.000000,0.000000,0.004890,0.000072,2.734000,0.007972,0.000000,0.000000,0.000108,0,0
274500000000,274800000000,6283499093,16,16918680,0.000329,0.001034,0.001925,0.000090,0.000197,0.001369,0.000001,0.000000,0.004738,0.000072,2.657000,0.007344,0.000000,0.000000,0.000192,0,0
274800000000,275100000000,6283499093,16,16918680,0.000328,0.001059,0.001925,0.000090,0.000222,0.001371,0.000000,0.000000,0.004555,0.000000,2.553000,0.006996,0.000000,0.000000,0.000845,0,0
275100000000,275400000000,6283499093,16,16918680,0.000326,0.001118,0.001925,0.000089,0.000280,0.001371,0.000001,0.000000,0.004227,0.000072,2.934000,0.008202,0.000000,0.000000,0.000112,0,0
275400000000,275700000000,6283499093,16,16918680,0.000320,0.001068,0.001925,0.000089,0.000232,0.001371,0.000000,0.000000,0.004417,0.000000,2.508000,0.006811,0.000000,0.000000,0.000208,0,0
275700000000,276000000000,6283499093,16,16918680,0.000312,0.001106,0.001926,0.000090,0.000273,0.001369,0.000000,0.000000,0.004692,0.000072,2.579000,0.006838,0.000000,0.000000,0.000095,0,0
276000000000,276300000000,6283499093,16,16918680,0.000358,0.001099,0.001925,0.000090,0.000265,0.001369,0.000002,0.000000,0.011280,0.000072,2.315000,0.005833,0.000000,0.000000,0.000064,0,0
276300000000,276600000000,6283499093,16,16918680,0.000356,0.001078,0.001925,0.000090,0.000242,0.001371,0.000001,0.000000,0.004356,0.000072,3.176000,0.009471,0.000000,0.000000,0.000217,0,0
276600000000,276900000000,6283499093,16,16918680,0.000419,0.001051,0.001925,0.000090,0.000214,0.001373,0.000026,0.000000,0.035520,0.002716,3.610000,0.011050,0.000000,0.000000,0.000237,0,0
276900000000,277200000000,6283499093,16,16918680,0.000388,0.001120,0.001923,0.000092,0.000268,0.001392,0.000004,0.000000,0.004570,0.000714,2.942000,0.008653,0.000000,0.000000,0.000127,0,0
277200000000,277500000000,6283499093,16,16918680,0.000360,0.001129,0.001925,0.000091,0.000276,0.001390,0.000003,0.000000,0.004539,0.000143,2.830000,0.008283,0.000000,0.000000,0.000202,0,0
277500000000,277800000000,6283499093,16,16918680,0.000382,0.001135,0.001925,0.000091,0.000278,0.001396,0.000006,0.000000,0.004425,0.000428,2.503000,0.006855,0.000000,0.000000,0.000216,0,0
277800000000,278100000000,6283499093,16,16918680,0.000425,0.001125,0.001923,0.000091,0.000262,0.001404,0.000003,0.000000,0.004791,0.000072,3.267000,0.009942,0.000000,0.000000,0.000448,0,0
278100000000,278400000000,6283499093,16,16918680,0.000470,0.001146,0.001923,0.000091,0.000270,0.001448,0.000006,0.000000,0.006241,0.001072,2.975000,0.008989,0.000000,0.000000,0.000271,0,0
278400000000,278689000000,6283499093,16,16918680,0.000487,0.001276,0.001926,0.000090,0.000436,0.001453,0.000011,0.000000,0.006973,0.001858,3.317000,0.010200,0.000000,0.000000,0.000239,0,0
278689000000,278700000000,6283499093,16,16918680,0.000270,0.000000,0.000000,0.000000,0.000000,0.000000,0.000266,0.000000,0.002964,0.002930,3.200000,0.009976,0.000000,0.000000,0.000000,0,0
278700000000,278702000000,6283499093,16,16918680,0.000000,0.000000,0.000000,0.000000,0.000000,0.000000,0.000000,0.000000,0.000000,0.000000,3.200000,0.009976,0.000000,0.000000,0.000000,0,0
278702000000,278703000000,6283499093,16,16918680,0.000000,0.000000,0.000000,0.000000,0.000000,0.000000,0.000000,0.000000,0.000000,0.000000,3.200000,0.009976,0.000000,0.000000,0.000000,0,0
