272506000000,272607000000,6283499093,160,337866550,0.000000,0.000000,0.000000,0.000000,0.000000,0.000000,0.000000,0.000000,0.000000,0.000000,0.000000,0.000000,0.000000,0.000000,0.000000,0,0
272607000000,272700000000,6283499093,160,337866550,0.000734,0.001545,0.001928,0.000356,0.000775,0.001673,0.003208,0.000000,0.032780,0.060300,1.226000,0.001990,0.000000,0.000000,0.000183,0,0
272700000000,273000000000,6283499093,160,337866550,0.000341,0.001030,0.001930,0.000356,0.000799,0.001513,0.000000,0.000000,0.004372,0.000000,2.664000,0.008689,0.000000,0.000000,0.004372,0,0
273000000000,273300000000,6283499093,160,337866550,0.000340,0.000936,0.001930,0.000355,0.000799,0.000952,0.000000,0.000000,0.003887,0.000072,2.348000,0.007244,0.000000,0.000000,0.001482,0,0
273300000000,273600000000,6283499093,160,337866550,0.000315,0.000940,0.001930,0.000355,0.000799,0.000947,0.000000,0.000000,0.004539,0.000000,2.351000,0.007028,0.000000,0.000000,0.000244,0,0
273600000000,273900000000,6283499093,160,337866550,0.000312,0.000937,0.001930,0.000355,0.000799,0.000954,0.000000,0.000000,0.003765,0.000072,2.681000,0.008506,0.000000,0.000000,0.000148,0,0
273900000000,274200000000,6283499093,160,337866550,0.000323,0.000945,0.001930,0.000355,0.000799,0.000954,0.000000,0.000000,0.003139,0.000000,2.164000,0.006187,0.000000,0.000000,0.000221,0,0
274200000000,274500000000,6283499093,160,337866550,0.000334,0.000938,0.001930,0.000355,0.000798,0.000959,0.000002,0.000000,0.009628,0.000072,2.375000,0.007140,0.000000,0.000000,0.000503,0,0
274500000000,274800000000,6283499093,160,337866550,0.000323,0.000948,0.001930,0.000354,0.000798,0.000959,0.000000,0.000000,0.004204,0.000000,2.743000,0.008478,0.000000,0.000000,0.000142,0,0
274800000000,275100000000,6283499093,160,337866550,0.000324,0.000947,0.001930,0.000354,0.000798,0.000958,0.000001,0.000000,0.005241,0.000072,2.561000,0.007616,0.000000,0.000000,0.000085,0,0
275100000000,275400000000,6283499093,160,337866550,0.000305,0.000938,0.001930,0.000354,0.000798,0.000948,0.000000,0.000000,0.004585,0.000000,2.325000,0.006676,0.000000,0.000000,0.000467,0,0
275400000000,275700000000,6283499093,160,337866550,0.000322,0.000954,0.001930,0.000354,0.000798,0.000962,0.000000,0.000000,0.004631,0.000072,2.668000,0.008177,0.000000,0.000000,0.000626,0,0
275700000000,276000000000,6283499093,160,337866550,0.000343,0.000947,0.001930,0.000354,0.000798,0.000963,0.000000,0.000000,0.005226,0.000000,2.578000,0.007748,0.000000,0.000000,0.000080,0,0
276000000000,276300000000,6283499093,160,337866550,0.000340,0.000955,0.001930,0.000355,0.000798,0.000964,0.000000,0.000000,0.004410,0.000072,2.460000,0.007172,0.000000,0.000000,0.000139,0,0
276300000000,276600000000,6283499093,160,337866550,0.000415,0.000967,0.001930,0.000355,0.000798,0.000977,0.000001,0.000000,0.004951,0.000072,2.621000,0.007926,0.000000,0.000000,0.000737,0,0
276600000000,276900000000,6283499093,160,337866550,0.000440,0.000994,0.001928,0.000355,0.000800,0.001024,0.000024,0.000000,0.024840,0.006218,3.541000,0.012240,0.000000,0.000000,0.000752,0,0
276900000000,277200000000,6283499093,160,337866550,0.000361,0.000973,0.001928,0.000353,0.000799,0.000980,0.000000,0.000000,0.004547,0.000072,2.750000,0.008712,0.000000,0.000000,0.000140,0,0
277200000000,277500000000,6283499093,160,337866550,0.000380,0.000997,0.001928,0.000354,0.000799,0.001005,0.000003,0.000000,0.004524,0.000072,2.117000,0.005722,0.000000,0.000000,0.000235,0,0
277500000000,277800000000,6283499093,160,337866550,0.000354,0.000986,0.001928,0.000354,0.000799,0.000990,0.000004,0.000000,0.004639,0.000215,2.621000,0.008103,0.000000,0.000000,0.000211,0,0
277800000000,278100000000,6283499093,160,337866550,0.000326,0.001102,0.001926,0.000353,0.000708,0.001360,0.000012,0.000000,0.004189,0.002499,2.686000,0.008255,0.000000,0.000000,0.000238,0,0
278100000000,278400000000,6283499093,160,337866550,0.000338,0.001108,0.001921,0.000353,0.000541,0.001371,0.000005,0.000000,0.004578,0.000428,2.286000,0.006609,0.000000,0.000000,0.000575,0,0
278400000000,278700000000,6283499093,160,337866550,0.000345,0.001148,0.001921,0.000346,0.000565,0.001392,0.000007,0.000000,0.004669,0.000929,2.509000,0.007395,0.000000,0.000000,0.000108,0,0
278700000000,279000000000,6283499093,160,337866550,0.000347,0.001156,0.001921,0.000340,0.000552,0.001390,0.000010,0.000000,0.004875,0.001286,2.439000,0.007306,0.000000,0.000000,0.000466,0,0
279000000000,279300000000,6283499093,160,337866550,0.000460,0.001135,0.001919,0.000340,0.000514,0.001436,0.000008,0.000000,0.007637,0.000929,2.740000,0.008591,0.000000,0.000000,0.007637,0,0
279300000000,279389000000,6283499093,160,337866550,0.000584,0.001146,0.001917,0.000339,0.000529,0.001436,0.000012,0.000000,0.004692,0.000857,3.443000,0.011850,0.000000,0.000000,0.000312,0,0
279389000000,279399000000,6283499093,160,337866550,0.000256,0.000000,0.000000,0.000000,0.000000,0.000000,0.000000,0.000000,0.002560,0.000000,3.613000,0.012640,0.000000,0.000000,0.000000,0,0
279399000000,279400000000,6283499093,160,337866550,0.000000,0.000000,0.000000,0.000000,0.000000,0.000000,0.000000,0.000000,0.000000,0.000000,1.396000,0.002851,0.000000,0.000000,0.000000,0,0
