272501000000,272623000000,6283499093,161,418549,0.000000,0.000000,0.000000,0.000000,0.000000,0.000000,0.000000,0.000000,0.000000,0.000000,0.000000,0.000000,0.000000,0.000000,0.000000,0,0
272623000000,272700000000,6283499093,161,418549,0.000920,0.001574,0.001909,0.000362,0.000779,0.001690,0.004189,0.000000,0.017700,0.063480,2.850000,0.007957,0.000000,0.000000,0.000545,0,0
272700000000,273000000000,6283499093,161,418549,0.000361,0.001060,0.001913,0.000371,0.000812,0.001638,0.000000,0.000000,0.004936,0.000072,3.365000,0.009996,0.000000,0.000000,0.000171,0,0
273000000000,273300000000,6283499093,161,418549,0.000360,0.000920,0.001919,0.000368,0.000810,0.000935,0.000004,0.000000,0.004395,0.001143,2.848000,0.008006,0.000000,0.000000,0.000134,0,0
273300000000,273600000000,6283499093,161,418549,0.000473,0.000968,0.001921,0.000366,0.000811,0.000980,0.000001,0.000000,0.016880,0.000143,2.723000,0.007691,0.000000,0.000000,0.000180,0,0
273600000000,273900000000,6283499093,161,418549,0.000464,0.000966,0.001923,0.000366,0.000811,0.000978,0.000000,0.000000,0.005516,0.000072,3.591000,0.011360,0.000000,0.000000,0.001003,0,0
273900000000,274200000000,6283499093,161,418549,0.000393,0.000965,0.001926,0.000366,0.000811,0.000978,0.000000,0.000000,0.004822,0.000072,2.885000,0.008402,0.000000,0.000000,0.000344,0,0
274200000000,274500000000,6283499093,161,418549,0.000375,0.000962,0.001930,0.000366,0.000811,0.000984,0.000003,0.000000,0.004547,0.000500,2.596000,0.006895,0.000000,0.000000,0.000301,0,0
274500000000,274800000000,6283499093,161,418549,0.000403,0.000970,0.001930,0.000366,0.000811,0.000986,0.000000,0.000000,0.004837,0.000000,2.847000,0.008250,0.000000,0.000000,0.000293,0,0
274800000000,275100000000,6283499093,161,418549,0.000395,0.000976,0.001932,0.000366,0.000811,0.000986,0.000001,0.000000,0.005463,0.000143,3.316000,0.009912,0.000000,0.000000,0.000174,0,0
275100000000,275400000000,6283499093,161,418549,0.000879,0.001104,0.001928,0.000359,0.000816,0.001169,0.000030,0.000000,0.055300,0.004784,1.837000,0.004046,0.000000,0.000000,0.000589,0,0
275400000000,275700000000,6283499093,161,418549,0.000500,0.001076,0.001930,0.000355,0.000819,0.001093,0.000000,0.000000,0.006493,0.000072,3.715000,0.011720,0.000000,0.000000,0.000597,0,0
275700000000,276000000000,6283499093,161,418549,0.000504,0.001095,0.001930,0.000355,0.000819,0.001104,0.000001,0.000000,0.006149,0.000143,2.549000,0.006997,0.000000,0.000000,0.000700,0,0
276000000000,276300000000,6283499093,161,418549,0.000416,0.001093,0.001930,0.000354,0.000819,0.001112,0.000001,0.000000,0.004845,0.000072,3.215000,0.009675,0.000000,0.000000,0.000245,0,0
276300000000,276600000000,6283499093,161,418549,0.000413,0.001095,0.001932,0.000348,0.000813,0.001108,0.000001,0.000000,0.012680,0.000143,2.004000,0.004465,0.000000,0.000000,0.000224,0,0
276600000000,276900000000,6283499093,161,418549,0.000400,0.001102,0.001932,0.000348,0.000813,0.001116,0.000001,0.000000,0.004753,0.000143,3.026000,0.008799,0.000000,0.000000,0.000918,0,0
276900000000,277200000000,6283499093,161,418549,0.000368,0.001091,0.001932,0.000348,0.000813,0.001116,0.000001,0.000000,0.006744,0.000072,2.760000,0.007816,0.000000,0.000000,0.000118,0,0
277200000000,277500000000,6283499093,161,418549,0.000404,0.001099,0.001930,0.000357,0.000823,0.001108,0.000006,0.000000,0.005646,0.001072,3.174000,0.009497,0.000000,0.000000,0.000203,0,0
277500000000,277800000000,6283499093,161,418549,0.000436,0.001104,0.001930,0.000358,0.000823,0.001112,0.000004,0.000000,0.006035,0.000072,2.299000,0.005989,0.000000,0.000000,0.000331,0,0
277800000000,278100000000,6283499093,161,418549,0.000436,0.001104,0.001930,0.000358,0.000823,0.001112,0.000004,0.000000,0.006119,0.000143,3.512000,0.011100,0.000000,0.000000,0.000362,0,0
278100000000,278299000000,6283499093,161,418549,0.000485,0.001099,0.001930,0.000358,0.000823,0.001122,0.000010,0.000000,0.007874,0.000857,3.246000,0.010210,0.000000,0.000000,0.000358,0,0
278299000000,278315000000,6283499093,161,418549,0.000169,0.000000,0.000000,0.000000,0.000000,0.000000,0.000000,0.000000,0.002701,0.000000,1.850000,0.003947,0.000000,0.000000,0.000000,0,0
278315000000,278316000000,6283499093,161,418549,0.000000,0.000000,0.000000,0.000000,0.000000,0.000000,0.000000,0.000000,0.000000,0.000000,1.850000,0.003947,0.000000,0.000000,0.000000,0,0
