272501000000,272600000000,6283499093,162,38676747,0.000000,0.000000,0.000000,0.000000,0.000000,0.000000,0.000000,0.000000,0.000000,0.000000,0.000000,0.000000,0.000000,0.000000,0.000000,0,0
272600000000,272700000000,6283499093,162,38676747,0.000642,0.001591,0.001928,0.000363,0.000787,0.001717,0.002533,0.000000,0.009567,0.057130,1.935000,0.005598,0.000000,0.000000,0.000136,0,0
272700000000,273000000000,6283499093,162,38676747,0.000329,0.001055,0.001930,0.000372,0.000815,0.001490,0.000000,0.000000,0.004189,0.000000,1.986000,0.005685,0.000000,0.000000,0.000115,0,0
273000000000,273300000000,6283499093,162,38676747,0.000329,0.000978,0.001930,0.000371,0.000815,0.000992,0.000002,0.000000,0.003860,0.000286,2.372000,0.007787,0.000000,0.000000,0.003860,0,0
273300000000,273600000000,6283499093,162,38676747,0.000291,0.000970,0.001930,0.000371,0.000815,0.000984,0.000000,0.000000,0.007095,0.000000,2.070000,0.006093,0.000000,0.000000,0.000579,0,0
273600000000,273900000000,6283499093,162,38676747,0.000292,0.000978,0.001930,0.000371,0.000815,0.000988,0.000000,0.000000,0.004227,0.000072,2.050000,0.006013,0.000000,0.000000,0.000547,0,0
273900000000,274200000000,6283499093,162,38676747,0.000301,0.000986,0.001930,0.000365,0.000810,0.000994,0.000000,0.000000,0.002125,0.000000,2.339000,0.007207,0.000000,0.000000,0.000673,0,0
274200000000,274500000000,6283499093,162,38676747,0.000294,0.000978,0.001930,0.000364,0.000809,0.000992,0.000018,0.000000,0.003544,0.002857,2.342000,0.007300,0.000000,0.000000,0.000120,0,0
274500000000,274800000000,6283499093,162,38676747,0.000385,0.001003,0.001928,0.000365,0.000810,0.001019,0.000008,0.000000,0.006638,0.002213,1.696000,0.004285,0.000000,0.000000,0.004410,0,0
274800000000,275100000000,6283499093,162,38676747,0.000394,0.000997,0.001928,0.000365,0.000810,0.001030,0.000019,0.000000,0.014480,0.003571,2.591000,0.008789,0.000000,0.000000,0.000467,0,0
275100000000,275400000000,6283499093,162,38676747,0.000333,0.001040,0.001928,0.000367,0.000813,0.001066,0.000001,0.000000,0.001074,0.000072,2.806000,0.009758,0.000000,0.000000,0.000126,0,0
275400000000,275700000000,6283499093,162,38676747,0.000306,0.001020,0.001928,0.000366,0.000812,0.001040,0.000000,0.000000,0.004005,0.000072,2.215000,0.006787,0.000000,0.000000,0.000103,0,0
275700000000,276000000000,6283499093,162,38676747,0.000337,0.001036,0.001928,0.000366,0.000812,0.001041,0.000000,0.000000,0.005150,0.000000,2.178000,0.006750,0.000000,0.000000,0.000052,0,0
276000000000,276300000000,6283499093,162,38676747,0.000326,0.001022,0.001928,0.000365,0.000812,0.001040,0.000000,0.000000,0.001736,0.000072,2.484000,0.008361,0.000000,0.000000,0.000311,0,0
276300000000,276600000000,6283499093,162,38676747,0.000285,0.001032,0.001930,0.000364,0.000811,0.001047,0.000000,0.000000,0.004311,0.000072,2.416000,0.007775,0.000000,0.000000,0.000100,0,0
276600000000,276900000000,6283499093,162,38676747,0.000292,0.001034,0.001930,0.000365,0.000811,0.001041,0.000000,0.000000,0.003826,0.000072,2.169000,0.006642,0.000000,0.000000,0.000060,0,0
276900000000,277200000000,6283499093,162,38676747,0.000283,0.001032,0.001930,0.000364,0.000811,0.001041,0.000000,0.000000,0.004158,0.000072,2.121000,0.006379,0.000000,0.000000,0.000178,0,0
277200000000,277500000000,6283499093,162,38676747,0.000313,0.001055,0.001928,0.000364,0.000786,0.001411,0.000007,0.000000,0.003731,0.001286,1.859000,0.005097,0.000000,0.000000,0.000288,0,0
277500000000,277800000000,6283499093,162,38676747,0.000297,0.001167,0.001926,0.000390,0.000667,0.001408,0.000126,0.000000,0.004105,0.014280,2.290000,0.007046,0.000000,0.000000,0.000711,0,0
277800000000,278089000000,6283499093,162,38676747,0.000304,0.001175,0.001923,0.000384,0.000577,0.001362,0.000388,0.000000,0.004341,0.034360,2.103000,0.006126,0.000000,0.000000,0.000532,0,0
278089000000,278100000000,6283499093,162,38676747,0.000204,0.000000,0.000000,0.000000,0.000000,0.000000,0.000312,0.000000,0.002251,0.002857,1.888000,0.004757,0.000000,0.000000,0.000000,0,0
278100000000,278110000000,6283499093,162,38676747,0.000000,0.000000,0.000000,0.000000,0.000000,0.000000,0.000000,0.000000,0.000000,0.000000,1.888000,0.004757,0.000000,0.000000,0.000000,0,0
278110000000,278112000000,6283499093,162,38676747,0.000000,0.000000,0.000000,0.000000,0.000000,0.000000,0.000000,0.000000,0.000000,0.000000,1.888000,0.004757,0.000000,0.000000,0.000000,0,0
