272491000000,272568000000,6283499093,163,1093783,0.000000,0.000000,0.000000,0.000000,0.000000,0.000000,0.000000,0.000000,0.000000,0.000000,0.000000,0.000000,0.000000,0.000000,0.000000,0,0
272568000000,272700000000,6283499093,163,1093783,0.000630,0.001455,0.001932,0.000291,0.000716,0.001617,0.001232,0.000000,0.030300,0.060420,2.540000,0.007679,0.000000,0.000000,0.000281,0,0
272700000000,273000000000,6283499093,163,1093783,0.000344,0.000951,0.001932,0.000291,0.000732,0.001188,0.000000,0.000000,0.004082,0.000000,3.036000,0.009401,0.000000,0.000000,0.000131,0,0
273000000000,273300000000,6283499093,163,1093783,0.000446,0.000976,0.001932,0.000289,0.000732,0.001007,0.000008,0.000000,0.012040,0.001358,2.532000,0.007405,0.000000,0.000000,0.000553,0,0
273300000000,273600000000,6283499093,163,1093783,0.000423,0.001005,0.001932,0.000290,0.000733,0.001011,0.000000,0.000000,0.003990,0.000072,3.335000,0.011100,0.000000,0.000000,0.000184,0,0
273600000000,273900000000,6283499093,163,1093783,0.000379,0.000994,0.001932,0.000290,0.000733,0.001009,0.000000,0.000000,0.001732,0.000072,2.483000,0.007202,0.000000,0.000000,0.000333,0,0
273900000000,274200000000,6283499093,163,1093783,0.002438,0.001070,0.002060,0.000256,0.000702,0.001541,0.000074,0.000000,0.062620,0.008575,2.254000,0.006147,0.000000,0.000000,0.055970,0,0
274200000000,274500000000,6283499093,163,1093783,0.000565,0.001232,0.001928,0.000138,0.000603,0.001289,0.000006,0.000000,0.004356,0.000857,3.896000,0.013280,0.000000,0.000000,0.000367,0,0
274500000000,274800000000,6283499093,163,1093783,0.000542,0.001181,0.001928,0.000135,0.000601,0.001192,0.000000,0.000000,0.004890,0.000000,4.084000,0.013820,0.000000,0.000000,0.000378,0,0
274800000000,275100000000,6283499093,163,1093783,0.000443,0.001190,0.001930,0.000135,0.000601,0.001202,0.000001,0.000000,0.004890,0.000143,2.472000,0.006927,0.000000,0.000000,0.000222,0,0
275100000000,275400000000,6283499093,163,1093783,0.000423,0.001184,0.001930,0.000134,0.000601,0.001200,0.000000,0.000000,0.002102,0.000072,2.818000,0.008690,0.000000,0.000000,0.000087,0,0
275400000000,275700000000,6283499093,163,1093783,0.000414,0.001184,0.001930,0.000134,0.000601,0.001196,0.000000,0.000000,0.004677,0.000072,3.025000,0.009417,0.000000,0.000000,0.000348,0,0
275700000000,276000000000,6283499093,163,1093783,0.000489,0.001207,0.001930,0.000136,0.000602,0.001249,0.000023,0.000000,0.007797,0.005432,1.542000,0.003356,0.000000,0.000000,0.000791,0,0
276000000000,276300000000,6283499093,163,1093783,0.000499,0.001204,0.001930,0.000136,0.000602,0.001221,0.000003,0.000000,0.005341,0.000643,3.754000,0.012280,0.000000,0.000000,0.000304,0,0
276300000000,276600000000,6283499093,163,1093783,0.002815,0.001274,0.002056,0.000104,0.000570,0.001528,0.000026,0.000000,0.074710,0.002571,0.567000,0.000176,0.000000,0.000000,0.000846,0,0
276600000000,276900000000,6283499093,163,1093783,0.000688,0.001234,0.001926,0.000093,0.000560,0.001247,0.000000,0.000000,0.005829,0.000072,3.980000,0.013270,0.000000,0.000000,0.001238,0,0
276900000000,277200000000,6283499093,163,1093783,0.000495,0.001225,0.001930,0.000088,0.000554,0.001242,0.000000,0.000000,0.007935,0.000072,3.258000,0.010370,0.000000,0.000000,0.000144,0,0
277200000000,277500000000,6283499093,163,1093783,0.002579,0.001310,0.002048,0.000084,0.000542,0.001749,0.000023,0.000000,0.055850,0.003571,0.652500,0.000351,0.000000,0.000000,0.000220,0,0
277500000000,277800000000,6283499093,163,1093783,0.001192,0.001352,0.001928,0.000045,0.000460,0.001520,0.000008,0.000000,0.047300,0.000286,0.683800,0.000512,0.000000,0.000000,0.000254,0,0
277800000000,278100000000,6283499093,163,1093783,0.003761,0.001402,0.002056,0.000051,0.000456,0.001556,0.000011,0.000000,0.076290,0.000643,0.612600,0.000293,0.000000,0.000000,0.000400,0,0
278100000000,278140000000,6283499093,163,1093783,0.001183,0.001307,0.001926,0.000059,0.000450,0.001366,0.000866,0.000001,0.046330,0.027770,0.916500,0.001430,0.000000,0.000000,0.000235,0,0
278140000000,278152000000,6283499093,163,1093783,0.000142,0.000000,0.000000,0.000000,0.000000,0.000000,0.000048,0.000001,0.001701,0.000500,0.791300,0.000954,0.000000,0.000000,0.000000,0,0
278152000000,278153000000,6283499093,163,1093783,0.000000,0.000000,0.000000,0.000000,0.000000,0.000000,0.000000,0.000001,0.000000,0.000000,0.791300,0.000954,0.000000,0.000000,0.000000,0,0
