272507000000,272617000000,6283499093,164,1436474411,0.000000,0.000000,0.000000,0.000000,0.000000,0.000000,0.000000,0.000000,0.000000,0.000000,0.000000,0.000000,0.000000,0.000000,0.000000,0,0
272617000000,272700000000,6283499093,164,1436474411,0.000845,0.001047,0.001925,0.000159,0.000240,0.001490,0.001190,0.000000,0.035400,0.022280,4.686000,0.015200,0.000000,0.000000,0.000127,0,0
272700000000,273000000000,6283499093,164,1436474411,0.000373,0.000952,0.001923,0.000142,0.000209,0.001322,0.000000,0.000000,0.004448,0.000072,2.403000,0.006290,0.000000,0.000000,0.000751,0,0
273000000000,273300000000,6283499093,164,1436474411,0.000372,0.001125,0.001925,0.000141,0.000385,0.001328,0.000001,0.000000,0.003162,0.000286,2.502000,0.006546,0.000000,0.000000,0.000121,0,0
273300000000,273600000000,6283499093,164,1436474411,0.000371,0.001118,0.001926,0.000141,0.000369,0.001333,0.000000,0.000000,0.004417,0.000072,2.631000,0.007000,0.000000,0.000000,0.000265,0,0
273600000000,273900000000,6283499093,164,1436474411,0.000357,0.001068,0.001923,0.000141,0.000323,0.001333,0.000000,0.000000,0.004715,0.000072,2.599000,0.007167,0.000000,0.000000,0.000115,0,0
273900000000,274200000000,6283499093,164,1436474411,0.000356,0.001215,0.001928,0.000141,0.000467,0.001337,0.000000,0.000000,0.005440,0.000000,2.580000,0.006915,0.000000,0.000000,0.000138,0,0
274200000000,274500000000,6283499093,164,1436474411,0.000351,0.001007,0.001923,0.000141,0.000257,0.001337,0.000004,0.000000,0.004326,0.000786,2.684000,0.007372,0.000000,0.000000,0.000330,0,0
274500000000,274800000000,6283499093,164,1436474411,0.000553,0.001190,0.001925,0.000146,0.000413,0.001375,0.000022,0.000000,0.006668,0.002857,3.353000,0.010530,0.000000,0.000000,0.000337,0,0
274800000000,275100000000,6283499093,164,1436474411,0.000479,0.001293,0.001926,0.000142,0.000511,0.001369,0.000001,0.000000,0.005188,0.000143,3.082000,0.008969,0.000000,0.000000,0.000777,0,0
275100000000,275400000000,6283499093,164,1436474411,0.000380,0.001005,0.001921,0.000142,0.000222,0.001371,0.000000,0.000000,0.001635,0.000072,2.757000,0.007493,0.000000,0.000000,0.000172,0,0
275400000000,275700000000,6283499093,164,1436474411,0.000350,0.001125,0.001923,0.000142,0.000341,0.001371,0.000000,0.000000,0.004662,0.000072,2.862000,0.007829,0.000000,0.000000,0.000073,0,0
275700000000,276000000000,6283499093,164,1436474411,0.000373,0.001245,0.001926,0.000142,0.000463,0.001373,0.000000,0.000000,0.010570,0.000072,1.931000,0.004217,0.000000,0.000000,0.000129,0,0
276000000000,276300000000,6283499093,164,1436474411,0.000411,0.001188,0.001926,0.000138,0.000399,0.001377,0.000000,0.000000,0.004967,0.000072,3.068000,0.008758,0.000000,0.000000,0.000205,0,0
276300000000,276600000000,6283499093,164,1436474411,0.000399,0.001198,0.001925,0.000133,0.000397,0.001381,0.000001,0.000000,0.004677,0.000072,2.955000,0.008571,0.000000,0.000000,0.000287,0,0
276600000000,276900000000,6283499093,164,1436474411,0.000378,0.001163,0.001925,0.000133,0.000358,0.001387,0.000001,0.000000,0.005646,0.000143,2.598000,0.007131,0.000000,0.000000,0.000277,0,0
276900000000,277200000000,6283499093,164,1436474411,0.000368,0.001196,0.001925,0.000133,0.000375,0.001408,0.000000,0.000000,0.005157,0.000000,2.393000,0.006062,0.000000,0.000000,0.000364,0,0
277200000000,277500000000,6283499093,164,1436474411,0.000358,0.001209,0.001925,0.000133,0.000380,0.001408,0.000003,0.000000,0.006279,0.000143,2.651000,0.007127,0.000000,0.000000,0.000556,0,0
277500000000,277800000000,6283499093,164,1436474411,0.000333,0.001163,0.001925,0.000133,0.000337,0.001408,0.000004,0.000000,0.005112,0.000072,2.606000,0.006905,0.000000,0.000000,0.000555,0,0
277800000000,277869000000,6283499093,164,1436474411,0.005829,0.001383,0.002487,0.000138,0.000434,0.001818,0.000085,0.000000,0.074220,0.004646,2.399000,0.006032,0.000000,0.000000,0.000172,0,0
277869000000,277889000000,6283499093,164,1436474411,0.000175,0.000000,0.000000,0.000000,0.000000,0.000000,0.000072,0.000000,0.003487,0.001429,2.264000,0.006095,0.000000,0.000000,0.000000,0,0
277889000000,277890000000,6283499093,164,1436474411,0.000000,0.000000,0.000000,0.000000,0.000000,0.000000,0.000000,0.000000,0.000000,0.000000,2.228000,0.006116,0.000000,0.000000,0.000000,0,0
