272501000000,272643000000,6283499093,165,2440910721,0.000000,0.000000,0.000000,0.000000,0.000000,0.000000,0.000000,0.000000,0.000000,0.000000,0.000000,0.000000,0.000000,0.000000,0.000000,0,0
272643000000,272700000000,6283499093,165,2440910721,0.001070,0.001377,0.001932,0.000358,0.000730,0.001709,0.004944,0.000000,0.012970,0.038330,1.192000,0.001932,0.000000,0.000000,0.000621,0,0
272700000000,273000000000,6283499093,165,2440910721,0.000307,0.001129,0.001932,0.000385,0.000828,0.001705,0.000001,0.000000,0.004227,0.000143,2.083000,0.005422,0.000000,0.000000,0.000264,0,0
273000000000,273300000000,6283499093,165,2440910721,0.000323,0.000958,0.001932,0.000379,0.000822,0.000971,0.000003,0.000000,0.005905,0.000643,3.865000,0.012760,0.000000,0.000000,0.000472,0,0
273300000000,273600000000,6283499093,165,2440910721,0.000274,0.000953,0.001934,0.000378,0.000822,0.000959,0.000000,0.000000,0.004639,0.000000,3.464000,0.010930,0.000000,0.000000,0.000750,0,0
273600000000,273900000000,6283499093,165,2440910721,0.000334,0.000968,0.001932,0.000378,0.000822,0.000976,0.000001,0.000000,0.013290,0.000143,2.627000,0.007646,0.000000,0.000000,0.001045,0,0
273900000000,274200000000,6283499093,165,2440910721,0.000336,0.000959,0.001932,0.000378,0.000822,0.000976,0.000001,0.000000,0.004288,0.000143,2.424000,0.006615,0.000000,0.000000,0.000665,0,0
274200000000,274500000000,6283499093,165,2440910721,0.000318,0.000959,0.001932,0.000378,0.000822,0.000975,0.000001,0.000000,0.005066,0.000143,3.540000,0.011540,0.000000,0.000000,0.000303,0,0
274500000000,274800000000,6283499093,165,2440910721,0.000318,0.000973,0.001932,0.000378,0.000822,0.000984,0.000000,0.000000,0.004707,0.000072,3.873000,0.012860,0.000000,0.000000,0.000431,0,0
274800000000,275100000000,6283499093,165,2440910721,0.000298,0.000973,0.001932,0.000378,0.000822,0.000980,0.000002,0.000000,0.010960,0.000428,2.814000,0.008026,0.000000,0.000000,0.000279,0,0
275100000000,275400000000,6283499093,165,2440910721,0.000442,0.001041,0.001932,0.000380,0.000826,0.001087,0.000027,0.000000,0.010390,0.006142,5.143000,0.017470,0.000000,0.000000,0.000210,0,0
275400000000,275700000000,6283499093,165,2440910721,0.000374,0.001041,0.001932,0.000378,0.000823,0.001068,0.000001,0.000000,0.005142,0.000143,4.924000,0.017260,0.000000,0.000000,0.000766,0,0
275700000000,276000000000,6283499093,165,2440910721,0.000345,0.001064,0.001932,0.000377,0.000822,0.001076,0.000000,0.000000,0.005737,0.000000,4.506000,0.015390,0.000000,0.000000,0.000633,0,0
276000000000,276300000000,6283499093,165,2440910721,0.000320,0.001051,0.001932,0.000377,0.000822,0.001081,0.000001,0.000000,0.005394,0.000143,3.218000,0.010060,0.000000,0.000000,0.000568,0,0
276300000000,276600000000,6283499093,165,2440910721,0.005371,0.001350,0.002056,0.000039,0.000444,0.001648,0.000018,0.000000,0.054630,0.000857,0.698300,0.000597,0.000000,0.000000,0.000308,0,0
276600000000,276900000000,6283499093,165,2440910721,0.003105,0.001364,0.002056,0.000029,0.000347,0.001652,0.000012,0.000000,0.057860,0.000999,0.691900,0.000597,0.000000,0.000000,0.000488,0,0
276900000000,277200000000,6283499093,165,2440910721,0.003197,0.001373,0.001930,0.000029,0.000348,0.001444,0.000015,0.000000,0.058110,0.001499,0.681000,0.000505,0.000000,0.000000,0.000523,0,0
277200000000,277500000000,6283499093,165,2440910721,0.000247,0.001314,0.001932,0.000032,0.000352,0.001341,0.000014,0.000001,0.004715,0.003429,0.670300,0.000549,0.000000,0.000000,0.000217,0,0
277500000000,277800000000,6283499093,165,2440910721,0.000308,0.001316,0.001932,0.000025,0.000344,0.001328,0.000005,0.000001,0.010220,0.000428,2.721000,0.007602,0.000000,0.000000,0.000217,0,0
277800000000,278031000000,6283499093,165,2440910721,0.004433,0.001408,0.001928,0.000036,0.000356,0.001537,0.000485,0.000001,0.065310,0.025150,0.614800,0.000297,0.000000,0.000000,0.005310,0,0
278031000000,278048000000,6283499093,165,2440910721,0.000153,0.000000,0.000000,0.000000,0.000000,0.000000,0.000167,0.000001,0.001301,0.002930,0.646100,0.000373,0.000000,0.000000,0.000000,0,0
278048000000,278051000000,6283499093,165,2440910721,0.000000,0.000000,0.000000,0.000000,0.000000,0.000000,0.000000,0.000001,0.000000,0.000000,0.646100,0.000373,0.000000,0.000000,0.000000,0,0
