272495000000,272571000000,6283499093,166,4105917412,0.000000,0.000000,0.000000,0.000000,0.000000,0.000000,0.000000,0.000000,0.000000,0.000000,0.000000,0.000000,0.000000,0.000000,0.000000,0,0
272571000000,272700000000,6283499093,166,4105917412,0.000650,0.001261,0.001925,0.000203,0.000478,0.001520,0.000815,0.000000,0.030360,0.027770,2.837000,0.008542,0.000000,0.000000,0.000249,0,0
272700000000,273000000000,6283499093,166,4105917412,0.000383,0.001190,0.001925,0.000197,0.000510,0.001335,0.000000,0.000000,0.004669,0.000072,2.547000,0.007379,0.000000,0.000000,0.000528,0,0
273000000000,273300000000,6283499093,166,4105917412,0.000443,0.001251,0.001926,0.000196,0.000551,0.001341,0.000002,0.000000,0.004143,0.000643,2.951000,0.009269,0.000000,0.000000,0.000175,0,0
273300000000,273600000000,6283499093,166,4105917412,0.000415,0.001280,0.001926,0.000194,0.000579,0.001341,0.000000,0.000000,0.004738,0.000000,2.853000,0.008655,0.000000,0.000000,0.000237,0,0
273600000000,273900000000,6283499093,166,4105917412,0.000336,0.001299,0.001926,0.000193,0.000595,0.001343,0.000000,0.000000,0.004341,0.000072,2.613000,0.007443,0.000000,0.000000,0.000584,0,0
273900000000,274200000000,6283499093,166,4105917412,0.000336,0.001266,0.001926,0.000193,0.000565,0.001339,0.000000,0.000000,0.005386,0.000072,2.398000,0.006525,0.000000,0.000000,0.000273,0,0
274200000000,274500000000,6283499093,166,4105917412,0.000336,0.000917,0.001925,0.000193,0.000213,0.001045,0.000003,0.000000,0.005119,0.000643,2.162000,0.005573,0.000000,0.000000,0.000583,0,0
274500000000,274800000000,6283499093,166,4105917412,0.000313,0.000947,0.001923,0.000193,0.000236,0.001106,0.000000,0.000000,0.004257,0.000000,2.192000,0.005669,0.000000,0.000000,0.000464,0,0
274800000000,275100000000,6283499093,166,4105917412,0.000424,0.001127,0.001925,0.000196,0.000361,0.001411,0.000019,0.000000,0.006516,0.002998,1.690000,0.003865,0.000000,0.000000,0.000099,0,0
275100000000,275400000000,6283499093,166,4105917412,0.003136,0.001368,0.002071,0.000043,0.000222,0.002167,0.000008,0.000000,0.079220,0.001358,0.585800,0.000248,0.000000,0.000000,0.000166,0,0
275400000000,275700000000,6283499093,166,4105917412,0.000432,0.001265,0.001925,0.000008,0.000129,0.001446,0.000000,0.000000,0.004509,0.000072,2.863000,0.009063,0.000000,0.000000,0.000288,0,0
275700000000,276000000000,6283499093,166,4105917412,0.006187,0.001402,0.001921,0.000029,0.000173,0.001753,0.000197,0.000000,0.075070,0.024930,0.599700,0.000226,0.000000,0.000000,0.000290,0,0
276000000000,276300000000,6283499093,166,4105917412,0.000548,0.001324,0.001921,0.000043,0.000162,0.001520,0.000000,0.000001,0.005707,0.000072,3.826000,0.012890,0.000000,0.000000,0.000348,0,0
276300000000,276600000000,6283499093,166,4105917412,0.000423,0.001341,0.001923,0.000043,0.000186,0.001509,0.000000,0.000001,0.005951,0.000000,2.926000,0.008998,0.000000,0.000000,0.000733,0,0
276600000000,276900000000,6283499093,166,4105917412,0.000356,0.001339,0.001923,0.000042,0.000185,0.001507,0.000005,0.000001,0.006836,0.000999,2.474000,0.006834,0.000000,0.000000,0.000229,0,0
276900000000,277200000000,6283499093,166,4105917412,0.000376,0.001328,0.001923,0.000041,0.000173,0.001505,0.000000,0.000001,0.035340,0.000000,2.599000,0.007431,0.000000,0.000000,0.000150,0,0
277200000000,277500000000,6283499093,166,4105917412,0.000366,0.001337,0.001925,0.000041,0.000176,0.001518,0.000006,0.000001,0.005348,0.000714,2.794000,0.008198,0.000000,0.000000,0.000356,0,0
277500000000,277800000000,6283499093,166,4105917412,0.000367,0.001352,0.001925,0.000040,0.000189,0.001514,0.000015,0.000001,0.005173,0.002213,2.608000,0.007314,0.000000,0.000000,0.000419,0,0
277800000000,278100000000,6283499093,166,4105917412,0.000346,0.001335,0.001925,0.000040,0.000182,0.001513,0.000017,0.000001,0.005447,0.001858,2.517000,0.007063,0.000000,0.000000,0.000094,0,0
278100000000,278400000000,6283499093,166,4105917412,0.000346,0.001358,0.001926,0.000040,0.000203,0.001507,0.000011,0.000001,0.005379,0.001499,2.033000,0.005172,0.000000,0.000000,0.000553,0,0
278400000000,278700000000,6283499093,166,4105917412,0.000378,0.001303,0.001930,0.000040,0.000350,0.001507,0.000010,0.000001,0.005669,0.001642,2.777000,0.008310,0.000000,0.000000,0.000179,0,0
278700000000,279000000000,6283499093,166,4105917412,0.000382,0.001293,0.001930,0.000051,0.000363,0.001337,0.000078,0.000001,0.002068,0.017700,3.091000,0.009653,0.000000,0.000000,0.000221,0,0
279000000000,279300000000,6283499093,166,4105917412,0.000357,0.001268,0.001932,0.000063,0.000377,0.001299,0.000011,0.000001,0.005394,0.002930,2.553000,0.007291,0.000000,0.000000,0.000247,0,0
279300000000,279600000000,6283499093,166,4105917412,0.000360,0.001276,0.001932,0.000063,0.000377,0.001284,0.000001,0.000001,0.005669,0.000072,2.273000,0.006232,0.000000,0.000000,0.001051,0,0
279600000000,279890000000,6283499093,166,4105917412,0.000679,0.001282,0.001930,0.000066,0.000378,0.001375,0.000079,0.000001,0.032410,0.016780,1.110000,0.002107,0.000000,0.000000,0.000515,0,0
279890000000,279900000000,6283499093,166,4105917412,0.000220,0.000023,0.000000,0.000000,0.000000,0.000228,0.000178,0.000001,0.002205,0.001215,0.665800,0.000496,0.000000,0.000000,0.000000,0,0
279900000000,279903000000,6283499093,166,4105917412,0.000000,0.000000,0.000000,0.000000,0.000000,0.000000,0.000000,0.000001,0.000000,0.000000,0.665800,0.000496,0.000000,0.000000,0.000000,0,0
279903000000,279904000000,6283499093,166,4105917412,0.000000,0.000000,0.000000,0.000000,0.000000,0.000000,0.000000,0.000001,0.000000,0.000000,0.665800,0.000496,0.000000,0.000000,0.000000,0,0
