272503000000,272675000000,6283499093,167,4820358128,0.000000,0.000000,0.000000,0.000000,0.000000,0.000000,0.000000,0.000000,0.000000,0.000000,0.000000,0.000000,0.000000,0.000000,0.000000,0,0
272675000000,272700000000,6283499093,167,4820358128,0.001987,0.000876,0.001932,0.000198,0.000375,0.001539,0.006149,0.000000,0.022340,0.047550,1.423000,0.000000,0.000000,0.000000,0.000000,0,0
272700000000,273000000000,6283499093,167,4820358128,0.000400,0.001171,0.001928,0.000246,0.000689,0.001568,0.000023,0.000000,0.001846,0.003998,1.890000,0.000000,0.000000,0.000000,0.000297,0,0
273000000000,273300000000,6283499093,167,4820358128,0.000446,0.000960,0.001930,0.000257,0.000700,0.000969,0.000003,0.000000,0.004990,0.000643,4.666000,0.000000,0.000000,0.000000,0.000307,0,0
273300000000,273600000000,6283499093,167,4820358128,0.000380,0.000951,0.001930,0.000258,0.000703,0.000955,0.000000,0.000000,0.006248,0.000000,4.039000,0.000000,0.000000,0.000000,0.000300,0,0
273600000000,273900000000,6283499093,167,4820358128,0.000400,0.000964,0.001930,0.000259,0.000704,0.000990,0.000002,0.000000,0.004944,0.000286,2.205000,0.000000,0.000000,0.000000,0.004715,0,0
273900000000,274200000000,6283499093,167,4820358128,0.000395,0.000976,0.001930,0.000261,0.000706,0.000996,0.000000,0.000000,0.002808,0.000000,3.445000,0.000000,0.000000,0.000000,0.000665,0,0
274200000000,274500000000,6283499093,167,4820358128,0.000382,0.001003,0.001928,0.000293,0.000737,0.001036,0.000002,0.000000,0.007690,0.000167,4.081000,0.000000,0.000000,0.000000,0.000144,0,0
274500000000,274800000000,6283499093,167,4820358128,0.000463,0.001080,0.001928,0.000389,0.000835,0.001110,0.000031,0.000000,0.006470,0.004570,3.898000,0.000000,0.000000,0.000000,0.000545,0,0
274800000000,275100000000,6283499093,167,4820358128,0.000410,0.001034,0.001928,0.000416,0.000861,0.001060,0.000000,0.000000,0.004562,0.000072,3.649000,0.000000,0.000000,0.000000,0.000258,0,0
275100000000,275400000000,6283499093,167,4820358128,0.000372,0.001060,0.001972,0.000462,0.000907,0.001102,0.000001,0.000000,0.004929,0.000143,3.120000,0.000000,0.000000,0.000000,0.000179,0,0
275400000000,275700000000,6283499093,167,4820358128,0.000331,0.001055,0.002270,0.000504,0.000950,0.001099,0.000000,0.000000,0.004730,0.000072,3.048000,0.000000,0.000000,0.000000,0.000112,0,0
275700000000,276000000000,6283499093,167,4820358128,0.000337,0.001030,0.002060,0.000511,0.000956,0.001057,0.000000,0.000000,0.014480,0.000072,2.937000,0.000000,0.000000,0.000000,0.000153,0,0
276000000000,276300000000,6283499093,167,4820358128,0.000326,0.001032,0.002060,0.000513,0.000958,0.001062,0.000001,0.000000,0.004852,0.000072,3.095000,0.000000,0.000000,0.000000,0.000088,0,0
276300000000,276600000000,6283499093,167,4820358128,0.000367,0.001047,0.002190,0.000512,0.000958,0.001070,0.000002,0.000000,0.004631,0.000143,2.930000,0.000000,0.000000,0.000000,0.000327,0,0
276600000000,276900000000,6283499093,167,4820358128,0.000350,0.001028,0.001930,0.000508,0.000954,0.001040,0.000000,0.000000,0.005470,0.000072,3.107000,0.000000,0.000000,0.000000,0.000572,0,0
276900000000,277200000000,6283499093,167,4820358128,0.000323,0.001036,0.001930,0.000508,0.000955,0.001053,0.000000,0.000000,0.013230,0.000072,2.589000,0.000000,0.000000,0.000000,0.000141,0,0
277200000000,277500000000,6283499093,167,4820358128,0.000326,0.001038,0.001930,0.000509,0.000956,0.001051,0.000002,0.000000,0.004936,0.000072,4.201000,0.000000,0.000000,0.000000,0.000102,0,0
277500000000,277529000000,6283499093,167,4820358128,0.003185,0.001070,0.002728,0.000471,0.000923,0.001192,0.001207,0.000000,0.042050,0.010070,4.952000,0.000000,0.000000,0.000000,0.000334,0,0
277529000000,277547000000,6283499093,167,4820358128,0.000279,0.000000,0.000000,0.000000,0.000000,0.000000,0.000048,0.000000,0.005035,0.000786,4.952000,0.000000,0.000000,0.000000,0.000000,0,0
277547000000,277549000000,6283499093,167,4820358128,0.000000,0.000000,0.000000,0.000000,0.000000,0.000000,0.000000,0.000000,0.000000,0.000000,4.952000,0.000000,0.000000,0.000000,0.000000,0,0
