272499000000,272619000000,6283499093,168,6569650,0.000000,0.000000,0.000000,0.000000,0.000000,0.000000,0.000000,0.000000,0.000000,0.000000,0.000000,0.000000,0.000000,0.000000,0.000000,0,0
272619000000,272700000000,6283499093,168,6569650,0.000825,0.001589,0.001822,0.000372,0.000783,0.001745,0.003803,0.000000,0.039610,0.052370,1.300000,0.002433,0.000000,0.000000,0.000656,0,0
272700000000,273000000000,6283499093,168,6569650,0.000339,0.001093,0.001898,0.000380,0.000822,0.001635,0.000000,0.000000,0.004211,0.000000,2.522000,0.007361,0.000000,0.000000,0.000059,0,0
273000000000,273300000000,6283499093,168,6569650,0.000340,0.000961,0.001932,0.000380,0.000822,0.000963,0.000000,0.000000,0.004478,0.000072,2.686000,0.008052,0.000000,0.000000,0.000233,0,0
273300000000,273600000000,6283499093,168,6569650,0.000338,0.000973,0.001932,0.000379,0.000822,0.000988,0.000002,0.000000,0.003944,0.000215,2.412000,0.006853,0.000000,0.000000,0.000164,0,0
273600000000,273900000000,6283499093,168,6569650,0.000342,0.000961,0.001932,0.000379,0.000822,0.000982,0.000000,0.000000,0.004471,0.000072,2.549000,0.007408,0.000000,0.000000,0.000626,0,0
273900000000,274200000000,6283499093,168,6569650,0.000395,0.000988,0.001932,0.000378,0.000821,0.001001,0.000000,0.000000,0.004265,0.000143,2.570000,0.007714,0.000000,0.000000,0.000260,0,0
274200000000,274500000000,6283499093,168,6569650,0.000390,0.000982,0.001932,0.000376,0.000820,0.000994,0.000002,0.000000,0.001461,0.000143,2.797000,0.008800,0.000000,0.000000,0.000227,0,0
274500000000,274800000000,6283499093,168,6569650,0.000347,0.000986,0.001932,0.000376,0.000820,0.000996,0.000000,0.000000,0.004059,0.000000,2.616000,0.007868,0.000000,0.000000,0.000224,0,0
274800000000,275100000000,6283499093,168,6569650,0.000333,0.000975,0.001934,0.000376,0.000820,0.000982,0.000000,0.000000,0.005264,0.000072,2.620000,0.007653,0.000000,0.000000,0.000203,0,0
275100000000,275400000000,6283499093,168,6569650,0.000340,0.000986,0.001934,0.000376,0.000820,0.000996,0.000000,0.000000,0.004692,0.000000,2.216000,0.005871,0.000000,0.000000,0.000675,0,0
275400000000,275700000000,6283499093,168,6569650,0.000329,0.000976,0.001934,0.000375,0.000818,0.000978,0.000003,0.000000,0.005180,0.000571,2.375000,0.006645,0.000000,0.000000,0.000312,0,0
275700000000,276000000000,6283499093,168,6569650,0.000374,0.000990,0.001934,0.000370,0.000814,0.001005,0.000000,0.000000,0.007248,0.000072,2.821000,0.008379,0.000000,0.000000,0.000366,0,0
276000000000,276300000000,6283499093,168,6569650,0.000382,0.000982,0.001932,0.000370,0.000814,0.000997,0.000000,0.000000,0.004402,0.000072,2.644000,0.007730,0.000000,0.000000,0.000214,0,0
276300000000,276600000000,6283499093,168,6569650,0.000435,0.001005,0.001932,0.000373,0.000817,0.001057,0.000018,0.000000,0.007141,0.004997,2.643000,0.007715,0.000000,0.000000,0.000300,0,0
276600000000,276900000000,6283499093,168,6569650,0.000404,0.001019,0.001932,0.000376,0.000821,0.001049,0.000000,0.000000,0.005386,0.000072,2.763000,0.008169,0.000000,0.000000,0.000320,0,0
276900000000,277200000000,6283499093,168,6569650,0.000428,0.001017,0.001932,0.000371,0.000816,0.001024,0.000001,0.000000,0.004555,0.000357,2.753000,0.008228,0.000000,0.000000,0.000430,0,0
277200000000,277500000000,6283499093,168,6569650,0.000389,0.001009,0.001932,0.000370,0.000815,0.001028,0.000003,0.000000,0.005379,0.000072,2.936000,0.008906,0.000000,0.000000,0.000239,0,0
277500000000,277800000000,6283499093,168,6569650,0.000403,0.001026,0.001932,0.000370,0.000815,0.001034,0.000005,0.000000,0.005463,0.000500,2.861000,0.008696,0.000000,0.000000,0.000702,0,0
277800000000,278100000000,6283499093,168,6569650,0.000454,0.001045,0.001932,0.000367,0.000815,0.001120,0.000018,0.000000,0.027400,0.001785,1.911000,0.004465,0.000000,0.000000,0.000213,0,0
278100000000,278400000000,6283499093,168,6569650,0.000387,0.001068,0.001930,0.000358,0.000817,0.001120,0.000014,0.000000,0.004845,0.001572,2.990000,0.009101,0.000000,0.000000,0.000257,0,0
278400000000,278549000000,6283499093,168,6569650,0.000460,0.001007,0.001930,0.000358,0.000817,0.001066,0.000010,0.000000,0.008850,0.001072,2.926000,0.008842,0.000000,0.000000,0.000223,0,0
278549000000,278560000000,6283499093,168,6569650,0.000258,0.000000,0.000000,0.000000,0.000000,0.000000,0.000072,0.000000,0.002831,0.000786,2.625000,0.007624,0.000000,0.000000,0.000000,0,0
278560000000,278561000000,6283499093,168,6569650,0.000000,0.000000,0.000000,0.000000,0.000000,0.000000,0.000000,0.000000,0.000000,0.000000,2.625000,0.007624,0.000000,0.000000,0.000000,0,0
