272504000000,272625000000,6283499093,169,329150319,0.000000,0.000000,0.000000,0.000000,0.000000,0.000000,0.000000,0.000000,0.000000,0.000000,0.000000,0.000000,0.000000,0.000000,0.000000,0,0
272625000000,272700000000,6283499093,169,329150319,0.000835,0.001501,0.001930,0.000262,0.000677,0.001625,0.002689,0.000000,0.022280,0.047420,1.154000,0.001562,0.000000,0.000000,0.000222,0,0
272700000000,273000000000,6283499093,169,329150319,0.000351,0.001059,0.001932,0.000266,0.000709,0.001554,0.000000,0.000000,0.004570,0.000072,3.009000,0.009376,0.000000,0.000000,0.000176,0,0
273000000000,273300000000,6283499093,169,329150319,0.000382,0.000955,0.001932,0.000266,0.000709,0.000999,0.000001,0.000000,0.003937,0.000143,2.484000,0.007427,0.000000,0.000000,0.000153,0,0
273300000000,273600000000,6283499093,169,329150319,0.000442,0.000997,0.001932,0.000266,0.000711,0.001007,0.000000,0.000000,0.002129,0.000072,2.077000,0.005326,0.000000,0.000000,0.000283,0,0
273600000000,273900000000,6283499093,169,329150319,0.000433,0.000992,0.001932,0.000266,0.000709,0.001003,0.000002,0.000000,0.006844,0.000428,3.177000,0.010500,0.000000,0.000000,0.000317,0,0
273900000000,274200000000,6283499093,169,329150319,0.000349,0.000988,0.001932,0.000266,0.000711,0.001001,0.000000,0.000000,0.004631,0.000072,3.058000,0.009739,0.000000,0.000000,0.000579,0,0
274200000000,274500000000,6283499093,169,329150319,0.000339,0.000999,0.001932,0.000266,0.000711,0.001005,0.000002,0.000000,0.004265,0.000215,2.569000,0.007522,0.000000,0.000000,0.000141,0,0
274500000000,274800000000,6283499093,169,329150319,0.000309,0.000988,0.001934,0.000266,0.000711,0.000992,0.000000,0.000000,0.004333,0.000000,2.467000,0.006869,0.000000,0.000000,0.000580,0,0
274800000000,275100000000,6283499093,169,329150319,0.000324,0.000994,0.001934,0.000266,0.000711,0.001007,0.000000,0.000000,0.003307,0.000072,2.394000,0.006633,0.000000,0.000000,0.000165,0,0
275100000000,275400000000,6283499093,169,329150319,0.000325,0.000986,0.001934,0.000266,0.000711,0.000996,0.000000,0.000000,0.004097,0.000000,2.395000,0.006485,0.000000,0.000000,0.000197,0,0
275400000000,275700000000,6283499093,169,329150319,0.000426,0.001013,0.001932,0.000267,0.000711,0.001085,0.000020,0.000000,0.007339,0.005501,2.122000,0.005133,0.000000,0.000000,0.000229,0,0
275700000000,276000000000,6283499093,169,329150319,0.000462,0.001060,0.001932,0.000266,0.000712,0.001089,0.000001,0.000000,0.010700,0.000072,2.909000,0.008696,0.000000,0.000000,0.000837,0,0
276000000000,276300000000,6283499093,169,329150319,0.002132,0.001135,0.002060,0.000226,0.000674,0.001503,0.000041,0.000000,0.078490,0.004784,1.018000,0.001905,0.000000,0.000000,0.000200,0,0
276300000000,276600000000,6283499093,169,329150319,0.000645,0.001278,0.001928,0.000155,0.000621,0.001337,0.000004,0.000000,0.005180,0.000714,2.355000,0.006132,0.000000,0.000000,0.000245,0,0
276600000000,276900000000,6283499093,169,329150319,0.003357,0.001318,0.002056,0.000091,0.000492,0.001749,0.000010,0.000000,0.082150,0.000643,0.627300,0.000373,0.000000,0.000000,0.004585,0,0
276900000000,277200000000,6283499093,169,329150319,0.000400,0.001303,0.001930,0.000020,0.000356,0.001341,0.000014,0.000000,0.013410,0.004211,3.292000,0.010380,0.000000,0.000000,0.000353,0,0
277200000000,277500000000,6283499093,169,329150319,0.000395,0.001329,0.001932,0.000008,0.000344,0.001348,0.000021,0.000000,0.004623,0.004425,2.813000,0.008151,0.000000,0.000000,0.000092,0,0
277500000000,277800000000,6283499093,169,329150319,0.003292,0.001377,0.002060,0.000014,0.000347,0.001688,0.000010,0.000000,0.081910,0.000500,0.657500,0.000491,0.000000,0.000000,0.000165,0,0
277800000000,278100000000,6283499093,169,329150319,0.000893,0.001337,0.001930,0.000010,0.000340,0.001497,0.000065,0.000001,0.079830,0.017850,3.022000,0.009073,0.000000,0.000000,0.000450,0,0
278100000000,278140000000,6283499093,169,329150319,0.008041,0.001438,0.001925,0.000039,0.000372,0.001598,0.001781,0.000001,0.076170,0.044980,1.649000,0.002972,0.000000,0.000000,0.001152,0,0
278140000000,278154000000,6283499093,169,329150319,0.000186,0.000000,0.000000,0.000000,0.000000,0.000000,0.000020,0.000001,0.002598,0.000286,1.649000,0.002972,0.000000,0.000000,0.000000,0,0
278154000000,278155000000,6283499093,169,329150319,0.000000,0.000000,0.000000,0.000000,0.000000,0.000000,0.000000,0.000001,0.000000,0.000000,1.649000,0.002972,0.000000,0.000000,0.000000,0,0
