272505000000,272594000000,6283499093,17,1436731027,0.000000,0.000000,0.000000,0.000000,0.000000,0.000000,0.000000,0.000000,0.000000,0.000000,0.000000,0.000000,0.000000,0.000000,0.000000,0,0
272594000000,272700000000,6283499093,17,1436731027,0.000629,0.000986,0.001902,0.000128,0.000178,0.001266,0.000867,0.000000,0.008820,0.013640,1.224000,0.002093,0.000000,0.000000,0.000342,0,0
272700000000,273000000000,6283499093,17,1436731027,0.000317,0.000976,0.001900,0.000132,0.000188,0.001205,0.000000,0.000000,0.004089,0.000072,2.448000,0.006925,0.000000,0.000000,0.000217,0,0
273000000000,273300000000,6283499093,17,1436731027,0.000340,0.000994,0.001900,0.000132,0.000202,0.001326,0.000001,0.000000,0.004395,0.000072,2.369000,0.006647,0.000000,0.000000,0.000197,0,0
273300000000,273600000000,6283499093,17,1436731027,0.000453,0.001041,0.001900,0.000119,0.000225,0.001436,0.000023,0.000000,0.009399,0.005356,2.787000,0.008789,0.000000,0.000000,0.000545,0,0
273600000000,273900000000,6283499093,17,1436731027,0.000547,0.001030,0.001896,0.000122,0.000163,0.001432,0.000001,0.000000,0.004654,0.000072,3.013000,0.009444,0.000000,0.000000,0.000737,0,0
273900000000,274200000000,6283499093,17,1436731027,0.000515,0.001133,0.001896,0.000122,0.000268,0.001432,0.000000,0.000000,0.004982,0.000072,3.050000,0.009424,0.000000,0.000000,0.000804,0,0
274200000000,274500000000,6283499093,17,1436731027,0.000295,0.001078,0.001900,0.000122,0.000219,0.001429,0.000001,0.000000,0.004311,0.000072,2.184000,0.005833,0.000000,0.000000,0.000489,0,0
274500000000,274800000000,6283499093,17,1436731027,0.000279,0.001034,0.001900,0.000117,0.000165,0.001328,0.000000,0.000000,0.004272,0.000072,2.011000,0.004949,0.000000,0.000000,0.000748,0,0
274800000000,275100000000,6283499093,17,1436731027,0.000287,0.001104,0.001902,0.000117,0.000236,0.001431,0.000000,0.000000,0.004036,0.000072,1.956000,0.004793,0.000000,0.000000,0.000562,0,0
275100000000,275400000000,6283499093,17,1436731027,0.000342,0.001154,0.001900,0.000117,0.000283,0.001436,0.000001,0.000000,0.004295,0.000072,2.100000,0.005578,0.000000,0.000000,0.000254,0,0
275400000000,275700000000,6283499093,17,1436731027,0.000331,0.001099,0.001900,0.000117,0.000227,0.001434,0.000001,0.000000,0.003914,0.000072,2.353000,0.006709,0.000000,0.000000,0.000144,0,0
275700000000,276000000000,6283499093,17,1436731027,0.000334,0.001040,0.001900,0.000116,0.000164,0.001373,0.000000,0.000000,0.004585,0.000072,2.413000,0.006871,0.000000,0.000000,0.000252,0,0
276000000000,276300000000,6283499093,17,1436731027,0.000420,0.001030,0.001900,0.000121,0.000150,0.001362,0.000019,0.000000,0.006248,0.004715,1.566000,0.002979,0.000000,0.000000,0.000187,0,0
276300000000,276600000000,6283499093,17,1436731027,0.000366,0.001350,0.001904,0.000122,0.000474,0.001446,0.000000,0.000000,0.004562,0.000000,2.518000,0.007500,0.000000,0.000000,0.000122,0,0
276600000000,276900000000,6283499093,17,1436731027,0.000317,0.001244,0.001902,0.000117,0.000361,0.001446,0.000001,0.000000,0.004494,0.000072,2.279000,0.006462,0.000000,0.000000,0.000363,0,0
276900000000,277200000000,6283499093,17,1436731027,0.000290,0.001108,0.001900,0.000116,0.000227,0.001444,0.000000,0.000000,0.004349,0.000000,1.884000,0.004503,0.000000,0.000000,0.000123,0,0
277200000000,277500000000,6283499093,17,1436731027,0.000288,0.001053,0.001902,0.000133,0.000172,0.001383,0.000122,0.000000,0.004051,0.021420,2.014000,0.004813,0.000000,0.000000,0.000094,0,0
277500000000,277800000000,6283499093,17,1436731027,0.000307,0.001030,0.001904,0.000134,0.000162,0.001097,0.000004,0.000000,0.004120,0.000072,2.064000,0.005352,0.000000,0.000000,0.000223,0,0
277800000000,278100000000,6283499093,17,1436731027,0.000267,0.001040,0.001904,0.000133,0.000165,0.001097,0.000076,0.000000,0.003944,0.014710,1.987000,0.004823,0.000000,0.000000,0.000133,0,0
278100000000,278400000000,6283499093,17,1436731027,0.000261,0.001053,0.001904,0.000186,0.000221,0.001141,0.000124,0.000000,0.004036,0.025570,1.909000,0.004727,0.000000,0.000000,0.000468,0,0
278400000000,278700000000,6283499093,17,1436731027,0.000292,0.001040,0.001904,0.000182,0.000223,0.001083,0.000003,0.000000,0.004318,0.000215,1.999000,0.005158,0.000000,0.000000,0.000257,0,0
278700000000,279000000000,6283499093,17,1436731027,0.000284,0.001034,0.001904,0.000179,0.000214,0.001080,0.000002,0.000000,0.005890,0.000072,1.922000,0.004796,0.000000,0.000000,0.000112,0,0
279000000000,279300000000,6283499093,17,1436731027,0.000387,0.001087,0.001902,0.000190,0.000247,0.001192,0.000026,0.000000,0.010360,0.003998,2.153000,0.005981,0.000000,0.000000,0.000590,0,0
279300000000,279600000000,6283499093,17,1436731027,0.000347,0.001089,0.001902,0.000205,0.000267,0.001177,0.000002,0.000000,0.005119,0.000072,2.119000,0.005842,0.000000,0.000000,0.000195,0,0
279600000000,279900000000,6283499093,17,1436731027,0.000373,0.001106,0.001902,0.000206,0.000267,0.001204,0.000006,0.000000,0.005524,0.000786,1.650000,0.003604,0.000000,0.000000,0.000353,0,0
279900000000,280109000000,6283499093,17,1436731027,0.002441,0.001141,0.001902,0.000208,0.000272,0.001394,0.000101,0.000000,0.069950,0.007935,0.593700,0.000237,0.000000,0.000000,0.000405,0,0
280109000000,280122000000,6283499093,17,1436731027,0.000176,0.000000,0.000000,0.000000,0.000000,0.000000,0.000050,0.000000,0.002289,0.000357,0.552400,0.000085,0.000000,0.000000,0.000000,0,0
280122000000,280123000000,6283499093,17,1436731027,0.000000,0.000000,0.000000,0.000000,0.000000,0.000000,0.000000,0.000000,0.000000,0.000000,0.552400,0.000085,0.000000,0.000000,0.000000,0,0
