272502000000,272600000000,6283499093,170,766872129,0.000000,0.000000,0.000000,0.000000,0.000000,0.000000,0.000000,0.000000,0.000000,0.000000,0.000000,0.000000,0.000000,0.000000,0.000000,0,0
272600000000,272700000000,6283499093,170,766872129,0.000830,0.001501,0.001932,0.000291,0.000718,0.001608,0.001642,0.000000,0.036190,0.058410,4.373000,0.015190,0.000000,0.000000,0.000582,0,0
272700000000,273000000000,6283499093,170,766872129,0.000347,0.000980,0.001934,0.000304,0.000747,0.001387,0.000000,0.000000,0.004395,0.000000,2.524000,0.007276,0.000000,0.000000,0.000537,0,0
273000000000,273300000000,6283499093,170,766872129,0.000372,0.000926,0.001934,0.000304,0.000748,0.000950,0.000012,0.000000,0.004646,0.002357,2.259000,0.006128,0.000000,0.000000,0.000174,0,0
273300000000,273600000000,6283499093,170,766872129,0.000432,0.000969,0.001932,0.000305,0.000750,0.000977,0.000000,0.000000,0.008865,0.000072,2.773000,0.008370,0.000000,0.000000,0.000257,0,0
273600000000,273900000000,6283499093,170,766872129,0.000403,0.000965,0.001932,0.000301,0.000746,0.000984,0.000002,0.000000,0.005157,0.000571,2.984000,0.009339,0.000000,0.000000,0.005157,0,0
273900000000,274200000000,6283499093,170,766872129,0.000607,0.001043,0.001930,0.000300,0.000753,0.001141,0.000052,0.000000,0.013890,0.008713,3.326000,0.010910,0.000000,0.000000,0.000310,0,0
274200000000,274500000000,6283499093,170,766872129,0.000583,0.001051,0.001930,0.000298,0.000761,0.001091,0.000007,0.000000,0.016270,0.001143,3.648000,0.012590,0.000000,0.000000,0.000771,0,0
274500000000,274800000000,6283499093,170,766872129,0.000499,0.001049,0.001930,0.000298,0.000763,0.001062,0.000000,0.000000,0.004997,0.000000,3.470000,0.011610,0.000000,0.000000,0.000225,0,0
274800000000,275100000000,6283499093,170,766872129,0.000370,0.001049,0.001932,0.000297,0.000762,0.001085,0.000000,0.000000,0.005020,0.000072,2.500000,0.007018,0.000000,0.000000,0.000655,0,0
275100000000,275400000000,6283499093,170,766872129,0.000361,0.001062,0.001932,0.000292,0.000756,0.001081,0.000001,0.000000,0.004387,0.000072,2.615000,0.007510,0.000000,0.000000,0.000460,0,0
275400000000,275700000000,6283499093,170,766872129,0.000354,0.001047,0.001932,0.000278,0.000742,0.001068,0.000000,0.000000,0.003426,0.000072,2.439000,0.006755,0.000000,0.000000,0.000246,0,0
275700000000,276000000000,6283499093,170,766872129,0.000347,0.001059,0.001932,0.000278,0.000742,0.001068,0.000001,0.000000,0.004730,0.000072,2.531000,0.007054,0.000000,0.000000,0.000149,0,0
276000000000,276300000000,6283499093,170,766872129,0.000355,0.001057,0.001932,0.000277,0.000742,0.001068,0.000001,0.000000,0.005112,0.000072,2.368000,0.006446,0.000000,0.000000,0.000207,0,0
276300000000,276600000000,6283499093,170,766872129,0.000363,0.001064,0.001932,0.000276,0.000741,0.001076,0.000000,0.000000,0.004631,0.000000,2.460000,0.006885,0.000000,0.000000,0.000237,0,0
276600000000,276900000000,6283499093,170,766872129,0.000362,0.001064,0.001932,0.000276,0.000741,0.001074,0.000001,0.000000,0.004616,0.000072,2.628000,0.007566,0.000000,0.000000,0.000327,0,0
276900000000,277200000000,6283499093,170,766872129,0.000351,0.001068,0.001932,0.000277,0.000741,0.001083,0.000000,0.000000,0.007782,0.000000,2.832000,0.008163,0.000000,0.000000,0.000213,0,0
277200000000,277500000000,6283499093,170,766872129,0.000320,0.001064,0.001932,0.000277,0.000741,0.001078,0.000002,0.000000,0.005707,0.000072,2.446000,0.007022,0.000000,0.000000,0.000059,0,0
277500000000,277800000000,6283499093,170,766872129,0.000361,0.001081,0.001932,0.000277,0.000741,0.001091,0.000003,0.000000,0.005814,0.000072,2.530000,0.007560,0.000000,0.000000,0.000095,0,0
277800000000,278100000000,6283499093,170,766872129,0.000360,0.001080,0.001932,0.000276,0.000741,0.001099,0.000004,0.000000,0.004982,0.000143,2.525000,0.007766,0.000000,0.000000,0.000170,0,0
278100000000,278400000000,6283499093,170,766872129,0.000357,0.001068,0.001932,0.000277,0.000742,0.001070,0.000004,0.000000,0.001770,0.000357,2.929000,0.009456,0.000000,0.000000,0.000623,0,0
278400000000,278700000000,6283499093,170,766872129,0.000376,0.001089,0.001932,0.000277,0.000742,0.001102,0.000004,0.000000,0.004677,0.000072,2.378000,0.007045,0.000000,0.000000,0.000733,0,0
278700000000,278919000000,6283499093,170,766872129,0.000408,0.001070,0.001932,0.000277,0.000742,0.001101,0.000024,0.000000,0.044860,0.004074,2.657000,0.008337,0.000000,0.000000,0.000569,0,0
278919000000,278931000000,6283499093,170,766872129,0.000251,0.000000,0.000000,0.000000,0.000000,0.000000,0.000059,0.000000,0.003006,0.000571,4.212000,0.014780,0.000000,0.000000,0.000000,0,0
278931000000,278932000000,6283499093,170,766872129,0.000000,0.000000,0.000000,0.000000,0.000000,0.000000,0.000000,0.000000,0.000000,0.000000,4.212000,0.014780,0.000000,0.000000,0.000000,0,0
