272506000000,272618000000,6283499093,171,3829148,0.000000,0.000000,0.000000,0.000000,0.000000,0.000000,0.000000,0.000000,0.000000,0.000000,0.000000,0.000000,0.000000,0.000000,0.000000,0,0
272618000000,272700000000,6283499093,171,3829148,0.000704,0.001497,0.001869,0.000276,0.000684,0.001633,0.002411,0.000000,0.015050,0.045900,2.330000,0.007163,0.000000,0.000000,0.000662,0,0
272700000000,273000000000,6283499093,171,3829148,0.000259,0.001051,0.001871,0.000288,0.000730,0.001528,0.000005,0.000000,0.004501,0.000929,2.285000,0.006979,0.000000,0.000000,0.000141,0,0
273000000000,273300000000,6283499093,171,3829148,0.000229,0.000971,0.001871,0.000287,0.000730,0.000986,0.000007,0.000000,0.004135,0.001642,4.020000,0.014670,0.000000,0.000000,0.000321,0,0
273300000000,273600000000,6283499093,171,3829148,0.000318,0.000980,0.001871,0.000288,0.000732,0.000992,0.000001,0.000000,0.004982,0.000143,3.101000,0.010550,0.000000,0.000000,0.000371,0,0
273600000000,273900000000,6283499093,171,3829148,0.000380,0.000992,0.001871,0.000288,0.000732,0.000999,0.000000,0.000000,0.003811,0.000072,2.878000,0.009473,0.000000,0.000000,0.000228,0,0
273900000000,274200000000,6283499093,171,3829148,0.000355,0.000980,0.001871,0.000288,0.000732,0.000982,0.000000,0.000000,0.003960,0.000000,2.550000,0.007919,0.000000,0.000000,0.000120,0,0
274200000000,274500000000,6283499093,171,3829148,0.000377,0.001003,0.001871,0.000288,0.000732,0.001022,0.000007,0.000000,0.003983,0.000786,2.412000,0.007406,0.000000,0.000000,0.000249,0,0
274500000000,274800000000,6283499093,171,3829148,0.000634,0.001150,0.001871,0.000283,0.000748,0.001205,0.000109,0.000000,0.041080,0.013140,1.296000,0.002879,0.000000,0.000000,0.000662,0,0
274800000000,275100000000,6283499093,171,3829148,0.000469,0.001097,0.001886,0.000281,0.000746,0.001101,0.000001,0.000000,0.005066,0.000143,3.249000,0.011410,0.000000,0.000000,0.000418,0,0
275100000000,275400000000,6283499093,171,3829148,0.000360,0.001102,0.001905,0.000281,0.000746,0.001118,0.000000,0.000000,0.003849,0.000072,2.669000,0.008444,0.000000,0.000000,0.000241,0,0
275400000000,275700000000,6283499093,171,3829148,0.000346,0.001089,0.001928,0.000279,0.000745,0.001099,0.000000,0.000000,0.004822,0.000072,2.662000,0.008322,0.000000,0.000000,0.000409,0,0
275700000000,276000000000,6283499093,171,3829148,0.000360,0.001083,0.001928,0.000280,0.000745,0.001099,0.000000,0.000000,0.005745,0.000072,2.441000,0.007181,0.000000,0.000000,0.000329,0,0
276000000000,276300000000,6283499093,171,3829148,0.000519,0.001114,0.001926,0.000285,0.000750,0.001139,0.000022,0.000000,0.006371,0.003857,2.566000,0.007659,0.000000,0.000000,0.000640,0,0
276300000000,276600000000,6283499093,171,3829148,0.000508,0.001095,0.001926,0.000285,0.000750,0.001106,0.000002,0.000000,0.005463,0.000428,2.623000,0.008306,0.000000,0.000000,0.000362,0,0
276600000000,276900000000,6283499093,171,3829148,0.000394,0.001095,0.001928,0.000280,0.000746,0.001106,0.000003,0.000000,0.004776,0.000571,2.616000,0.008294,0.000000,0.000000,0.000289,0,0
276900000000,277200000000,6283499093,171,3829148,0.000358,0.001089,0.001928,0.000280,0.000746,0.001106,0.000000,0.000000,0.004585,0.000000,2.625000,0.008258,0.000000,0.000000,0.000162,0,0
277200000000,277500000000,6283499093,171,3829148,0.000345,0.001093,0.001928,0.000280,0.000746,0.001118,0.000004,0.000000,0.008347,0.000643,2.704000,0.008254,0.000000,0.000000,0.000663,0,0
277500000000,277800000000,6283499093,171,3829148,0.000340,0.001114,0.001928,0.000280,0.000746,0.001122,0.000005,0.000000,0.004921,0.000215,2.396000,0.007136,0.000000,0.000000,0.000347,0,0
277800000000,278100000000,6283499093,171,3829148,0.000340,0.001104,0.001928,0.000280,0.000746,0.001116,0.000005,0.000000,0.004654,0.000286,2.430000,0.007211,0.000000,0.000000,0.000318,0,0
278100000000,278400000000,6283499093,171,3829148,0.000337,0.001114,0.001928,0.000280,0.000746,0.001118,0.000004,0.000000,0.003815,0.000215,2.727000,0.008559,0.000000,0.000000,0.000180,0,0
278400000000,278700000000,6283499093,171,3829148,0.000320,0.001099,0.001928,0.000280,0.000746,0.001106,0.000003,0.000000,0.004921,0.000143,2.352000,0.006916,0.000000,0.000000,0.000138,0,0
278700000000,279000000000,6283499093,171,3829148,0.000328,0.001108,0.001928,0.000280,0.000747,0.001120,0.000003,0.000000,0.004715,0.000215,2.470000,0.007375,0.000000,0.000000,0.001438,0,0
279000000000,279300000000,6283499093,171,3829148,0.000389,0.001131,0.001928,0.000280,0.000748,0.001160,0.000031,0.000000,0.013960,0.007431,1.968000,0.005124,0.000000,0.000000,0.000182,0,0
279300000000,279600000000,6283499093,171,3829148,0.000400,0.001120,0.001928,0.000280,0.000750,0.001146,0.000001,0.000000,0.005089,0.000072,2.708000,0.008433,0.000000,0.000000,0.000504,0,0
279600000000,279729000000,6283499093,171,3829148,0.001732,0.001120,0.002048,0.000279,0.000749,0.001307,0.000080,0.000000,0.075560,0.004784,2.720000,0.008340,0.000000,0.000000,0.000120,0,0
279729000000,279742000000,6283499093,171,3829148,0.000260,0.000000,0.000000,0.000000,0.000000,0.000000,0.000132,0.000000,0.003391,0.001715,2.112000,0.005762,0.000000,0.000000,0.000000,0,0
279742000000,279743000000,6283499093,171,3829148,0.000000,0.000000,0.000000,0.000000,0.000000,0.000000,0.000000,0.000000,0.000000,0.000000,1.706000,0.004014,0.000000,0.000000,0.000000,0,0
