272501000000,272633000000,6283499093,172,38693064,0.000000,0.000000,0.000000,0.000000,0.000000,0.000000,0.000000,0.000000,0.000000,0.000000,0.000000,0.000000,0.000000,0.000000,0.000000,0,0
272633000000,272700000000,6283499093,172,38693064,0.000821,0.001457,0.001921,0.000343,0.000738,0.001707,0.003559,0.000000,0.013280,0.035710,2.506000,0.008113,0.000000,0.000000,0.001606,0,0
272700000000,273000000000,6283499093,172,38693064,0.000429,0.001135,0.001921,0.000368,0.000812,0.001703,0.000001,0.000000,0.004860,0.000072,2.780000,0.009396,0.000000,0.000000,0.000291,0,0
273000000000,273300000000,6283499093,172,38693064,0.000420,0.000967,0.001923,0.000364,0.000808,0.000980,0.000000,0.000000,0.004005,0.000072,2.886000,0.009969,0.000000,0.000000,0.000298,0,0
273300000000,273600000000,6283499093,172,38693064,0.000332,0.000961,0.001925,0.000363,0.000808,0.000978,0.000000,0.000000,0.004456,0.000000,2.652000,0.008579,0.000000,0.000000,0.000093,0,0
273600000000,273900000000,6283499093,172,38693064,0.000334,0.000963,0.001926,0.000363,0.000808,0.000977,0.000000,0.000000,0.004173,0.000072,2.833000,0.009323,0.000000,0.000000,0.000127,0,0
273900000000,274200000000,6283499093,172,38693064,0.000337,0.000956,0.001928,0.000363,0.000808,0.000971,0.000000,0.000000,0.005959,0.000072,2.582000,0.008136,0.000000,0.000000,0.000358,0,0
274200000000,274500000000,6283499093,172,38693064,0.000326,0.000988,0.001928,0.000363,0.000808,0.000999,0.000002,0.000000,0.004326,0.000143,2.299000,0.006967,0.000000,0.000000,0.000308,0,0
274500000000,274800000000,6283499093,172,38693064,0.000321,0.000980,0.001930,0.000363,0.000808,0.000984,0.000000,0.000000,0.006462,0.000072,2.364000,0.007128,0.000000,0.000000,0.000137,0,0
274800000000,275100000000,6283499093,172,38693064,0.000298,0.000970,0.001930,0.000363,0.000808,0.000984,0.000000,0.000000,0.004143,0.000072,2.198000,0.006491,0.000000,0.000000,0.000633,0,0
275100000000,275400000000,6283499093,172,38693064,0.000378,0.000997,0.001928,0.000367,0.000812,0.001036,0.000021,0.000000,0.005707,0.005211,2.271000,0.006868,0.000000,0.000000,0.000497,0,0
275400000000,275700000000,6283499093,172,38693064,0.000320,0.000976,0.001928,0.000364,0.000810,0.000997,0.000000,0.000000,0.004654,0.000072,2.435000,0.007452,0.000000,0.000000,0.000341,0,0
275700000000,276000000000,6283499093,172,38693064,0.000307,0.000975,0.001930,0.000363,0.000809,0.000976,0.000000,0.000000,0.003780,0.000000,2.194000,0.006444,0.000000,0.000000,0.001003,0,0
276000000000,276300000000,6283499093,172,38693064,0.000298,0.000975,0.001930,0.000363,0.000809,0.000980,0.000000,0.000000,0.004219,0.000072,2.141000,0.005970,0.000000,0.000000,0.000133,0,0
276300000000,276600000000,6283499093,172,38693064,0.000301,0.000986,0.001930,0.000363,0.000809,0.000999,0.000000,0.000000,0.004517,0.000000,2.100000,0.005853,0.000000,0.000000,0.000557,0,0
276600000000,276900000000,6283499093,172,38693064,0.000306,0.000984,0.001930,0.000363,0.000809,0.000997,0.000002,0.000000,0.004318,0.000571,2.266000,0.006763,0.000000,0.000000,0.000627,0,0
276900000000,277200000000,6283499093,172,38693064,0.000344,0.000982,0.001928,0.000363,0.000809,0.001009,0.000002,0.000000,0.009216,0.000215,2.409000,0.007284,0.000000,0.000000,0.000066,0,0
277200000000,277500000000,6283499093,172,38693064,0.000351,0.001028,0.001928,0.000363,0.000790,0.001385,0.000003,0.000000,0.014280,0.000072,1.774000,0.004351,0.000000,0.000000,0.000346,0,0
277500000000,277800000000,6283499093,172,38693064,0.000356,0.001150,0.001923,0.000385,0.000578,0.001387,0.000354,0.000000,0.004395,0.036010,2.501000,0.007882,0.000000,0.000000,0.000282,0,0
277800000000,278100000000,6283499093,172,38693064,0.000341,0.001032,0.001925,0.000413,0.000490,0.001135,0.000203,0.000000,0.003952,0.019070,2.589000,0.008367,0.000000,0.000000,0.000142,0,0
278100000000,278400000000,6283499093,172,38693064,0.000343,0.001034,0.001921,0.000355,0.000426,0.001114,0.000008,0.000000,0.005028,0.001143,2.733000,0.008740,0.000000,0.000000,0.000418,0,0
278400000000,278700000000,6283499093,172,38693064,0.000378,0.001038,0.001921,0.000354,0.000414,0.001123,0.000003,0.000000,0.004631,0.000072,2.539000,0.008007,0.000000,0.000000,0.000261,0,0
278700000000,279000000000,6283499093,172,38693064,0.000352,0.001041,0.001921,0.000354,0.000415,0.001122,0.000003,0.000000,0.004990,0.000428,2.729000,0.008743,0.000000,0.000000,0.000200,0,0
279000000000,279300000000,6283499093,172,38693064,0.000326,0.001045,0.001921,0.000353,0.000420,0.001127,0.000003,0.000000,0.002251,0.000143,2.349000,0.006668,0.000000,0.000000,0.000300,0,0
279300000000,279600000000,6283499093,172,38693064,0.000304,0.001041,0.001921,0.000352,0.000416,0.001125,0.000001,0.000000,0.004311,0.000072,2.160000,0.005945,0.000000,0.000000,0.000231,0,0
279600000000,279900000000,6283499093,172,38693064,0.000325,0.001102,0.001928,0.000445,0.000528,0.001156,0.000367,0.000000,0.004318,0.031800,2.260000,0.006332,0.000000,0.000000,0.000088,0,0
279900000000,280200000000,6283499093,172,38693064,0.000324,0.001059,0.001928,0.000463,0.000576,0.001099,0.000004,0.000000,0.004898,0.000286,2.408000,0.007036,0.000000,0.000000,0.000090,0,0
280200000000,280500000000,6283499093,172,38693064,0.000337,0.001057,0.001928,0.000463,0.000576,0.001091,0.000001,0.000000,0.004578,0.000072,2.274000,0.006563,0.000000,0.000000,0.000182,0,0
280500000000,280780000000,6283499093,172,38693064,0.000351,0.001043,0.001928,0.000463,0.000577,0.001059,0.000115,0.000000,0.009521,0.027500,2.359000,0.006857,0.000000,0.000000,0.000480,0,0
280780000000,280793000000,6283499093,172,38693064,0.000056,0.000000,0.000000,0.000000,0.000000,0.000000,0.000044,0.000000,0.000732,0.000571,1.904000,0.005131,0.000000,0.000000,0.000000,0,0
280793000000,280794000000,6283499093,172,38693064,0.000000,0.000000,0.000000,0.000000,0.000000,0.000000,0.000000,0.000000,0.000000,0.000000,1.873000,0.005021,0.000000,0.000000,0.000000,0,0
280794000000,280800000000,6283499093,172,38693064,0.000000,0.000000,0.000000,0.000000,0.000000,0.000000,0.000000,0.000000,0.000000,0.000000,0.000000,0.000000,0.000000,0.000000,0.000000,0,0
