272509000000,272700000000,6283499093,173,4874547573,0.000000,0.000000,0.000000,0.000000,0.000000,0.000000,0.000000,0.000000,0.000000,0.000000,0.000000,0.000000,0.000000,0.000000,0.000000,0,0
272700000000,272728000000,6283499093,173,4874547573,0.000000,0.000000,0.000000,0.000000,0.000000,0.000000,0.000000,0.000000,0.000000,0.000000,0.000000,0.000000,0.000000,0.000000,0.000000,0,0
272728000000,273000000000,6283499093,173,4874547573,0.000547,0.001278,0.001900,0.000368,0.000779,0.001799,0.001987,0.000000,0.026030,0.037900,2.749000,0.000000,0.000000,0.000000,0.000320,0,0
273000000000,273300000000,6283499093,173,4874547573,0.000415,0.001030,0.001898,0.000378,0.000821,0.001041,0.000000,0.000000,0.004372,0.000072,4.523000,0.000000,0.000000,0.000000,0.000197,0,0
273300000000,273600000000,6283499093,173,4874547573,0.000393,0.001040,0.001898,0.000376,0.000821,0.001059,0.000002,0.000000,0.004875,0.000428,2.771000,0.000000,0.000000,0.000000,0.000375,0,0
273600000000,273900000000,6283499093,173,4874547573,0.000333,0.001032,0.001898,0.000377,0.000821,0.001047,0.000000,0.000000,0.004684,0.000000,2.698000,0.000000,0.000000,0.000000,0.000323,0,0
273900000000,274200000000,6283499093,173,4874547573,0.000410,0.001045,0.001898,0.000378,0.000822,0.001066,0.000001,0.000000,0.005310,0.000215,2.320000,0.000000,0.000000,0.000000,0.000937,0,0
274200000000,274500000000,6283499093,173,4874547573,0.000804,0.001202,0.002022,0.000320,0.000784,0.001266,0.000051,0.000000,0.030460,0.004646,2.897000,0.000000,0.000000,0.000000,0.001059,0,0
274500000000,274800000000,6283499093,173,4874547573,0.000581,0.001154,0.001894,0.000313,0.000777,0.001163,0.000001,0.000000,0.005196,0.000072,3.783000,0.000000,0.000000,0.000000,0.000492,0,0
274800000000,275100000000,6283499093,173,4874547573,0.000382,0.001163,0.001896,0.000309,0.000777,0.001173,0.000000,0.000000,0.008316,0.000072,2.679000,0.000000,0.000000,0.000000,0.000162,0,0
275100000000,275400000000,6283499093,173,4874547573,0.000370,0.001156,0.001898,0.000312,0.000777,0.001169,0.000000,0.000000,0.001490,0.000072,2.492000,0.000000,0.000000,0.000000,0.001421,0,0
275400000000,275700000000,6283499093,173,4874547573,0.000407,0.001163,0.002014,0.000312,0.000777,0.001213,0.000000,0.000000,0.016970,0.000072,1.985000,0.000000,0.000000,0.000000,0.000315,0,0
275700000000,276000000000,6283499093,173,4874547573,0.000900,0.001236,0.002426,0.000272,0.000737,0.001310,0.000007,0.000000,0.048400,0.000999,3.191000,0.000000,0.000000,0.000000,0.000462,0,0
276000000000,276300000000,6283499093,173,4874547573,0.000784,0.001247,0.001894,0.000197,0.000663,0.001305,0.000024,0.000000,0.044190,0.005714,4.373000,0.000000,0.000000,0.000000,0.000334,0,0
276300000000,276600000000,6283499093,173,4874547573,0.000504,0.001226,0.001896,0.000195,0.000660,0.001242,0.000002,0.000000,0.007210,0.000143,3.940000,0.000000,0.000000,0.000000,0.000595,0,0
276600000000,276900000000,6283499093,173,4874547573,0.000492,0.001221,0.001894,0.000195,0.000660,0.001238,0.000000,0.000000,0.005043,0.000143,3.466000,0.000000,0.000000,0.000000,0.000405,0,0
276900000000,277200000000,6283499093,173,4874547573,0.000481,0.001217,0.001894,0.000195,0.000660,0.001228,0.000001,0.000000,0.005829,0.000072,3.880000,0.000000,0.000000,0.000000,0.000296,0,0
277200000000,277500000000,6283499093,173,4874547573,0.000404,0.000945,0.001896,0.000195,0.000660,0.001228,0.000013,0.000000,0.006950,0.002716,3.281000,0.000000,0.000000,0.000000,0.000263,0,0
277500000000,277502000000,6283499093,173,4874547573,0.000412,0.000783,0.001898,0.000442,0.000675,0.000783,0.005394,0.000000,0.000823,0.006287,2.883000,0.000000,0.000000,0.000000,0.000624,0,0
277502000000,277514000000,6283499093,173,4874547573,0.000302,0.000000,0.000000,0.000000,0.000000,0.000000,0.000006,0.000000,0.003632,0.000072,2.883000,0.000000,0.000000,0.000000,0.000000,0,0
277514000000,277516000000,6283499093,173,4874547573,0.000000,0.000000,0.000000,0.000000,0.000000,0.000000,0.000000,0.000000,0.000000,0.000000,2.883000,0.000000,0.000000,0.000000,0.000000,0,0
