272502000000,272601000000,6283499093,174,329139490,0.000000,0.000000,0.000000,0.000000,0.000000,0.000000,0.000000,0.000000,0.000000,0.000000,0.000000,0.000000,0.000000,0.000000,0.000000,0,0
272601000000,272700000000,6283499093,174,329139490,0.000689,0.001240,0.001923,0.000148,0.000411,0.001469,0.000915,0.000000,0.036990,0.025510,2.473000,0.006974,0.000000,0.000000,0.000148,0,0
272700000000,273000000000,6283499093,174,329139490,0.000362,0.001318,0.001925,0.000151,0.000569,0.001402,0.000000,0.000000,0.004646,0.000000,2.678000,0.007438,0.000000,0.000000,0.000391,0,0
273000000000,273300000000,6283499093,174,329139490,0.000403,0.001286,0.001925,0.000151,0.000517,0.001387,0.000003,0.000000,0.005653,0.000571,2.010000,0.004664,0.000000,0.000000,0.001432,0,0
273300000000,273600000000,6283499093,174,329139490,0.000350,0.001213,0.001923,0.000150,0.000423,0.001387,0.000000,0.000000,0.004356,0.000072,2.510000,0.006796,0.000000,0.000000,0.000347,0,0
273600000000,273900000000,6283499093,174,329139490,0.003086,0.001171,0.002048,0.000141,0.000325,0.001844,0.000017,0.000000,0.087400,0.001999,2.247000,0.005681,0.000000,0.000000,0.000555,0,0
273900000000,274200000000,6283499093,174,329139490,0.000547,0.001320,0.001923,0.000072,0.000264,0.001608,0.000003,0.000000,0.025360,0.000286,2.514000,0.006875,0.000000,0.000000,0.000100,0,0
274200000000,274500000000,6283499093,174,329139490,0.000493,0.001316,0.001923,0.000069,0.000274,0.001566,0.000001,0.000000,0.005928,0.000072,2.859000,0.008171,0.000000,0.000000,0.000442,0,0
274500000000,274800000000,6283499093,174,329139490,0.000356,0.001326,0.001925,0.000069,0.000285,0.001558,0.000000,0.000000,0.004906,0.000000,2.919000,0.008287,0.000000,0.000000,0.000157,0,0
274800000000,275100000000,6283499093,174,329139490,0.000336,0.001295,0.001925,0.000069,0.000257,0.001556,0.000000,0.000000,0.004280,0.000072,2.484000,0.007052,0.000000,0.000000,0.000237,0,0
275100000000,275400000000,6283499093,174,329139490,0.000320,0.001297,0.001925,0.000068,0.000260,0.001554,0.000000,0.000000,0.004776,0.000000,2.225000,0.005730,0.000000,0.000000,0.000135,0,0
275400000000,275700000000,6283499093,174,329139490,0.003716,0.001398,0.002052,0.000039,0.000221,0.002056,0.000074,0.000000,0.100500,0.012920,0.962900,0.001601,0.000000,0.000000,0.000344,0,0
275700000000,276000000000,6283499093,174,329139490,0.000569,0.001335,0.001921,0.000021,0.000201,0.001547,0.000000,0.000000,0.005196,0.000072,3.457000,0.010890,0.000000,0.000000,0.000277,0,0
276000000000,276300000000,6283499093,174,329139490,0.000478,0.001320,0.001923,0.000020,0.000180,0.001547,0.000000,0.000000,0.004631,0.000072,3.375000,0.010510,0.000000,0.000000,0.000736,0,0
276300000000,276600000000,6283499093,174,329139490,0.000371,0.001326,0.001923,0.000019,0.000186,0.001549,0.000005,0.000000,0.005310,0.001358,2.536000,0.006994,0.000000,0.000000,0.000438,0,0
276600000000,276900000000,6283499093,174,329139490,0.000360,0.001333,0.001925,0.000019,0.000199,0.001545,0.000000,0.000000,0.005424,0.000072,2.756000,0.007948,0.000000,0.000000,0.000223,0,0
276900000000,277200000000,6283499093,174,329139490,0.000347,0.001312,0.001923,0.000019,0.000182,0.001541,0.000000,0.000000,0.026310,0.000000,2.451000,0.006409,0.000000,0.000000,0.000057,0,0
277200000000,277500000000,6283499093,174,329139490,0.000380,0.001303,0.001923,0.000055,0.000178,0.001541,0.000228,0.000000,0.004570,0.028720,2.593000,0.007264,0.000000,0.000000,0.000077,0,0
277500000000,277800000000,6283499093,174,329139490,0.000397,0.001209,0.001925,0.000093,0.000141,0.001272,0.000153,0.000000,0.004753,0.035830,2.915000,0.008655,0.000000,0.000000,0.000199,0,0
277800000000,278100000000,6283499093,174,329139490,0.000360,0.001217,0.001926,0.000098,0.000152,0.001308,0.000208,0.000000,0.051450,0.028560,2.788000,0.008017,0.000000,0.000000,0.000213,0,0
278100000000,278260000000,6283499093,174,329139490,0.000374,0.001228,0.001930,0.000098,0.000193,0.001255,0.000562,0.000000,0.004967,0.038450,2.680000,0.007217,0.000000,0.000000,0.000066,0,0
278260000000,278273000000,6283499093,174,329139490,0.000239,0.000000,0.000000,0.000000,0.000000,0.000000,0.000050,0.000000,0.003109,0.000643,2.543000,0.006611,0.000000,0.000000,0.000000,0,0
278273000000,278274000000,6283499093,174,329139490,0.000000,0.000000,0.000000,0.000000,0.000000,0.000000,0.000000,0.000000,0.000000,0.000000,2.543000,0.006611,0.000000,0.000000,0.000000,0,0
