272506000000,272638000000,6283499093,175,2863625659,0.000000,0.000000,0.000000,0.000000,0.000000,0.000000,0.000000,0.000000,0.000000,0.000000,0.000000,0.000000,0.000000,0.000000,0.000000,0,0
272638000000,272700000000,6283499093,175,2863625659,0.000877,0.001425,0.001928,0.000243,0.000646,0.001564,0.003090,0.000000,0.015140,0.049130,2.606000,0.007761,0.000000,0.000000,0.000719,0,0
272700000000,273000000000,6283499093,175,2863625659,0.000367,0.001055,0.001930,0.000248,0.000690,0.001554,0.000003,0.000000,0.004868,0.000643,2.570000,0.007696,0.000000,0.000000,0.000610,0,0
273000000000,273300000000,6283499093,175,2863625659,0.000446,0.000964,0.001928,0.000248,0.000691,0.000970,0.000001,0.000000,0.013340,0.000215,2.324000,0.006617,0.000000,0.000000,0.000186,0,0
273300000000,273600000000,6283499093,175,2863625659,0.000420,0.000961,0.001928,0.000248,0.000691,0.000969,0.000002,0.000000,0.004951,0.000643,3.106000,0.010140,0.000000,0.000000,0.000152,0,0
273600000000,273900000000,6283499093,175,2863625659,0.000358,0.000959,0.001930,0.000248,0.000691,0.000972,0.000000,0.000000,0.004250,0.000072,2.590000,0.007827,0.000000,0.000000,0.000186,0,0
273900000000,274200000000,6283499093,175,2863625659,0.000331,0.000952,0.001930,0.000248,0.000692,0.000969,0.000000,0.000000,0.005043,0.000072,2.306000,0.006390,0.000000,0.000000,0.000277,0,0
274200000000,274500000000,6283499093,175,2863625659,0.000360,0.000961,0.001930,0.000248,0.000692,0.000974,0.000001,0.000000,0.003975,0.000143,3.076000,0.009516,0.000000,0.000000,0.000291,0,0
274500000000,274800000000,6283499093,175,2863625659,0.000365,0.000963,0.001930,0.000248,0.000692,0.000976,0.000002,0.000000,0.004471,0.000571,2.555000,0.007368,0.000000,0.000000,0.000193,0,0
274800000000,275100000000,6283499093,175,2863625659,0.000334,0.000953,0.001930,0.000248,0.000692,0.000968,0.000001,0.000000,0.004219,0.000143,2.579000,0.007294,0.000000,0.000000,0.000268,0,0
275100000000,275400000000,6283499093,175,2863625659,0.000338,0.000969,0.001930,0.000248,0.000692,0.000975,0.000000,0.000000,0.004311,0.000000,2.541000,0.007337,0.000000,0.000000,0.000789,0,0
275400000000,275700000000,6283499093,175,2863625659,0.000415,0.000999,0.001928,0.000249,0.000694,0.001024,0.000018,0.000000,0.020050,0.004143,2.987000,0.009480,0.000000,0.000000,0.000089,0,0
275700000000,276000000000,6283499093,175,2863625659,0.000377,0.000982,0.001928,0.000248,0.000693,0.001003,0.000000,0.000000,0.002686,0.000000,2.738000,0.008412,0.000000,0.000000,0.000197,0,0
276000000000,276300000000,6283499093,175,2863625659,0.000384,0.000996,0.001928,0.000247,0.000693,0.001007,0.000000,0.000000,0.004616,0.000143,2.569000,0.007471,0.000000,0.000000,0.000157,0,0
276300000000,276600000000,6283499093,175,2863625659,0.000352,0.000992,0.001930,0.000247,0.000693,0.001007,0.000000,0.000000,0.005104,0.000000,2.501000,0.007265,0.000000,0.000000,0.000396,0,0
276600000000,276900000000,6283499093,175,2863625659,0.000496,0.001015,0.001928,0.000249,0.000694,0.001053,0.000041,0.000000,0.007935,0.011780,2.906000,0.009303,0.000000,0.000000,0.000337,0,0
276900000000,277200000000,6283499093,175,2863625659,0.000474,0.001003,0.001928,0.000248,0.000693,0.001041,0.000001,0.000000,0.004898,0.000143,3.294000,0.011370,0.000000,0.000000,0.000361,0,0
277200000000,277500000000,6283499093,175,2863625659,0.000396,0.001005,0.001928,0.000248,0.000693,0.001017,0.000003,0.000000,0.005074,0.000215,2.970000,0.009746,0.000000,0.000000,0.000932,0,0
277500000000,277800000000,6283499093,175,2863625659,0.000345,0.001020,0.001928,0.000248,0.000693,0.001026,0.000004,0.000000,0.004700,0.000215,1.963000,0.005249,0.000000,0.000000,0.001022,0,0
277800000000,278100000000,6283499093,175,2863625659,0.000350,0.001015,0.001928,0.000248,0.000693,0.001028,0.000004,0.000000,0.004608,0.000143,2.407000,0.007318,0.000000,0.000000,0.000151,0,0
278100000000,278400000000,6283499093,175,2863625659,0.000331,0.001028,0.001930,0.000247,0.000693,0.001040,0.000007,0.000000,0.004547,0.000999,2.445000,0.007275,0.000000,0.000000,0.000125,0,0
278400000000,278700000000,6283499093,175,2863625659,0.000340,0.001024,0.001928,0.000247,0.000693,0.001034,0.000012,0.000000,0.005241,0.002930,1.916000,0.004790,0.000000,0.000000,0.000449,0,0
278700000000,279000000000,6283499093,175,2863625659,0.000361,0.001017,0.001928,0.000247,0.000693,0.001038,0.000005,0.000000,0.005157,0.000857,2.265000,0.006374,0.000000,0.000000,0.000084,0,0
279000000000,279300000000,6283499093,175,2863625659,0.000427,0.001080,0.001928,0.000243,0.000696,0.001135,0.000010,0.000000,0.005707,0.001928,2.750000,0.008728,0.000000,0.000000,0.000194,0,0
279300000000,279600000000,6283499093,175,2863625659,0.000458,0.001087,0.001928,0.000237,0.000699,0.001110,0.000002,0.000000,0.007126,0.000143,1.780000,0.004126,0.000000,0.000000,0.000201,0,0
279600000000,279900000000,6283499093,175,2863625659,0.000364,0.001093,0.001928,0.000237,0.000699,0.001102,0.000003,0.000000,0.005005,0.000286,2.518000,0.007644,0.000000,0.000000,0.000253,0,0
279900000000,280119000000,6283499093,175,2863625659,0.000607,0.001099,0.001928,0.000243,0.000703,0.001221,0.000015,0.000000,0.046200,0.002213,2.309000,0.006618,0.000000,0.000000,0.000130,0,0
280119000000,280128000000,6283499093,175,2863625659,0.000248,0.000000,0.000000,0.000000,0.000000,0.000000,0.000016,0.000000,0.002232,0.000143,2.247000,0.006626,0.000000,0.000000,0.000000,0,0
280128000000,280129000000,6283499093,175,2863625659,0.000000,0.000000,0.000000,0.000000,0.000000,0.000000,0.000000,0.000000,0.000000,0.000000,2.247000,0.006626,0.000000,0.000000,0.000000,0,0
