272501000000,272577000000,6283499093,176,2851455,0.000000,0.000000,0.000000,0.000000,0.000000,0.000000,0.000000,0.000000,0.000000,0.000000,0.000000,0.000000,0.000000,0.000000,0.000000,0,0
272577000000,272700000000,6283499093,176,2851455,0.000717,0.001385,0.002071,0.000133,0.000566,0.001795,0.001984,0.000000,0.020660,0.064820,1.534000,0.003132,0.000000,0.000000,0.000209,0,0
272700000000,273000000000,6283499093,176,2851455,0.000380,0.000968,0.001894,0.000127,0.000570,0.001047,0.000000,0.000000,0.004272,0.000143,2.106000,0.005776,0.000000,0.000000,0.000220,0,0
273000000000,273300000000,6283499093,176,2851455,0.000397,0.000956,0.001894,0.000128,0.000571,0.000968,0.000009,0.000000,0.004852,0.001928,2.573000,0.007894,0.000000,0.000000,0.000294,0,0
273300000000,273600000000,6283499093,176,2851455,0.000326,0.000951,0.001894,0.000129,0.000573,0.000961,0.000000,0.000000,0.004616,0.000000,2.386000,0.007051,0.000000,0.000000,0.000433,0,0
273600000000,273900000000,6283499093,176,2851455,0.000303,0.000948,0.001894,0.000129,0.000573,0.000959,0.000000,0.000000,0.004402,0.000072,2.163000,0.006012,0.000000,0.000000,0.000553,0,0
273900000000,274200000000,6283499093,176,2851455,0.000339,0.000959,0.001894,0.000129,0.000573,0.000980,0.000002,0.000000,0.009171,0.000215,1.589000,0.003365,0.000000,0.000000,0.000615,0,0
274200000000,274500000000,6283499093,176,2851455,0.000353,0.000977,0.001894,0.000129,0.000573,0.000984,0.000004,0.000000,0.006889,0.000714,1.684000,0.003843,0.000000,0.000000,0.000217,0,0
274500000000,274800000000,6283499093,176,2851455,0.000341,0.000978,0.001894,0.000129,0.000573,0.000984,0.000001,0.000000,0.004189,0.000143,1.860000,0.004742,0.000000,0.000000,0.000584,0,0
274800000000,275100000000,6283499093,176,2851455,0.000300,0.000967,0.001894,0.000129,0.000573,0.000977,0.000001,0.000000,0.004059,0.000143,1.730000,0.004247,0.000000,0.000000,0.000086,0,0
275100000000,275400000000,6283499093,176,2851455,0.000278,0.000967,0.001894,0.000129,0.000573,0.000978,0.000000,0.000000,0.003937,0.000072,2.071000,0.005723,0.000000,0.000000,0.000057,0,0
275400000000,275700000000,6283499093,176,2851455,0.000289,0.000968,0.001894,0.000130,0.000573,0.000982,0.000000,0.000000,0.003639,0.000072,2.121000,0.005813,0.000000,0.000000,0.000298,0,0
275700000000,276000000000,6283499093,176,2851455,0.000391,0.001001,0.001894,0.000134,0.000580,0.001028,0.000032,0.000000,0.006149,0.006432,2.148000,0.005994,0.000000,0.000000,0.003864,0,0
276000000000,276300000000,6283499093,176,2851455,0.000367,0.000978,0.001894,0.000129,0.000575,0.000996,0.000001,0.000000,0.005188,0.000286,2.242000,0.006319,0.000000,0.000000,0.000097,0,0
276300000000,276600000000,6283499093,176,2851455,0.000350,0.000990,0.001894,0.000130,0.000575,0.000997,0.000000,0.000000,0.004364,0.000072,2.136000,0.005997,0.000000,0.000000,0.000072,0,0
276600000000,276900000000,6283499093,176,2851455,0.000396,0.000999,0.001894,0.000130,0.000575,0.001005,0.000001,0.000000,0.010890,0.000143,2.260000,0.006426,0.000000,0.000000,0.000477,0,0
276900000000,277200000000,6283499093,176,2851455,0.000432,0.001011,0.001894,0.000130,0.000575,0.001030,0.000001,0.000000,0.031100,0.000215,2.761000,0.008412,0.000000,0.000000,0.000200,0,0
277200000000,277500000000,6283499093,176,2851455,0.000410,0.001022,0.001894,0.000131,0.000577,0.001101,0.000043,0.000000,0.004463,0.011640,2.680000,0.008209,0.000000,0.000000,0.000334,0,0
277500000000,277800000000,6283499093,176,2851455,0.000357,0.001070,0.001892,0.000142,0.000602,0.001120,0.000005,0.000000,0.005096,0.000143,2.392000,0.007158,0.000000,0.000000,0.000292,0,0
277800000000,278100000000,6283499093,176,2851455,0.000326,0.001041,0.001892,0.000142,0.000602,0.001051,0.000004,0.000000,0.004593,0.000215,1.998000,0.005444,0.000000,0.000000,0.000581,0,0
278100000000,278400000000,6283499093,176,2851455,0.000297,0.001032,0.001894,0.000142,0.000602,0.001036,0.000003,0.000000,0.004837,0.000143,2.092000,0.005639,0.000000,0.000000,0.000599,0,0
278400000000,278559000000,6283499093,176,2851455,0.000328,0.001032,0.001894,0.000142,0.000602,0.001038,0.000047,0.000000,0.011350,0.007072,2.666000,0.007641,0.000000,0.000000,0.000519,0,0
278559000000,278569000000,6283499093,176,2851455,0.000251,0.000000,0.000000,0.000000,0.000000,0.000000,0.000086,0.000000,0.002506,0.000643,3.141000,0.009468,0.000000,0.000000,0.000000,0,0
278569000000,278570000000,6283499093,176,2851455,0.000000,0.000000,0.000000,0.000000,0.000000,0.000000,0.000000,0.000000,0.000000,0.000000,3.141000,0.009468,0.000000,0.000000,0.000000,0,0
