272500000000,272575000000,6283499093,177,317302976,0.000000,0.000000,0.000000,0.000000,0.000000,0.000000,0.000000,0.000000,0.000000,0.000000,0.000000,0.000000,0.000000,0.000000,0.000000,0,0
272575000000,272700000000,6283499093,177,317302976,0.015930,0.001545,0.002739,0.000195,0.000379,0.002090,0.000860,0.000000,0.078120,0.038450,0.572100,0.000139,0.000000,0.000000,0.000693,0,0
272700000000,273000000000,6283499093,177,317302976,0.000743,0.001463,0.001921,0.000146,0.000346,0.001766,0.000002,0.000000,0.050600,0.000143,0.636000,0.000412,0.000000,0.000000,0.000764,0,0
273000000000,273300000000,6283499093,177,317302976,0.004784,0.001526,0.002110,0.000061,0.000267,0.002106,0.000087,0.000001,0.101300,0.018860,0.606300,0.000234,0.000000,0.000000,0.000732,0,0
273300000000,273600000000,6283499093,177,317302976,0.000479,0.001446,0.001930,0.000028,0.000210,0.001705,0.000000,0.000001,0.004875,0.000000,2.996000,0.009740,0.000000,0.000000,0.000271,0,0
273600000000,273900000000,6283499093,177,317302976,0.000391,0.001459,0.001930,0.000028,0.000227,0.001703,0.000000,0.000001,0.010640,0.000072,2.677000,0.008559,0.000000,0.000000,0.000247,0,0
273900000000,274200000000,6283499093,177,317302976,0.000301,0.001436,0.001932,0.000026,0.000201,0.001705,0.000000,0.000001,0.004150,0.000072,2.109000,0.005874,0.000000,0.000000,0.000132,0,0
274200000000,274500000000,6283499093,177,317302976,0.000339,0.001459,0.001932,0.000022,0.000223,0.001701,0.000006,0.000001,0.005981,0.001286,2.158000,0.006176,0.000000,0.000000,0.000113,0,0
274500000000,274800000000,6283499093,177,317302976,0.000332,0.001459,0.001930,0.000023,0.000221,0.001707,0.000001,0.000001,0.010250,0.000215,2.052000,0.005623,0.000000,0.000000,0.000237,0,0
274800000000,275100000000,6283499093,177,317302976,0.000354,0.001436,0.001930,0.000023,0.000201,0.001709,0.000014,0.000001,0.004463,0.002930,2.137000,0.006122,0.000000,0.000000,0.000176,0,0
275100000000,275400000000,6283499093,177,317302976,0.000366,0.001482,0.001930,0.000023,0.000237,0.001711,0.000000,0.000001,0.004875,0.000072,2.438000,0.007660,0.000000,0.000000,0.000249,0,0
275400000000,275700000000,6283499093,177,317302976,0.000377,0.001442,0.001930,0.000023,0.000197,0.001715,0.000002,0.000001,0.005325,0.000571,2.477000,0.007718,0.000000,0.000000,0.000339,0,0
275700000000,276000000000,6283499093,177,317302976,0.000314,0.001446,0.001932,0.000023,0.000204,0.001709,0.000000,0.000001,0.004501,0.000000,2.215000,0.006615,0.000000,0.000000,0.000387,0,0
276000000000,276300000000,6283499093,177,317302976,0.000320,0.001493,0.001932,0.000024,0.000253,0.001707,0.000000,0.000001,0.004433,0.000072,2.179000,0.006130,0.000000,0.000000,0.000424,0,0
276300000000,276600000000,6283499093,177,317302976,0.000570,0.001469,0.001930,0.000024,0.000235,0.001720,0.000001,0.000001,0.061520,0.000143,2.485000,0.007527,0.000000,0.000000,0.000415,0,0
276600000000,276900000000,6283499093,177,317302976,0.001421,0.001476,0.001928,0.000030,0.000222,0.001831,0.000030,0.000001,0.065670,0.008148,2.696000,0.008938,0.000000,0.000000,0.000509,0,0
276900000000,277200000000,6283499093,177,317302976,0.000384,0.001467,0.001930,0.000030,0.000219,0.001726,0.000000,0.000001,0.004662,0.000000,2.593000,0.008378,0.000000,0.000000,0.000112,0,0
277200000000,277500000000,6283499093,177,317302976,0.000320,0.001469,0.001930,0.000026,0.000222,0.001715,0.000005,0.000001,0.004204,0.000929,2.323000,0.006916,0.000000,0.000000,0.000150,0,0
277500000000,277800000000,6283499093,177,317302976,0.000329,0.001501,0.001932,0.000025,0.000251,0.001724,0.000004,0.000001,0.040530,0.000215,1.996000,0.005515,0.000000,0.000000,0.000133,0,0
277800000000,278100000000,6283499093,177,317302976,0.000346,0.001476,0.001932,0.000052,0.000238,0.001717,0.000162,0.000001,0.004417,0.020940,2.370000,0.007286,0.000000,0.000000,0.000083,0,0
278100000000,278400000000,6283499093,177,317302976,0.000355,0.001322,0.001932,0.000100,0.000166,0.001436,0.000004,0.000001,0.004951,0.000072,2.469000,0.008104,0.000000,0.000000,0.000349,0,0
278400000000,278700000000,6283499093,177,317302976,0.000327,0.001318,0.001932,0.000100,0.000174,0.001377,0.000003,0.000001,0.004791,0.000143,2.011000,0.005798,0.000000,0.000000,0.000270,0,0
278700000000,279000000000,6283499093,177,317302976,0.000306,0.001318,0.001932,0.000100,0.000174,0.001396,0.000007,0.000001,0.004486,0.001215,2.231000,0.006730,0.000000,0.000000,0.000361,0,0
279000000000,279300000000,6283499093,177,317302976,0.000339,0.001312,0.001932,0.000100,0.000173,0.001387,0.000002,0.000001,0.004585,0.000143,1.965000,0.005477,0.000000,0.000000,0.000322,0,0
279300000000,279549000000,6283499093,177,317302976,0.000367,0.001301,0.001932,0.000100,0.000172,0.001383,0.000008,0.000001,0.012370,0.001499,2.265000,0.006948,0.000000,0.000000,0.000450,0,0
279549000000,279566000000,6283499093,177,317302976,0.000196,0.000000,0.000000,0.000000,0.000000,0.000000,0.000075,0.000001,0.003323,0.001286,3.619000,0.013220,0.000000,0.000000,0.000000,0,0
279566000000,279567000000,6283499093,177,317302976,0.000000,0.000000,0.000000,0.000000,0.000000,0.000000,0.000000,0.000001,0.000000,0.000000,3.619000,0.013220,0.000000,0.000000,0.000000,0,0
