272495000000,272562000000,6283499093,178,257406622,0.000000,0.000000,0.000000,0.000000,0.000000,0.000000,0.000000,0.000000,0.000000,0.000000,0.000000,0.000000,0.000000,0.000000,0.000000,0,0
272562000000,272700000000,6283499093,178,257406622,0.000676,0.001188,0.001909,0.000139,0.000338,0.001514,0.000545,0.000000,0.022670,0.030430,3.142000,0.010020,0.000000,0.000000,0.003975,0,0
272700000000,273000000000,6283499093,178,257406622,0.000383,0.001108,0.001907,0.000134,0.000308,0.001383,0.000000,0.000000,0.004738,0.000000,2.671000,0.007969,0.000000,0.000000,0.000623,0,0
273000000000,273300000000,6283499093,178,257406622,0.003414,0.001234,0.002064,0.000097,0.000267,0.002163,0.000029,0.000000,0.093380,0.002785,2.228000,0.005908,0.000000,0.000000,0.000663,0,0
273300000000,273600000000,6283499093,178,257406622,0.000385,0.001297,0.001909,0.000010,0.000170,0.001558,0.000000,0.000000,0.004753,0.000072,2.806000,0.008422,0.000000,0.000000,0.000174,0,0
273600000000,273900000000,6283499093,178,257406622,0.000375,0.001284,0.001909,0.000010,0.000165,0.001513,0.000000,0.000000,0.004189,0.000072,2.595000,0.007674,0.000000,0.000000,0.000278,0,0
273900000000,274200000000,6283499093,178,257406622,0.000408,0.001245,0.001909,0.000003,0.000115,0.001518,0.000000,0.000000,0.005180,0.000072,2.082000,0.005332,0.000000,0.000000,0.000104,0,0
274200000000,274500000000,6283499093,178,257406622,0.002316,0.001326,0.001907,0.000010,0.000162,0.001715,0.000057,0.000000,0.077510,0.012280,0.654000,0.000418,0.000000,0.000000,0.000259,0,0
274500000000,274800000000,6283499093,178,257406622,0.000509,0.001284,0.001905,0.000024,0.000156,0.001577,0.000000,0.000000,0.004814,0.000000,3.426000,0.011480,0.000000,0.000000,0.000229,0,0
274800000000,275100000000,6283499093,178,257406622,0.000502,0.001255,0.001907,0.000024,0.000130,0.001553,0.000001,0.000000,0.005348,0.000143,4.338000,0.015400,0.000000,0.000000,0.000625,0,0
275100000000,275400000000,6283499093,178,257406622,0.000416,0.001268,0.001907,0.000024,0.000145,0.001553,0.000002,0.000000,0.014720,0.000428,2.451000,0.007096,0.000000,0.000000,0.000232,0,0
275400000000,275700000000,6283499093,178,257406622,0.000380,0.001286,0.001907,0.000023,0.000164,0.001551,0.000001,0.000000,0.005112,0.000143,2.212000,0.006170,0.000000,0.000000,0.000204,0,0
275700000000,276000000000,6283499093,178,257406622,0.000378,0.001247,0.001909,0.000024,0.000126,0.001549,0.000001,0.000000,0.010470,0.000286,2.160000,0.005756,0.000000,0.000000,0.000182,0,0
276000000000,276300000000,6283499093,178,257406622,0.000360,0.001263,0.001907,0.000024,0.000134,0.001568,0.000001,0.000000,0.004868,0.000143,2.565000,0.007415,0.000000,0.000000,0.000322,0,0
276300000000,276600000000,6283499093,178,257406622,0.000387,0.001272,0.001907,0.000024,0.000127,0.001574,0.000000,0.000000,0.002556,0.000072,2.013000,0.004994,0.000000,0.000000,0.000201,0,0
276600000000,276900000000,6283499093,178,257406622,0.000344,0.001289,0.001907,0.000024,0.000143,0.001572,0.000000,0.000000,0.004768,0.000072,2.120000,0.005552,0.000000,0.000000,0.000314,0,0
276900000000,277200000000,6283499093,178,257406622,0.000362,0.001200,0.001907,0.000025,0.000144,0.001572,0.000002,0.000000,0.005547,0.000428,2.728000,0.008077,0.000000,0.000000,0.000098,0,0
277200000000,277309000000,6283499093,178,257406622,0.000314,0.000776,0.001907,0.000025,0.000104,0.001101,0.000077,0.000000,0.003429,0.008362,2.406000,0.006704,0.000000,0.000000,0.000190,0,0
277309000000,277329000000,6283499093,178,257406622,0.000153,0.000004,0.000000,0.000000,0.000000,0.000072,0.000197,0.000000,0.003059,0.003857,2.262000,0.006083,0.000000,0.000000,0.000000,0,0
277329000000,277330000000,6283499093,178,257406622,0.000000,0.000000,0.000000,0.000000,0.000000,0.000000,0.000000,0.000000,0.000000,0.000000,2.262000,0.006083,0.000000,0.000000,0.000000,0,0
