272505000000,272700000000,6283499093,179,1437827083,0.000000,0.000000,0.000000,0.000000,0.000000,0.000000,0.000000,0.000000,0.000000,0.000000,0.000000,0.000000,0.000000,0.000000,0.000000,0,0
272700000000,272711000000,6283499093,179,1437827083,0.000000,0.000000,0.000000,0.000000,0.000000,0.000000,0.000000,0.000000,0.000000,0.000000,0.000000,0.000000,0.000000,0.000000,0.000000,0,0
272711000000,273000000000,6283499093,179,1437827083,0.000426,0.001207,0.001932,0.000372,0.000795,0.001692,0.000775,0.000000,0.039980,0.021360,2.810000,0.009191,0.000000,0.000000,0.001261,0,0
273000000000,273300000000,6283499093,179,1437827083,0.000309,0.000931,0.001934,0.000367,0.000810,0.000943,0.000000,0.000000,0.006157,0.000000,4.518000,0.015940,0.000000,0.000000,0.000210,0,0
273300000000,273600000000,6283499093,179,1437827083,0.000379,0.000962,0.001932,0.000366,0.000810,0.000975,0.000001,0.000000,0.004372,0.000143,2.929000,0.008959,0.000000,0.000000,0.000468,0,0
273600000000,273900000000,6283499093,179,1437827083,0.000363,0.000962,0.001932,0.000365,0.000810,0.000977,0.000000,0.000000,0.005478,0.000072,3.729000,0.012370,0.000000,0.000000,0.000114,0,0
273900000000,274200000000,6283499093,179,1437827083,0.000315,0.000965,0.001934,0.000365,0.000810,0.000980,0.000000,0.000000,0.004074,0.000072,3.001000,0.009295,0.000000,0.000000,0.000079,0,0
274200000000,274500000000,6283499093,179,1437827083,0.000360,0.000959,0.001934,0.000365,0.000810,0.000976,0.000000,0.000000,0.004761,0.000072,2.970000,0.008331,0.000000,0.000000,0.000651,0,0
274500000000,274800000000,6283499093,179,1437827083,0.000357,0.000972,0.001934,0.000365,0.000810,0.000982,0.000002,0.000000,0.005043,0.000143,3.080000,0.009032,0.000000,0.000000,0.000092,0,0
274800000000,275100000000,6283499093,179,1437827083,0.000413,0.000999,0.001932,0.000368,0.000813,0.001032,0.000021,0.000000,0.007874,0.005714,1.896000,0.004362,0.000000,0.000000,0.000166,0,0
275100000000,275400000000,6283499093,179,1437827083,0.000335,0.000988,0.001932,0.000370,0.000816,0.001001,0.000001,0.000000,0.004219,0.000143,2.726000,0.007544,0.000000,0.000000,0.000249,0,0
275400000000,275700000000,6283499093,179,1437827083,0.000281,0.000977,0.001932,0.000367,0.000812,0.000978,0.000000,0.000000,0.001141,0.000000,3.242000,0.009754,0.000000,0.000000,0.000106,0,0
275700000000,276000000000,6283499093,179,1437827083,0.000278,0.000977,0.001932,0.000364,0.000811,0.000980,0.000000,0.000000,0.004730,0.000072,3.032000,0.008683,0.000000,0.000000,0.000136,0,0
276000000000,276300000000,6283499093,179,1437827083,0.000296,0.000986,0.001932,0.000364,0.000811,0.001005,0.000000,0.000000,0.005455,0.000000,2.779000,0.007692,0.000000,0.000000,0.000252,0,0
276300000000,276600000000,6283499093,179,1437827083,0.000308,0.000992,0.001932,0.000365,0.000811,0.001001,0.000000,0.000000,0.004364,0.000072,3.277000,0.009659,0.000000,0.000000,0.000273,0,0
276600000000,276900000000,6283499093,179,1437827083,0.000325,0.000996,0.001932,0.000365,0.000811,0.001005,0.000001,0.000000,0.005112,0.000143,3.192000,0.009409,0.000000,0.000000,0.000181,0,0
276900000000,277200000000,6283499093,179,1437827083,0.000339,0.001001,0.001932,0.000365,0.000811,0.001015,0.000001,0.000000,0.005058,0.000143,2.546000,0.006929,0.000000,0.000000,0.000208,0,0
277200000000,277500000000,6283499093,179,1437827083,0.000387,0.001003,0.001932,0.000365,0.000811,0.001017,0.000004,0.000000,0.005402,0.000357,3.246000,0.009886,0.000000,0.000000,0.000253,0,0
277500000000,277800000000,6283499093,179,1437827083,0.000385,0.001003,0.001932,0.000365,0.000811,0.001019,0.000004,0.000000,0.004272,0.000286,2.727000,0.007873,0.000000,0.000000,0.000217,0,0
277800000000,278100000000,6283499093,179,1437827083,0.000388,0.001005,0.001932,0.000365,0.000811,0.001020,0.000003,0.000000,0.003002,0.000143,2.913000,0.008701,0.000000,0.000000,0.000141,0,0
278100000000,278400000000,6283499093,179,1437827083,0.000391,0.001013,0.001932,0.000365,0.000811,0.001024,0.000004,0.000000,0.004623,0.000215,3.207000,0.009973,0.000000,0.000000,0.000167,0,0
278400000000,278700000000,6283499093,179,1437827083,0.000402,0.001040,0.001932,0.000364,0.000811,0.001060,0.000003,0.000000,0.022830,0.000143,1.823000,0.003900,0.000000,0.000000,0.000392,0,0
278700000000,279000000000,6283499093,179,1437827083,0.000337,0.001047,0.001932,0.000365,0.000811,0.001053,0.000003,0.000000,0.004433,0.000428,3.062000,0.009034,0.000000,0.000000,0.000344,0,0
279000000000,279300000000,6283499093,179,1437827083,0.000331,0.001055,0.001932,0.000365,0.000811,0.001070,0.000004,0.000000,0.004318,0.000571,2.966000,0.008833,0.000000,0.000000,0.000160,0,0
279300000000,279600000000,6283499093,179,1437827083,0.000371,0.001114,0.001932,0.000354,0.000812,0.001154,0.000010,0.000000,0.005348,0.002213,2.514000,0.007127,0.000000,0.000000,0.000351,0,0
279600000000,279900000000,6283499093,179,1437827083,0.000357,0.001087,0.001932,0.000351,0.000812,0.001101,0.000003,0.000000,0.005569,0.000215,2.719000,0.008109,0.000000,0.000000,0.000228,0,0
279900000000,280129000000,6283499093,179,1437827083,0.000373,0.001019,0.001930,0.000351,0.000812,0.001135,0.000006,0.000000,0.011060,0.000357,2.712000,0.007884,0.000000,0.000000,0.000372,0,0
280129000000,280142000000,6283499093,179,1437827083,0.000201,0.000000,0.000000,0.000000,0.000000,0.000000,0.000033,0.000000,0.002617,0.000428,2.420000,0.006759,0.000000,0.000000,0.000000,0,0
280142000000,280143000000,6283499093,179,1437827083,0.000000,0.000000,0.000000,0.000000,0.000000,0.000000,0.000000,0.000000,0.000000,0.000000,2.420000,0.006759,0.000000,0.000000,0.000000,0,0
