272499000000,272557000000,6283499093,18,1221695767,0.000000,0.000000,0.000000,0.000000,0.000000,0.000000,0.000000,0.000000,0.000000,0.000000,0.000000,0.000000,0.000000,0.000000,0.000000,0,0
272557000000,272700000000,6283499093,18,1221695767,0.000556,0.001143,0.001921,0.000187,0.000360,0.001514,0.000818,0.000000,0.014180,0.026790,2.450000,0.006296,0.000000,0.000000,0.000247,0,0
272700000000,273000000000,6283499093,18,1221695767,0.000498,0.001133,0.001921,0.000184,0.000392,0.001402,0.000001,0.000000,0.014100,0.000072,3.106000,0.009469,0.000000,0.000000,0.000122,0,0
273000000000,273300000000,6283499093,18,1221695767,0.000595,0.001141,0.001919,0.000186,0.000377,0.001402,0.000021,0.000000,0.006851,0.004715,2.887000,0.008121,0.000000,0.000000,0.000271,0,0
273300000000,273600000000,6283499093,18,1221695767,0.000470,0.001116,0.001919,0.000185,0.000350,0.001400,0.000001,0.000000,0.006401,0.000143,2.544000,0.006900,0.000000,0.000000,0.000362,0,0
273600000000,273900000000,6283499093,18,1221695767,0.000414,0.001097,0.001921,0.000185,0.000328,0.001402,0.000001,0.000000,0.004677,0.000072,2.153000,0.005223,0.000000,0.000000,0.000515,0,0
273900000000,274200000000,6283499093,18,1221695767,0.000419,0.001087,0.001921,0.000185,0.000314,0.001402,0.000001,0.000000,0.012280,0.000072,2.187000,0.005307,0.000000,0.000000,0.000413,0,0
274200000000,274500000000,6283499093,18,1221695767,0.000389,0.001074,0.001921,0.000185,0.000292,0.001404,0.000003,0.000000,0.004280,0.000643,2.794000,0.007881,0.000000,0.000000,0.000622,0,0
274500000000,274800000000,6283499093,18,1221695767,0.000355,0.001066,0.001921,0.000184,0.000274,0.001362,0.000001,0.000000,0.019130,0.000143,2.893000,0.008160,0.000000,0.000000,0.000170,0,0
274800000000,275100000000,6283499093,18,1221695767,0.000376,0.001022,0.001925,0.000183,0.000226,0.001209,0.000004,0.000000,0.008850,0.001072,2.361000,0.006035,0.000000,0.000000,0.000386,0,0
275100000000,275400000000,6283499093,18,1221695767,0.000367,0.001165,0.001926,0.000182,0.000371,0.001423,0.000000,0.000000,0.004456,0.000000,2.579000,0.007141,0.000000,0.000000,0.000150,0,0
275400000000,275700000000,6283499093,18,1221695767,0.000341,0.001396,0.001928,0.000182,0.000601,0.001425,0.000000,0.000000,0.004196,0.000072,2.462000,0.006393,0.000000,0.000000,0.000172,0,0
275700000000,276000000000,6283499093,18,1221695767,0.000340,0.001366,0.001928,0.000182,0.000572,0.001423,0.000000,0.000000,0.004257,0.000143,2.314000,0.005836,0.000000,0.000000,0.000170,0,0
276000000000,276300000000,6283499093,18,1221695767,0.000343,0.001308,0.001928,0.000183,0.000514,0.001423,0.000001,0.000000,0.001644,0.000072,2.273000,0.005670,0.000000,0.000000,0.000237,0,0
276300000000,276600000000,6283499093,18,1221695767,0.000449,0.001348,0.001928,0.000184,0.000564,0.001423,0.000029,0.000000,0.014540,0.004211,1.711000,0.003782,0.000000,0.000000,0.000129,0,0
276600000000,276900000000,6283499093,18,1221695767,0.000388,0.001329,0.001928,0.000183,0.000545,0.001415,0.000008,0.000000,0.005074,0.002144,2.695000,0.007484,0.000000,0.000000,0.000452,0,0
276900000000,277200000000,6283499093,18,1221695767,0.000395,0.001278,0.001926,0.000183,0.000491,0.001417,0.000001,0.000000,0.004509,0.000072,2.750000,0.007717,0.000000,0.000000,0.000093,0,0
277200000000,277500000000,6283499093,18,1221695767,0.000424,0.001245,0.001925,0.000180,0.000444,0.001465,0.000007,0.000000,0.004021,0.001143,2.871000,0.008139,0.000000,0.000000,0.000277,0,0
277500000000,277800000000,6283499093,18,1221695767,0.000437,0.001205,0.001923,0.000175,0.000390,0.001451,0.000015,0.000000,0.005898,0.002857,2.705000,0.007542,0.000000,0.000000,0.000197,0,0
277800000000,278049000000,6283499093,18,1221695767,0.000421,0.001217,0.001923,0.000175,0.000402,0.001451,0.000009,0.000000,0.005226,0.000571,2.779000,0.007880,0.000000,0.000000,0.000088,0,0
278049000000,278063000000,6283499093,18,1221695767,0.000199,0.000000,0.000000,0.000000,0.000000,0.000000,0.000056,0.000000,0.002792,0.000786,2.219000,0.005580,0.000000,0.000000,0.000000,0,0
278063000000,278064000000,6283499093,18,1221695767,0.000000,0.000000,0.000000,0.000000,0.000000,0.000000,0.000000,0.000000,0.000000,0.000000,2.219000,0.005580,0.000000,0.000000,0.000000,0,0
