272505000000,272637000000,6283499093,180,4802474338,0.000000,0.000000,0.000000,0.000000,0.000000,0.000000,0.000000,0.000000,0.000000,0.000000,0.000000,0.000000,0.000000,0.000000,0.000000,0,0
272637000000,272700000000,6283499093,180,4802474338,0.000944,0.001421,0.001930,0.000351,0.000729,0.001726,0.003952,0.000000,0.028200,0.042360,3.605000,0.000000,0.000000,0.000000,0.000089,0,0
272700000000,273000000000,6283499093,180,4802474338,0.000391,0.001143,0.001928,0.000383,0.000825,0.001724,0.000001,0.000000,0.005058,0.000215,3.247000,0.000000,0.000000,0.000000,0.000505,0,0
273000000000,273300000000,6283499093,180,4802474338,0.000391,0.000956,0.001928,0.000380,0.000824,0.000969,0.000003,0.000000,0.004356,0.000571,4.193000,0.000000,0.000000,0.000000,0.001171,0,0
273300000000,273600000000,6283499093,180,4802474338,0.000396,0.000988,0.001928,0.000379,0.000823,0.000994,0.000000,0.000000,0.017360,0.000072,2.786000,0.000000,0.000000,0.000000,0.000116,0,0
273600000000,273900000000,6283499093,180,4802474338,0.000372,0.000975,0.001928,0.000379,0.000823,0.000977,0.000000,0.000000,0.004898,0.000072,3.114000,0.000000,0.000000,0.000000,0.000145,0,0
273900000000,274200000000,6283499093,180,4802474338,0.000430,0.001003,0.001930,0.000379,0.000823,0.001026,0.000001,0.000000,0.022280,0.000072,2.037000,0.000000,0.000000,0.000000,0.000409,0,0
274200000000,274500000000,6283499093,180,4802474338,0.000405,0.001019,0.001930,0.000379,0.000823,0.001028,0.000003,0.000000,0.005516,0.000143,2.872000,0.000000,0.000000,0.000000,0.000826,0,0
274500000000,274800000000,6283499093,180,4802474338,0.000350,0.001017,0.001925,0.000379,0.000541,0.001375,0.000000,0.000000,0.005119,0.000000,3.684000,0.000000,0.000000,0.000000,0.000662,0,0
274800000000,275100000000,6283499093,180,4802474338,0.000406,0.000988,0.001925,0.000380,0.000409,0.001179,0.000021,0.000000,0.007057,0.004715,2.897000,0.000000,0.000000,0.000000,0.000431,0,0
275100000000,275400000000,6283499093,180,4802474338,0.000380,0.001347,0.001923,0.000378,0.000753,0.001417,0.000000,0.000000,0.004692,0.000072,3.424000,0.000000,0.000000,0.000000,0.000380,0,0
275400000000,275700000000,6283499093,180,4802474338,0.000366,0.001308,0.001923,0.000378,0.000713,0.001423,0.000001,0.000000,0.004425,0.000072,2.869000,0.000000,0.000000,0.000000,0.000388,0,0
275700000000,276000000000,6283499093,180,4802474338,0.000487,0.001265,0.001921,0.000378,0.000652,0.001442,0.000006,0.000000,0.004326,0.001286,2.212000,0.000000,0.000000,0.000000,0.000336,0,0
276000000000,276300000000,6283499093,180,4802474338,0.000561,0.001238,0.001919,0.000378,0.000617,0.001444,0.000000,0.000000,0.004883,0.000072,5.412000,0.000000,0.000000,0.000000,0.000671,0,0
276300000000,276600000000,6283499093,180,4802474338,0.000496,0.001135,0.001919,0.000378,0.000510,0.001448,0.000016,0.000000,0.034480,0.002571,4.914000,0.000000,0.000000,0.000000,0.000393,0,0
276600000000,276900000000,6283499093,180,4802474338,0.000353,0.001408,0.001925,0.000378,0.000780,0.001461,0.000001,0.000000,0.005287,0.000143,3.322000,0.000000,0.000000,0.000000,0.000240,0,0
276900000000,277200000000,6283499093,180,4802474338,0.000377,0.001339,0.001925,0.000375,0.000709,0.001450,0.000000,0.000000,0.008270,0.000072,4.415000,0.000000,0.000000,0.000000,0.000305,0,0
277200000000,277500000000,6283499093,180,4802474338,0.000357,0.001286,0.001923,0.000374,0.000654,0.001451,0.000003,0.000000,0.005318,0.000072,3.739000,0.000000,0.000000,0.000000,0.000208,0,0
277500000000,277800000000,6283499093,180,4802474338,0.000336,0.001202,0.001919,0.000373,0.000565,0.001461,0.000004,0.000000,0.005348,0.000286,3.014000,0.000000,0.000000,0.000000,0.000200,0,0
277800000000,278100000000,6283499093,180,4802474338,0.000338,0.001146,0.001921,0.000374,0.000509,0.001465,0.000006,0.000000,0.005714,0.000500,2.825000,0.000000,0.000000,0.000000,0.000113,0,0
278100000000,278400000000,6283499093,180,4802474338,0.000461,0.001205,0.001921,0.000366,0.000543,0.001501,0.000008,0.000000,0.006233,0.001215,3.773000,0.000000,0.000000,0.000000,0.000289,0,0
278400000000,278700000000,6283499093,180,4802474338,0.000455,0.001268,0.001921,0.000361,0.000602,0.001490,0.000004,0.000000,0.007996,0.000215,3.812000,0.000000,0.000000,0.000000,0.000295,0,0
278700000000,279000000000,6283499093,180,4802474338,0.000373,0.001251,0.001923,0.000361,0.000585,0.001490,0.000002,0.000000,0.005447,0.000072,3.310000,0.000000,0.000000,0.000000,0.000261,0,0
279000000000,279300000000,6283499093,180,4802474338,0.000364,0.001266,0.001923,0.000361,0.000595,0.001499,0.000007,0.000000,0.005432,0.000571,2.960000,0.000000,0.000000,0.000000,0.000189,0,0
279300000000,279600000000,6283499093,180,4802474338,0.000340,0.001179,0.001926,0.000443,0.000559,0.001492,0.000303,0.000000,0.004837,0.030360,2.964000,0.000000,0.000000,0.000000,0.000181,0,0
279600000000,279900000000,6283499093,180,4802474338,0.000364,0.001125,0.001926,0.000473,0.000567,0.001171,0.000101,0.000000,0.002232,0.025150,3.017000,0.000000,0.000000,0.000000,0.000189,0,0
279900000000,280060000000,6283499093,180,4802474338,0.000438,0.001091,0.001925,0.000475,0.000592,0.001156,0.000211,0.000000,0.008240,0.024410,2.882000,0.000000,0.000000,0.000000,0.000108,0,0
280060000000,280073000000,6283499093,180,4802474338,0.000191,0.000000,0.000000,0.000000,0.000000,0.000000,0.000143,0.000000,0.002480,0.001286,2.055000,0.000000,0.000000,0.000000,0.000000,0,0
280073000000,280074000000,6283499093,180,4802474338,0.000000,0.000000,0.000000,0.000000,0.000000,0.000000,0.000000,0.000000,0.000000,0.000000,2.055000,0.000000,0.000000,0.000000,0.000000,0,0
