272502000000,272700000000,6283499093,181,317278642,0.000000,0.000000,0.000000,0.000000,0.000000,0.000000,0.000000,0.000000,0.000000,0.000000,0.000000,0.000000,0.000000,0.000000,0.000000,0,0
272700000000,272716000000,6283499093,181,317278642,0.000000,0.000000,0.000000,0.000000,0.000000,0.000000,0.000000,0.000000,0.000000,0.000000,0.000000,0.000000,0.000000,0.000000,0.000000,0,0
272716000000,273000000000,6283499093,181,317278642,0.000367,0.000967,0.001925,0.000206,0.000314,0.001390,0.000286,0.000000,0.016690,0.010790,9.648000,0.038830,0.000000,0.000000,0.000050,0,0
273000000000,273300000000,6283499093,181,317278642,0.000313,0.001062,0.001925,0.000209,0.000411,0.001305,0.000000,0.000000,0.002361,0.000072,7.408000,0.027760,0.000000,0.000000,0.000274,0,0
273300000000,273600000000,6283499093,181,317278642,0.000346,0.001156,0.001926,0.000209,0.000502,0.001310,0.000000,0.000000,0.004623,0.000072,3.385000,0.010650,0.000000,0.000000,0.000403,0,0
273600000000,273900000000,6283499093,181,317278642,0.000367,0.001177,0.001928,0.000209,0.000513,0.001320,0.000000,0.000000,0.004852,0.000072,3.562000,0.011090,0.000000,0.000000,0.000259,0,0
273900000000,274200000000,6283499093,181,317278642,0.000371,0.000971,0.001925,0.000208,0.000302,0.001329,0.000000,0.000000,0.016750,0.000072,3.137000,0.009523,0.000000,0.000000,0.000429,0,0
274200000000,274500000000,6283499093,181,317278642,0.000564,0.001080,0.001921,0.000212,0.000361,0.001383,0.000016,0.000000,0.007423,0.003929,3.236000,0.009900,0.000000,0.000000,0.000358,0,0
274500000000,274800000000,6283499093,181,317278642,0.000514,0.001101,0.001921,0.000211,0.000370,0.001392,0.000004,0.000000,0.016420,0.000643,2.526000,0.006845,0.000000,0.000000,0.000817,0,0
274800000000,275100000000,6283499093,181,317278642,0.000367,0.001122,0.001923,0.000209,0.000384,0.001394,0.000000,0.000000,0.006577,0.000000,3.662000,0.011490,0.000000,0.000000,0.000196,0,0
275100000000,275400000000,6283499093,181,317278642,0.000372,0.001146,0.001923,0.000209,0.000404,0.001394,0.000003,0.000000,0.004501,0.000714,3.577000,0.011180,0.000000,0.000000,0.000316,0,0
275400000000,275700000000,6283499093,181,317278642,0.000330,0.001167,0.001925,0.000209,0.000428,0.001394,0.000002,0.000000,0.006340,0.000428,3.398000,0.010230,0.000000,0.000000,0.000610,0,0
275700000000,276000000000,6283499093,181,317278642,0.000300,0.001183,0.001925,0.000209,0.000440,0.001398,0.000003,0.000000,0.007263,0.000643,3.332000,0.009853,0.000000,0.000000,0.000156,0,0
276000000000,276300000000,6283499093,181,317278642,0.000297,0.001219,0.001926,0.000208,0.000475,0.001398,0.000007,0.000000,0.001320,0.001642,3.778000,0.011100,0.000000,0.000000,0.000073,0,0
276300000000,276600000000,6283499093,181,317278642,0.000282,0.001251,0.001926,0.000209,0.000508,0.001400,0.000000,0.000000,0.003479,0.000072,2.855000,0.008021,0.000000,0.000000,0.000225,0,0
276600000000,276900000000,6283499093,181,317278642,0.000297,0.001301,0.001928,0.000209,0.000560,0.001396,0.000000,0.000000,0.004715,0.000072,2.844000,0.007931,0.000000,0.000000,0.000715,0,0
276900000000,277200000000,6283499093,181,317278642,0.000387,0.001289,0.001928,0.000210,0.000550,0.001400,0.000019,0.000000,0.005951,0.001499,2.879000,0.008250,0.000000,0.000000,0.000445,0,0
277200000000,277500000000,6283499093,181,317278642,0.000353,0.000999,0.001926,0.000212,0.000260,0.001238,0.000061,0.000000,0.003899,0.008072,4.101000,0.013160,0.000000,0.000000,0.000284,0,0
277500000000,277800000000,6283499093,181,317278642,0.000317,0.001055,0.001928,0.000243,0.000340,0.001238,0.000359,0.000000,0.004562,0.017850,3.262000,0.009692,0.000000,0.000000,0.000108,0,0
277800000000,278100000000,6283499093,181,317278642,0.000282,0.000997,0.001928,0.000250,0.000303,0.001060,0.000126,0.000000,0.005638,0.013350,2.612000,0.007384,0.000000,0.000000,0.000075,0,0
278100000000,278400000000,6283499093,181,317278642,0.000357,0.001081,0.001932,0.000350,0.000442,0.001156,0.000463,0.000000,0.014080,0.021210,3.610000,0.010920,0.000000,0.000000,0.000638,0,0
278400000000,278700000000,6283499093,181,317278642,0.000373,0.001078,0.001932,0.000364,0.000498,0.001156,0.000006,0.000000,0.007477,0.000571,3.806000,0.012550,0.000000,0.000000,0.000359,0,0
278700000000,279000000000,6283499093,181,317278642,0.000373,0.001051,0.001932,0.000364,0.000498,0.001064,0.000007,0.000000,0.004990,0.001072,2.910000,0.008872,0.000000,0.000000,0.000195,0,0
279000000000,279300000000,6283499093,181,317278642,0.000317,0.001047,0.001932,0.000364,0.000498,0.001062,0.000004,0.000000,0.004669,0.000500,2.944000,0.008707,0.000000,0.000000,0.000277,0,0
279300000000,279600000000,6283499093,181,317278642,0.000333,0.001072,0.001932,0.000380,0.000519,0.001116,0.000034,0.000000,0.005203,0.009506,2.640000,0.007358,0.000000,0.000000,0.000178,0,0
279600000000,279900000000,6283499093,181,317278642,0.000396,0.001062,0.001932,0.000382,0.000523,0.001078,0.000010,0.000000,0.006805,0.001499,2.452000,0.006874,0.000000,0.000000,0.000090,0,0
279900000000,279930000000,6283499093,181,317278642,0.000636,0.000865,0.001928,0.000382,0.000526,0.001078,0.001007,0.000000,0.014240,0.015080,3.079000,0.009718,0.000000,0.000000,0.000309,0,0
279930000000,279940000000,6283499093,181,317278642,0.000260,0.000000,0.000000,0.000000,0.000000,0.000000,0.000111,0.000000,0.002609,0.001215,3.103000,0.009795,0.000000,0.000000,0.000000,0,0
279940000000,279942000000,6283499093,181,317278642,0.000000,0.000000,0.000000,0.000000,0.000000,0.000000,0.000000,0.000000,0.000000,0.000000,3.103000,0.009795,0.000000,0.000000,0.000000,0,0
