272493000000,272593000000,6283499093,182,3606445419,0.000000,0.000000,0.000000,0.000000,0.000000,0.000000,0.000000,0.000000,0.000000,0.000000,0.000000,0.000000,0.000000,0.000000,0.000000,0,0
272593000000,272700000000,6283499093,182,3606445419,0.000666,0.001324,0.001925,0.000361,0.000592,0.001720,0.003113,0.000000,0.022460,0.055110,1.286000,0.001820,0.000000,0.000000,0.000113,0,0
272700000000,273000000000,6283499093,182,3606445419,0.000349,0.001045,0.001921,0.000383,0.000518,0.001501,0.000000,0.000000,0.004501,0.000000,2.925000,0.008562,0.000000,0.000000,0.000223,0,0
273000000000,273300000000,6283499093,182,3606445419,0.000388,0.001038,0.001921,0.000382,0.000507,0.001354,0.000000,0.000000,0.009827,0.000072,2.609000,0.007342,0.000000,0.000000,0.000439,0,0
273300000000,273600000000,6283499093,182,3606445419,0.000353,0.001020,0.001921,0.000382,0.000482,0.001352,0.000000,0.000000,0.004189,0.000000,2.779000,0.007980,0.000000,0.000000,0.000160,0,0
273600000000,273900000000,6283499093,182,3606445419,0.000336,0.000971,0.001923,0.000382,0.000431,0.001200,0.000000,0.000000,0.003548,0.000143,2.571000,0.007043,0.000000,0.000000,0.000188,0,0
273900000000,274200000000,6283499093,182,3606445419,0.000321,0.001263,0.001926,0.000382,0.000723,0.001368,0.000000,0.000000,0.003857,0.000072,2.303000,0.006030,0.000000,0.000000,0.000197,0,0
274200000000,274500000000,6283499093,182,3606445419,0.000423,0.001280,0.001925,0.000382,0.000730,0.001390,0.000010,0.000000,0.027890,0.002499,2.669000,0.007719,0.000000,0.000000,0.000245,0,0
274500000000,274800000000,6283499093,182,3606445419,0.000638,0.001265,0.001919,0.000382,0.000673,0.001429,0.000007,0.000000,0.030090,0.001358,3.565000,0.011480,0.000000,0.000000,0.000357,0,0
274800000000,275100000000,6283499093,182,3606445419,0.000562,0.001202,0.001919,0.000382,0.000609,0.001421,0.000000,0.000000,0.004715,0.000072,3.695000,0.012160,0.000000,0.000000,0.000320,0,0
275100000000,275400000000,6283499093,182,3606445419,0.000335,0.001143,0.001919,0.000382,0.000551,0.001421,0.000000,0.000000,0.001596,0.000072,2.595000,0.007133,0.000000,0.000000,0.000254,0,0
275400000000,275700000000,6283499093,182,3606445419,0.000321,0.001070,0.001919,0.000380,0.000477,0.001411,0.000000,0.000000,0.005280,0.000072,2.476000,0.006754,0.000000,0.000000,0.000186,0,0
275700000000,276000000000,6283499093,182,3606445419,0.000370,0.001202,0.001923,0.000380,0.000607,0.001436,0.000008,0.000000,0.016910,0.001215,2.397000,0.006763,0.000000,0.000000,0.000544,0,0
276000000000,276300000000,6283499093,182,3606445419,0.000405,0.001316,0.001923,0.000380,0.000720,0.001427,0.000000,0.000000,0.004425,0.000072,3.597000,0.012190,0.000000,0.000000,0.000391,0,0
276300000000,276600000000,6283499093,182,3606445419,0.000423,0.001249,0.001921,0.000380,0.000648,0.001434,0.000001,0.000000,0.005386,0.000072,2.825000,0.008774,0.000000,0.000000,0.000236,0,0
276600000000,276900000000,6283499093,182,3606445419,0.000357,0.001181,0.001919,0.000380,0.000573,0.001434,0.000004,0.000000,0.004539,0.000999,2.823000,0.008581,0.000000,0.000000,0.000211,0,0
276900000000,277200000000,6283499093,182,3606445419,0.000345,0.001099,0.001919,0.000380,0.000490,0.001432,0.000000,0.000000,0.004570,0.000000,2.627000,0.007783,0.000000,0.000000,0.000222,0,0
277200000000,277500000000,6283499093,182,3606445419,0.000272,0.001070,0.001921,0.000398,0.000462,0.001236,0.000373,0.000000,0.004280,0.043760,3.277000,0.010730,0.000000,0.000000,0.000117,0,0
277500000000,277800000000,6283499093,182,3606445419,0.000290,0.001047,0.001923,0.000402,0.000440,0.001116,0.000441,0.000000,0.002720,0.048710,3.552000,0.011990,0.000000,0.000000,0.000310,0,0
277800000000,277929000000,6283499093,182,3606445419,0.000370,0.001074,0.001923,0.000394,0.000444,0.001160,0.000022,0.000000,0.005569,0.001286,2.934000,0.009119,0.000000,0.000000,0.000158,0,0
277929000000,277948000000,6283499093,182,3606445419,0.000158,0.000047,0.000000,0.000000,0.000000,0.000890,0.000041,0.000000,0.003002,0.000571,2.560000,0.007674,0.000000,0.000000,0.000000,0,0
277948000000,277949000000,6283499093,182,3606445419,0.000000,0.000000,0.000000,0.000000,0.000000,0.000000,0.000000,0.000000,0.000000,0.000000,2.560000,0.007674,0.000000,0.000000,0.000000,0,0
