272502000000,272590000000,6283499093,183,4302671845,0.000000,0.000000,0.000000,0.000000,0.000000,0.000000,0.000000,0.000000,0.000000,0.000000,0.000000,0.000000,0.000000,0.000000,0.000000,0,0
272590000000,272700000000,6283499093,183,4302671845,0.000607,0.001463,0.001806,0.000278,0.000693,0.001623,0.001448,0.000000,0.046690,0.045470,1.200000,0.001794,0.000000,0.000000,0.000399,0,0
272700000000,273000000000,6283499093,183,4302671845,0.000333,0.001009,0.001806,0.000290,0.000733,0.001360,0.000001,0.000000,0.004318,0.000215,2.476000,0.007350,0.000000,0.000000,0.000069,0,0
273000000000,273300000000,6283499093,183,4302671845,0.000331,0.000950,0.001806,0.000287,0.000732,0.000964,0.000005,0.000000,0.004417,0.001215,2.245000,0.006647,0.000000,0.000000,0.000160,0,0
273300000000,273600000000,6283499093,183,4302671845,0.000376,0.000992,0.001806,0.000288,0.000732,0.001003,0.000001,0.000000,0.010100,0.000072,1.522000,0.003187,0.000000,0.000000,0.000126,0,0
273600000000,273900000000,6283499093,183,4302671845,0.000388,0.000990,0.001806,0.000288,0.000732,0.001001,0.000001,0.000000,0.007622,0.000072,2.343000,0.007093,0.000000,0.000000,0.000726,0,0
273900000000,274200000000,6283499093,183,4302671845,0.000351,0.000986,0.001806,0.000288,0.000732,0.001001,0.000000,0.000000,0.003990,0.000000,2.438000,0.007487,0.000000,0.000000,0.000637,0,0
274200000000,274500000000,6283499093,183,4302671845,0.000369,0.000994,0.001806,0.000288,0.000732,0.001005,0.000013,0.000000,0.009949,0.002857,2.208000,0.006479,0.000000,0.000000,0.000063,0,0
274500000000,274800000000,6283499093,183,4302671845,0.000310,0.000988,0.001806,0.000288,0.000732,0.001005,0.000000,0.000000,0.001467,0.000000,2.645000,0.008256,0.000000,0.000000,0.000730,0,0
274800000000,275100000000,6283499093,183,4302671845,0.000310,0.000982,0.001806,0.000288,0.000732,0.000984,0.000000,0.000000,0.004356,0.000072,2.430000,0.007351,0.000000,0.000000,0.000340,0,0
275100000000,275400000000,6283499093,183,4302671845,0.000296,0.000980,0.001806,0.000288,0.000732,0.000982,0.000000,0.000000,0.004326,0.000000,2.385000,0.006837,0.000000,0.000000,0.000244,0,0
275400000000,275700000000,6283499093,183,4302671845,0.000294,0.000990,0.001806,0.000288,0.000732,0.001007,0.000000,0.000000,0.004051,0.000072,2.274000,0.006593,0.000000,0.000000,0.000075,0,0
275700000000,276000000000,6283499093,183,4302671845,0.000659,0.001106,0.001804,0.000284,0.000744,0.001173,0.000069,0.000000,0.049990,0.004929,0.991600,0.001856,0.000000,0.000000,0.000280,0,0
276000000000,276300000000,6283499093,183,4302671845,0.000526,0.001099,0.001802,0.000279,0.000744,0.001116,0.000006,0.000000,0.011580,0.000929,2.642000,0.008541,0.000000,0.000000,0.000376,0,0
276300000000,276600000000,6283499093,183,4302671845,0.000450,0.001116,0.001804,0.000279,0.000745,0.001127,0.000000,0.000000,0.004982,0.000072,3.177000,0.011330,0.000000,0.000000,0.000139,0,0
276600000000,276900000000,6283499093,183,4302671845,0.000406,0.001118,0.001804,0.000279,0.000745,0.001127,0.000000,0.000000,0.004730,0.000072,3.255000,0.012000,0.000000,0.000000,0.000219,0,0
276900000000,277200000000,6283499093,183,4302671845,0.000375,0.001118,0.001804,0.000279,0.000745,0.001127,0.000000,0.000000,0.005203,0.000000,2.491000,0.007862,0.000000,0.000000,0.000190,0,0
277200000000,277500000000,6283499093,183,4302671845,0.000342,0.001143,0.001934,0.000262,0.000730,0.001175,0.000004,0.000000,0.006218,0.000357,2.265000,0.006910,0.000000,0.000000,0.000132,0,0
277500000000,277620000000,6283499093,183,4302671845,0.007072,0.001350,0.002121,0.000026,0.000423,0.001644,0.000413,0.000000,0.068850,0.014860,0.561700,0.000189,0.000000,0.000000,0.061100,0,0
277620000000,277636000000,6283499093,183,4302671845,0.000159,0.000000,0.000000,0.000000,0.000000,0.000000,0.000138,0.000000,0.002556,0.001928,2.394000,0.007613,0.000000,0.000000,0.000000,0,0
277636000000,277637000000,6283499093,183,4302671845,0.000000,0.000000,0.000000,0.000000,0.000000,0.000000,0.000000,0.000000,0.000000,0.000000,2.394000,0.007613,0.000000,0.000000,0.000000,0,0
