272500000000,272586000000,6283499093,184,4469828987,0.000000,0.000000,0.000000,0.000000,0.000000,0.000000,0.000000,0.000000,0.000000,0.000000,0.000000,0.000000,0.000000,0.000000,0.000000,0,0
272586000000,272700000000,6283499093,184,4469828987,0.000770,0.001516,0.001930,0.000280,0.000695,0.001659,0.001656,0.000000,0.015320,0.060120,2.964000,0.009349,0.000000,0.000000,0.000149,0,0
272700000000,273000000000,6283499093,184,4469828987,0.000408,0.001036,0.001930,0.000284,0.000729,0.001392,0.000010,0.000000,0.007744,0.002716,2.899000,0.008849,0.000000,0.000000,0.000208,0,0
273000000000,273300000000,6283499093,184,4469828987,0.000432,0.000992,0.001930,0.000285,0.000729,0.001005,0.000007,0.000000,0.004066,0.001642,3.312000,0.011250,0.000000,0.000000,0.000471,0,0
273300000000,273600000000,6283499093,184,4469828987,0.000405,0.000996,0.001930,0.000285,0.000730,0.001009,0.000003,0.000000,0.014820,0.000857,2.884000,0.009126,0.000000,0.000000,0.000663,0,0
273600000000,273900000000,6283499093,184,4469828987,0.000367,0.000990,0.001930,0.000285,0.000730,0.000997,0.000000,0.000000,0.007874,0.000143,2.670000,0.008061,0.000000,0.000000,0.000654,0,0
273900000000,274200000000,6283499093,184,4469828987,0.000334,0.000999,0.001930,0.000285,0.000730,0.001011,0.000000,0.000000,0.004593,0.000143,2.526000,0.007276,0.000000,0.000000,0.000093,0,0
274200000000,274500000000,6283499093,184,4469828987,0.000340,0.001001,0.001930,0.000285,0.000730,0.001011,0.000003,0.000000,0.004379,0.000714,2.476000,0.006849,0.000000,0.000000,0.000168,0,0
274500000000,274800000000,6283499093,184,4469828987,0.000322,0.001001,0.001930,0.000285,0.000730,0.001011,0.000000,0.000000,0.004166,0.000000,2.384000,0.006597,0.000000,0.000000,0.000214,0,0
274800000000,275100000000,6283499093,184,4469828987,0.000324,0.000994,0.001932,0.000285,0.000730,0.001009,0.000000,0.000000,0.004845,0.000072,2.547000,0.007270,0.000000,0.000000,0.000277,0,0
275100000000,275400000000,6283499093,184,4469828987,0.000329,0.001003,0.001932,0.000285,0.000730,0.001013,0.000000,0.000000,0.005318,0.000000,2.400000,0.006654,0.000000,0.000000,0.000113,0,0
275400000000,275700000000,6283499093,184,4469828987,0.000336,0.001001,0.001932,0.000285,0.000730,0.001015,0.000001,0.000000,0.005524,0.000143,2.655000,0.007760,0.000000,0.000000,0.000168,0,0
275700000000,276000000000,6283499093,184,4469828987,0.001846,0.001179,0.001928,0.000283,0.000744,0.001226,0.000062,0.000000,0.074340,0.007004,2.898000,0.008801,0.000000,0.000000,0.000362,0,0
276000000000,276300000000,6283499093,184,4469828987,0.000480,0.001127,0.001928,0.000276,0.000741,0.001143,0.000000,0.000000,0.005264,0.000072,3.382000,0.010930,0.000000,0.000000,0.000211,0,0
276300000000,276600000000,6283499093,184,4469828987,0.000399,0.001226,0.001926,0.000276,0.000619,0.001518,0.000000,0.000000,0.004417,0.000072,3.357000,0.010520,0.000000,0.000000,0.000203,0,0
276600000000,276900000000,6283499093,184,4469828987,0.000384,0.001312,0.001923,0.000276,0.000534,0.001526,0.000001,0.000000,0.005272,0.000143,2.503000,0.006863,0.000000,0.000000,0.000199,0,0
276900000000,277200000000,6283499093,184,4469828987,0.000382,0.001217,0.001923,0.000276,0.000447,0.001513,0.000000,0.000000,0.008133,0.000000,3.115000,0.009378,0.000000,0.000000,0.000488,0,0
277200000000,277500000000,6283499093,184,4469828987,0.000388,0.001339,0.001925,0.000276,0.000565,0.001522,0.000002,0.000000,0.005775,0.000143,2.980000,0.008826,0.000000,0.000000,0.000171,0,0
277500000000,277800000000,6283499093,184,4469828987,0.000419,0.001192,0.001923,0.000301,0.000429,0.001509,0.000468,0.000000,0.006310,0.036800,2.503000,0.006877,0.000000,0.000000,0.000209,0,0
277800000000,278100000000,6283499093,184,4469828987,0.000403,0.001154,0.001926,0.000352,0.000444,0.001209,0.000371,0.000000,0.005630,0.036320,2.925000,0.008825,0.000000,0.000000,0.000323,0,0
278100000000,278280000000,6283499093,184,4469828987,0.000567,0.001162,0.001928,0.000392,0.000510,0.001175,0.000376,0.000000,0.010710,0.029850,2.666000,0.007847,0.000000,0.000000,0.000183,0,0
278280000000,278296000000,6283499093,184,4469828987,0.000163,0.000000,0.000000,0.000000,0.000000,0.000000,0.000045,0.000000,0.002609,0.000571,1.669000,0.003249,0.000000,0.000000,0.000000,0,0
278296000000,278298000000,6283499093,184,4469828987,0.000000,0.000000,0.000000,0.000000,0.000000,0.000000,0.000000,0.000000,0.000000,0.000000,1.669000,0.003249,0.000000,0.000000,0.000000,0,0
