272499000000,272598000000,6283499093,185,1301878,0.000000,0.000000,0.000000,0.000000,0.000000,0.000000,0.000000,0.000000,0.000000,0.000000,0.000000,0.000000,0.000000,0.000000,0.000000,0,0
272598000000,272700000000,6283499093,185,1301878,0.000747,0.001534,0.001907,0.000252,0.000672,0.001642,0.001738,0.000000,0.028290,0.060240,1.281000,0.002355,0.000000,0.000000,0.003345,0,0
272700000000,273000000000,6283499093,185,1301878,0.000394,0.001055,0.001911,0.000254,0.000696,0.001455,0.000000,0.000000,0.001564,0.000000,2.570000,0.007290,0.000000,0.000000,0.000330,0,0
273000000000,273300000000,6283499093,185,1301878,0.000392,0.000992,0.001911,0.000253,0.000696,0.000997,0.000015,0.000000,0.004601,0.003216,2.604000,0.007582,0.000000,0.000000,0.000577,0,0
273300000000,273600000000,6283499093,185,1301878,0.000357,0.000980,0.001913,0.000255,0.000699,0.000996,0.000010,0.000000,0.005165,0.002644,2.473000,0.006894,0.000000,0.000000,0.000245,0,0
273600000000,273900000000,6283499093,185,1301878,0.000340,0.000982,0.001913,0.000256,0.000699,0.000996,0.000000,0.000000,0.004417,0.000072,2.404000,0.006643,0.000000,0.000000,0.000986,0,0
273900000000,274200000000,6283499093,185,1301878,0.000378,0.000992,0.001913,0.000257,0.000701,0.001003,0.000008,0.000000,0.007057,0.002144,1.884000,0.004538,0.000000,0.000000,0.000680,0,0
274200000000,274500000000,6283499093,185,1301878,0.000347,0.000980,0.001913,0.000257,0.000701,0.000988,0.000010,0.000000,0.004211,0.001858,2.449000,0.006926,0.000000,0.000000,0.000156,0,0
274500000000,274800000000,6283499093,185,1301878,0.000331,0.000986,0.001915,0.000258,0.000702,0.000999,0.000001,0.000000,0.004349,0.000286,2.519000,0.007203,0.000000,0.000000,0.000137,0,0
274800000000,275100000000,6283499093,185,1301878,0.000320,0.000980,0.001921,0.000258,0.000703,0.000997,0.000000,0.000000,0.004845,0.000072,2.253000,0.006027,0.000000,0.000000,0.000158,0,0
275100000000,275400000000,6283499093,185,1301878,0.000328,0.000978,0.001928,0.000258,0.000703,0.000994,0.000000,0.000000,0.004143,0.000000,2.469000,0.006652,0.000000,0.000000,0.000175,0,0
275400000000,275700000000,6283499093,185,1301878,0.000343,0.000994,0.001934,0.000258,0.000703,0.001017,0.000001,0.000000,0.009232,0.000143,2.147000,0.005417,0.000000,0.000000,0.000109,0,0
275700000000,276000000000,6283499093,185,1301878,0.000413,0.001024,0.001932,0.000264,0.000711,0.001055,0.000029,0.000000,0.006371,0.006218,2.487000,0.006990,0.000000,0.000000,0.000444,0,0
276000000000,276300000000,6283499093,185,1301878,0.000398,0.000999,0.001932,0.000266,0.000711,0.001017,0.000000,0.000000,0.016110,0.000072,2.168000,0.005712,0.000000,0.000000,0.000171,0,0
276300000000,276600000000,6283499093,185,1301878,0.000366,0.001005,0.001932,0.000266,0.000711,0.001017,0.000000,0.000000,0.004372,0.000000,2.609000,0.007409,0.000000,0.000000,0.000257,0,0
276600000000,276900000000,6283499093,185,1301878,0.000360,0.001011,0.001932,0.000266,0.000711,0.001020,0.000000,0.000000,0.004730,0.000072,2.679000,0.007647,0.000000,0.000000,0.000227,0,0
276900000000,277200000000,6283499093,185,1301878,0.000318,0.001001,0.001932,0.000266,0.000711,0.001020,0.000000,0.000000,0.004227,0.000000,2.262000,0.005926,0.000000,0.000000,0.000412,0,0
277200000000,277500000000,6283499093,185,1301878,0.000368,0.001015,0.001932,0.000262,0.000708,0.001026,0.000004,0.000000,0.005959,0.000357,2.135000,0.005453,0.000000,0.000000,0.000525,0,0
277500000000,277800000000,6283499093,185,1301878,0.000400,0.001034,0.001932,0.000261,0.000709,0.001114,0.000023,0.000000,0.004738,0.005501,2.542000,0.007187,0.000000,0.000000,0.000730,0,0
277800000000,278100000000,6283499093,185,1301878,0.000377,0.001070,0.001930,0.000258,0.000718,0.001114,0.000005,0.000000,0.004524,0.000357,2.583000,0.007619,0.000000,0.000000,0.000556,0,0
278100000000,278400000000,6283499093,185,1301878,0.000359,0.001053,0.001932,0.000258,0.000718,0.001060,0.000003,0.000000,0.004448,0.000143,2.810000,0.008067,0.000000,0.000000,0.000108,0,0
278400000000,278700000000,6283499093,185,1301878,0.000360,0.001059,0.001932,0.000258,0.000718,0.001064,0.000002,0.000000,0.004395,0.000143,2.428000,0.006743,0.000000,0.000000,0.000194,0,0
278700000000,279000000000,6283499093,185,1301878,0.000340,0.001043,0.001932,0.000258,0.000718,0.001055,0.000003,0.000000,0.001621,0.000215,2.582000,0.007497,0.000000,0.000000,0.000079,0,0
279000000000,279149000000,6283499093,185,1301878,0.000397,0.001074,0.001930,0.000261,0.000722,0.001099,0.000072,0.000000,0.004585,0.006927,2.232000,0.005927,0.000000,0.000000,0.000199,0,0
279149000000,279166000000,6283499093,185,1301878,0.000171,0.000000,0.000000,0.000000,0.000000,0.000000,0.000038,0.000000,0.002899,0.000571,2.577000,0.007427,0.000000,0.000000,0.000000,0,0
279166000000,279167000000,6283499093,185,1301878,0.000000,0.000000,0.000000,0.000000,0.000000,0.000000,0.000000,0.000000,0.000000,0.000000,2.577000,0.007427,0.000000,0.000000,0.000000,0,0
