272502000000,272633000000,6283499093,186,3242456446,0.000000,0.000000,0.000000,0.000000,0.000000,0.000000,0.000000,0.000000,0.000000,0.000000,0.000000,0.000000,0.000000,0.000000,0.000000,0,0
272633000000,272700000000,6283499093,186,3242456446,0.000927,0.001434,0.001925,0.000269,0.000670,0.001587,0.002373,0.000000,0.017460,0.046200,3.799000,0.011860,0.000000,0.000000,0.000526,0,0
272700000000,273000000000,6283499093,186,3242456446,0.000380,0.001076,0.001925,0.000278,0.000725,0.001581,0.000003,0.000000,0.001839,0.000714,3.075000,0.010070,0.000000,0.000000,0.000730,0,0
273000000000,273300000000,6283499093,186,3242456446,0.000370,0.000936,0.001925,0.000279,0.000723,0.000948,0.000008,0.000000,0.003819,0.001215,3.080000,0.010150,0.000000,0.000000,0.000350,0,0
273300000000,273600000000,6283499093,186,3242456446,0.002037,0.001020,0.002052,0.000264,0.000709,0.001497,0.000011,0.000000,0.068850,0.002144,2.479000,0.006999,0.000000,0.000000,0.000325,0,0
273600000000,273900000000,6283499093,186,3242456446,0.003738,0.001308,0.001921,0.000082,0.000531,0.001427,0.000130,0.000000,0.061770,0.027070,0.632900,0.000429,0.000000,0.000000,0.000434,0,0
273900000000,274200000000,6283499093,186,3242456446,0.000491,0.001253,0.001921,0.000098,0.000563,0.001329,0.000001,0.000000,0.004692,0.000143,3.930000,0.013780,0.000000,0.000000,0.000348,0,0
274200000000,274500000000,6283499093,186,3242456446,0.000453,0.001213,0.001923,0.000095,0.000560,0.001225,0.000004,0.000000,0.007332,0.000999,2.727000,0.008049,0.000000,0.000000,0.000225,0,0
274500000000,274800000000,6283499093,186,3242456446,0.000379,0.001215,0.001923,0.000095,0.000560,0.001226,0.000000,0.000000,0.001591,0.000000,3.639000,0.011640,0.000000,0.000000,0.000306,0,0
274800000000,275100000000,6283499093,186,3242456446,0.000360,0.001215,0.001923,0.000094,0.000560,0.001223,0.000000,0.000000,0.004936,0.000072,3.329000,0.010090,0.000000,0.000000,0.000229,0,0
275100000000,275400000000,6283499093,186,3242456446,0.000320,0.001205,0.001925,0.000094,0.000560,0.001211,0.000000,0.000000,0.001129,0.000000,2.758000,0.007675,0.000000,0.000000,0.000086,0,0
275400000000,275700000000,6283499093,186,3242456446,0.000352,0.001221,0.001925,0.000094,0.000560,0.001238,0.000006,0.000000,0.006920,0.001143,3.474000,0.010240,0.000000,0.000000,0.000250,0,0
275700000000,276000000000,6283499093,186,3242456446,0.000349,0.001211,0.001923,0.000095,0.000561,0.001219,0.000000,0.000000,0.004814,0.000072,3.082000,0.009093,0.000000,0.000000,0.000254,0,0
276000000000,276300000000,6283499093,186,3242456446,0.000346,0.001217,0.001923,0.000095,0.000561,0.001228,0.000001,0.000000,0.004585,0.000215,3.296000,0.010070,0.000000,0.000000,0.000258,0,0
276300000000,276600000000,6283499093,186,3242456446,0.000345,0.001205,0.001925,0.000096,0.000562,0.001225,0.000001,0.000000,0.004967,0.000286,3.260000,0.009785,0.000000,0.000000,0.000259,0,0
276600000000,276900000000,6283499093,186,3242456446,0.000317,0.001194,0.001925,0.000096,0.000562,0.001205,0.000000,0.000000,0.005562,0.000072,2.591000,0.007288,0.000000,0.000000,0.000210,0,0
276900000000,277200000000,6283499093,186,3242456446,0.000297,0.001202,0.001925,0.000096,0.000562,0.001215,0.000000,0.000000,0.002026,0.000000,3.625000,0.011200,0.000000,0.000000,0.000217,0,0
277200000000,277500000000,6283499093,186,3242456446,0.000302,0.001204,0.001925,0.000096,0.000562,0.001217,0.000002,0.000000,0.005859,0.000143,2.427000,0.006779,0.000000,0.000000,0.000165,0,0
277500000000,277800000000,6283499093,186,3242456446,0.000341,0.001225,0.001925,0.000096,0.000563,0.001240,0.000004,0.000000,0.006233,0.000215,3.150000,0.009823,0.000000,0.000000,0.000160,0,0
277800000000,278100000000,6283499093,186,3242456446,0.000333,0.001280,0.001921,0.000101,0.000417,0.001583,0.000060,0.000000,0.005363,0.008575,2.871000,0.008754,0.000000,0.000000,0.000241,0,0
278100000000,278210000000,6283499093,186,3242456446,0.001129,0.001274,0.001923,0.000128,0.000411,0.001429,0.000218,0.000000,0.040830,0.013080,3.156000,0.009641,0.000000,0.000000,0.000428,0,0
278210000000,278222000000,6283499093,186,3242456446,0.000171,0.000000,0.000000,0.000000,0.000000,0.000000,0.000101,0.000000,0.002052,0.001215,2.071000,0.005135,0.000000,0.000000,0.000000,0,0
278222000000,278223000000,6283499093,186,3242456446,0.000000,0.000000,0.000000,0.000000,0.000000,0.000000,0.000000,0.000000,0.000000,0.000000,2.071000,0.005135,0.000000,0.000000,0.000000,0,0
