272498000000,272609000000,6283499093,187,63683397,0.000000,0.000000,0.000000,0.000000,0.000000,0.000000,0.000000,0.000000,0.000000,0.000000,0.000000,0.000000,0.000000,0.000000,0.000000,0,0
272609000000,272700000000,6283499093,187,63683397,0.000676,0.001579,0.001926,0.000370,0.000798,0.001678,0.003059,0.000000,0.012600,0.060300,1.094000,0.001394,0.000000,0.000000,0.003597,0,0
272700000000,273000000000,6283499093,187,63683397,0.000424,0.001043,0.001926,0.000366,0.000810,0.001495,0.000000,0.000000,0.003983,0.000072,2.141000,0.006120,0.000000,0.000000,0.000287,0,0
273000000000,273300000000,6283499093,187,63683397,0.000409,0.000946,0.001926,0.000365,0.000809,0.000955,0.000000,0.000000,0.006950,0.000072,2.707000,0.008836,0.000000,0.000000,0.004150,0,0
273300000000,273600000000,6283499093,187,63683397,0.000297,0.000945,0.001928,0.000364,0.000809,0.000948,0.000001,0.000000,0.003952,0.000143,2.165000,0.006119,0.000000,0.000000,0.000306,0,0
273600000000,273900000000,6283499093,187,63683397,0.000317,0.000952,0.001928,0.000364,0.000809,0.000963,0.000000,0.000000,0.004349,0.000072,2.121000,0.005907,0.000000,0.000000,0.000242,0,0
273900000000,274200000000,6283499093,187,63683397,0.000304,0.000944,0.001928,0.000364,0.000809,0.000960,0.000000,0.000000,0.004433,0.000072,2.157000,0.005945,0.000000,0.000000,0.000611,0,0
274200000000,274500000000,6283499093,187,63683397,0.000317,0.000959,0.001928,0.000364,0.000809,0.000968,0.000002,0.000000,0.006325,0.000143,2.322000,0.006791,0.000000,0.000000,0.000691,0,0
274500000000,274800000000,6283499093,187,63683397,0.000349,0.000986,0.001928,0.000366,0.000811,0.001022,0.000029,0.000000,0.005402,0.004288,2.275000,0.006653,0.000000,0.000000,0.000154,0,0
274800000000,275100000000,6283499093,187,63683397,0.000305,0.000968,0.001928,0.000363,0.000809,0.000978,0.000000,0.000000,0.004173,0.000072,2.302000,0.006678,0.000000,0.000000,0.000070,0,0
275100000000,275400000000,6283499093,187,63683397,0.000300,0.000975,0.001928,0.000363,0.000809,0.000986,0.000001,0.000000,0.001783,0.000143,2.191000,0.006190,0.000000,0.000000,0.000082,0,0
275400000000,275700000000,6283499093,187,63683397,0.000305,0.000971,0.001928,0.000363,0.000809,0.000999,0.000000,0.000000,0.004318,0.000072,2.025000,0.005357,0.000000,0.000000,0.000129,0,0
275700000000,276000000000,6283499093,187,63683397,0.000373,0.000988,0.001928,0.000363,0.000809,0.000999,0.000000,0.000000,0.003845,0.000000,2.524000,0.007466,0.000000,0.000000,0.000091,0,0
276000000000,276300000000,6283499093,187,63683397,0.000367,0.000975,0.001928,0.000363,0.000809,0.000978,0.000000,0.000000,0.003983,0.000072,2.500000,0.007693,0.000000,0.000000,0.000154,0,0
276300000000,276600000000,6283499093,187,63683397,0.000298,0.001001,0.001928,0.000363,0.000809,0.001013,0.000001,0.000000,0.004181,0.000072,2.129000,0.005890,0.000000,0.000000,0.000151,0,0
276600000000,276900000000,6283499093,187,63683397,0.000286,0.000986,0.001930,0.000363,0.000810,0.000999,0.000000,0.000000,0.004280,0.000072,2.036000,0.005514,0.000000,0.000000,0.000085,0,0
276900000000,277200000000,6283499093,187,63683397,0.000396,0.001026,0.001928,0.000365,0.000811,0.001057,0.000025,0.000000,0.005516,0.003284,2.031000,0.005430,0.000000,0.000000,0.000322,0,0
277200000000,277500000000,6283499093,187,63683397,0.000362,0.001011,0.001928,0.000363,0.000810,0.001020,0.000003,0.000000,0.004501,0.000143,2.321000,0.006941,0.000000,0.000000,0.000373,0,0
277500000000,277800000000,6283499093,187,63683397,0.000345,0.001019,0.001928,0.000363,0.000810,0.001030,0.000004,0.000000,0.004021,0.000215,1.867000,0.004732,0.000000,0.000000,0.000075,0,0
277800000000,278100000000,6283499093,187,63683397,0.000284,0.001013,0.001928,0.000363,0.000810,0.001024,0.000004,0.000000,0.005424,0.000143,2.394000,0.007090,0.000000,0.000000,0.000232,0,0
278100000000,278400000000,6283499093,187,63683397,0.000298,0.001020,0.001928,0.000363,0.000810,0.001028,0.000004,0.000000,0.004730,0.000215,2.052000,0.005845,0.000000,0.000000,0.000252,0,0
278400000000,278489000000,6283499093,187,63683397,0.000447,0.001005,0.001928,0.000363,0.000810,0.001030,0.000012,0.000000,0.005165,0.000428,1.936000,0.005373,0.000000,0.000000,0.000265,0,0
278489000000,278503000000,6283499093,187,63683397,0.000183,0.000000,0.000000,0.000000,0.000000,0.000000,0.000087,0.000000,0.002563,0.001215,1.620000,0.003999,0.000000,0.000000,0.000000,0,0
278503000000,278504000000,6283499093,187,63683397,0.000000,0.000000,0.000000,0.000000,0.000000,0.000000,0.000000,0.000000,0.000000,0.000000,1.402000,0.003044,0.000000,0.000000,0.000000,0,0
