272502000000,272603000000,6283499093,188,67803142,0.000000,0.000000,0.000000,0.000000,0.000000,0.000000,0.000000,0.000000,0.000000,0.000000,0.000000,0.000000,0.000000,0.000000,0.000000,0,0
272603000000,272700000000,6283499093,188,67803142,0.000672,0.001425,0.001932,0.000237,0.000658,0.001543,0.001829,0.000000,0.017850,0.050050,2.562000,0.007839,0.000000,0.000000,0.000884,0,0
272700000000,273000000000,6283499093,188,67803142,0.000366,0.000994,0.001934,0.000237,0.000679,0.001350,0.000000,0.000000,0.004509,0.000072,2.584000,0.007662,0.000000,0.000000,0.000129,0,0
273000000000,273300000000,6283499093,188,67803142,0.000344,0.000922,0.001934,0.000237,0.000680,0.000929,0.000001,0.000000,0.004158,0.000428,2.797000,0.008960,0.000000,0.000000,0.000340,0,0
273300000000,273600000000,6283499093,188,67803142,0.000341,0.000939,0.001934,0.000237,0.000681,0.000952,0.000000,0.000000,0.005173,0.000072,2.407000,0.006788,0.000000,0.000000,0.000178,0,0
273600000000,273900000000,6283499093,188,67803142,0.000329,0.000935,0.001934,0.000237,0.000681,0.000958,0.000001,0.000000,0.004921,0.000143,2.359000,0.006764,0.000000,0.000000,0.000141,0,0
273900000000,274200000000,6283499093,188,67803142,0.000328,0.000945,0.001934,0.000237,0.000681,0.000958,0.000000,0.000000,0.005295,0.000000,2.299000,0.006564,0.000000,0.000000,0.000674,0,0
274200000000,274500000000,6283499093,188,67803142,0.000317,0.000943,0.001934,0.000237,0.000681,0.000954,0.000001,0.000000,0.004227,0.000143,2.547000,0.007736,0.000000,0.000000,0.000380,0,0
274500000000,274800000000,6283499093,188,67803142,0.000338,0.000951,0.001934,0.000237,0.000681,0.000959,0.000002,0.000000,0.003983,0.000571,2.589000,0.007605,0.000000,0.000000,0.000479,0,0
274800000000,275100000000,6283499093,188,67803142,0.000321,0.000941,0.001934,0.000237,0.000681,0.000951,0.000001,0.000000,0.005074,0.000143,2.895000,0.009201,0.000000,0.000000,0.000382,0,0
275100000000,275400000000,6283499093,188,67803142,0.000328,0.000948,0.001934,0.000237,0.000681,0.000958,0.000003,0.000000,0.003914,0.000571,2.273000,0.006317,0.000000,0.000000,0.000105,0,0
275400000000,275700000000,6283499093,188,67803142,0.000317,0.000938,0.001934,0.000237,0.000681,0.000958,0.000003,0.000000,0.006218,0.000857,2.385000,0.006944,0.000000,0.000000,0.000486,0,0
275700000000,276000000000,6283499093,188,67803142,0.000360,0.000966,0.001932,0.000237,0.000681,0.000969,0.000002,0.000000,0.007706,0.000500,2.091000,0.005546,0.000000,0.000000,0.000281,0,0
276000000000,276300000000,6283499093,188,67803142,0.000346,0.000952,0.001934,0.000237,0.000681,0.000968,0.000000,0.000000,0.003929,0.000072,3.489000,0.011650,0.000000,0.000000,0.000342,0,0
276300000000,276600000000,6283499093,188,67803142,0.000547,0.001034,0.001932,0.000235,0.000687,0.001179,0.000031,0.000000,0.036990,0.005501,2.323000,0.006724,0.000000,0.000000,0.000170,0,0
276600000000,276900000000,6283499093,188,67803142,0.000414,0.001099,0.001930,0.000229,0.000693,0.001169,0.000001,0.000000,0.005257,0.000143,2.720000,0.008693,0.000000,0.000000,0.000780,0,0
276900000000,277200000000,6283499093,188,67803142,0.000389,0.001087,0.001930,0.000226,0.000691,0.001099,0.000000,0.000000,0.005280,0.000072,3.230000,0.011030,0.000000,0.000000,0.000431,0,0
277200000000,277500000000,6283499093,188,67803142,0.000313,0.001085,0.001932,0.000226,0.000691,0.001110,0.000002,0.000000,0.001600,0.000143,2.896000,0.009316,0.000000,0.000000,0.000472,0,0
277500000000,277800000000,6283499093,188,67803142,0.000326,0.001081,0.001932,0.000225,0.000691,0.001108,0.000009,0.000000,0.005219,0.001286,2.325000,0.006771,0.000000,0.000000,0.000595,0,0
277800000000,278100000000,6283499093,188,67803142,0.000310,0.001081,0.001932,0.000225,0.000691,0.001095,0.000007,0.000000,0.005196,0.000786,2.359000,0.006962,0.000000,0.000000,0.000085,0,0
278100000000,278400000000,6283499093,188,67803142,0.000336,0.001095,0.001932,0.000225,0.000691,0.001104,0.000009,0.000000,0.011570,0.001286,2.474000,0.007257,0.000000,0.000000,0.000694,0,0
278400000000,278700000000,6283499093,188,67803142,0.000331,0.001076,0.001932,0.000225,0.000691,0.001083,0.000004,0.000000,0.004959,0.000500,2.490000,0.007367,0.000000,0.000000,0.000272,0,0
278700000000,279000000000,6283499093,188,67803142,0.000341,0.001089,0.001932,0.000225,0.000691,0.001099,0.000007,0.000000,0.005394,0.000857,2.293000,0.006417,0.000000,0.000000,0.000836,0,0
279000000000,279300000000,6283499093,188,67803142,0.000360,0.001087,0.001932,0.000225,0.000692,0.001104,0.000009,0.000000,0.005424,0.001072,2.508000,0.007588,0.000000,0.000000,0.000629,0,0
279300000000,279600000000,6283499093,188,67803142,0.000374,0.001089,0.001932,0.000225,0.000692,0.001110,0.000001,0.000000,0.027500,0.000215,2.512000,0.007416,0.000000,0.000000,0.000084,0,0
279600000000,279900000000,6283499093,188,67803142,0.000365,0.001106,0.001932,0.000224,0.000692,0.001133,0.000011,0.000000,0.005112,0.001072,2.366000,0.006926,0.000000,0.000000,0.000106,0,0
279900000000,280200000000,6283499093,188,67803142,0.000424,0.001097,0.001930,0.000223,0.000692,0.001112,0.000005,0.000000,0.004997,0.000500,2.239000,0.006394,0.000000,0.000000,0.000146,0,0
280200000000,280500000000,6283499093,188,67803142,0.000406,0.001097,0.001930,0.000223,0.000692,0.001110,0.000001,0.000000,0.005150,0.000143,2.654000,0.008313,0.000000,0.000000,0.000238,0,0
280500000000,280800000000,6283499093,188,67803142,0.000360,0.001083,0.001932,0.000224,0.000693,0.001095,0.000004,0.000000,0.005386,0.000428,2.488000,0.007266,0.000000,0.000000,0.000494,0,0
280800000000,280889000000,6283499093,188,67803142,0.000382,0.001081,0.001932,0.000224,0.000693,0.001095,0.000013,0.000000,0.005112,0.000500,2.364000,0.006793,0.000000,0.000000,0.000360,0,0
280889000000,280899000000,6283499093,188,67803142,0.000325,0.000000,0.000000,0.000000,0.000000,0.000000,0.000000,0.000000,0.003254,0.000000,1.917000,0.004998,0.000000,0.000000,0.000000,0,0
280899000000,280900000000,6283499093,188,67803142,0.000000,0.000000,0.000000,0.000000,0.000000,0.000000,0.000000,0.000000,0.000000,0.000000,1.917000,0.004998,0.000000,0.000000,0.000000,0,0
