272498000000,272585000000,6283499093,189,294492088,0.000000,0.000000,0.000000,0.000000,0.000000,0.000000,0.000000,0.000000,0.000000,0.000000,0.000000,0.000000,0.000000,0.000000,0.000000,0,0
272585000000,272700000000,6283499093,189,294492088,0.000629,0.001253,0.001925,0.000171,0.000431,0.001524,0.000845,0.000000,0.011050,0.023440,2.337000,0.007197,0.000000,0.000000,0.000063,0,0
272700000000,273000000000,6283499093,189,294492088,0.000345,0.001253,0.001925,0.000176,0.000498,0.001400,0.000008,0.000000,0.004364,0.002285,2.410000,0.006968,0.000000,0.000000,0.000130,0,0
273000000000,273300000000,6283499093,189,294492088,0.003109,0.001341,0.001923,0.000173,0.000388,0.001646,0.000015,0.000000,0.067140,0.002785,0.622100,0.000339,0.000000,0.000000,0.000096,0,0
273300000000,273600000000,6283499093,189,294492088,0.009079,0.001444,0.002048,0.000137,0.000328,0.001837,0.000054,0.000000,0.082760,0.006859,0.566800,0.000137,0.000000,0.000000,0.046260,0,0
273600000000,273900000000,6283499093,189,294492088,0.000489,0.001368,0.001919,0.000121,0.000339,0.001638,0.000002,0.000000,0.015620,0.000072,2.414000,0.006936,0.000000,0.000000,0.000335,0,0
273900000000,274200000000,6283499093,189,294492088,0.000443,0.001368,0.001919,0.000118,0.000340,0.001610,0.000000,0.000000,0.004860,0.000000,2.922000,0.009178,0.000000,0.000000,0.000179,0,0
274200000000,274500000000,6283499093,189,294492088,0.000391,0.001345,0.001921,0.000115,0.000322,0.001606,0.000004,0.000000,0.004967,0.000643,2.264000,0.006478,0.000000,0.000000,0.000222,0,0
274500000000,274800000000,6283499093,189,294492088,0.000554,0.001360,0.001921,0.000116,0.000336,0.001619,0.000012,0.000000,0.028320,0.003071,2.072000,0.005508,0.000000,0.000000,0.000366,0,0
274800000000,275100000000,6283499093,189,294492088,0.000445,0.001347,0.001921,0.000116,0.000314,0.001617,0.000001,0.000000,0.008392,0.000215,2.838000,0.009223,0.000000,0.000000,0.000312,0,0
275100000000,275400000000,6283499093,189,294492088,0.000386,0.001356,0.001921,0.000115,0.000321,0.001617,0.000001,0.000000,0.004425,0.000072,2.560000,0.008119,0.000000,0.000000,0.000281,0,0
275400000000,275700000000,6283499093,189,294492088,0.000360,0.001354,0.001921,0.000116,0.000322,0.001614,0.000003,0.000000,0.004753,0.000571,2.014000,0.005367,0.000000,0.000000,0.000114,0,0
275700000000,276000000000,6283499093,189,294492088,0.000393,0.001358,0.001921,0.000116,0.000323,0.001619,0.000000,0.000000,0.004593,0.000072,2.685000,0.008383,0.000000,0.000000,0.000166,0,0
276000000000,276300000000,6283499093,189,294492088,0.000398,0.001352,0.001921,0.000116,0.000320,0.001617,0.000001,0.000000,0.004967,0.000143,2.095000,0.005626,0.000000,0.000000,0.000201,0,0
276300000000,276600000000,6283499093,189,294492088,0.000690,0.001373,0.001921,0.000116,0.000333,0.001678,0.000004,0.000000,0.063110,0.000286,2.478000,0.007477,0.000000,0.000000,0.000265,0,0
276600000000,276900000000,6283499093,189,294492088,0.000382,0.001360,0.001921,0.000116,0.000324,0.001619,0.000001,0.000000,0.005043,0.000072,2.542000,0.007823,0.000000,0.000000,0.000445,0,0
276900000000,277200000000,6283499093,189,294492088,0.000340,0.001350,0.001921,0.000116,0.000318,0.001616,0.000000,0.000000,0.004272,0.000072,2.580000,0.008251,0.000000,0.000000,0.000536,0,0
277200000000,277500000000,6283499093,189,294492088,0.000332,0.001350,0.001923,0.000116,0.000315,0.001623,0.000002,0.000000,0.001398,0.000072,2.527000,0.007954,0.000000,0.000000,0.000380,0,0
277500000000,277800000000,6283499093,189,294492088,0.000343,0.001362,0.001921,0.000116,0.000332,0.001619,0.000004,0.000000,0.019960,0.000072,2.245000,0.006619,0.000000,0.000000,0.000340,0,0
277800000000,278100000000,6283499093,189,294492088,0.000412,0.001356,0.001921,0.000132,0.000350,0.001625,0.000012,0.000000,0.005074,0.001999,2.457000,0.007437,0.000000,0.000000,0.000204,0,0
278100000000,278400000000,6283499093,189,294492088,0.000368,0.001335,0.001921,0.000139,0.000348,0.001598,0.000004,0.000000,0.005684,0.000072,2.740000,0.009047,0.000000,0.000000,0.000258,0,0
278400000000,278700000000,6283499093,189,294492088,0.000344,0.001335,0.001921,0.000139,0.000349,0.001593,0.000003,0.000000,0.001398,0.000072,2.326000,0.007028,0.000000,0.000000,0.000135,0,0
278700000000,279000000000,6283499093,189,294492088,0.000329,0.001305,0.001926,0.000192,0.000421,0.001593,0.000138,0.000000,0.005379,0.013720,2.082000,0.006111,0.000000,0.000000,0.000633,0,0
279000000000,279300000000,6283499093,189,294492088,0.000345,0.001217,0.001928,0.000218,0.000468,0.001232,0.000002,0.000000,0.023900,0.000072,2.188000,0.006544,0.000000,0.000000,0.000308,0,0
279300000000,279600000000,6283499093,189,294492088,0.000335,0.001221,0.001928,0.000219,0.000469,0.001226,0.000006,0.000000,0.001324,0.001358,2.485000,0.007867,0.000000,0.000000,0.000126,0,0
279600000000,279900000000,6283499093,189,294492088,0.000342,0.001217,0.001928,0.000220,0.000471,0.001232,0.000004,0.000000,0.004936,0.000357,2.246000,0.006741,0.000000,0.000000,0.000175,0,0
279900000000,280200000000,6283499093,189,294492088,0.000305,0.001209,0.001928,0.000220,0.000471,0.001221,0.000003,0.000000,0.004730,0.000286,2.230000,0.006538,0.000000,0.000000,0.004288,0,0
280200000000,280500000000,6283499093,189,294492088,0.000307,0.001217,0.001928,0.000220,0.000472,0.001225,0.000001,0.000000,0.004723,0.000072,2.012000,0.005541,0.000000,0.000000,0.000431,0,0
280500000000,280599000000,6283499093,189,294492088,0.000370,0.001188,0.001928,0.000221,0.000472,0.001213,0.000214,0.000000,0.004211,0.020630,2.081000,0.005889,0.000000,0.000000,0.000353,0,0
280599000000,280612000000,6283499093,189,294492088,0.000176,0.000000,0.000000,0.000000,0.000000,0.000000,0.000016,0.000000,0.002293,0.000143,1.969000,0.005504,0.000000,0.000000,0.000000,0,0
280612000000,280613000000,6283499093,189,294492088,0.000000,0.000000,0.000000,0.000000,0.000000,0.000000,0.000000,0.000000,0.000000,0.000000,1.806000,0.004846,0.000000,0.000000,0.000000,0,0
