272490000000,272511000000,6283499093,19,257496095,0.000000,0.000000,0.000000,0.000000,0.000000,0.000000,0.000004,0.000000,0.000000,0.000072,0.000000,0.000000,0.000000,0.000000,0.000000,0,0
272511000000,272700000000,6283499093,19,257496095,0.000496,0.000965,0.001919,0.000001,0.000092,0.001316,0.000005,0.000000,0.019990,0.000357,2.472000,0.007327,0.000000,0.000000,0.000526,0,0
272700000000,273000000000,6283499093,19,257496095,0.000342,0.001001,0.001919,0.000001,0.000125,0.001320,0.000000,0.000000,0.004311,0.000000,2.405000,0.007141,0.000000,0.000000,0.000228,0,0
273000000000,273300000000,6283499093,19,257496095,0.000318,0.001043,0.001921,0.000001,0.000163,0.001328,0.000001,0.000000,0.004585,0.000215,2.227000,0.006209,0.000000,0.000000,0.000819,0,0
273300000000,273600000000,6283499093,19,257496095,0.000309,0.001076,0.001921,0.000001,0.000191,0.001331,0.000000,0.000000,0.004280,0.000072,2.160000,0.005902,0.000000,0.000000,0.000265,0,0
273600000000,273900000000,6283499093,19,257496095,0.000310,0.001110,0.001923,0.000001,0.000225,0.001331,0.000000,0.000000,0.001167,0.000072,2.199000,0.005948,0.000000,0.000000,0.000119,0,0
273900000000,274200000000,6283499093,19,257496095,0.000321,0.000990,0.001921,0.000001,0.000099,0.001339,0.000000,0.000000,0.004982,0.000072,2.118000,0.005566,0.000000,0.000000,0.000148,0,0
274200000000,274500000000,6283499093,19,257496095,0.000342,0.001108,0.001921,0.000002,0.000208,0.001350,0.000004,0.000000,0.004128,0.000571,2.809000,0.008707,0.000000,0.000000,0.000132,0,0
274500000000,274800000000,6283499093,19,257496095,0.000332,0.001163,0.001923,0.000003,0.000263,0.001348,0.000000,0.000000,0.004654,0.000000,2.451000,0.007265,0.000000,0.000000,0.000237,0,0
274800000000,275100000000,6283499093,19,257496095,0.000304,0.001047,0.001923,0.000003,0.000147,0.001348,0.000002,0.000000,0.004791,0.000571,2.222000,0.006135,0.000000,0.000000,0.000099,0,0
275100000000,275400000000,6283499093,19,257496095,0.000307,0.001013,0.001919,0.000003,0.000115,0.001345,0.000000,0.000000,0.004967,0.000000,2.238000,0.005966,0.000000,0.000000,0.000188,0,0
275400000000,275700000000,6283499093,19,257496095,0.000421,0.001104,0.001921,0.000003,0.000199,0.001356,0.000002,0.000000,0.004280,0.000571,2.940000,0.009596,0.000000,0.000000,0.000224,0,0
275700000000,276000000000,6283499093,19,257496095,0.000468,0.001167,0.001923,0.000003,0.000258,0.001356,0.000019,0.000000,0.030030,0.005646,2.989000,0.009193,0.000000,0.000000,0.000328,0,0
276000000000,276300000000,6283499093,19,257496095,0.000374,0.001007,0.001919,0.000010,0.000086,0.001371,0.000003,0.000000,0.004349,0.000143,2.473000,0.007308,0.000000,0.000000,0.000340,0,0
276300000000,276600000000,6283499093,19,257496095,0.000344,0.001089,0.001919,0.000004,0.000165,0.001373,0.000000,0.000000,0.004967,0.000000,2.377000,0.006601,0.000000,0.000000,0.000702,0,0
276600000000,276708000000,6283499093,19,257496095,0.000332,0.001148,0.001921,0.000003,0.000225,0.001375,0.000000,0.000000,0.004875,0.000000,2.261000,0.006081,0.000000,0.000000,0.000393,0,0
276708000000,276710000000,6283499093,19,257496095,0.000138,0.001144,0.001928,0.000137,0.000245,0.001144,0.001535,0.000000,0.000510,0.002430,2.222000,0.006270,0.000000,0.000000,0.000510,0,0
276710000000,276725000000,6283499093,19,257496095,0.001020,0.000000,0.000000,0.000000,0.000000,0.000000,0.000045,0.000000,0.015300,0.000357,2.222000,0.006270,0.000000,0.000000,0.000000,1,0
276725000000,276727000000,6283499093,19,257496095,0.000000,0.000000,0.000000,0.000000,0.000000,0.000000,0.000000,0.000000,0.000000,0.000000,2.222000,0.006270,0.000000,0.000000,0.000000,0,0
277199000000,277200000000,6283499093,19,4802039830,0.000000,0.000000,0.000000,0.000000,0.000000,0.000000,0.000000,0.000000,0.000000,0.000000,0.000000,0.000000,0.000000,0.000000,0.000000,0,0
277200000000,277248000000,6283499093,19,4802039830,0.000000,0.000000,0.000000,0.000000,0.000000,0.000000,0.000000,0.000000,0.000000,0.000000,0.000000,0.000000,0.000000,0.000000,0.000000,0,0
277248000000,277500000000,6283499093,19,4802039830,0.000180,0.000407,0.001928,0.000004,0.000071,0.000645,0.000017,0.000000,0.048710,0.003716,2.257000,0.000000,0.000000,0.000000,0.000012,0,0
277500000000,277509000000,6283499093,19,4802039830,0.000051,0.000340,0.001936,0.000000,0.000000,0.000340,0.000143,0.000000,0.000085,0.001429,27.920000,0.000000,0.000000,0.000000,0.000029,0,0
277509000000,277523000000,6283499093,19,4802039830,0.000130,0.000007,0.000000,0.000000,0.000000,0.000030,0.000000,0.000000,0.000905,0.000000,27.920000,0.000000,0.000000,0.000000,0.000000,0,0
277523000000,277525000000,6283499093,19,4802039830,0.000000,0.000000,0.000000,0.000000,0.000000,0.000000,0.000000,0.000000,0.000000,0.000000,27.920000,0.000000,0.000000,0.000000,0.000000,0,0
