272489000000,272574000000,6283499093,190,351622874,0.000000,0.000000,0.000000,0.000000,0.000000,0.000000,0.000000,0.000000,0.000000,0.000000,0.000000,0.000000,0.000000,0.000000,0.000000,0,0
272574000000,272700000000,6283499093,190,351622874,0.005630,0.001213,0.001923,0.000105,0.000203,0.001797,0.000612,0.000000,0.138900,0.026790,1.330000,0.001684,0.000000,0.000000,0.000245,0,0
272700000000,273000000000,6283499093,190,351622874,0.000999,0.001200,0.001923,0.000095,0.000210,0.001554,0.000003,0.000000,0.044130,0.000143,0.819600,0.001087,0.000000,0.000000,0.001522,0,0
273000000000,273300000000,6283499093,190,351622874,0.001278,0.001183,0.001923,0.000096,0.000215,0.001589,0.000011,0.000000,0.081790,0.001858,2.823000,0.008862,0.000000,0.000000,0.000398,0,0
273300000000,273600000000,6283499093,190,351622874,0.000692,0.001286,0.001921,0.000103,0.000279,0.001591,0.000058,0.000000,0.014010,0.013850,2.734000,0.008622,0.000000,0.000000,0.000366,0,0
273600000000,273900000000,6283499093,190,351622874,0.000508,0.001270,0.001921,0.000098,0.000275,0.001558,0.000001,0.000000,0.004639,0.000143,3.128000,0.009831,0.000000,0.000000,0.000294,0,0
273900000000,274200000000,6283499093,190,351622874,0.000340,0.001226,0.001923,0.000098,0.000236,0.001554,0.000000,0.000000,0.004646,0.000000,2.980000,0.009065,0.000000,0.000000,0.000132,0,0
274200000000,274500000000,6283499093,190,351622874,0.000385,0.001223,0.001921,0.000097,0.000230,0.001558,0.000003,0.000000,0.005188,0.000571,2.743000,0.008140,0.000000,0.000000,0.000165,0,0
274500000000,274800000000,6283499093,190,351622874,0.000429,0.001211,0.001923,0.000098,0.000217,0.001556,0.000000,0.000000,0.004692,0.000072,2.767000,0.008778,0.000000,0.000000,0.000262,0,0
274800000000,275100000000,6283499093,190,351622874,0.000402,0.001245,0.001923,0.000098,0.000252,0.001560,0.000000,0.000000,0.005852,0.000072,3.307000,0.010570,0.000000,0.000000,0.000315,0,0
275100000000,275400000000,6283499093,190,351622874,0.000376,0.001223,0.001923,0.000098,0.000231,0.001556,0.000001,0.000000,0.004570,0.000072,2.441000,0.006731,0.000000,0.000000,0.000137,0,0
275400000000,275700000000,6283499093,190,351622874,0.000390,0.001274,0.001923,0.000098,0.000278,0.001560,0.000001,0.000000,0.006493,0.000143,1.979000,0.004760,0.000000,0.000000,0.000536,0,0
275700000000,276000000000,6283499093,190,351622874,0.000382,0.001232,0.001923,0.000098,0.000234,0.001566,0.000000,0.000000,0.004372,0.000000,2.590000,0.007274,0.000000,0.000000,0.000243,0,0
276000000000,276300000000,6283499093,190,351622874,0.000406,0.001211,0.001923,0.000099,0.000215,0.001560,0.000031,0.000000,0.026150,0.009140,2.320000,0.006147,0.000000,0.000000,0.000608,0,0
276300000000,276600000000,6283499093,190,351622874,0.000391,0.001213,0.001923,0.000101,0.000223,0.001560,0.000004,0.000000,0.008057,0.001072,2.240000,0.005685,0.000000,0.000000,0.000505,0,0
276600000000,276900000000,6283499093,190,351622874,0.000364,0.001236,0.001923,0.000099,0.000245,0.001554,0.000000,0.000000,0.005516,0.000072,2.593000,0.007285,0.000000,0.000000,0.000423,0,0
276900000000,277200000000,6283499093,190,351622874,0.000532,0.001171,0.001921,0.000111,0.000219,0.001593,0.000006,0.000000,0.005890,0.001143,2.123000,0.005340,0.000000,0.000000,0.000353,0,0
277200000000,277339000000,6283499093,190,351622874,0.000473,0.000816,0.001921,0.000116,0.000264,0.001135,0.000024,0.000000,0.001434,0.003216,3.560000,0.011440,0.000000,0.000000,0.000708,0,0
277339000000,277350000000,6283499093,190,351622874,0.000220,0.000000,0.000000,0.000000,0.000000,0.000000,0.000019,0.000000,0.002426,0.000215,6.749000,0.024080,0.000000,0.000000,0.000000,0,0
277350000000,277351000000,6283499093,190,351622874,0.000000,0.000000,0.000000,0.000000,0.000000,0.000000,0.000000,0.000000,0.000000,0.000000,6.749000,0.024080,0.000000,0.000000,0.000000,0,0
