272505000000,272606000000,6283499093,191,770712,0.000000,0.000000,0.000000,0.000000,0.000000,0.000000,0.000000,0.000000,0.000000,0.000000,0.000000,0.000000,0.000000,0.000000,0.000000,0,0
272606000000,272700000000,6283499093,191,770712,0.000757,0.001337,0.001928,0.000120,0.000536,0.001442,0.000912,0.000000,0.033140,0.021580,2.387000,0.006348,0.000000,0.000000,0.000706,0,0
272700000000,273000000000,6283499093,191,770712,0.000389,0.001223,0.001926,0.000120,0.000464,0.001373,0.000009,0.000000,0.004524,0.002285,2.964000,0.008714,0.000000,0.000000,0.000358,0,0
273000000000,273300000000,6283499093,191,770712,0.000467,0.000936,0.001923,0.000122,0.000169,0.001240,0.000010,0.000000,0.006218,0.001572,2.565000,0.007118,0.000000,0.000000,0.000715,0,0
273300000000,273600000000,6283499093,191,770712,0.000363,0.001017,0.001925,0.000124,0.000234,0.001350,0.000000,0.000000,0.004951,0.000072,2.663000,0.007559,0.000000,0.000000,0.000622,0,0
273600000000,273900000000,6283499093,191,770712,0.000371,0.001066,0.001925,0.000124,0.000276,0.001362,0.000001,0.000000,0.015200,0.000072,2.467000,0.006956,0.000000,0.000000,0.000074,0,0
273900000000,274200000000,6283499093,191,770712,0.000353,0.001104,0.001925,0.000124,0.000308,0.001369,0.000000,0.000000,0.004562,0.000072,2.284000,0.006127,0.000000,0.000000,0.000394,0,0
274200000000,274500000000,6283499093,191,770712,0.000323,0.001123,0.001925,0.000122,0.000324,0.001368,0.000002,0.000000,0.004440,0.000072,2.578000,0.007277,0.000000,0.000000,0.000182,0,0
274500000000,274800000000,6283499093,191,770712,0.000382,0.001156,0.001925,0.000127,0.000346,0.001394,0.000023,0.000000,0.025480,0.004860,2.332000,0.006289,0.000000,0.000000,0.001165,0,0
274800000000,275100000000,6283499093,191,770712,0.000343,0.001163,0.001925,0.000123,0.000349,0.001387,0.000001,0.000000,0.004532,0.000143,2.366000,0.006318,0.000000,0.000000,0.000163,0,0
275100000000,275400000000,6283499093,191,770712,0.000312,0.001165,0.001925,0.000123,0.000348,0.001387,0.000000,0.000000,0.004868,0.000072,2.207000,0.005580,0.000000,0.000000,0.000172,0,0
275400000000,275700000000,6283499093,191,770712,0.000308,0.001158,0.001925,0.000123,0.000341,0.001390,0.000000,0.000000,0.004227,0.000072,2.172000,0.005534,0.000000,0.000000,0.000369,0,0
275700000000,276000000000,6283499093,191,770712,0.000317,0.001181,0.001925,0.000123,0.000356,0.001398,0.000000,0.000000,0.004379,0.000000,2.352000,0.006152,0.000000,0.000000,0.000133,0,0
276000000000,276300000000,6283499093,191,770712,0.000333,0.001143,0.001925,0.000123,0.000309,0.001415,0.000001,0.000000,0.004356,0.000072,2.084000,0.005342,0.000000,0.000000,0.000153,0,0
276300000000,276600000000,6283499093,191,770712,0.000305,0.001099,0.001923,0.000123,0.000252,0.001415,0.000001,0.000000,0.002094,0.000072,2.530000,0.007600,0.000000,0.000000,0.000563,0,0
276600000000,276900000000,6283499093,191,770712,0.000305,0.001026,0.001923,0.000123,0.000175,0.001389,0.000000,0.000000,0.004219,0.000072,2.540000,0.007520,0.000000,0.000000,0.000515,0,0
276900000000,277200000000,6283499093,191,770712,0.003216,0.001366,0.002056,0.000102,0.000373,0.002060,0.000022,0.000000,0.078250,0.003784,0.663500,0.000565,0.000000,0.000000,0.000175,0,0
277200000000,277500000000,6283499093,191,770712,0.000433,0.001341,0.001925,0.000051,0.000236,0.001614,0.000003,0.000000,0.004463,0.000072,1.396000,0.003539,0.000000,0.000000,0.000348,0,0
277500000000,277650000000,6283499093,191,770712,0.004822,0.001417,0.001923,0.000055,0.000252,0.001719,0.000145,0.000000,0.093870,0.008575,1.388000,0.003484,0.000000,0.000000,0.000367,0,0
277650000000,277661000000,6283499093,191,770712,0.000182,0.000000,0.000000,0.000000,0.000000,0.000000,0.000078,0.000000,0.002007,0.000857,0.761200,0.000999,0.000000,0.000000,0.000000,0,0
277661000000,277662000000,6283499093,191,770712,0.000000,0.000000,0.000000,0.000000,0.000000,0.000000,0.000000,0.000000,0.000000,0.000000,0.761200,0.000999,0.000000,0.000000,0.000000,0,0
