272506000000,272687000000,6283499093,192,636079607,0.000000,0.000000,0.000000,0.000000,0.000000,0.000000,0.000000,0.000000,0.000000,0.000000,0.000000,0.000000,0.000000,0.000000,0.000000,0,0
272687000000,272700000000,6283499093,192,636079607,0.000650,0.000254,0.001942,0.000124,0.000221,0.000613,0.006699,0.000000,0.001926,0.018220,0.000000,0.000000,0.000000,0.000000,0.000397,0,0
272700000000,273000000000,6283499093,192,636079607,0.000345,0.001249,0.001934,0.000374,0.000814,0.001707,0.000201,0.000000,0.010030,0.022370,1.543000,0.003497,0.000000,0.000000,0.000226,0,0
273000000000,273300000000,6283499093,192,636079607,0.002319,0.001030,0.002060,0.000337,0.000776,0.001791,0.000006,0.000000,0.058170,0.000999,4.182000,0.016210,0.000000,0.000000,0.016390,0,0
273300000000,273600000000,6283499093,192,636079607,0.001369,0.001247,0.001932,0.000020,0.000365,0.001488,0.000021,0.000000,0.040410,0.002930,0.614900,0.000407,0.000000,0.000000,0.000194,0,0
273600000000,273900000000,6283499093,192,636079607,0.002483,0.001324,0.002224,0.000016,0.000260,0.002026,0.000008,0.000000,0.044310,0.000428,0.933700,0.001632,0.000000,0.000000,0.000268,0,0
273900000000,274200000000,6283499093,192,636079607,0.001139,0.001226,0.001932,0.000023,0.000182,0.001343,0.000018,0.000000,0.039250,0.002213,12.180000,0.054330,0.000000,0.000000,0.000311,0,0
274200000000,274500000000,6283499093,192,636079607,0.002655,0.001356,0.002056,0.000133,0.000304,0.001957,0.000192,0.000000,0.061220,0.019560,0.625100,0.000479,0.000000,0.000000,0.000112,0,0
274500000000,274800000000,6283499093,192,636079607,0.000306,0.001198,0.001928,0.000145,0.000307,0.001320,0.000010,0.000000,0.005043,0.001499,6.632000,0.026510,0.000000,0.000000,0.000278,0,0
274800000000,275100000000,6283499093,192,636079607,0.000171,0.001192,0.001926,0.000093,0.000175,0.001297,0.000004,0.000000,0.000801,0.000999,7.440000,0.031920,0.000000,0.000000,0.000258,0,0
275100000000,275400000000,6283499093,192,636079607,0.000183,0.001194,0.001926,0.000093,0.000174,0.001295,0.000000,0.000000,0.002716,0.000143,5.031000,0.019210,0.000000,0.000000,0.000127,0,0
275400000000,275700000000,6283499093,192,636079607,0.000183,0.001183,0.001930,0.000092,0.000167,0.001293,0.000000,0.000000,0.004761,0.000072,21.970000,0.095880,0.000000,0.000000,0.000343,0,0
275700000000,276000000000,6283499093,192,636079607,0.000256,0.001213,0.001928,0.000092,0.000205,0.001301,0.000003,0.000000,0.006134,0.000643,3.540000,0.012770,0.000000,0.000000,0.000228,0,0
276000000000,276300000000,6283499093,192,636079607,0.000255,0.001190,0.001930,0.000092,0.000172,0.001299,0.000004,0.000000,0.001116,0.000999,5.491000,0.021960,0.000000,0.000000,0.000209,0,0
276300000000,276600000000,6283499093,192,636079607,0.000253,0.001205,0.001928,0.000092,0.000201,0.001299,0.000000,0.000000,0.004639,0.000072,6.225000,0.025190,0.000000,0.000000,0.000418,0,0
276600000000,276900000000,6283499093,192,636079607,0.000211,0.001192,0.001926,0.000092,0.000162,0.001308,0.000000,0.000000,0.006065,0.000072,3.715000,0.013000,0.000000,0.000000,0.000192,0,0
276900000000,277200000000,6283499093,192,636079607,0.000181,0.001211,0.001926,0.000092,0.000181,0.001305,0.000003,0.000000,0.004646,0.000714,5.797000,0.022780,0.000000,0.000000,0.000149,0,0
277200000000,277500000000,6283499093,192,636079607,0.000175,0.001211,0.001926,0.000093,0.000178,0.001312,0.000009,0.000000,0.005318,0.001143,6.827000,0.028140,0.000000,0.000000,0.000205,0,0
277500000000,277800000000,6283499093,192,636079607,0.000179,0.001209,0.001926,0.000093,0.000181,0.001305,0.000010,0.000000,0.003014,0.001215,12.290000,0.052840,0.000000,0.000000,0.000329,0,0
277800000000,278100000000,6283499093,192,636079607,0.000196,0.001200,0.001926,0.000100,0.000171,0.001307,0.000114,0.000000,0.004135,0.011140,6.813000,0.027920,0.000000,0.000000,0.000158,0,0
278100000000,278400000000,6283499093,192,636079607,0.000213,0.001190,0.001925,0.000095,0.000157,0.001287,0.000009,0.000000,0.001501,0.001215,4.919000,0.019430,0.000000,0.000000,0.000121,0,0
278400000000,278700000000,6283499093,192,636079607,0.000217,0.001204,0.001926,0.000094,0.000167,0.001289,0.000019,0.000000,0.005554,0.002285,10.140000,0.043560,0.000000,0.000000,0.000087,0,0
278700000000,278760000000,6283499093,192,636079607,0.000444,0.001198,0.001925,0.000097,0.000174,0.001291,0.000639,0.000000,0.009918,0.030850,9.627000,0.041420,0.000000,0.000000,0.000227,0,0
278760000000,278771000000,6283499093,192,636079607,0.000183,0.000000,0.000000,0.000000,0.000000,0.000000,0.000487,0.000000,0.002010,0.005287,11.260000,0.049750,0.000000,0.000000,0.000000,0,0
278771000000,278773000000,6283499093,192,636079607,0.000000,0.000000,0.000000,0.000000,0.000000,0.000000,0.000000,0.000000,0.000000,0.000000,11.260000,0.049750,0.000000,0.000000,0.000000,0,0
