272491000000,272568000000,6283499093,193,979141,0.000000,0.000000,0.000000,0.000000,0.000000,0.000000,0.000000,0.000000,0.000000,0.000000,0.000000,0.000000,0.000000,0.000000,0.000000,0,0
272568000000,272700000000,6283499093,193,979141,0.000765,0.001554,0.001926,0.000384,0.000816,0.001707,0.001524,0.000000,0.015840,0.066040,3.226000,0.009729,0.000000,0.000000,0.000341,0,0
272700000000,273000000000,6283499093,193,979141,0.003674,0.001087,0.002167,0.000318,0.000760,0.001511,0.000009,0.000000,0.085820,0.000786,0.835000,0.000869,0.000000,0.000000,0.000260,0,0
273000000000,273300000000,6283499093,193,979141,0.001474,0.001238,0.001925,0.000079,0.000541,0.001427,0.000101,0.000000,0.070560,0.011990,0.594400,0.000237,0.000000,0.000000,0.000530,0,0
273300000000,273600000000,6283499093,193,979141,0.000477,0.001154,0.001926,0.000078,0.000544,0.001167,0.000001,0.000000,0.007446,0.000215,3.165000,0.010040,0.000000,0.000000,0.000348,0,0
273600000000,273900000000,6283499093,193,979141,0.000383,0.001160,0.001928,0.000078,0.000544,0.001171,0.000001,0.000000,0.005814,0.000215,2.998000,0.008964,0.000000,0.000000,0.000550,0,0
273900000000,274200000000,6283499093,193,979141,0.000429,0.001175,0.001928,0.000078,0.000544,0.001184,0.000000,0.000000,0.004814,0.000072,2.345000,0.006305,0.000000,0.000000,0.000481,0,0
274200000000,274500000000,6283499093,193,979141,0.000410,0.001183,0.001928,0.000078,0.000544,0.001186,0.000004,0.000000,0.005707,0.000714,2.273000,0.006087,0.000000,0.000000,0.000305,0,0
274500000000,274800000000,6283499093,193,979141,0.000407,0.001181,0.001928,0.000078,0.000544,0.001202,0.000000,0.000000,0.005684,0.000072,3.222000,0.010070,0.000000,0.000000,0.000463,0,0
274800000000,275100000000,6283499093,193,979141,0.000374,0.001177,0.001930,0.000078,0.000544,0.001192,0.000001,0.000000,0.004906,0.000143,2.429000,0.006603,0.000000,0.000000,0.000150,0,0
275100000000,275400000000,6283499093,193,979141,0.000352,0.001167,0.001930,0.000078,0.000544,0.001181,0.000000,0.000000,0.004463,0.000072,2.517000,0.007261,0.000000,0.000000,0.000208,0,0
275400000000,275700000000,6283499093,193,979141,0.000458,0.001196,0.001930,0.000079,0.000545,0.001205,0.000024,0.000000,0.030980,0.005714,2.001000,0.004923,0.000000,0.000000,0.000178,0,0
275700000000,276000000000,6283499093,193,979141,0.000502,0.001209,0.001928,0.000081,0.000547,0.001234,0.000002,0.000000,0.005356,0.000143,3.505000,0.011250,0.000000,0.000000,0.000237,0,0
276000000000,276300000000,6283499093,193,979141,0.000465,0.001190,0.001930,0.000079,0.000545,0.001202,0.000000,0.000000,0.005333,0.000072,3.392000,0.011540,0.000000,0.000000,0.000308,0,0
276300000000,276600000000,6283499093,193,979141,0.000359,0.001184,0.001930,0.000079,0.000545,0.001198,0.000000,0.000000,0.005058,0.000000,2.604000,0.008145,0.000000,0.000000,0.000361,0,0
276600000000,276900000000,6283499093,193,979141,0.000323,0.001184,0.001932,0.000079,0.000545,0.001200,0.000000,0.000000,0.005730,0.000072,2.735000,0.008327,0.000000,0.000000,0.000629,0,0
276900000000,277200000000,6283499093,193,979141,0.000343,0.001188,0.001930,0.000079,0.000545,0.001198,0.000000,0.000000,0.004517,0.000072,2.851000,0.009116,0.000000,0.000000,0.000166,0,0
277200000000,277399000000,6283499093,193,979141,0.000383,0.001173,0.001930,0.000085,0.000547,0.001205,0.000034,0.000000,0.013720,0.005783,2.498000,0.007486,0.000000,0.000000,0.000365,0,0
277399000000,277415000000,6283499093,193,979141,0.000130,0.000000,0.000000,0.000000,0.000000,0.000000,0.000045,0.000000,0.002079,0.000643,2.288000,0.006647,0.000000,0.000000,0.000000,0,0
277415000000,277416000000,6283499093,193,979141,0.000000,0.000000,0.000000,0.000000,0.000000,0.000000,0.000000,0.000000,0.000000,0.000000,2.288000,0.006647,0.000000,0.000000,0.000000,0,0
