272502000000,272578000000,6283499093,194,6566539,0.000000,0.000000,0.000000,0.000000,0.000000,0.000000,0.000000,0.000000,0.000000,0.000000,0.000000,0.000000,0.000000,0.000000,0.000000,0,0
272578000000,272700000000,6283499093,194,6566539,0.000647,0.001543,0.001923,0.000295,0.000723,0.001688,0.001364,0.000000,0.017490,0.069460,2.366000,0.007152,0.000000,0.000000,0.000330,0,0
272700000000,273000000000,6283499093,194,6566539,0.005157,0.001230,0.002144,0.000233,0.000678,0.001865,0.000031,0.000000,0.093630,0.003071,0.585600,0.000203,0.000000,0.000000,0.051940,0,0
273000000000,273300000000,6283499093,194,6566539,0.001534,0.001303,0.001923,0.000136,0.000585,0.001392,0.000018,0.000000,0.065190,0.003143,0.725500,0.000832,0.000000,0.000000,0.056760,0,0
273300000000,273600000000,6283499093,194,6566539,0.002888,0.001289,0.002060,0.000109,0.000551,0.001556,0.000015,0.000000,0.090450,0.001358,2.031000,0.006200,0.000000,0.000000,0.000168,0,0
273600000000,273900000000,6283499093,194,6566539,0.000996,0.001362,0.001921,0.000045,0.000482,0.001535,0.000130,0.000001,0.047850,0.015080,1.481000,0.003908,0.000000,0.000000,0.000315,0,0
273900000000,274200000000,6283499093,194,6566539,0.000411,0.001293,0.001925,0.000045,0.000485,0.001310,0.000005,0.000001,0.005264,0.001499,3.540000,0.012450,0.000000,0.000000,0.000368,0,0
274200000000,274500000000,6283499093,194,6566539,0.000345,0.001303,0.001925,0.000044,0.000485,0.001312,0.000006,0.000001,0.004593,0.001286,2.930000,0.009523,0.000000,0.000000,0.000639,0,0
274500000000,274800000000,6283499093,194,6566539,0.000351,0.001301,0.001926,0.000044,0.000485,0.001307,0.000000,0.000001,0.004913,0.000000,2.679000,0.008250,0.000000,0.000000,0.000072,0,0
274800000000,275100000000,6283499093,194,6566539,0.000303,0.001293,0.001928,0.000044,0.000485,0.001305,0.000002,0.000001,0.004242,0.000571,3.350000,0.010900,0.000000,0.000000,0.000353,0,0
275100000000,275400000000,6283499093,194,6566539,0.000334,0.001291,0.001928,0.000044,0.000485,0.001305,0.000000,0.000001,0.005173,0.000072,2.336000,0.006664,0.000000,0.000000,0.000636,0,0
275400000000,275700000000,6283499093,194,6566539,0.000375,0.001307,0.001928,0.000044,0.000485,0.001312,0.000009,0.000001,0.003864,0.001358,3.357000,0.011390,0.000000,0.000000,0.000235,0,0
275700000000,276000000000,6283499093,194,6566539,0.000420,0.001289,0.001928,0.000044,0.000485,0.001303,0.000004,0.000001,0.005768,0.001143,3.218000,0.010550,0.000000,0.000000,0.000339,0,0
276000000000,276300000000,6283499093,194,6566539,0.000339,0.001297,0.001930,0.000044,0.000485,0.001310,0.000000,0.000001,0.004753,0.000072,2.688000,0.008162,0.000000,0.000000,0.000198,0,0
276300000000,276600000000,6283499093,194,6566539,0.000306,0.001295,0.001930,0.000044,0.000485,0.001305,0.000000,0.000001,0.004379,0.000000,2.330000,0.006686,0.000000,0.000000,0.000462,0,0
276600000000,276900000000,6283499093,194,6566539,0.000302,0.001297,0.001930,0.000044,0.000485,0.001305,0.000000,0.000001,0.004639,0.000072,2.482000,0.007349,0.000000,0.000000,0.000298,0,0
276900000000,277200000000,6283499093,194,6566539,0.000333,0.001291,0.001930,0.000044,0.000485,0.001305,0.000000,0.000001,0.004539,0.000072,2.786000,0.008511,0.000000,0.000000,0.000050,0,0
277200000000,277500000000,6283499093,194,6566539,0.000324,0.001301,0.001930,0.000044,0.000485,0.001333,0.000011,0.000001,0.004929,0.002285,2.354000,0.006902,0.000000,0.000000,0.000192,0,0
277500000000,277800000000,6283499093,194,6566539,0.000331,0.001314,0.001930,0.000045,0.000488,0.001347,0.000008,0.000001,0.005470,0.001072,2.318000,0.006518,0.000000,0.000000,0.000621,0,0
277800000000,278100000000,6283499093,194,6566539,0.000313,0.001295,0.001930,0.000045,0.000488,0.001299,0.000010,0.000001,0.005020,0.000571,2.714000,0.008395,0.000000,0.000000,0.000406,0,0
278100000000,278139000000,6283499093,194,6566539,0.000409,0.001257,0.001930,0.000046,0.000488,0.001301,0.000275,0.000001,0.003681,0.009216,2.213000,0.006095,0.000000,0.000000,0.000198,0,0
278139000000,278152000000,6283499093,194,6566539,0.000209,0.000000,0.000000,0.000000,0.000000,0.000000,0.000055,0.000001,0.002716,0.000714,1.834000,0.004152,0.000000,0.000000,0.000000,0,0
278152000000,278153000000,6283499093,194,6566539,0.000000,0.000000,0.000000,0.000000,0.000000,0.000000,0.000000,0.000001,0.000000,0.000000,1.834000,0.004152,0.000000,0.000000,0.000000,0,0
