272503000000,272615000000,6283499093,195,257408789,0.000000,0.000000,0.000000,0.000000,0.000000,0.000000,0.000000,0.000000,0.000000,0.000000,0.000000,0.000000,0.000000,0.000000,0.000000,0,0
272615000000,272700000000,6283499093,195,257408789,0.000810,0.000917,0.001928,0.000095,0.000103,0.001028,0.000732,0.000000,0.023990,0.011720,1.219000,0.001723,0.000000,0.000000,0.000263,0,0
272700000000,273000000000,6283499093,195,257408789,0.000338,0.000906,0.001928,0.000095,0.000098,0.000962,0.000000,0.000000,0.004333,0.000000,2.815000,0.008132,0.000000,0.000000,0.000102,0,0
273000000000,273300000000,6283499093,195,257408789,0.000425,0.000970,0.001928,0.000095,0.000156,0.001369,0.000001,0.000000,0.005104,0.000286,2.428000,0.006665,0.000000,0.000000,0.000258,0,0
273300000000,273600000000,6283499093,195,257408789,0.000572,0.001242,0.001926,0.000099,0.000397,0.001419,0.000036,0.000000,0.009766,0.004356,2.804000,0.008333,0.000000,0.000000,0.000542,0,0
273600000000,273900000000,6283499093,195,257408789,0.000505,0.001245,0.001925,0.000108,0.000384,0.001419,0.000000,0.000000,0.001436,0.000072,3.274000,0.010570,0.000000,0.000000,0.000213,0,0
273900000000,274200000000,6283499093,195,257408789,0.000468,0.001221,0.001925,0.000105,0.000332,0.001451,0.000001,0.000000,0.051210,0.000215,3.181000,0.009774,0.000000,0.000000,0.000247,0,0
274200000000,274500000000,6283499093,195,257408789,0.000345,0.001150,0.001923,0.000103,0.000253,0.001448,0.000003,0.000000,0.004875,0.000714,2.709000,0.007618,0.000000,0.000000,0.000190,0,0
274500000000,274800000000,6283499093,195,257408789,0.000344,0.001060,0.001925,0.000103,0.000160,0.001350,0.000000,0.000000,0.004951,0.000000,2.433000,0.006642,0.000000,0.000000,0.000302,0,0
274800000000,275100000000,6283499093,195,257408789,0.000311,0.001202,0.001926,0.000103,0.000291,0.001459,0.000000,0.000000,0.005043,0.000072,2.536000,0.007000,0.000000,0.000000,0.000153,0,0
275100000000,275400000000,6283499093,195,257408789,0.000283,0.001219,0.001925,0.000103,0.000308,0.001459,0.000004,0.000000,0.001577,0.001143,3.207000,0.009691,0.000000,0.000000,0.000220,0,0
275400000000,275700000000,6283499093,195,257408789,0.000293,0.001118,0.001925,0.000103,0.000211,0.001459,0.000001,0.000000,0.004105,0.000215,2.246000,0.005661,0.000000,0.000000,0.000513,0,0
275700000000,276000000000,6283499093,195,257408789,0.000366,0.001102,0.001926,0.000103,0.000187,0.001484,0.000000,0.000000,0.004761,0.000072,3.414000,0.010330,0.000000,0.000000,0.000181,0,0
276000000000,276300000000,6283499093,195,257408789,0.000371,0.001122,0.001926,0.000103,0.000185,0.001486,0.000003,0.000000,0.005814,0.000571,3.147000,0.009547,0.000000,0.000000,0.000136,0,0
276300000000,276600000000,6283499093,195,257408789,0.000344,0.001249,0.001926,0.000103,0.000313,0.001486,0.000000,0.000000,0.004776,0.000000,2.847000,0.008272,0.000000,0.000000,0.000275,0,0
276600000000,276900000000,6283499093,195,257408789,0.000309,0.001162,0.001926,0.000103,0.000220,0.001490,0.000000,0.000000,0.004135,0.000072,2.042000,0.004632,0.000000,0.000000,0.000063,0,0
276900000000,277200000000,6283499093,195,257408789,0.003613,0.001108,0.001925,0.000112,0.000221,0.001741,0.000035,0.000000,0.070920,0.003716,0.657500,0.000400,0.000000,0.000000,0.000107,0,0
277200000000,277429000000,6283499093,195,257408789,0.000383,0.000834,0.001926,0.000110,0.000230,0.001188,0.000009,0.000000,0.005013,0.000857,2.980000,0.008473,0.000000,0.000000,0.000207,0,0
277429000000,277444000000,6283499093,195,257408789,0.000142,0.000000,0.000000,0.000000,0.000000,0.000000,0.000100,0.000000,0.002129,0.001499,2.742000,0.007780,0.000000,0.000000,0.000000,0,0
277444000000,277445000000,6283499093,195,257408789,0.000000,0.000000,0.000000,0.000000,0.000000,0.000000,0.000000,0.000000,0.000000,0.000000,2.742000,0.007780,0.000000,0.000000,0.000000,0,0
