272508000000,272582000000,6283499093,196,257504300,0.000000,0.000000,0.000000,0.000000,0.000000,0.000000,0.000000,0.000000,0.000000,0.000000,0.000000,0.000000,0.000000,0.000000,0.000000,0,0
272582000000,272700000000,6283499093,196,257504300,0.000650,0.001226,0.001925,0.000112,0.000414,0.001434,0.000747,0.000000,0.014080,0.025570,1.999000,0.004779,0.000000,0.000000,0.000164,0,0
272700000000,273000000000,6283499093,196,257504300,0.000399,0.001179,0.001925,0.000112,0.000406,0.001329,0.000000,0.000000,0.004295,0.000072,2.924000,0.009035,0.000000,0.000000,0.000244,0,0
273000000000,273300000000,6283499093,196,257504300,0.000385,0.001219,0.001925,0.000112,0.000445,0.001331,0.000000,0.000000,0.004189,0.000072,2.584000,0.007541,0.000000,0.000000,0.000220,0,0
273300000000,273600000000,6283499093,196,257504300,0.000353,0.001284,0.001926,0.000112,0.000502,0.001345,0.000000,0.000000,0.004730,0.000072,2.385000,0.006453,0.000000,0.000000,0.000200,0,0
273600000000,273900000000,6283499093,196,257504300,0.000341,0.001024,0.001923,0.000112,0.000226,0.001371,0.000001,0.000000,0.005669,0.000215,1.694000,0.003347,0.000000,0.000000,0.000197,0,0
273900000000,274200000000,6283499093,196,257504300,0.000328,0.001131,0.001923,0.000112,0.000310,0.001381,0.000000,0.000000,0.004082,0.000000,2.230000,0.006032,0.000000,0.000000,0.000239,0,0
274200000000,274500000000,6283499093,196,257504300,0.000312,0.001236,0.001925,0.000112,0.000412,0.001389,0.000002,0.000000,0.004356,0.000143,2.135000,0.005314,0.000000,0.000000,0.000282,0,0
274500000000,274800000000,6283499093,196,257504300,0.003136,0.001326,0.001923,0.000132,0.000343,0.001753,0.000014,0.000000,0.080320,0.001143,2.093000,0.004828,0.000000,0.000000,0.000722,0,0
274800000000,275100000000,6283499093,196,257504300,0.000347,0.001320,0.001923,0.000133,0.000364,0.001539,0.000005,0.000000,0.001980,0.001286,2.263000,0.005765,0.000000,0.000000,0.000608,0,0
275100000000,275400000000,6283499093,196,257504300,0.000328,0.001291,0.001923,0.000112,0.000326,0.001526,0.000000,0.000000,0.004082,0.000000,2.304000,0.005816,0.000000,0.000000,0.000545,0,0
275400000000,275700000000,6283499093,196,257504300,0.002384,0.001373,0.001925,0.000114,0.000346,0.001806,0.000025,0.000000,0.101300,0.004501,2.365000,0.006430,0.000000,0.000000,0.000093,0,0
275700000000,276000000000,6283499093,196,257504300,0.000435,0.001337,0.001921,0.000109,0.000320,0.001661,0.000004,0.000000,0.012770,0.000786,2.796000,0.008886,0.000000,0.000000,0.000228,0,0
276000000000,276300000000,6283499093,196,257504300,0.000433,0.001310,0.001921,0.000109,0.000295,0.001593,0.000007,0.000000,0.004875,0.001785,2.882000,0.008596,0.000000,0.000000,0.000724,0,0
276300000000,276600000000,6283499093,196,257504300,0.000382,0.001333,0.001921,0.000109,0.000314,0.001595,0.000000,0.000000,0.005348,0.000000,2.525000,0.007174,0.000000,0.000000,0.000182,0,0
276600000000,276900000000,6283499093,196,257504300,0.000416,0.001354,0.001921,0.000109,0.000332,0.001600,0.000002,0.000000,0.004921,0.000500,2.728000,0.008173,0.000000,0.000000,0.000143,0,0
276900000000,277200000000,6283499093,196,257504300,0.000409,0.001284,0.001921,0.000109,0.000291,0.001596,0.000001,0.000000,0.005264,0.000072,2.688000,0.008377,0.000000,0.000000,0.000235,0,0
277200000000,277369000000,6283499093,196,257504300,0.000380,0.000872,0.001921,0.000109,0.000303,0.001167,0.000003,0.000000,0.004639,0.000215,2.990000,0.009227,0.000000,0.000000,0.000282,0,0
277369000000,277385000000,6283499093,196,257504300,0.000210,0.000000,0.000000,0.000000,0.000000,0.000000,0.000049,0.000000,0.003357,0.000786,2.734000,0.008473,0.000000,0.000000,0.000000,0,0
277385000000,277386000000,6283499093,196,257504300,0.000000,0.000000,0.000000,0.000000,0.000000,0.000000,0.000000,0.000000,0.000000,0.000000,2.734000,0.008473,0.000000,0.000000,0.000000,0,0
