272491000000,272602000000,6283499093,197,672430,0.000000,0.000000,0.000000,0.000000,0.000000,0.000000,0.000001,0.000000,0.000000,0.000072,0.000000,0.000000,0.000000,0.000000,0.000000,0,0
272602000000,272700000000,6283499093,197,672430,0.000670,0.000933,0.001923,0.000146,0.000163,0.001085,0.001209,0.000000,0.024750,0.026490,1.279000,0.001650,0.000000,0.000000,0.000190,0,0
272700000000,273000000000,6283499093,197,672430,0.000341,0.000873,0.001926,0.000150,0.000166,0.001295,0.000000,0.000000,0.001415,0.000072,2.555000,0.006825,0.000000,0.000000,0.000528,0,0
273000000000,273300000000,6283499093,197,672430,0.000329,0.000950,0.001926,0.000150,0.000245,0.001295,0.000002,0.000000,0.001274,0.000357,2.657000,0.007169,0.000000,0.000000,0.000559,0,0
273300000000,273600000000,6283499093,197,672430,0.003105,0.001171,0.001926,0.000155,0.000340,0.001688,0.000018,0.000000,0.078980,0.003357,0.639900,0.000373,0.000000,0.000000,0.000629,0,0
273600000000,273900000000,6283499093,197,672430,0.000377,0.001230,0.001925,0.000163,0.000355,0.001499,0.000000,0.000000,0.004776,0.000072,2.951000,0.008168,0.000000,0.000000,0.000734,0,0
273900000000,274200000000,6283499093,197,672430,0.000469,0.001287,0.001925,0.000155,0.000392,0.001516,0.000001,0.000000,0.011400,0.000072,3.159000,0.009207,0.000000,0.000000,0.000174,0,0
274200000000,274500000000,6283499093,197,672430,0.000448,0.001266,0.001925,0.000153,0.000351,0.001518,0.000001,0.000000,0.004684,0.000143,3.060000,0.008956,0.000000,0.000000,0.000518,0,0
274500000000,274800000000,6283499093,197,672430,0.003654,0.001368,0.002048,0.000151,0.000359,0.002083,0.000063,0.000000,0.089360,0.013080,0.719200,0.000623,0.000000,0.000000,0.005928,0,0
274800000000,275100000000,6283499093,197,672430,0.000547,0.001326,0.001921,0.000150,0.000368,0.001574,0.000000,0.000000,0.005737,0.000072,3.475000,0.010450,0.000000,0.000000,0.000096,0,0
275100000000,275400000000,6283499093,197,672430,0.000487,0.001307,0.001923,0.000150,0.000350,0.001574,0.000000,0.000000,0.004410,0.000000,3.398000,0.010010,0.000000,0.000000,0.000314,0,0
275400000000,275700000000,6283499093,197,672430,0.000340,0.001299,0.001923,0.000146,0.000340,0.001574,0.000000,0.000000,0.004944,0.000143,2.583000,0.006732,0.000000,0.000000,0.000095,0,0
275700000000,276000000000,6283499093,197,672430,0.000333,0.001316,0.001925,0.000143,0.000355,0.001574,0.000000,0.000000,0.005341,0.000000,2.420000,0.006202,0.000000,0.000000,0.000171,0,0
276000000000,276300000000,6283499093,197,672430,0.000348,0.001301,0.001925,0.000143,0.000340,0.001574,0.000000,0.000000,0.005074,0.000072,2.895000,0.007711,0.000000,0.000000,0.000149,0,0
276300000000,276600000000,6283499093,197,672430,0.000356,0.001307,0.001923,0.000143,0.000344,0.001574,0.000002,0.000000,0.004822,0.000143,2.477000,0.006315,0.000000,0.000000,0.000320,0,0
276600000000,276900000000,6283499093,197,672430,0.000323,0.001295,0.001925,0.000143,0.000333,0.001570,0.000000,0.000000,0.005241,0.000072,2.491000,0.006488,0.000000,0.000000,0.000670,0,0
276900000000,277200000000,6283499093,197,672430,0.000338,0.001314,0.001923,0.000143,0.000350,0.001577,0.000000,0.000000,0.001532,0.000000,2.658000,0.007326,0.000000,0.000000,0.000286,0,0
277200000000,277500000000,6283499093,197,672430,0.000344,0.001297,0.001925,0.000148,0.000334,0.001574,0.000201,0.000000,0.004967,0.042910,2.272000,0.005742,0.000000,0.000000,0.000235,0,0
277500000000,277800000000,6283499093,197,672430,0.000335,0.001175,0.001925,0.000195,0.000239,0.001291,0.000059,0.000000,0.005692,0.009293,3.022000,0.008592,0.000000,0.000000,0.000297,0,0
277800000000,278100000000,6283499093,197,672430,0.000356,0.001183,0.001926,0.000194,0.000260,0.001240,0.000011,0.000000,0.005486,0.001785,2.731000,0.007863,0.000000,0.000000,0.000342,0,0
278100000000,278400000000,6283499093,197,672430,0.000347,0.001230,0.001932,0.000301,0.000396,0.001312,0.000370,0.000000,0.005310,0.042240,2.798000,0.007765,0.000000,0.000000,0.000200,0,0
278400000000,278700000000,6283499093,197,672430,0.000360,0.001200,0.001932,0.000311,0.000418,0.001213,0.000030,0.000000,0.004745,0.006927,2.420000,0.006326,0.000000,0.000000,0.000393,0,0
278700000000,279000000000,6283499093,197,672430,0.000370,0.001198,0.001932,0.000311,0.000420,0.001204,0.000003,0.000000,0.005127,0.000357,2.602000,0.006848,0.000000,0.000000,0.000258,0,0
279000000000,279300000000,6283499093,197,672430,0.000385,0.001223,0.001932,0.000326,0.000444,0.001266,0.000075,0.000000,0.005043,0.019130,2.645000,0.007352,0.000000,0.000000,0.000486,0,0
279300000000,279600000000,6283499093,197,672430,0.000367,0.001188,0.001932,0.000334,0.000456,0.001196,0.000001,0.000000,0.005966,0.000143,2.581000,0.007028,0.000000,0.000000,0.000704,0,0
279600000000,279900000000,6283499093,197,672430,0.000383,0.001209,0.001932,0.000334,0.000457,0.001240,0.000003,0.000000,0.002178,0.000286,2.665000,0.007175,0.000000,0.000000,0.000411,0,0
279900000000,280200000000,6283499093,197,672430,0.000402,0.001213,0.001932,0.000334,0.000458,0.001247,0.000008,0.000000,0.005478,0.000857,2.724000,0.007450,0.000000,0.000000,0.000107,0,0
280200000000,280500000000,6283499093,197,672430,0.000395,0.001200,0.001932,0.000335,0.000461,0.001244,0.000003,0.000000,0.001221,0.000571,2.952000,0.008457,0.000000,0.000000,0.000133,0,0
280500000000,280800000000,6283499093,197,672430,0.000429,0.001207,0.001930,0.000335,0.000461,0.001230,0.000002,0.000000,0.005081,0.000286,2.768000,0.007588,0.000000,0.000000,0.000402,0,0
280800000000,281100000000,6283499093,197,672430,0.000435,0.001226,0.001932,0.000335,0.000461,0.001244,0.000008,0.000000,0.008362,0.001215,2.544000,0.006648,0.000000,0.000000,0.000540,0,0
281100000000,281260000000,6283499093,197,672430,0.000458,0.001207,0.001930,0.000337,0.000462,0.001244,0.000244,0.000000,0.005585,0.021000,2.723000,0.007320,0.000000,0.000000,0.000577,0,0
281260000000,281273000000,6283499093,197,672430,0.000228,0.000000,0.000000,0.000000,0.000000,0.000000,0.000072,0.000000,0.002964,0.000786,2.399000,0.004692,0.000000,0.000000,0.000000,0,0
281273000000,281274000000,6283499093,197,672430,0.000000,0.000000,0.000000,0.000000,0.000000,0.000000,0.000000,0.000000,0.000000,0.000000,2.399000,0.004692,0.000000,0.000000,0.000000,0,0
