272492000000,272578000000,6283499093,198,5772164,0.000000,0.000000,0.000000,0.000000,0.000000,0.000000,0.000000,0.000000,0.000000,0.000000,0.000000,0.000000,0.000000,0.000000,0.000000,0,0
272578000000,272700000000,6283499093,198,5772164,0.000584,0.001175,0.001921,0.000197,0.000355,0.001539,0.000800,0.000000,0.014630,0.030150,2.245000,0.006495,0.000000,0.000000,0.000116,0,0
272700000000,273000000000,6283499093,198,5772164,0.000300,0.001286,0.001925,0.000191,0.000576,0.001348,0.000000,0.000000,0.004456,0.000000,2.230000,0.006234,0.000000,0.000000,0.000123,0,0
273000000000,273300000000,6283499093,198,5772164,0.000303,0.001041,0.001923,0.000179,0.000318,0.001347,0.000001,0.000000,0.003819,0.000215,2.132000,0.005853,0.000000,0.000000,0.000127,0,0
273300000000,273600000000,6283499093,198,5772164,0.000306,0.001013,0.001921,0.000179,0.000283,0.001362,0.000000,0.000000,0.003700,0.000000,1.797000,0.004434,0.000000,0.000000,0.000065,0,0
273600000000,273900000000,6283499093,198,5772164,0.000332,0.001085,0.001919,0.000179,0.000342,0.001368,0.000000,0.000000,0.007355,0.000072,2.365000,0.006906,0.000000,0.000000,0.000241,0,0
273900000000,274200000000,6283499093,198,5772164,0.000376,0.001131,0.001921,0.000179,0.000380,0.001389,0.000001,0.000000,0.005493,0.000072,2.068000,0.005608,0.000000,0.000000,0.000132,0,0
274200000000,274500000000,6283499093,198,5772164,0.000324,0.001163,0.001921,0.000179,0.000404,0.001383,0.000001,0.000000,0.004021,0.000072,2.232000,0.006459,0.000000,0.000000,0.000179,0,0
274500000000,274800000000,6283499093,198,5772164,0.000321,0.001171,0.001921,0.000179,0.000414,0.001383,0.000000,0.000000,0.004204,0.000072,2.179000,0.006098,0.000000,0.000000,0.000288,0,0
274800000000,275100000000,6283499093,198,5772164,0.000279,0.001171,0.001923,0.000179,0.000425,0.001373,0.000000,0.000000,0.004616,0.000072,2.263000,0.006121,0.000000,0.000000,0.000069,0,0
275100000000,275400000000,6283499093,198,5772164,0.000294,0.001204,0.001923,0.000179,0.000457,0.001373,0.000000,0.000000,0.004509,0.000000,1.981000,0.005158,0.000000,0.000000,0.000564,0,0
275400000000,275700000000,6283499093,198,5772164,0.000291,0.001236,0.001925,0.000178,0.000489,0.001371,0.000000,0.000000,0.004517,0.000072,2.050000,0.005203,0.000000,0.000000,0.000789,0,0
275700000000,276000000000,6283499093,198,5772164,0.000293,0.001261,0.001925,0.000178,0.000516,0.001369,0.000010,0.000000,0.005875,0.002857,2.047000,0.005432,0.000000,0.000000,0.000746,0,0
276000000000,276300000000,6283499093,198,5772164,0.000306,0.001301,0.001926,0.000178,0.000555,0.001368,0.000000,0.000000,0.003666,0.000072,2.046000,0.005508,0.000000,0.000000,0.000153,0,0
276300000000,276600000000,6283499093,198,5772164,0.000315,0.001337,0.001926,0.000178,0.000592,0.001369,0.000000,0.000000,0.003677,0.000000,2.298000,0.006504,0.000000,0.000000,0.000087,0,0
276600000000,276900000000,6283499093,198,5772164,0.000297,0.001089,0.001923,0.000178,0.000341,0.001369,0.000000,0.000000,0.001078,0.000072,2.089000,0.005741,0.000000,0.000000,0.000052,0,0
276900000000,277200000000,6283499093,198,5772164,0.000294,0.001003,0.001921,0.000178,0.000258,0.001366,0.000000,0.000000,0.003761,0.000000,2.237000,0.006197,0.000000,0.000000,0.000274,0,0
277200000000,277349000000,6283499093,198,5772164,0.000450,0.001060,0.001921,0.000178,0.000313,0.001423,0.000028,0.000000,0.012410,0.003143,2.035000,0.005261,0.000000,0.000000,0.000053,0,0
277349000000,277365000000,6283499093,198,5772164,0.000199,0.000005,0.000000,0.000012,0.000012,0.000072,0.000133,0.000000,0.003181,0.002144,1.986000,0.005076,0.000000,0.000000,0.000000,0,0
277365000000,277366000000,6283499093,198,5772164,0.000000,0.000000,0.000000,0.000000,0.000000,0.000000,0.000000,0.000000,0.000000,0.000000,1.986000,0.005076,0.000000,0.000000,0.000000,0,0
