272500000000,272566000000,6283499093,199,30788570,0.000000,0.000000,0.000000,0.000000,0.000000,0.000000,0.000000,0.000000,0.000000,0.000000,0.000000,0.000000,0.000000,0.000000,0.000000,0,0
272566000000,272700000000,6283499093,199,30788570,0.000508,0.000980,0.001923,0.000165,0.000246,0.001284,0.000996,0.000000,0.008789,0.017150,2.155000,0.006365,0.000000,0.000000,0.000210,0,0
272700000000,273000000000,6283499093,199,30788570,0.000444,0.000966,0.001919,0.000173,0.000231,0.001167,0.000028,0.000000,0.005981,0.005432,1.839000,0.005656,0.000000,0.000000,0.000194,0,0
273000000000,273300000000,6283499093,199,30788570,0.000386,0.001299,0.001923,0.000175,0.000550,0.001371,0.000009,0.000000,0.003952,0.002357,3.705000,0.013770,0.000000,0.000000,0.000206,0,0
273300000000,273600000000,6283499093,199,30788570,0.000278,0.001261,0.001925,0.000170,0.000507,0.001371,0.000000,0.000000,0.000965,0.000000,2.907000,0.009543,0.000000,0.000000,0.000662,0,0
273600000000,273900000000,6283499093,199,30788570,0.000278,0.001226,0.001923,0.000169,0.000467,0.001373,0.000001,0.000000,0.004234,0.000072,2.255000,0.006499,0.000000,0.000000,0.000175,0,0
273900000000,274200000000,6283499093,199,30788570,0.000268,0.001209,0.001923,0.000169,0.000441,0.001387,0.000001,0.000000,0.003807,0.000072,2.392000,0.007288,0.000000,0.000000,0.000077,0,0
274200000000,274500000000,6283499093,199,30788570,0.000259,0.001167,0.001921,0.000169,0.000398,0.001387,0.000002,0.000000,0.004128,0.000143,2.510000,0.007983,0.000000,0.000000,0.000181,0,0
274500000000,274800000000,6283499093,199,30788570,0.000279,0.001144,0.001921,0.000169,0.000373,0.001389,0.000000,0.000000,0.003738,0.000072,2.238000,0.006554,0.000000,0.000000,0.000156,0,0
274800000000,275100000000,6283499093,199,30788570,0.000252,0.001120,0.001919,0.000169,0.000345,0.001389,0.000000,0.000000,0.003796,0.000072,2.110000,0.005944,0.000000,0.000000,0.000095,0,0
275100000000,275400000000,6283499093,199,30788570,0.000237,0.001112,0.001919,0.000169,0.000339,0.001389,0.000000,0.000000,0.004593,0.000000,2.473000,0.007626,0.000000,0.000000,0.000135,0,0
275400000000,275700000000,6283499093,199,30788570,0.000243,0.001095,0.001921,0.000169,0.000321,0.001389,0.000000,0.000000,0.004005,0.000072,2.016000,0.005345,0.000000,0.000000,0.000049,0,0
275700000000,276000000000,6283499093,199,30788570,0.000273,0.001101,0.001919,0.000169,0.000321,0.001392,0.000000,0.000000,0.003731,0.000000,1.662000,0.003776,0.000000,0.000000,0.000086,0,0
276000000000,276300000000,6283499093,199,30788570,0.000382,0.001076,0.001921,0.000175,0.000295,0.001398,0.000037,0.000000,0.005936,0.005074,1.441000,0.003252,0.000000,0.000000,0.000237,0,0
276300000000,276600000000,6283499093,199,30788570,0.000340,0.001064,0.001921,0.000172,0.000279,0.001352,0.000000,0.000000,0.006737,0.000000,2.502000,0.008084,0.000000,0.000000,0.000296,0,0
276600000000,276900000000,6283499093,199,30788570,0.000292,0.001022,0.001923,0.000169,0.000233,0.001209,0.000003,0.000000,0.003967,0.000714,2.338000,0.006954,0.000000,0.000000,0.000082,0,0
276900000000,277200000000,6283499093,199,30788570,0.000295,0.001003,0.001923,0.000170,0.000213,0.001127,0.000000,0.000000,0.005768,0.000000,2.365000,0.007059,0.000000,0.000000,0.000152,0,0
277200000000,277500000000,6283499093,199,30788570,0.000338,0.001150,0.001923,0.000169,0.000353,0.001461,0.000037,0.000000,0.004372,0.002857,2.219000,0.006623,0.000000,0.000000,0.000097,0,0
277500000000,277800000000,6283499093,199,30788570,0.000433,0.001249,0.001919,0.000166,0.000420,0.001465,0.000024,0.000000,0.011900,0.002857,2.809000,0.009627,0.000000,0.000000,0.000378,0,0
277800000000,278100000000,6283499093,199,30788570,0.000359,0.001154,0.001921,0.000196,0.000341,0.001356,0.000199,0.000000,0.004448,0.031920,2.584000,0.008485,0.000000,0.000000,0.000253,0,0
278100000000,278220000000,6283499093,199,30788570,0.000356,0.001127,0.001925,0.000288,0.000374,0.001232,0.001421,0.000000,0.003983,0.035710,1.791000,0.004512,0.000000,0.000000,0.000184,0,0
278220000000,278239000000,6283499093,199,30788570,0.000094,0.000000,0.000000,0.000000,0.000000,0.000000,0.000300,0.000000,0.001799,0.002857,1.540000,0.003174,0.000000,0.000000,0.000000,0,0
278239000000,278240000000,6283499093,199,30788570,0.000000,0.000000,0.000000,0.000000,0.000000,0.000000,0.000000,0.000000,0.000000,0.000000,1.540000,0.003174,0.000000,0.000000,0.000000,0,0
