272490000000,272673000000,6283499093,2,438720042,0.000000,0.000000,0.000000,0.000000,0.000000,0.000000,0.000000,0.000000,0.000000,0.000000,0.000000,0.000000,0.000000,0.000000,0.000000,0,0
272673000000,272700000000,6283499093,2,438720042,0.001623,0.000612,0.001886,0.000110,0.000178,0.001108,0.005074,0.000000,0.022190,0.020840,1.307000,0.001923,0.000000,0.000000,0.001495,0,0
272700000000,273000000000,6283499093,2,438720042,0.000371,0.001059,0.001881,0.000137,0.000264,0.001474,0.000006,0.000000,0.004875,0.001358,1.608000,0.003197,0.000000,0.000000,0.000131,0,0
273000000000,273300000000,6283499093,2,438720042,0.000374,0.001045,0.001881,0.000136,0.000279,0.001348,0.000000,0.000000,0.004906,0.000000,2.969000,0.008826,0.000000,0.000000,0.000167,0,0
273300000000,273600000000,6283499093,2,438720042,0.000324,0.001053,0.001881,0.000136,0.000285,0.001350,0.000000,0.000000,0.005394,0.000072,2.533000,0.006963,0.000000,0.000000,0.000382,0,0
273600000000,273900000000,6283499093,2,438720042,0.000348,0.001095,0.001881,0.000136,0.000321,0.001364,0.000000,0.000000,0.004906,0.000072,2.839000,0.008469,0.000000,0.000000,0.000262,0,0
273900000000,274200000000,6283499093,2,438720042,0.000404,0.001043,0.001883,0.000136,0.000255,0.001371,0.000000,0.000000,0.004578,0.000143,3.149000,0.009727,0.000000,0.000000,0.000321,0,0
274200000000,274500000000,6283499093,2,438720042,0.000400,0.000999,0.001881,0.000136,0.000198,0.001244,0.000001,0.000000,0.004128,0.000143,3.272000,0.010870,0.000000,0.000000,0.000394,0,0
274500000000,274800000000,6283499093,2,438720042,0.000311,0.001040,0.001881,0.000135,0.000237,0.001379,0.000000,0.000000,0.004440,0.000072,2.805000,0.008055,0.000000,0.000000,0.000190,0,0
274800000000,275100000000,6283499093,2,438720042,0.000286,0.001072,0.001883,0.000133,0.000270,0.001381,0.000000,0.000000,0.001295,0.000072,2.519000,0.006987,0.000000,0.000000,0.000077,0,0
275100000000,275400000000,6283499093,2,438720042,0.000302,0.001129,0.001883,0.000133,0.000327,0.001381,0.000000,0.000000,0.004555,0.000072,2.453000,0.006541,0.000000,0.000000,0.000102,0,0
275400000000,275700000000,6283499093,2,438720042,0.000704,0.001062,0.001879,0.000140,0.000223,0.001432,0.000022,0.000000,0.013580,0.005501,4.348000,0.015180,0.000000,0.000000,0.000771,0,0
275700000000,276000000000,6283499093,2,438720042,0.000588,0.001017,0.001879,0.000140,0.000178,0.001162,0.000000,0.000000,0.004959,0.000000,5.380000,0.019380,0.000000,0.000000,0.000514,0,0
276000000000,276300000000,6283499093,2,438720042,0.000372,0.000992,0.001883,0.000148,0.000164,0.001089,0.000008,0.000000,0.005028,0.001642,3.110000,0.009326,0.000000,0.000000,0.000269,0,0
276300000000,276600000000,6283499093,2,438720042,0.000323,0.000978,0.001881,0.000148,0.000162,0.001060,0.000004,0.000000,0.001335,0.001215,2.429000,0.006372,0.000000,0.000000,0.000631,0,0
276600000000,276900000000,6283499093,2,438720042,0.000317,0.001003,0.001881,0.000148,0.000189,0.001181,0.000000,0.000000,0.004776,0.000072,2.538000,0.006772,0.000000,0.000000,0.000141,0,0
276900000000,277200000000,6283499093,2,438720042,0.000305,0.001026,0.001881,0.000148,0.000212,0.001293,0.000000,0.000000,0.001778,0.000072,2.925000,0.008731,0.000000,0.000000,0.000390,0,0
277200000000,277500000000,6283499093,2,438720042,0.000316,0.001051,0.001881,0.000148,0.000236,0.001362,0.000004,0.000000,0.003784,0.000357,2.827000,0.008307,0.000000,0.000000,0.000471,0,0
277500000000,277800000000,6283499093,2,438720042,0.000333,0.001060,0.001883,0.000154,0.000238,0.001390,0.000029,0.000000,0.006714,0.005074,2.744000,0.008080,0.000000,0.000000,0.000112,0,0
277800000000,278100000000,6283499093,2,438720042,0.000317,0.001041,0.001883,0.000166,0.000225,0.001228,0.000153,0.000000,0.004761,0.009995,4.802000,0.016100,0.000000,0.000000,0.000351,0,0
278100000000,278400000000,6283499093,2,438720042,0.000398,0.001026,0.001883,0.000166,0.000206,0.001148,0.000007,0.000000,0.005760,0.000571,3.066000,0.009222,0.000000,0.000000,0.000219,0,0
278400000000,278700000000,6283499093,2,438720042,0.000405,0.001040,0.001881,0.000165,0.000209,0.001148,0.000003,0.000000,0.006760,0.000072,2.991000,0.008899,0.000000,0.000000,0.001184,0,0
278700000000,279000000000,6283499093,2,438720042,0.000379,0.001034,0.001879,0.000166,0.000203,0.001144,0.000012,0.000000,0.004906,0.002571,2.875000,0.008477,0.000000,0.000000,0.000214,0,0
279000000000,279300000000,6283499093,2,438720042,0.000380,0.001045,0.001881,0.000166,0.000212,0.001148,0.000016,0.000000,0.004318,0.001928,2.382000,0.006631,0.000000,0.000000,0.000153,0,0
279300000000,279600000000,6283499093,2,438720042,0.000367,0.001036,0.001881,0.000165,0.000198,0.001158,0.000011,0.000000,0.005272,0.001215,2.945000,0.009008,0.000000,0.000000,0.000231,0,0
279600000000,279900000000,6283499093,2,438720042,0.000356,0.001047,0.001881,0.000164,0.000208,0.001158,0.000015,0.000000,0.005142,0.002499,2.595000,0.007666,0.000000,0.000000,0.000100,0,0
279900000000,279999000000,6283499093,2,438720042,0.000362,0.001043,0.001881,0.000165,0.000220,0.001162,0.000051,0.000000,0.004852,0.004356,2.216000,0.005939,0.000000,0.000000,0.000154,0,0
279999000000,280016000000,6283499093,2,438720042,0.000133,0.000000,0.000000,0.000000,0.000000,0.000000,0.000176,0.000000,0.002254,0.002857,2.245000,0.005982,0.000000,0.000000,0.000000,0,0
280016000000,280017000000,6283499093,2,438720042,0.000000,0.000000,0.000000,0.000000,0.000000,0.000000,0.000000,0.000000,0.000000,0.000000,2.245000,0.005982,0.000000,0.000000,0.000000,0,0
280182000000,280200000000,6283499093,2,1271008,0.001368,0.001007,0.001936,0.000356,0.000730,0.001131,0.010570,0.000000,0.013180,0.070800,0.000000,0.000000,0.000000,0.000000,0.000720,0,0
280200000000,280500000000,6283499093,2,1271008,0.000370,0.001141,0.001932,0.000371,0.000812,0.001656,0.000036,0.000000,0.015050,0.005928,1.881000,0.004731,0.000000,0.000000,0.000400,0,0
280500000000,280800000000,6283499093,2,1271008,0.000330,0.000950,0.001932,0.000364,0.000809,0.000970,0.000001,0.000000,0.004204,0.000072,2.203000,0.006094,0.000000,0.000000,0.000456,0,0
280800000000,281100000000,6283499093,2,1271008,0.000346,0.000966,0.001932,0.000362,0.000808,0.000990,0.000007,0.000000,0.004288,0.000786,2.068000,0.005480,0.000000,0.000000,0.000198,0,0
281100000000,281400000000,6283499093,2,1271008,0.000341,0.000968,0.001932,0.000361,0.000808,0.000984,0.000001,0.000000,0.023500,0.000143,1.787000,0.003883,0.000000,0.000000,0.000088,0,0
281400000000,281700000000,6283499093,2,1271008,0.000436,0.001026,0.001930,0.000351,0.000810,0.001068,0.000008,0.000000,0.013850,0.001499,2.473000,0.007022,0.000000,0.000000,0.000336,0,0
281700000000,282000000000,6283499093,2,1271008,0.000410,0.001013,0.001930,0.000350,0.000810,0.001020,0.000001,0.000000,0.005310,0.000143,2.456000,0.007041,0.000000,0.000000,0.000456,0,0
282000000000,282300000000,6283499093,2,1271008,0.000378,0.001026,0.001930,0.000350,0.000810,0.001053,0.000004,0.000000,0.005341,0.000215,2.558000,0.007266,0.000000,0.000000,0.000211,0,0
282300000000,282600000000,6283499093,2,1271008,0.000404,0.001051,0.001930,0.000350,0.000810,0.001070,0.000008,0.000000,0.005714,0.000929,2.426000,0.006900,0.000000,0.000000,0.000270,0,0
282600000000,282900000000,6283499093,2,1271008,0.000382,0.001066,0.001930,0.000349,0.000810,0.001081,0.000005,0.000000,0.004425,0.000286,2.459000,0.007091,0.000000,0.000000,0.000551,0,0
282900000000,282999000000,6283499093,2,1271008,0.000426,0.001007,0.001930,0.000354,0.000811,0.001083,0.000007,0.000000,0.005806,0.000215,2.420000,0.006745,0.000000,0.000000,0.000596,0,0
282999000000,283010000000,6283499093,2,1271008,0.000274,0.000015,0.000000,0.000000,0.000000,0.000171,0.000051,0.000000,0.003014,0.000500,2.523000,0.007334,0.000000,0.000000,0.000000,0,0
283010000000,283011000000,6283499093,2,1271008,0.000000,0.000000,0.000000,0.000000,0.000000,0.000000,0.000000,0.000000,0.000000,0.000000,2.523000,0.007334,0.000000,0.000000,0.000000,0,0
