272497000000,272582000000,6283499093,20,907208,0.000000,0.000000,0.000000,0.000000,0.000000,0.000000,0.000000,0.000000,0.000000,0.000000,0.000000,0.000000,0.000000,0.000000,0.000000,0,0
272582000000,272700000000,6283499093,20,907208,0.000625,0.001148,0.001778,0.000141,0.000307,0.001511,0.000648,0.000000,0.013320,0.024350,2.820000,0.008505,0.000000,0.000000,0.000173,0,0
272700000000,273000000000,6283499093,20,907208,0.000357,0.001312,0.001783,0.000134,0.000530,0.001362,0.000000,0.000000,0.004593,0.000000,2.848000,0.008445,0.000000,0.000000,0.000236,0,0
273000000000,273300000000,6283499093,20,907208,0.000355,0.000962,0.001778,0.000134,0.000177,0.001253,0.000003,0.000000,0.001303,0.000571,2.619000,0.007505,0.000000,0.000000,0.000531,0,0
273300000000,273600000000,6283499093,20,907208,0.000403,0.001043,0.001776,0.000134,0.000251,0.001390,0.000003,0.000000,0.004150,0.000500,2.303000,0.006250,0.000000,0.000000,0.000588,0,0
273600000000,273900000000,6283499093,20,907208,0.000448,0.001122,0.001778,0.000134,0.000311,0.001390,0.000000,0.000000,0.004074,0.000072,3.332000,0.010980,0.000000,0.000000,0.000217,0,0
273900000000,274200000000,6283499093,20,907208,0.000572,0.001163,0.001778,0.000137,0.000324,0.001436,0.000027,0.000000,0.007019,0.007004,2.914000,0.009114,0.000000,0.000000,0.000284,0,0
274200000000,274500000000,6283499093,20,907208,0.000432,0.001116,0.001778,0.000133,0.000275,0.001423,0.000002,0.000000,0.004250,0.000143,2.798000,0.008437,0.000000,0.000000,0.000338,0,0
274500000000,274800000000,6283499093,20,907208,0.000382,0.001083,0.001778,0.000133,0.000241,0.001421,0.000000,0.000000,0.004738,0.000000,2.732000,0.008032,0.000000,0.000000,0.000382,0,0
274800000000,275100000000,6283499093,20,907208,0.000351,0.001057,0.001778,0.000133,0.000218,0.001389,0.000000,0.000000,0.004921,0.000072,2.503000,0.007161,0.000000,0.000000,0.000654,0,0
275100000000,275400000000,6283499093,20,907208,0.000316,0.001034,0.001780,0.000133,0.000195,0.001289,0.000000,0.000000,0.004471,0.000000,2.399000,0.006613,0.000000,0.000000,0.000300,0,0
275400000000,275700000000,6283499093,20,907208,0.000326,0.001013,0.001780,0.000133,0.000172,0.001179,0.000000,0.000000,0.006409,0.000143,2.201000,0.005650,0.000000,0.000000,0.000343,0,0
275700000000,276000000000,6283499093,20,907208,0.000333,0.001009,0.001780,0.000134,0.000168,0.001192,0.000001,0.000000,0.004364,0.000072,2.567000,0.007007,0.000000,0.000000,0.000149,0,0
276000000000,276300000000,6283499093,20,907208,0.000380,0.001080,0.001780,0.000134,0.000237,0.001429,0.000004,0.000000,0.006897,0.000571,2.574000,0.007128,0.000000,0.000000,0.000258,0,0
276300000000,276600000000,6283499093,20,907208,0.000489,0.001198,0.001780,0.000136,0.000347,0.001448,0.000021,0.000000,0.009796,0.005783,2.243000,0.005603,0.000000,0.000000,0.000428,0,0
276600000000,276900000000,6283499093,20,907208,0.000481,0.001236,0.001780,0.000140,0.000382,0.001444,0.000002,0.000000,0.004311,0.000286,2.375000,0.006601,0.000000,0.000000,0.000201,0,0
276900000000,277200000000,6283499093,20,907208,0.000551,0.001278,0.001781,0.000135,0.000404,0.001459,0.000002,0.000000,0.015930,0.000072,2.256000,0.006116,0.000000,0.000000,0.000429,0,0
277200000000,277500000000,6283499093,20,907208,0.000479,0.001301,0.001781,0.000135,0.000424,0.001457,0.000003,0.000000,0.004570,0.000286,3.291000,0.010770,0.000000,0.000000,0.000240,0,0
277500000000,277800000000,6283499093,20,907208,0.000392,0.001301,0.001781,0.000135,0.000425,0.001457,0.000004,0.000000,0.002460,0.000215,2.905000,0.008825,0.000000,0.000000,0.000393,0,0
277800000000,277829000000,6283499093,20,907208,0.000399,0.001280,0.001783,0.000136,0.000418,0.001455,0.000251,0.000000,0.002998,0.007217,1.713000,0.003364,0.000000,0.000000,0.000101,0,0
277829000000,277846000000,6283499093,20,907208,0.000153,0.000020,0.000000,0.000000,0.000000,0.000347,0.000046,0.000000,0.002609,0.000714,1.663000,0.003143,0.000000,0.000000,0.000000,0,0
277846000000,277847000000,6283499093,20,907208,0.000000,0.000000,0.000000,0.000000,0.000000,0.000000,0.000000,0.000000,0.000000,0.000000,1.662000,0.003136,0.000000,0.000000,0.000000,0,0
