272560000000,272700000000,6283499093,200,4246071647,0.000670,0.000836,0.001926,0.000089,0.000108,0.001043,0.000395,0.000000,0.029020,0.008713,1.349000,0.002215,0.000000,0.000000,0.000142,0,0
272700000000,273000000000,6283499093,200,4246071647,0.000409,0.000902,0.001925,0.000094,0.000112,0.001038,0.000001,0.000000,0.006264,0.000143,3.307000,0.010370,0.000000,0.000000,0.000273,0,0
273000000000,273300000000,6283499093,200,4246071647,0.000397,0.000922,0.001925,0.000093,0.000133,0.001085,0.000001,0.000000,0.004402,0.000143,4.177000,0.014090,0.000000,0.000000,0.000268,0,0
273300000000,273600000000,6283499093,200,4246071647,0.000336,0.000936,0.001926,0.000089,0.000139,0.001114,0.000000,0.000000,0.004349,0.000000,3.431000,0.010750,0.000000,0.000000,0.000658,0,0
273600000000,273900000000,6283499093,200,4246071647,0.000412,0.000977,0.001925,0.000077,0.000158,0.001369,0.000022,0.000000,0.006981,0.005859,1.836000,0.004511,0.000000,0.000000,0.000440,0,0
273900000000,274200000000,6283499093,200,4246071647,0.000350,0.000999,0.001926,0.000081,0.000161,0.001366,0.000001,0.000000,0.004761,0.000143,3.331000,0.010590,0.000000,0.000000,0.000230,0,0
274200000000,274500000000,6283499093,200,4246071647,0.000329,0.001099,0.001925,0.000075,0.000253,0.001368,0.000002,0.000000,0.006104,0.000143,4.304000,0.014290,0.000000,0.000000,0.000128,0,0
274500000000,274800000000,6283499093,200,4246071647,0.000266,0.001059,0.001925,0.000075,0.000211,0.001371,0.000000,0.000000,0.002632,0.000000,3.069000,0.008840,0.000000,0.000000,0.000234,0,0
274800000000,275100000000,6283499093,200,4246071647,0.000256,0.001043,0.001925,0.000075,0.000194,0.001371,0.000000,0.000000,0.004745,0.000072,3.015000,0.008759,0.000000,0.000000,0.000264,0,0
275100000000,275400000000,6283499093,200,4246071647,0.000297,0.001024,0.001925,0.000075,0.000172,0.001369,0.000001,0.000000,0.005074,0.000143,3.109000,0.009224,0.000000,0.000000,0.000223,0,0
275400000000,275700000000,6283499093,200,4246071647,0.000296,0.001015,0.001926,0.000076,0.000164,0.001362,0.000006,0.000000,0.003796,0.001215,3.778000,0.011860,0.000000,0.000000,0.000087,0,0
275700000000,276000000000,6283499093,200,4246071647,0.000290,0.001003,0.001925,0.000072,0.000144,0.001312,0.000000,0.000000,0.011220,0.000143,3.673000,0.011030,0.000000,0.000000,0.000117,0,0
276000000000,276300000000,6283499093,200,4246071647,0.000259,0.001003,0.001926,0.000071,0.000143,0.001255,0.000005,0.000000,0.001589,0.001143,4.342000,0.013610,0.000000,0.000000,0.000183,0,0
276300000000,276600000000,6283499093,200,4246071647,0.000248,0.000990,0.001926,0.000071,0.000130,0.001179,0.000004,0.000000,0.024480,0.000786,2.481000,0.006200,0.000000,0.000000,0.000354,0,0
276600000000,276900000000,6283499093,200,4246071647,0.000259,0.001019,0.001925,0.000071,0.000157,0.001375,0.000000,0.000000,0.001150,0.000072,2.969000,0.008403,0.000000,0.000000,0.000240,0,0
276900000000,277200000000,6283499093,200,4246071647,0.000260,0.001030,0.001925,0.000071,0.000168,0.001375,0.000000,0.000000,0.001379,0.000000,3.508000,0.010550,0.000000,0.000000,0.000245,0,0
277200000000,277500000000,6283499093,200,4246071647,0.000242,0.000999,0.001925,0.000074,0.000135,0.001347,0.000043,0.000000,0.009872,0.008636,3.323000,0.009832,0.000000,0.000000,0.000447,0,0
277500000000,277800000000,6283499093,200,4246071647,0.000298,0.000976,0.001925,0.000078,0.000117,0.001097,0.000023,0.000000,0.007286,0.003998,2.831000,0.007920,0.000000,0.000000,0.000291,0,0
277800000000,278100000000,6283499093,200,4246071647,0.000380,0.001028,0.001928,0.000086,0.000170,0.001072,0.000007,0.000000,0.004593,0.000571,4.203000,0.014350,0.000000,0.000000,0.000797,0,0
278100000000,278400000000,6283499093,200,4246071647,0.000375,0.001034,0.001928,0.000087,0.000175,0.001072,0.000006,0.000000,0.001690,0.000857,6.409000,0.023820,0.000000,0.000000,0.000221,0,0
278400000000,278700000000,6283499093,200,4246071647,0.000417,0.001072,0.001928,0.000088,0.000183,0.001167,0.000006,0.000000,0.015300,0.000500,2.665000,0.007594,0.000000,0.000000,0.000224,0,0
278700000000,279000000000,6283499093,200,4246071647,0.000361,0.001122,0.001928,0.000110,0.000218,0.001238,0.000105,0.000000,0.005356,0.017850,3.150000,0.009746,0.000000,0.000000,0.000199,0,0
279000000000,279300000000,6283499093,200,4246071647,0.000357,0.001110,0.001926,0.000133,0.000259,0.001179,0.000007,0.000000,0.010420,0.001072,2.720000,0.008235,0.000000,0.000000,0.000249,0,0
279300000000,279500000000,6283499093,200,4246071647,0.000408,0.001118,0.001926,0.000135,0.000267,0.001177,0.000172,0.000000,0.008026,0.013720,2.447000,0.006881,0.000000,0.000000,0.000257,0,0
279500000000,279510000000,6283499093,200,4246071647,0.000224,0.000000,0.000000,0.000000,0.000000,0.000000,0.000072,0.000000,0.002239,0.000643,2.449000,0.006792,0.000000,0.000000,0.000000,0,0
279510000000,279513000000,6283499093,200,4246071647,0.000000,0.000000,0.000000,0.000000,0.000000,0.000000,0.000000,0.000000,0.000000,0.000000,2.449000,0.006792,0.000000,0.000000,0.000000,0,0
