272493000000,272593000000,6283499093,201,38744088,0.000000,0.000000,0.000000,0.000000,0.000000,0.000000,0.000000,0.000000,0.000000,0.000000,0.000000,0.000000,0.000000,0.000000,0.000000,0,0
272593000000,272700000000,6283499093,201,38744088,0.000586,0.001436,0.001766,0.000172,0.000572,0.001572,0.001141,0.000000,0.030150,0.022370,2.169000,0.005396,0.000000,0.000000,0.000170,0,0
272700000000,273000000000,6283499093,201,38744088,0.000286,0.001328,0.001778,0.000176,0.000555,0.001432,0.000000,0.000000,0.003944,0.000000,2.192000,0.005669,0.000000,0.000000,0.000403,0,0
273000000000,273300000000,6283499093,201,38744088,0.000287,0.001291,0.001785,0.000176,0.000522,0.001390,0.000004,0.000000,0.003834,0.000929,2.034000,0.004994,0.000000,0.000000,0.000116,0,0
273300000000,273600000000,6283499093,201,38744088,0.002125,0.001356,0.002171,0.000116,0.000377,0.001741,0.000018,0.000000,0.083860,0.001215,0.629700,0.000289,0.000000,0.000000,0.000073,0,0
273600000000,273900000000,6283499093,201,38744088,0.001217,0.001377,0.001783,0.000051,0.000273,0.001701,0.000009,0.000000,0.065190,0.001928,0.640800,0.000360,0.000000,0.000000,0.000279,0,0
273900000000,274200000000,6283499093,201,38744088,0.000320,0.001348,0.001783,0.000039,0.000278,0.001570,0.000004,0.000000,0.005013,0.001215,2.027000,0.005124,0.000000,0.000000,0.000239,0,0
274200000000,274500000000,6283499093,201,38744088,0.000310,0.001307,0.001783,0.000039,0.000237,0.001558,0.000003,0.000000,0.004547,0.000643,2.310000,0.005998,0.000000,0.000000,0.000495,0,0
274500000000,274800000000,6283499093,201,38744088,0.000311,0.001287,0.001783,0.000039,0.000227,0.001547,0.000001,0.000000,0.010700,0.000072,1.809000,0.004058,0.000000,0.000000,0.000562,0,0
274800000000,275100000000,6283499093,201,38744088,0.000291,0.001307,0.001783,0.000039,0.000245,0.001549,0.000000,0.000000,0.004761,0.000072,2.308000,0.005873,0.000000,0.000000,0.000661,0,0
275100000000,275400000000,6283499093,201,38744088,0.000272,0.001326,0.001785,0.000039,0.000265,0.001547,0.000004,0.000000,0.004135,0.000857,1.942000,0.004565,0.000000,0.000000,0.000060,0,0
275400000000,275700000000,6283499093,201,38744088,0.000267,0.001310,0.001783,0.000039,0.000251,0.001549,0.000000,0.000000,0.004791,0.000072,1.943000,0.004514,0.000000,0.000000,0.000081,0,0
275700000000,276000000000,6283499093,201,38744088,0.000323,0.001345,0.001783,0.000038,0.000279,0.001556,0.000001,0.000000,0.007675,0.000072,2.180000,0.005518,0.000000,0.000000,0.002190,0,0
276000000000,276300000000,6283499093,201,38744088,0.000390,0.001368,0.001783,0.000035,0.000291,0.001562,0.000001,0.000000,0.007156,0.000072,2.503000,0.007090,0.000000,0.000000,0.000182,0,0
276300000000,276600000000,6283499093,201,38744088,0.001614,0.001303,0.001780,0.000036,0.000179,0.001730,0.000025,0.000000,0.064820,0.002357,0.999300,0.001513,0.000000,0.000000,0.000198,0,0
276600000000,276900000000,6283499093,201,38744088,0.000371,0.001347,0.001780,0.000035,0.000183,0.001663,0.000001,0.000000,0.005486,0.000072,3.009000,0.009353,0.000000,0.000000,0.000271,0,0
276900000000,277200000000,6283499093,201,38744088,0.000329,0.001377,0.001783,0.000035,0.000215,0.001663,0.000000,0.000000,0.004646,0.000000,2.433000,0.006744,0.000000,0.000000,0.000197,0,0
277200000000,277500000000,6283499093,201,38744088,0.000281,0.001486,0.001783,0.000035,0.000323,0.001663,0.000014,0.000000,0.001158,0.001715,2.139000,0.005461,0.000000,0.000000,0.000192,0,0
277500000000,277800000000,6283499093,201,38744088,0.000298,0.001320,0.001781,0.000035,0.000159,0.001663,0.000009,0.000000,0.004639,0.001143,1.954000,0.004744,0.000000,0.000000,0.000174,0,0
277800000000,278100000000,6283499093,201,38744088,0.000322,0.001589,0.001785,0.000035,0.000430,0.001659,0.000009,0.000000,0.001717,0.000857,2.067000,0.005090,0.000000,0.000000,0.000286,0,0
278100000000,278400000000,6283499093,201,38744088,0.000321,0.001362,0.001789,0.000035,0.000501,0.001659,0.000012,0.000000,0.005569,0.001642,2.672000,0.007828,0.000000,0.000000,0.000219,0,0
278400000000,278700000000,6283499093,201,38744088,0.000320,0.001259,0.001789,0.000035,0.000501,0.001268,0.000016,0.000000,0.005318,0.002857,2.054000,0.005301,0.000000,0.000000,0.000864,0,0
278700000000,279000000000,6283499093,201,38744088,0.000312,0.001263,0.001789,0.000045,0.000511,0.001274,0.000012,0.000000,0.005249,0.001143,1.987000,0.005092,0.000000,0.000000,0.000086,0,0
279000000000,279300000000,6283499093,201,38744088,0.000332,0.001278,0.001789,0.000063,0.000531,0.001308,0.000086,0.000000,0.006775,0.020200,2.228000,0.005955,0.000000,0.000000,0.000128,0,0
279300000000,279600000000,6283499093,201,38744088,0.000349,0.001261,0.001787,0.000064,0.000533,0.001274,0.000006,0.000000,0.004967,0.000571,2.069000,0.005338,0.000000,0.000000,0.000087,0,0
279600000000,279749000000,6283499093,201,38744088,0.000403,0.001255,0.001787,0.000067,0.000533,0.001284,0.000087,0.000000,0.004089,0.009354,2.229000,0.006160,0.000000,0.000000,0.000128,0,0
279749000000,279763000000,6283499093,201,38744088,0.000165,0.000000,0.000000,0.000000,0.000000,0.000000,0.000390,0.000000,0.002308,0.002998,2.403000,0.006936,0.000000,0.000000,0.000000,0,0
279763000000,279765000000,6283499093,201,38744088,0.000000,0.000000,0.000000,0.000000,0.000000,0.000000,0.000000,0.000000,0.000000,0.000000,2.403000,0.006936,0.000000,0.000000,0.000000,0,0
