272493000000,272636000000,6283499093,202,317346630,0.000000,0.000000,0.000000,0.000000,0.000000,0.000000,0.000000,0.000000,0.000000,0.000000,0.000000,0.000000,0.000000,0.000000,0.000000,0,0
272636000000,272700000000,6283499093,202,317346630,0.000916,0.000982,0.001926,0.000220,0.000259,0.001186,0.001564,0.000000,0.011440,0.021210,10.360000,0.043390,0.000000,0.000000,0.000651,0,0
272700000000,273000000000,6283499093,202,317346630,0.000250,0.000937,0.001926,0.000216,0.000248,0.001112,0.000000,0.000000,0.001009,0.000072,8.219000,0.032970,0.000000,0.000000,0.000200,0,0
273000000000,273300000000,6283499093,202,317346630,0.000263,0.000971,0.001925,0.000209,0.000301,0.001272,0.000003,0.000000,0.001459,0.000643,5.276000,0.019720,0.000000,0.000000,0.000611,0,0
273300000000,273600000000,6283499093,202,317346630,0.000216,0.000990,0.001925,0.000209,0.000320,0.001322,0.000000,0.000000,0.001083,0.000000,3.212000,0.010320,0.000000,0.000000,0.000114,0,0
273600000000,273900000000,6283499093,202,317346630,0.000226,0.001045,0.001926,0.000209,0.000375,0.001326,0.000003,0.000000,0.003693,0.000786,2.627000,0.007637,0.000000,0.000000,0.000153,0,0
273900000000,274200000000,6283499093,202,317346630,0.000270,0.001062,0.001926,0.000209,0.000388,0.001329,0.000002,0.000000,0.004135,0.000357,3.942000,0.013780,0.000000,0.000000,0.000183,0,0
274200000000,274500000000,6283499093,202,317346630,0.000278,0.001116,0.001926,0.000209,0.000437,0.001341,0.000008,0.000000,0.004211,0.001999,3.244000,0.010490,0.000000,0.000000,0.000138,0,0
274500000000,274800000000,6283499093,202,317346630,0.000274,0.001223,0.001928,0.000209,0.000536,0.001341,0.000000,0.000000,0.002407,0.000072,4.378000,0.015730,0.000000,0.000000,0.000195,0,0
274800000000,275100000000,6283499093,202,317346630,0.000238,0.001169,0.001928,0.000209,0.000479,0.001343,0.000000,0.000000,0.001696,0.000072,2.434000,0.006752,0.000000,0.000000,0.000144,0,0
275100000000,275400000000,6283499093,202,317346630,0.000218,0.001007,0.001926,0.000209,0.000314,0.001347,0.000002,0.000000,0.001177,0.000500,3.499000,0.010400,0.000000,0.000000,0.000062,0,0
275400000000,275700000000,6283499093,202,317346630,0.000240,0.001133,0.001926,0.000209,0.000436,0.001352,0.000001,0.000000,0.002151,0.000428,2.973000,0.008499,0.000000,0.000000,0.000128,0,0
275700000000,276000000000,6283499093,202,317346630,0.000403,0.001171,0.001928,0.000212,0.000473,0.001410,0.000055,0.000000,0.013890,0.011930,2.443000,0.006689,0.000000,0.000000,0.000085,0,0
276000000000,276300000000,6283499093,202,317346630,0.000347,0.001162,0.001928,0.000215,0.000435,0.001404,0.000001,0.000000,0.005341,0.000143,6.024000,0.024270,0.000000,0.000000,0.000460,0,0
276300000000,276600000000,6283499093,202,317346630,0.000320,0.001183,0.001928,0.000215,0.000451,0.001400,0.000001,0.000000,0.004623,0.000143,3.784000,0.013790,0.000000,0.000000,0.000531,0,0
276600000000,276900000000,6283499093,202,317346630,0.000255,0.001165,0.001926,0.000213,0.000527,0.001398,0.000001,0.000000,0.004601,0.000072,3.322000,0.010850,0.000000,0.000000,0.000080,0,0
276900000000,277200000000,6283499093,202,317346630,0.000279,0.001232,0.001926,0.000209,0.000487,0.001406,0.000001,0.000000,0.011550,0.000072,3.350000,0.010890,0.000000,0.000000,0.000108,0,0
277200000000,277500000000,6283499093,202,317346630,0.000267,0.001284,0.001928,0.000209,0.000535,0.001406,0.000007,0.000000,0.004425,0.000714,5.175000,0.019040,0.000000,0.000000,0.000235,0,0
277500000000,277719000000,6283499093,202,317346630,0.000245,0.001284,0.001928,0.000210,0.000539,0.001406,0.000016,0.000000,0.003067,0.001358,6.248000,0.025120,0.000000,0.000000,0.000149,0,0
277719000000,277736000000,6283499093,202,317346630,0.000194,0.000000,0.000000,0.000000,0.000000,0.000000,0.000047,0.000000,0.003288,0.000786,2.615000,0.006774,0.000000,0.000000,0.000000,0,0
277736000000,277741000000,6283499093,202,317346630,0.000000,0.000000,0.000000,0.000000,0.000000,0.000000,0.000000,0.000000,0.000000,0.000000,2.615000,0.006774,0.000000,0.000000,0.000000,0,0
