272491000000,272559000000,6283499093,203,1442994745,0.000000,0.000000,0.000000,0.000000,0.000000,0.000000,0.000000,0.000000,0.000000,0.000000,0.000000,0.000000,0.000000,0.000000,0.000000,0,0
272559000000,272700000000,6283499093,203,1442994745,0.000584,0.000951,0.001925,0.000089,0.000137,0.001410,0.000588,0.000000,0.030240,0.018800,2.579000,0.007023,0.000000,0.000000,0.000221,0,0
272700000000,273000000000,6283499093,203,1442994745,0.000389,0.000999,0.001923,0.000089,0.000199,0.001335,0.000000,0.000000,0.004616,0.000000,2.601000,0.007063,0.000000,0.000000,0.000247,0,0
273000000000,273300000000,6283499093,203,1442994745,0.000384,0.001106,0.001925,0.000082,0.000294,0.001339,0.000004,0.000000,0.004486,0.000786,2.918000,0.008383,0.000000,0.000000,0.000320,0,0
273300000000,273600000000,6283499093,203,1442994745,0.000368,0.001183,0.001928,0.000082,0.000365,0.001347,0.000001,0.000000,0.005898,0.000143,2.585000,0.006994,0.000000,0.000000,0.000647,0,0
273600000000,273900000000,6283499093,203,1442994745,0.000348,0.000966,0.001925,0.000082,0.000146,0.001314,0.000001,0.000000,0.004944,0.000143,2.802000,0.007817,0.000000,0.000000,0.000089,0,0
273900000000,274200000000,6283499093,203,1442994745,0.000338,0.001062,0.001923,0.000082,0.000242,0.001347,0.000000,0.000000,0.004150,0.000143,2.599000,0.007104,0.000000,0.000000,0.000145,0,0
274200000000,274500000000,6283499093,203,1442994745,0.000399,0.001129,0.001925,0.000082,0.000304,0.001352,0.000002,0.000000,0.004311,0.000143,2.673000,0.007541,0.000000,0.000000,0.000535,0,0
274500000000,274800000000,6283499093,203,1442994745,0.000384,0.001040,0.001925,0.000082,0.000212,0.001354,0.000000,0.000000,0.004143,0.000000,2.763000,0.007942,0.000000,0.000000,0.000600,0,0
274800000000,275100000000,6283499093,203,1442994745,0.000318,0.001163,0.001928,0.000082,0.000338,0.001354,0.000002,0.000000,0.005104,0.000428,2.646000,0.007141,0.000000,0.000000,0.000336,0,0
275100000000,275400000000,6283499093,203,1442994745,0.000466,0.001007,0.001925,0.000082,0.000163,0.001438,0.000052,0.000000,0.051090,0.009567,2.258000,0.005601,0.000000,0.000000,0.000094,0,0
275400000000,275700000000,6283499093,203,1442994745,0.000486,0.001150,0.001921,0.000090,0.000234,0.001495,0.000004,0.000000,0.004852,0.000714,3.026000,0.008876,0.000000,0.000000,0.000378,0,0
275700000000,276000000000,6283499093,203,1442994745,0.000533,0.001163,0.001921,0.000089,0.000253,0.001467,0.000001,0.000000,0.005913,0.000072,2.433000,0.006482,0.000000,0.000000,0.000504,0,0
276000000000,276300000000,6283499093,203,1442994745,0.000429,0.001160,0.001923,0.000089,0.000245,0.001469,0.000002,0.000000,0.005196,0.000286,2.952000,0.008423,0.000000,0.000000,0.000535,0,0
276300000000,276600000000,6283499093,203,1442994745,0.000466,0.001152,0.001923,0.000088,0.000240,0.001465,0.000001,0.000000,0.005196,0.000143,2.973000,0.008413,0.000000,0.000000,0.000429,0,0
276600000000,276900000000,6283499093,203,1442994745,0.000423,0.001184,0.001923,0.000089,0.000274,0.001465,0.000000,0.000000,0.005173,0.000072,3.005000,0.008455,0.000000,0.000000,0.000246,0,0
276900000000,277200000000,6283499093,203,1442994745,0.000385,0.000874,0.001923,0.000089,0.000219,0.001463,0.000001,0.000000,0.006744,0.000072,2.856000,0.007779,0.000000,0.000000,0.000414,0,0
277200000000,277319000000,6283499093,203,1442994745,0.000339,0.000719,0.001925,0.000089,0.000250,0.001022,0.000022,0.000000,0.005127,0.002644,2.577000,0.006707,0.000000,0.000000,0.000211,0,0
277319000000,277335000000,6283499093,203,1442994745,0.000237,0.000000,0.000000,0.000000,0.000000,0.000000,0.000009,0.000000,0.003784,0.000143,3.636000,0.010450,0.000000,0.000000,0.000000,0,0
277335000000,277336000000,6283499093,203,1442994745,0.000000,0.000000,0.000000,0.000000,0.000000,0.000000,0.000000,0.000000,0.000000,0.000000,3.636000,0.010450,0.000000,0.000000,0.000000,0,0
