272493000000,272560000000,6283499093,204,988440,0.000000,0.000000,0.000000,0.000000,0.000000,0.000000,0.000002,0.000000,0.000000,0.000143,0.000000,0.000000,0.000000,0.000000,0.000000,0,0
272560000000,272700000000,6283499093,204,988440,0.000674,0.000911,0.001921,0.000108,0.000130,0.001101,0.000537,0.000000,0.016270,0.011000,2.692000,0.007796,0.000000,0.000000,0.000347,0,0
272700000000,273000000000,6283499093,204,988440,0.000380,0.000978,0.001919,0.000107,0.000194,0.001324,0.000000,0.000000,0.005173,0.000000,3.086000,0.009346,0.000000,0.000000,0.000592,0,0
273000000000,273300000000,6283499093,204,988440,0.000380,0.001034,0.001919,0.000106,0.000245,0.001339,0.000002,0.000000,0.003967,0.000643,2.649000,0.007558,0.000000,0.000000,0.000288,0,0
273300000000,273600000000,6283499093,204,988440,0.000328,0.001102,0.001921,0.000106,0.000307,0.001356,0.000001,0.000000,0.005234,0.000215,2.559000,0.006804,0.000000,0.000000,0.000096,0,0
273600000000,273900000000,6283499093,204,988440,0.000363,0.001120,0.001921,0.000093,0.000290,0.001373,0.000001,0.000000,0.005791,0.000143,1.556000,0.002868,0.000000,0.000000,0.000557,0,0
273900000000,274200000000,6283499093,204,988440,0.000380,0.001041,0.001921,0.000086,0.000197,0.001377,0.000002,0.000000,0.004059,0.000357,1.757000,0.003560,0.000000,0.000000,0.000165,0,0
274200000000,274500000000,6283499093,204,988440,0.000495,0.001017,0.001919,0.000086,0.000151,0.001398,0.000004,0.000000,0.023410,0.000428,2.469000,0.006614,0.000000,0.000000,0.000206,0,0
274500000000,274800000000,6283499093,204,988440,0.000405,0.001066,0.001921,0.000086,0.000192,0.001406,0.000000,0.000000,0.004852,0.000000,2.890000,0.008264,0.000000,0.000000,0.000146,0,0
274800000000,275100000000,6283499093,204,988440,0.000407,0.001083,0.001921,0.000086,0.000213,0.001402,0.000001,0.000000,0.008179,0.000143,2.180000,0.005306,0.000000,0.000000,0.000292,0,0
275100000000,275400000000,6283499093,204,988440,0.000495,0.001043,0.001921,0.000088,0.000174,0.001400,0.000019,0.000000,0.007698,0.004929,2.934000,0.008477,0.000000,0.000000,0.000771,0,0
275400000000,275700000000,6283499093,204,988440,0.000464,0.001120,0.001921,0.000092,0.000251,0.001406,0.000001,0.000000,0.005058,0.000357,2.463000,0.006639,0.000000,0.000000,0.000961,0,0
275700000000,276000000000,6283499093,204,988440,0.000426,0.001095,0.001921,0.000092,0.000225,0.001410,0.000000,0.000000,0.004707,0.000072,2.793000,0.008064,0.000000,0.000000,0.000223,0,0
276000000000,276300000000,6283499093,204,988440,0.000364,0.001057,0.001921,0.000087,0.000177,0.001410,0.000004,0.000000,0.005547,0.000643,2.406000,0.006290,0.000000,0.000000,0.000482,0,0
276300000000,276600000000,6283499093,204,988440,0.000353,0.001101,0.001923,0.000086,0.000223,0.001411,0.000000,0.000000,0.004395,0.000072,2.558000,0.006912,0.000000,0.000000,0.000378,0,0
276600000000,276900000000,6283499093,204,988440,0.000315,0.001106,0.001923,0.000086,0.000227,0.001410,0.000000,0.000000,0.004227,0.000072,2.202000,0.005454,0.000000,0.000000,0.000089,0,0
276900000000,277200000000,6283499093,204,988440,0.000360,0.001072,0.001923,0.000086,0.000197,0.001411,0.000000,0.000000,0.004120,0.000072,2.479000,0.006599,0.000000,0.000000,0.000215,0,0
277200000000,277499000000,6283499093,204,988440,0.000393,0.001066,0.001923,0.000086,0.000189,0.001450,0.000010,0.000000,0.004364,0.001572,2.554000,0.007143,0.000000,0.000000,0.000348,0,0
277499000000,277500000000,6283499093,204,988440,0.002762,0.000000,0.000000,0.000000,0.000000,0.000000,0.000643,0.000000,0.002762,0.000643,3.050000,0.009636,0.000000,0.000000,0.000000,0,0
277500000000,277511000000,6283499093,204,988440,0.000000,0.000000,0.000000,0.000000,0.000000,0.000000,0.000007,0.000000,0.000000,0.000072,3.050000,0.009636,0.000000,0.000000,0.000000,0,0
277511000000,277512000000,6283499093,204,988440,0.000000,0.000000,0.000000,0.000000,0.000000,0.000000,0.000000,0.000000,0.000000,0.000000,3.050000,0.009636,0.000000,0.000000,0.000000,0,0
