272505000000,272625000000,6283499093,205,257346655,0.000000,0.000000,0.000000,0.000000,0.000000,0.000000,0.000000,0.000000,0.000000,0.000000,0.000000,0.000000,0.000000,0.000000,0.000000,0,0
272625000000,272700000000,6283499093,205,257346655,0.000773,0.000969,0.001928,0.000195,0.000228,0.001150,0.001230,0.000000,0.016880,0.017580,6.832000,0.026890,0.000000,0.000000,0.000388,0,0
272700000000,273000000000,6283499093,205,257346655,0.000315,0.000929,0.001928,0.000200,0.000242,0.001114,0.000001,0.000000,0.004639,0.000357,2.795000,0.009153,0.000000,0.000000,0.000133,0,0
273000000000,273300000000,6283499093,205,257346655,0.000321,0.000975,0.001926,0.000199,0.000295,0.001326,0.000003,0.000000,0.005302,0.000786,3.052000,0.009971,0.000000,0.000000,0.000550,0,0
273300000000,273600000000,6283499093,205,257346655,0.000332,0.001043,0.001925,0.000198,0.000357,0.001329,0.000000,0.000000,0.004318,0.000072,2.300000,0.006403,0.000000,0.000000,0.000093,0,0
273600000000,273900000000,6283499093,205,257346655,0.000342,0.001139,0.001926,0.000198,0.000447,0.001347,0.000002,0.000000,0.017150,0.000500,2.308000,0.006687,0.000000,0.000000,0.000095,0,0
273900000000,274200000000,6283499093,205,257346655,0.000317,0.001223,0.001928,0.000198,0.000521,0.001350,0.000000,0.000000,0.004051,0.000072,3.028000,0.009348,0.000000,0.000000,0.000198,0,0
274200000000,274500000000,6283499093,205,257346655,0.000351,0.001305,0.001930,0.000198,0.000590,0.001358,0.000006,0.000000,0.003235,0.000714,2.670000,0.007936,0.000000,0.000000,0.000130,0,0
274500000000,274800000000,6283499093,205,257346655,0.000314,0.001114,0.001928,0.000198,0.000399,0.001360,0.000000,0.000000,0.006111,0.000000,2.269000,0.006351,0.000000,0.000000,0.000197,0,0
274800000000,275100000000,6283499093,205,257346655,0.000293,0.000969,0.001926,0.000199,0.000254,0.001284,0.000000,0.000000,0.003952,0.000072,2.216000,0.006016,0.000000,0.000000,0.000154,0,0
275100000000,275400000000,6283499093,205,257346655,0.000278,0.001040,0.001925,0.000199,0.000323,0.001358,0.000004,0.000000,0.003929,0.000857,2.210000,0.006037,0.000000,0.000000,0.000099,0,0
275400000000,275700000000,6283499093,205,257346655,0.000336,0.001116,0.001926,0.000199,0.000391,0.001371,0.000003,0.000000,0.008820,0.000714,2.134000,0.005267,0.000000,0.000000,0.000084,0,0
275700000000,276000000000,6283499093,205,257346655,0.000352,0.001179,0.001926,0.000199,0.000451,0.001377,0.000001,0.000000,0.002789,0.000215,2.402000,0.006743,0.000000,0.000000,0.000584,0,0
276000000000,276300000000,6283499093,205,257346655,0.000310,0.001245,0.001928,0.000199,0.000513,0.001375,0.000001,0.000000,0.001553,0.000143,2.238000,0.005928,0.000000,0.000000,0.000226,0,0
276300000000,276600000000,6283499093,205,257346655,0.000290,0.001314,0.001930,0.000199,0.000582,0.001377,0.000001,0.000000,0.001526,0.000072,2.427000,0.006697,0.000000,0.000000,0.000085,0,0
276600000000,276900000000,6283499093,205,257346655,0.000280,0.001123,0.001930,0.000199,0.000391,0.001377,0.000000,0.000000,0.003567,0.000072,2.544000,0.007349,0.000000,0.000000,0.000122,0,0
276900000000,277200000000,6283499093,205,257346655,0.000289,0.000982,0.001928,0.000199,0.000251,0.001270,0.000000,0.000000,0.010150,0.000072,2.546000,0.007040,0.000000,0.000000,0.000537,0,0
277200000000,277461000000,6283499093,205,257346655,0.000310,0.000639,0.001926,0.000206,0.000288,0.001301,0.000430,0.000000,0.004982,0.024930,2.576000,0.007350,0.000000,0.000000,0.000359,0,0
277461000000,277488000000,6283499093,205,257346655,0.000076,0.000000,0.000000,0.000000,0.000000,0.000000,0.000020,0.000000,0.002071,0.000357,1.992000,0.005121,0.000000,0.000000,0.000000,0,0
277488000000,277491000000,6283499093,205,257346655,0.000000,0.000000,0.000000,0.000000,0.000000,0.000000,0.000000,0.000000,0.000000,0.000000,1.979000,0.005077,0.000000,0.000000,0.000000,0,0
277491000000,277500000000,6283499093,205,257346655,0.000000,0.000000,0.000000,0.000000,0.000000,0.000000,0.000000,0.000000,0.000000,0.000000,0.000000,0.000000,0.000000,0.000000,0.000000,0,0
