272495000000,272626000000,6283499093,206,376218268,0.000000,0.000000,0.000000,0.000000,0.000000,0.000000,0.000001,0.000000,0.000000,0.000143,0.000000,0.000000,0.000000,0.000000,0.000000,0,0
272626000000,272700000000,6283499093,206,376218268,0.000877,0.000803,0.001925,0.000091,0.000126,0.001118,0.000785,0.000000,0.019780,0.009644,3.295000,0.011050,0.000000,0.000000,0.000261,0,0
272700000000,273000000000,6283499093,206,376218268,0.000360,0.000935,0.001925,0.000094,0.000156,0.001221,0.000001,0.000000,0.001579,0.000286,3.786000,0.012310,0.000000,0.000000,0.000333,0,0
273000000000,273300000000,6283499093,206,376218268,0.001295,0.001005,0.001925,0.000098,0.000154,0.001566,0.000007,0.000000,0.062500,0.001215,0.779900,0.000910,0.000000,0.000000,0.000247,0,0
273300000000,273600000000,6283499093,206,376218268,0.003441,0.001284,0.001923,0.000107,0.000168,0.001713,0.000030,0.000000,0.071660,0.002144,0.629100,0.000342,0.000000,0.000000,0.000194,0,0
273600000000,273900000000,6283499093,206,376218268,0.001387,0.001274,0.001925,0.000110,0.000202,0.001678,0.000004,0.000000,0.058410,0.000286,0.704900,0.000642,0.000000,0.000000,0.000554,0,0
273900000000,274200000000,6283499093,206,376218268,0.000378,0.001211,0.001925,0.000091,0.000156,0.001593,0.000003,0.000000,0.004585,0.000786,2.585000,0.007409,0.000000,0.000000,0.000390,0,0
274200000000,274500000000,6283499093,206,376218268,0.000301,0.001244,0.001925,0.000089,0.000188,0.001593,0.000006,0.000000,0.000994,0.001215,3.301000,0.009770,0.000000,0.000000,0.000306,0,0
274500000000,274800000000,6283499093,206,376218268,0.000296,0.001223,0.001925,0.000089,0.000170,0.001591,0.000000,0.000000,0.013240,0.000000,2.952000,0.008272,0.000000,0.000000,0.000177,0,0
274800000000,275100000000,6283499093,206,376218268,0.000287,0.001219,0.001925,0.000089,0.000165,0.001591,0.000001,0.000000,0.004524,0.000072,2.874000,0.008030,0.000000,0.000000,0.000233,0,0
275100000000,275400000000,6283499093,206,376218268,0.003281,0.001314,0.001921,0.000093,0.000157,0.001770,0.000032,0.000000,0.095950,0.005501,0.609500,0.000237,0.000000,0.000000,0.000430,0,0
275400000000,275700000000,6283499093,206,376218268,0.000481,0.001289,0.001921,0.000090,0.000174,0.001671,0.000002,0.000000,0.001350,0.000571,4.337000,0.014570,0.000000,0.000000,0.000239,0,0
275700000000,276000000000,6283499093,206,376218268,0.000375,0.001270,0.001923,0.000090,0.000157,0.001669,0.000000,0.000000,0.002300,0.000072,3.597000,0.010920,0.000000,0.000000,0.000282,0,0
276000000000,276300000000,6283499093,206,376218268,0.000334,0.001268,0.001923,0.000090,0.000153,0.001667,0.000001,0.000000,0.005493,0.000143,2.996000,0.008294,0.000000,0.000000,0.000155,0,0
276300000000,276600000000,6283499093,206,376218268,0.000395,0.001276,0.001923,0.000090,0.000165,0.001671,0.000001,0.000000,0.006981,0.000143,3.268000,0.009779,0.000000,0.000000,0.000582,0,0
276600000000,276900000000,6283499093,206,376218268,0.000495,0.001268,0.001921,0.000091,0.000161,0.001667,0.000020,0.000000,0.007980,0.003143,4.109000,0.013230,0.000000,0.000000,0.000345,0,0
276900000000,277200000000,6283499093,206,376218268,0.000449,0.001272,0.001921,0.000090,0.000164,0.001663,0.000002,0.000000,0.002579,0.000215,3.706000,0.012030,0.000000,0.000000,0.000820,0,0
277200000000,277500000000,6283499093,206,376218268,0.000407,0.001265,0.001921,0.000090,0.000153,0.001667,0.000008,0.000000,0.003975,0.001429,3.891000,0.012570,0.000000,0.000000,0.000496,0,0
277500000000,277749000000,6283499093,206,376218268,0.000483,0.001270,0.001921,0.000090,0.000161,0.001667,0.000010,0.000000,0.021030,0.001215,2.595000,0.007277,0.000000,0.000000,0.001005,0,0
277749000000,277760000000,6283499093,206,376218268,0.000331,0.000000,0.000000,0.000000,0.000000,0.000000,0.000162,0.000001,0.003639,0.001785,5.653000,0.019500,0.000000,0.000000,0.000000,0,0
277760000000,277762000000,6283499093,206,376218268,0.000000,0.000000,0.000000,0.000000,0.000000,0.000000,0.000000,0.000000,0.000000,0.000000,5.653000,0.019500,0.000000,0.000000,0.000000,0,0
