272490000000,272613000000,6283499093,207,3453434877,0.000000,0.000000,0.000000,0.000000,0.000000,0.000000,0.000000,0.000000,0.000000,0.000000,0.000000,0.000000,0.000000,0.000000,0.000000,0,0
272613000000,272700000000,6283499093,207,3453434877,0.000635,0.001028,0.001928,0.000112,0.000261,0.001427,0.000636,0.000000,0.010970,0.014280,1.033000,0.002306,0.000000,0.000000,0.000234,0,0
272700000000,273000000000,6283499093,207,3453434877,0.000267,0.000953,0.001926,0.000119,0.000200,0.001308,0.000000,0.000000,0.004189,0.000000,2.193000,0.009160,0.000000,0.000000,0.000349,0,0
273000000000,273300000000,6283499093,207,3453434877,0.000268,0.000930,0.001928,0.000102,0.000160,0.001308,0.000001,0.000000,0.004311,0.000143,2.334000,0.009585,0.000000,0.000000,0.000094,0,0
273300000000,273600000000,6283499093,207,3453434877,0.000252,0.000927,0.001928,0.000098,0.000144,0.001135,0.000000,0.000000,0.004005,0.000000,2.121000,0.008560,0.000000,0.000000,0.000197,0,0
273600000000,273900000000,6283499093,207,3453434877,0.000271,0.000972,0.001926,0.000098,0.000175,0.001305,0.000001,0.000000,0.004700,0.000143,2.065000,0.008458,0.000000,0.000000,0.000045,0,0
273900000000,274200000000,6283499093,207,3453434877,0.000249,0.001017,0.001926,0.000098,0.000216,0.001343,0.000000,0.000000,0.004547,0.000072,1.994000,0.007835,0.000000,0.000000,0.000330,0,0
274200000000,274500000000,6283499093,207,3453434877,0.000236,0.001066,0.001928,0.000098,0.000265,0.001343,0.000001,0.000000,0.004631,0.000143,2.244000,0.009124,0.000000,0.000000,0.000083,0,0
274500000000,274800000000,6283499093,207,3453434877,0.000287,0.001135,0.001928,0.000098,0.000332,0.001354,0.000001,0.000000,0.005234,0.000215,1.766000,0.005771,0.000000,0.000000,0.001167,0,0
274800000000,275100000000,6283499093,207,3453434877,0.000269,0.001179,0.001928,0.000098,0.000370,0.001354,0.000002,0.000000,0.001850,0.000428,2.397000,0.009475,0.000000,0.000000,0.000199,0,0
275100000000,275400000000,6283499093,207,3453434877,0.000298,0.001209,0.001928,0.000098,0.000402,0.001354,0.000002,0.000000,0.007645,0.000143,2.612000,0.011070,0.000000,0.000000,0.000368,0,0
275400000000,275700000000,6283499093,207,3453434877,0.000271,0.001238,0.001930,0.000098,0.000426,0.001354,0.000001,0.000000,0.004509,0.000286,2.494000,0.010300,0.000000,0.000000,0.000123,0,0
275700000000,276000000000,6283499093,207,3453434877,0.000277,0.000967,0.001928,0.000098,0.000152,0.001354,0.000000,0.000000,0.004517,0.000072,2.124000,0.007890,0.000000,0.000000,0.000092,0,0
276000000000,276300000000,6283499093,207,3453434877,0.000254,0.000949,0.001928,0.000098,0.000125,0.001076,0.000001,0.000000,0.002556,0.000143,1.967000,0.007995,0.000000,0.000000,0.000077,0,0
276300000000,276600000000,6283499093,207,3453434877,0.000255,0.001074,0.001928,0.000095,0.000243,0.001373,0.000001,0.000000,0.004234,0.000072,2.243000,0.009105,0.000000,0.000000,0.000098,0,0
276600000000,276900000000,6283499093,207,3453434877,0.002193,0.001177,0.001928,0.000095,0.000320,0.001633,0.000011,0.000000,0.077150,0.003071,2.190000,0.008757,0.000000,0.000000,0.000175,0,0
276900000000,277200000000,6283499093,207,3453434877,0.000715,0.001219,0.001923,0.000097,0.000235,0.001547,0.000020,0.000000,0.023250,0.004784,2.986000,0.013180,0.000000,0.000000,0.001444,0,0
277200000000,277500000000,6283499093,207,3453434877,0.000528,0.001238,0.001923,0.000094,0.000255,0.001547,0.000003,0.000000,0.027950,0.000143,3.242000,0.015060,0.000000,0.000000,0.000635,0,0
277500000000,277800000000,6283499093,207,3453434877,0.000320,0.001186,0.001925,0.000106,0.000218,0.001467,0.000238,0.000000,0.005440,0.018070,3.408000,0.016500,0.000000,0.000000,0.000078,0,0
277800000000,278100000000,6283499093,207,3453434877,0.000308,0.001141,0.001925,0.000112,0.000175,0.001429,0.000135,0.000000,0.005760,0.024350,2.416000,0.010090,0.000000,0.000000,0.000130,0,0
278100000000,278400000000,6283499093,207,3453434877,0.000317,0.001122,0.001925,0.000120,0.000163,0.001205,0.000073,0.000000,0.005737,0.013640,2.699000,0.011710,0.000000,0.000000,0.000182,0,0
278400000000,278700000000,6283499093,207,3453434877,0.000311,0.001116,0.001925,0.000119,0.000168,0.001196,0.000004,0.000000,0.005714,0.000643,2.163000,0.008805,0.000000,0.000000,0.000209,0,0
278700000000,279000000000,6283499093,207,3453434877,0.000305,0.001110,0.001926,0.000119,0.000166,0.001196,0.000003,0.000000,0.005341,0.000143,2.087000,0.008373,0.000000,0.000000,0.000077,0,0
279000000000,279300000000,6283499093,207,3453434877,0.000303,0.001110,0.001925,0.000122,0.000163,0.001207,0.000005,0.000000,0.004852,0.000357,2.348000,0.010370,0.000000,0.000000,0.000185,0,0
279300000000,279600000000,6283499093,207,3453434877,0.000322,0.001108,0.001925,0.000131,0.000178,0.001204,0.000005,0.000000,0.014430,0.000500,1.859000,0.006571,0.000000,0.000000,0.000220,0,0
279600000000,279669000000,6283499093,207,3453434877,0.000360,0.001070,0.001926,0.000130,0.000152,0.001190,0.000097,0.000000,0.005501,0.006645,2.093000,0.008519,0.000000,0.000000,0.000590,0,0
279669000000,279679000000,6283499093,207,3453434877,0.000175,0.000000,0.000000,0.000000,0.000000,0.000000,0.000050,0.000000,0.001741,0.000428,1.996000,0.007819,0.000000,0.000000,0.000000,0,0
279679000000,279681000000,6283499093,207,3453434877,0.000000,0.000000,0.000000,0.000000,0.000000,0.000000,0.000000,0.000000,0.000000,0.000000,1.996000,0.007819,0.000000,0.000000,0.000000,0,0
