272490000000,272700000000,6283499093,208,518460527,0.000000,0.000000,0.000000,0.000000,0.000000,0.000000,0.000000,0.000000,0.000000,0.000000,0.000000,0.000000,0.000000,0.000000,0.000000,0,0
272700000000,272738000000,6283499093,208,518460527,0.000000,0.000000,0.000000,0.000000,0.000000,0.000000,0.000000,0.000000,0.000000,0.000000,0.000000,0.000000,0.000000,0.000000,0.000000,0,0
272738000000,273000000000,6283499093,208,518460527,0.000420,0.001110,0.001928,0.000096,0.000396,0.001413,0.000153,0.000000,0.020720,0.007996,1.969000,0.004866,0.000000,0.000000,0.000294,0,0
273000000000,273300000000,6283499093,208,518460527,0.000313,0.000899,0.001926,0.000099,0.000133,0.001307,0.000001,0.000000,0.001444,0.000072,3.845000,0.011730,0.000000,0.000000,0.000229,0,0
273300000000,273600000000,6283499093,208,518460527,0.000307,0.000898,0.001926,0.000098,0.000131,0.001060,0.000000,0.000000,0.005028,0.000072,3.294000,0.009435,0.000000,0.000000,0.000194,0,0
273600000000,273900000000,6283499093,208,518460527,0.000304,0.000927,0.001926,0.000098,0.000157,0.001154,0.000004,0.000000,0.001652,0.000786,3.055000,0.008757,0.000000,0.000000,0.000156,0,0
273900000000,274200000000,6283499093,208,518460527,0.000311,0.000941,0.001925,0.000098,0.000166,0.001202,0.000000,0.000000,0.001078,0.000143,3.840000,0.011880,0.000000,0.000000,0.000251,0,0
274200000000,274500000000,6283499093,208,518460527,0.000311,0.000982,0.001925,0.000090,0.000197,0.001318,0.000000,0.000000,0.004379,0.000000,2.959000,0.008270,0.000000,0.000000,0.000276,0,0
274500000000,274800000000,6283499093,208,518460527,0.000278,0.001060,0.001925,0.000090,0.000274,0.001320,0.000003,0.000000,0.001772,0.000500,3.434000,0.009526,0.000000,0.000000,0.000094,0,0
274800000000,275100000000,6283499093,208,518460527,0.000275,0.001017,0.001925,0.000090,0.000230,0.001322,0.000000,0.000000,0.004387,0.000000,3.149000,0.008515,0.000000,0.000000,0.000093,0,0
275100000000,275400000000,6283499093,208,518460527,0.000283,0.000984,0.001925,0.000089,0.000196,0.001322,0.000004,0.000000,0.004677,0.000999,2.472000,0.006217,0.000000,0.000000,0.001389,0,0
275400000000,275700000000,6283499093,208,518460527,0.000294,0.001020,0.001925,0.000089,0.000230,0.001324,0.000000,0.000000,0.003139,0.000000,3.024000,0.008307,0.000000,0.000000,0.003139,0,0
275700000000,276000000000,6283499093,208,518460527,0.000289,0.001015,0.001925,0.000089,0.000224,0.001324,0.000009,0.000000,0.004570,0.002499,2.645000,0.006775,0.000000,0.000000,0.000057,0,0
276000000000,276300000000,6283499093,208,518460527,0.000285,0.000988,0.001925,0.000089,0.000197,0.001324,0.000001,0.000000,0.009781,0.000143,2.879000,0.007773,0.000000,0.000000,0.000184,0,0
276300000000,276600000000,6283499093,208,518460527,0.000287,0.000968,0.001925,0.000090,0.000169,0.001328,0.000001,0.000000,0.006340,0.000143,2.245000,0.005310,0.000000,0.000000,0.000144,0,0
276600000000,276900000000,6283499093,208,518460527,0.000279,0.000977,0.001926,0.000090,0.000178,0.001328,0.000000,0.000000,0.004356,0.000000,3.006000,0.008572,0.000000,0.000000,0.000523,0,0
276900000000,277200000000,6283499093,208,518460527,0.000291,0.000963,0.001925,0.000090,0.000163,0.001324,0.000000,0.000000,0.004700,0.000072,3.844000,0.011310,0.000000,0.000000,0.000161,0,0
277200000000,277500000000,6283499093,208,518460527,0.000335,0.000974,0.001923,0.000090,0.000171,0.001324,0.000003,0.000000,0.004868,0.000143,2.626000,0.006551,0.000000,0.000000,0.000093,0,0
277500000000,277800000000,6283499093,208,518460527,0.000344,0.000958,0.001925,0.000090,0.000153,0.001217,0.000007,0.000000,0.005013,0.001286,3.553000,0.010400,0.000000,0.000000,0.000227,0,0
277800000000,278100000000,6283499093,208,518460527,0.000359,0.000935,0.001925,0.000090,0.000127,0.001102,0.000007,0.000000,0.006554,0.000714,3.598000,0.010860,0.000000,0.000000,0.000323,0,0
278100000000,278400000000,6283499093,208,518460527,0.000350,0.000932,0.001926,0.000090,0.000115,0.001402,0.000008,0.000000,0.004929,0.000714,2.967000,0.008312,0.000000,0.000000,0.000131,0,0
278400000000,278700000000,6283499093,208,518460527,0.000372,0.001057,0.001923,0.000089,0.000203,0.001406,0.000008,0.000000,0.002724,0.001499,2.742000,0.007381,0.000000,0.000000,0.000102,0,0
278700000000,279000000000,6283499093,208,518460527,0.000349,0.001091,0.001925,0.000089,0.000242,0.001398,0.000004,0.000000,0.005295,0.000571,2.867000,0.008068,0.000000,0.000000,0.000143,0,0
279000000000,279300000000,6283499093,208,518460527,0.000344,0.001101,0.001925,0.000140,0.000283,0.001289,0.000130,0.000000,0.006973,0.012920,2.831000,0.007564,0.000000,0.000000,0.000202,0,0
279300000000,279430000000,6283499093,208,518460527,0.000380,0.001101,0.001923,0.000144,0.000309,0.001280,0.000107,0.000000,0.008072,0.010070,4.532000,0.014050,0.000000,0.000000,0.000282,0,0
279430000000,279439000000,6283499093,208,518460527,0.000237,0.000000,0.000000,0.000000,0.000000,0.000000,0.000055,0.000000,0.002129,0.000500,4.589000,0.014270,0.000000,0.000000,0.000000,0,0
279439000000,279440000000,6283499093,208,518460527,0.000000,0.000000,0.000000,0.000000,0.000000,0.000000,0.000000,0.000000,0.000000,0.000000,4.589000,0.014270,0.000000,0.000000,0.000000,0,0
