272496000000,272638000000,6283499093,209,258762301,0.000000,0.000000,0.000000,0.000000,0.000000,0.000000,0.000001,0.000000,0.000000,0.000072,0.000000,0.000000,0.000000,0.000000,0.000000,0,0
272638000000,272700000000,6283499093,209,258762301,0.000951,0.000848,0.001928,0.000106,0.000129,0.001053,0.000961,0.000000,0.019260,0.013140,5.974000,0.022410,0.000000,0.000000,0.001026,0,0
272700000000,273000000000,6283499093,209,258762301,0.000328,0.000899,0.001926,0.000112,0.000123,0.001007,0.000002,0.000000,0.004028,0.000286,4.961000,0.017530,0.000000,0.000000,0.000217,0,0
273000000000,273300000000,6283499093,209,258762301,0.000573,0.000999,0.001925,0.000114,0.000196,0.001402,0.000036,0.000000,0.017210,0.008148,2.355000,0.006740,0.000000,0.000000,0.000356,0,0
273300000000,273600000000,6283499093,209,258762301,0.000421,0.001305,0.001926,0.000118,0.000477,0.001394,0.000000,0.000000,0.001598,0.000000,5.502000,0.020820,0.000000,0.000000,0.000591,0,0
273600000000,273900000000,6283499093,209,258762301,0.000338,0.001234,0.001926,0.000114,0.000406,0.001390,0.000000,0.000000,0.003490,0.000143,3.900000,0.013630,0.000000,0.000000,0.000557,0,0
273900000000,274200000000,6283499093,209,258762301,0.000277,0.001196,0.001926,0.000114,0.000368,0.001390,0.000001,0.000000,0.004051,0.000072,3.098000,0.009734,0.000000,0.000000,0.000569,0,0
274200000000,274500000000,6283499093,209,258762301,0.000283,0.001163,0.001925,0.000114,0.000333,0.001390,0.000003,0.000000,0.001242,0.000428,4.097000,0.013370,0.000000,0.000000,0.000637,0,0
274500000000,274800000000,6283499093,209,258762301,0.000281,0.001137,0.001925,0.000114,0.000306,0.001392,0.000000,0.000000,0.003975,0.000000,3.230000,0.009968,0.000000,0.000000,0.000150,0,0
274800000000,275100000000,6283499093,209,258762301,0.000278,0.001125,0.001923,0.000114,0.000293,0.001392,0.000002,0.000000,0.001411,0.000571,3.128000,0.009329,0.000000,0.000000,0.000536,0,0
275100000000,275400000000,6283499093,209,258762301,0.000278,0.001114,0.001923,0.000115,0.000280,0.001394,0.000002,0.000000,0.005104,0.000286,2.654000,0.007505,0.000000,0.000000,0.000198,0,0
275400000000,275700000000,6283499093,209,258762301,0.000297,0.001085,0.001923,0.000115,0.000251,0.001394,0.000000,0.000000,0.004478,0.000072,2.723000,0.007872,0.000000,0.000000,0.000173,0,0
275700000000,276000000000,6283499093,209,258762301,0.000315,0.001055,0.001923,0.000115,0.000215,0.001396,0.000002,0.000000,0.002605,0.000286,2.756000,0.008431,0.000000,0.000000,0.000202,0,0
276000000000,276300000000,6283499093,209,258762301,0.000338,0.001007,0.001925,0.000115,0.000163,0.001404,0.000003,0.000000,0.002445,0.000500,3.157000,0.009832,0.000000,0.000000,0.000205,0,0
276300000000,276600000000,6283499093,209,258762301,0.000317,0.001362,0.001928,0.000116,0.000516,0.001411,0.000001,0.000000,0.004936,0.000072,3.389000,0.011090,0.000000,0.000000,0.000688,0,0
276600000000,276900000000,6283499093,209,258762301,0.000290,0.001318,0.001928,0.000116,0.000458,0.001413,0.000004,0.000000,0.002808,0.000258,3.615000,0.012130,0.000000,0.000000,0.000162,0,0
276900000000,277200000000,6283499093,209,258762301,0.000300,0.001284,0.001926,0.000118,0.000424,0.001451,0.000000,0.000000,0.008362,0.000072,2.772000,0.008306,0.000000,0.000000,0.000216,0,0
277200000000,277500000000,6283499093,209,258762301,0.000256,0.001219,0.001925,0.000118,0.000336,0.001448,0.000004,0.000000,0.001348,0.000428,2.926000,0.009077,0.000000,0.000000,0.000096,0,0
277500000000,277800000000,6283499093,209,258762301,0.004539,0.001318,0.002186,0.000094,0.000258,0.002312,0.000054,0.000000,0.091310,0.005997,0.682400,0.000396,0.000000,0.000000,0.000159,0,0
277800000000,278100000000,6283499093,209,258762301,0.002716,0.001488,0.001925,0.000015,0.000197,0.001812,0.000017,0.000000,0.074580,0.001072,0.588800,0.000243,0.000000,0.000000,0.000164,0,0
278100000000,278249000000,6283499093,209,258762301,0.002300,0.001492,0.001926,0.000015,0.000237,0.001743,0.000201,0.000000,0.067380,0.011570,3.187000,0.010210,0.000000,0.000000,0.000156,0,0
278249000000,278260000000,6283499093,209,258762301,0.000304,0.000000,0.000000,0.000000,0.000000,0.000000,0.000051,0.000000,0.003345,0.000500,2.811000,0.008887,0.000000,0.000000,0.000000,0,0
278260000000,278261000000,6283499093,209,258762301,0.000000,0.000000,0.000000,0.000000,0.000000,0.000000,0.000000,0.000000,0.000000,0.000000,2.811000,0.008887,0.000000,0.000000,0.000000,0,0
