272490000000,272700000000,6283499093,21,167418634,0.000000,0.000000,0.000000,0.000000,0.000000,0.000000,0.000000,0.000000,0.000000,0.000000,0.000000,0.000000,0.000000,0.000000,0.000000,0,0
272700000000,272739000000,6283499093,21,167418634,0.000000,0.000000,0.000000,0.000000,0.000000,0.000000,0.000000,0.000000,0.000000,0.000000,0.000000,0.000000,0.000000,0.000000,0.000000,0,0
272739000000,273000000000,6283499093,21,167418634,0.000396,0.001274,0.001926,0.000196,0.000584,0.001486,0.000405,0.000000,0.013050,0.020420,2.102000,0.005560,0.000000,0.000000,0.000055,0,0
273000000000,273300000000,6283499093,21,167418634,0.000274,0.001232,0.001926,0.000193,0.000586,0.001289,0.000001,0.000000,0.003769,0.000048,2.044000,0.005177,0.000000,0.000000,0.000053,0,0
273300000000,273600000000,6283499093,21,167418634,0.000315,0.001213,0.001926,0.000193,0.000552,0.001307,0.000001,0.000000,0.003853,0.000072,2.160000,0.005631,0.000000,0.000000,0.000162,0,0
273600000000,273900000000,6283499093,21,167418634,0.000302,0.001205,0.001925,0.000179,0.000517,0.001308,0.000000,0.000000,0.004387,0.000000,2.114000,0.005490,0.000000,0.000000,0.000109,0,0
273900000000,274200000000,6283499093,21,167418634,0.000269,0.001198,0.001926,0.000174,0.000507,0.001308,0.000000,0.000000,0.002125,0.000024,1.933000,0.004739,0.000000,0.000000,0.000679,0,0
274200000000,274500000000,6283499093,21,167418634,0.000249,0.001228,0.001926,0.000174,0.000534,0.001310,0.000000,0.000000,0.003719,0.000000,1.943000,0.004563,0.000000,0.000000,0.000094,0,0
274500000000,274800000000,6283499093,21,167418634,0.000242,0.001232,0.001926,0.000174,0.000537,0.001312,0.000001,0.000000,0.003967,0.000072,1.709000,0.003604,0.000000,0.000000,0.000074,0,0
274800000000,275100000000,6283499093,21,167418634,0.000245,0.000915,0.001923,0.000174,0.000218,0.001127,0.000000,0.000000,0.003605,0.000072,1.728000,0.003733,0.000000,0.000000,0.000119,0,0
275100000000,275400000000,6283499093,21,167418634,0.000234,0.000973,0.001925,0.000174,0.000274,0.001242,0.000001,0.000000,0.003990,0.000072,1.652000,0.003520,0.000000,0.000000,0.000133,0,0
275400000000,275700000000,6283499093,21,167418634,0.000264,0.000982,0.001925,0.000174,0.000291,0.001303,0.000001,0.000000,0.004257,0.000072,1.979000,0.004670,0.000000,0.000000,0.000070,0,0
275700000000,276000000000,6283499093,21,167418634,0.000246,0.000982,0.001925,0.000174,0.000287,0.001314,0.000000,0.000000,0.003998,0.000024,1.688000,0.003511,0.000000,0.000000,0.000186,0,0
276000000000,276300000000,6283499093,21,167418634,0.000272,0.001028,0.001925,0.000174,0.000324,0.001320,0.000002,0.000000,0.003746,0.000143,1.767000,0.003988,0.000000,0.000000,0.000188,0,0
276300000000,276600000000,6283499093,21,167418634,0.000356,0.001055,0.001923,0.000174,0.000329,0.001345,0.000001,0.000000,0.004295,0.000035,1.575000,0.003112,0.000000,0.000000,0.000817,0,0
276600000000,276900000000,6283499093,21,167418634,0.000336,0.001055,0.001923,0.000174,0.000324,0.001339,0.000001,0.000000,0.004158,0.000072,2.538000,0.007553,0.000000,0.000000,0.000631,0,0
276900000000,277200000000,6283499093,21,167418634,0.000322,0.000912,0.001923,0.000174,0.000328,0.001337,0.000001,0.000000,0.004150,0.000072,1.994000,0.005106,0.000000,0.000000,0.000068,0,0
277200000000,277493000000,6283499093,21,167418634,0.000279,0.000634,0.001923,0.000176,0.000321,0.000920,0.000374,0.000000,0.000997,0.023650,2.024000,0.005040,0.000000,0.000000,0.000048,0,0
277493000000,277500000000,6283499093,21,167418634,0.000217,0.000000,0.000000,0.000000,0.000000,0.000000,0.000082,0.000000,0.001518,0.000428,2.019000,0.005070,0.000000,0.000000,0.000000,0,0
277500000000,277518000000,6283499093,21,167418634,0.000000,0.000000,0.000000,0.000000,0.000000,0.000000,0.000000,0.000000,0.000000,0.000000,2.019000,0.005070,0.000000,0.000000,0.000000,0,0
277518000000,277520000000,6283499093,21,167418634,0.000000,0.000000,0.000000,0.000000,0.000000,0.000000,0.000000,0.000000,0.000000,0.000000,2.019000,0.005070,0.000000,0.000000,0.000000,0,0
