272499000000,272632000000,6283499093,210,6568724,0.000000,0.000000,0.000000,0.000000,0.000000,0.000000,0.000000,0.000000,0.000000,0.000000,0.000000,0.000000,0.000000,0.000000,0.000000,0,0
272632000000,272700000000,6283499093,210,6568724,0.001081,0.001307,0.001921,0.000161,0.000514,0.001614,0.001915,0.000000,0.011810,0.020940,3.238000,0.010500,0.000000,0.000000,0.002132,0,0
272700000000,273000000000,6283499093,210,6568724,0.006676,0.001553,0.002182,0.000056,0.000317,0.002388,0.000010,0.000000,0.086060,0.001215,1.174000,0.000432,0.000000,0.000000,0.000393,0,0
273000000000,273300000000,6283499093,210,6568724,0.001101,0.001398,0.001934,0.000014,0.000194,0.001719,0.000010,0.000000,0.048100,0.001642,0.879800,0.001330,0.000000,0.000000,0.000221,0,0
273300000000,273600000000,6283499093,210,6568724,0.001995,0.001385,0.001934,0.000015,0.000213,0.001705,0.000020,0.000000,0.068850,0.003216,1.307000,0.002789,0.000000,0.000000,0.000086,0,0
273600000000,273900000000,6283499093,210,6568724,0.001312,0.001398,0.001934,0.000020,0.000216,0.001711,0.000003,0.000000,0.055910,0.000215,2.240000,0.005644,0.000000,0.000000,0.000347,0,0
273900000000,274200000000,6283499093,210,6568724,0.000320,0.001396,0.001934,0.000012,0.000229,0.001629,0.000000,0.000000,0.004623,0.000072,2.938000,0.008893,0.000000,0.000000,0.000236,0,0
274200000000,274500000000,6283499093,210,6568724,0.000309,0.001402,0.001934,0.000012,0.000235,0.001631,0.000004,0.000000,0.003937,0.000786,3.626000,0.011590,0.000000,0.000000,0.000103,0,0
274500000000,274800000000,6283499093,210,6568724,0.000309,0.001345,0.001934,0.000012,0.000180,0.001627,0.000000,0.000000,0.004402,0.000072,3.069000,0.008969,0.000000,0.000000,0.000301,0,0
274800000000,275100000000,6283499093,210,6568724,0.000300,0.001322,0.001936,0.000012,0.000163,0.001627,0.000002,0.000000,0.004845,0.000643,2.766000,0.007942,0.000000,0.000000,0.001001,0,0
275100000000,275400000000,6283499093,210,6568724,0.000293,0.001362,0.001934,0.000013,0.000209,0.001616,0.000002,0.000000,0.004219,0.000215,2.696000,0.007967,0.000000,0.000000,0.000223,0,0
275400000000,275700000000,6283499093,210,6568724,0.000266,0.001352,0.001934,0.000013,0.000198,0.001619,0.000003,0.000000,0.024600,0.000714,3.722000,0.012490,0.000000,0.000000,0.000051,0,0
275700000000,276000000000,6283499093,210,6568724,0.000237,0.001381,0.001938,0.000013,0.000230,0.001619,0.000003,0.000000,0.004288,0.000250,2.875000,0.008780,0.000000,0.000000,0.000175,0,0
276000000000,276300000000,6283499093,210,6568724,0.000341,0.001431,0.001936,0.000013,0.000278,0.001617,0.000002,0.000000,0.005585,0.000143,2.399000,0.006210,0.000000,0.000000,0.000147,0,0
276300000000,276600000000,6283499093,210,6568724,0.003471,0.001499,0.002064,0.000019,0.000240,0.002346,0.000009,0.000000,0.078740,0.000643,0.891200,0.001242,0.000000,0.000000,0.000223,0,0
276600000000,276900000000,6283499093,210,6568724,0.000444,0.001371,0.001936,0.000000,0.000170,0.001642,0.000001,0.000000,0.018650,0.000143,2.017000,0.004548,0.000000,0.000000,0.000331,0,0
276900000000,277200000000,6283499093,210,6568724,0.000310,0.001438,0.001936,0.000000,0.000230,0.001644,0.000000,0.000000,0.001263,0.000000,3.207000,0.010130,0.000000,0.000000,0.000159,0,0
277200000000,277500000000,6283499093,210,6568724,0.000328,0.001404,0.001936,0.000016,0.000208,0.001642,0.000179,0.000000,0.005974,0.026860,2.702000,0.007330,0.000000,0.000000,0.000179,0,0
277500000000,277800000000,6283499093,210,6568724,0.000321,0.001263,0.001936,0.000072,0.000125,0.001501,0.000500,0.000000,0.004921,0.043270,2.765000,0.007894,0.000000,0.000000,0.000240,0,0
277800000000,278022000000,6283499093,210,6568724,0.004860,0.001366,0.001936,0.000116,0.000179,0.001839,0.000922,0.000001,0.082890,0.036800,0.540000,0.000072,0.000000,0.000000,0.000339,0,0
278022000000,278047000000,6283499093,210,6568724,0.000085,0.000000,0.000000,0.000000,0.000000,0.000000,0.000034,0.000001,0.002125,0.000857,3.704000,0.013530,0.000000,0.000000,0.000000,0,0
278047000000,278049000000,6283499093,210,6568724,0.000000,0.000000,0.000000,0.000000,0.000000,0.000000,0.000000,0.000001,0.000000,0.000000,3.704000,0.013530,0.000000,0.000000,0.000000,0,0
