272499000000,272537000000,6283499093,211,317495530,0.000000,0.000000,0.000000,0.000000,0.000000,0.000000,0.000019,0.000000,0.000000,0.000714,0.000000,0.000000,0.000000,0.000000,0.000000,0,0
272537000000,272700000000,6283499093,211,317495530,0.000440,0.000996,0.001925,0.000014,0.000148,0.001328,0.000057,0.000000,0.008362,0.006218,2.960000,0.010310,0.000000,0.000000,0.000344,0,0
272700000000,273000000000,6283499093,211,317495530,0.000251,0.001041,0.001925,0.000012,0.000165,0.001331,0.000000,0.000000,0.004494,0.000000,5.389000,0.020080,0.000000,0.000000,0.000210,0,0
273000000000,273300000000,6283499093,211,317495530,0.000277,0.001022,0.001925,0.000012,0.000148,0.001335,0.000003,0.000000,0.004379,0.000428,2.273000,0.006297,0.000000,0.000000,0.000123,0,0
273300000000,273600000000,6283499093,211,317495530,0.000239,0.000978,0.001926,0.000012,0.000104,0.001331,0.000000,0.000000,0.004089,0.000072,3.749000,0.013080,0.000000,0.000000,0.000158,0,0
273600000000,273900000000,6283499093,211,317495530,0.000237,0.000997,0.001925,0.000012,0.000117,0.001347,0.000002,0.000000,0.004639,0.000643,3.240000,0.010620,0.000000,0.000000,0.000158,0,0
273900000000,274200000000,6283499093,211,317495530,0.000230,0.000971,0.001926,0.000014,0.000097,0.001322,0.000000,0.000000,0.005386,0.000072,3.586000,0.012680,0.000000,0.000000,0.000199,0,0
274200000000,274500000000,6283499093,211,317495530,0.000158,0.000965,0.001928,0.000014,0.000092,0.001320,0.000004,0.000000,0.000903,0.000929,6.005000,0.023980,0.000000,0.000000,0.000107,0,0
274500000000,274800000000,6283499093,211,317495530,0.000175,0.000974,0.001926,0.000014,0.000102,0.001310,0.000000,0.000000,0.000924,0.000000,3.528000,0.012380,0.000000,0.000000,0.000028,0,0
274800000000,275100000000,6283499093,211,317495530,0.000200,0.000965,0.001926,0.000014,0.000091,0.001287,0.000000,0.000000,0.004173,0.000072,2.310000,0.006457,0.000000,0.000000,0.000125,0,0
275100000000,275400000000,6283499093,211,317495530,0.000207,0.000963,0.001926,0.000014,0.000081,0.001274,0.000010,0.000000,0.003620,0.001572,3.130000,0.010070,0.000000,0.000000,0.000246,0,0
275400000000,275700000000,6283499093,211,317495530,0.000211,0.000982,0.001926,0.000014,0.000093,0.001284,0.000002,0.000000,0.001181,0.000571,4.538000,0.016270,0.000000,0.000000,0.000400,0,0
275700000000,276000000000,6283499093,211,317495530,0.000217,0.000978,0.001925,0.000014,0.000093,0.001331,0.000006,0.000000,0.003880,0.001499,5.246000,0.019120,0.000000,0.000000,0.000182,0,0
276000000000,276300000000,6283499093,211,317495530,0.000201,0.000996,0.001926,0.000015,0.000100,0.001348,0.000007,0.000000,0.004440,0.001642,1.966000,0.004797,0.000000,0.000000,0.000221,0,0
276300000000,276600000000,6283499093,211,317495530,0.000232,0.000988,0.001925,0.000015,0.000092,0.001207,0.000001,0.000000,0.004410,0.000143,3.628000,0.012980,0.000000,0.000000,0.000200,0,0
276600000000,276900000000,6283499093,211,317495530,0.000246,0.001005,0.001925,0.000015,0.000107,0.001242,0.000000,0.000000,0.004730,0.000072,5.102000,0.019140,0.000000,0.000000,0.000143,0,0
276900000000,277200000000,6283499093,211,317495530,0.000278,0.000978,0.001925,0.000015,0.000073,0.001184,0.000001,0.000000,0.006493,0.000143,4.468000,0.015990,0.000000,0.000000,0.000203,0,0
277200000000,277500000000,6283499093,211,317495530,0.000324,0.001001,0.001925,0.000013,0.000062,0.001436,0.000019,0.000000,0.014530,0.001072,3.227000,0.011050,0.000000,0.000000,0.000200,0,0
277500000000,277779000000,6283499093,211,317495530,0.000259,0.001015,0.001925,0.000015,0.000062,0.001209,0.000018,0.000000,0.005119,0.001785,3.346000,0.011490,0.000000,0.000000,0.000168,0,0
277779000000,277800000000,6283499093,211,317495530,0.000142,0.000000,0.000000,0.000000,0.000000,0.000000,0.000102,0.000000,0.002975,0.001286,1.870000,0.005036,0.000000,0.000000,0.000000,0,0
277800000000,277807000000,6283499093,211,317495530,0.000000,0.000000,0.000000,0.000000,0.000000,0.000000,0.000000,0.000000,0.000000,0.000000,1.437000,0.003148,0.000000,0.000000,0.000000,0,0
277807000000,277808000000,6283499093,211,317495530,0.000000,0.000000,0.000000,0.000000,0.000000,0.000000,0.000000,0.000000,0.000000,0.000000,1.437000,0.003148,0.000000,0.000000,0.000000,0,0
