272502000000,272600000000,6283499093,212,6568005,0.000000,0.000000,0.000000,0.000000,0.000000,0.000000,0.000000,0.000000,0.000000,0.000000,0.000000,0.000000,0.000000,0.000000,0.000000,0,0
272600000000,272700000000,6283499093,212,6568005,0.000733,0.001207,0.001923,0.000278,0.000467,0.001604,0.001896,0.000000,0.020690,0.035580,1.300000,0.002484,0.000000,0.000000,0.000251,0,0
272700000000,273000000000,6283499093,212,6568005,0.000350,0.000988,0.001923,0.000297,0.000400,0.001436,0.000000,0.000000,0.004768,0.000000,2.840000,0.008163,0.000000,0.000000,0.000691,0,0
273000000000,273300000000,6283499093,212,6568005,0.000386,0.000967,0.001923,0.000297,0.000370,0.001291,0.000008,0.000000,0.016110,0.001429,2.410000,0.006295,0.000000,0.000000,0.000092,0,0
273300000000,273600000000,6283499093,212,6568005,0.000364,0.001135,0.001926,0.000298,0.000505,0.001373,0.000000,0.000000,0.002903,0.000000,2.626000,0.007406,0.000000,0.000000,0.000586,0,0
273600000000,273900000000,6283499093,212,6568005,0.000364,0.001184,0.001925,0.000298,0.000554,0.001377,0.000000,0.000000,0.004494,0.000072,2.596000,0.007225,0.000000,0.000000,0.000742,0,0
273900000000,274200000000,6283499093,212,6568005,0.000369,0.001156,0.001925,0.000298,0.000508,0.001392,0.000000,0.000000,0.005226,0.000072,2.705000,0.007693,0.000000,0.000000,0.000142,0,0
274200000000,274500000000,6283499093,212,6568005,0.003372,0.001350,0.002182,0.000245,0.000435,0.001749,0.000018,0.000000,0.080930,0.002285,1.166000,0.002244,0.000000,0.000000,0.001818,0,0
274500000000,274800000000,6283499093,212,6568005,0.000403,0.001316,0.001925,0.000213,0.000366,0.001619,0.000000,0.000000,0.004295,0.000072,2.845000,0.008235,0.000000,0.000000,0.000187,0,0
274800000000,275100000000,6283499093,212,6568005,0.000373,0.001291,0.001925,0.000213,0.000343,0.001610,0.000000,0.000000,0.003891,0.000072,2.538000,0.007022,0.000000,0.000000,0.000677,0,0
275100000000,275400000000,6283499093,212,6568005,0.000338,0.001276,0.001925,0.000207,0.000321,0.001616,0.000001,0.000000,0.004646,0.000072,2.956000,0.008179,0.000000,0.000000,0.000255,0,0
275400000000,275700000000,6283499093,212,6568005,0.002319,0.001308,0.001984,0.000193,0.000298,0.001949,0.000003,0.000000,0.099370,0.000286,0.662100,0.000386,0.000000,0.000000,0.000105,0,0
275700000000,276000000000,6283499093,212,6568005,0.001480,0.001379,0.001932,0.000022,0.000162,0.001925,0.000102,0.000000,0.056580,0.017210,0.640000,0.000316,0.000000,0.000000,0.002533,0,0
276000000000,276300000000,6283499093,212,6568005,0.000485,0.001366,0.001932,0.000029,0.000210,0.001650,0.000005,0.000000,0.006126,0.001143,3.334000,0.010420,0.000000,0.000000,0.000382,0,0
276300000000,276600000000,6283499093,212,6568005,0.000383,0.001328,0.001930,0.000029,0.000175,0.001650,0.000001,0.000000,0.004532,0.000072,2.639000,0.007307,0.000000,0.000000,0.001343,0,0
276600000000,276900000000,6283499093,212,6568005,0.000341,0.001308,0.001932,0.000028,0.000156,0.001650,0.000000,0.000000,0.004753,0.000072,3.130000,0.009204,0.000000,0.000000,0.000414,0,0
276900000000,277200000000,6283499093,212,6568005,0.000360,0.001333,0.001932,0.000028,0.000183,0.001644,0.000001,0.000000,0.005920,0.000143,2.602000,0.007171,0.000000,0.000000,0.000189,0,0
277200000000,277500000000,6283499093,212,6568005,0.000391,0.001348,0.001932,0.000028,0.000186,0.001659,0.000009,0.000000,0.005585,0.001785,2.917000,0.008532,0.000000,0.000000,0.000632,0,0
277500000000,277800000000,6283499093,212,6568005,0.000415,0.001322,0.001930,0.000029,0.000162,0.001656,0.000009,0.000000,0.004639,0.001143,2.032000,0.004834,0.000000,0.000000,0.000221,0,0
277800000000,278100000000,6283499093,212,6568005,0.000367,0.001293,0.001930,0.000034,0.000134,0.001650,0.000036,0.000000,0.005859,0.004929,2.735000,0.007662,0.000000,0.000000,0.000243,0,0
278100000000,278400000000,6283499093,212,6568005,0.000391,0.001265,0.001930,0.000090,0.000156,0.001392,0.000112,0.000000,0.005730,0.011990,2.838000,0.008274,0.000000,0.000000,0.000367,0,0
278400000000,278700000000,6283499093,212,6568005,0.000420,0.001242,0.001932,0.000094,0.000161,0.001350,0.000008,0.000000,0.004852,0.001642,2.537000,0.006981,0.000000,0.000000,0.000293,0,0
278700000000,279000000000,6283499093,212,6568005,0.000384,0.001253,0.001932,0.000099,0.000188,0.001341,0.000030,0.000000,0.004631,0.007217,2.649000,0.007651,0.000000,0.000000,0.000431,0,0
279000000000,279300000000,6283499093,212,6568005,0.000378,0.001253,0.001932,0.000106,0.000195,0.001343,0.000032,0.000000,0.005074,0.007355,2.493000,0.006934,0.000000,0.000000,0.000203,0,0
279300000000,279600000000,6283499093,212,6568005,0.000364,0.001255,0.001932,0.000102,0.000186,0.001366,0.000004,0.000000,0.005508,0.000357,2.402000,0.006524,0.000000,0.000000,0.000151,0,0
279600000000,279900000000,6283499093,212,6568005,0.000364,0.001255,0.001934,0.000097,0.000168,0.001366,0.000007,0.000000,0.005135,0.001143,2.959000,0.008535,0.000000,0.000000,0.000325,0,0
279900000000,280200000000,6283499093,212,6568005,0.000360,0.001251,0.001932,0.000097,0.000162,0.001368,0.000004,0.000000,0.005562,0.000286,2.586000,0.007211,0.000000,0.000000,0.000500,0,0
280200000000,280500000000,6283499093,212,6568005,0.000683,0.001226,0.001934,0.000099,0.000183,0.001375,0.000024,0.000000,0.079470,0.004288,2.479000,0.006694,0.000000,0.000000,0.000408,0,0
280500000000,280609000000,6283499093,212,6568005,0.000358,0.000808,0.001934,0.000110,0.000182,0.000932,0.000084,0.000000,0.005272,0.009003,2.482000,0.006838,0.000000,0.000000,0.000190,0,0
280609000000,280620000000,6283499093,212,6568005,0.000325,0.000009,0.000000,0.000013,0.000013,0.000091,0.000117,0.000000,0.003582,0.001286,2.572000,0.007135,0.000000,0.000000,0.000000,0,0
280620000000,280621000000,6283499093,212,6568005,0.000000,0.000000,0.000000,0.000000,0.000000,0.000000,0.000000,0.000000,0.000000,0.000000,2.572000,0.007135,0.000000,0.000000,0.000000,0,0
