272503000000,272614000000,6283499093,213,487535,0.000000,0.000000,0.000000,0.000000,0.000000,0.000000,0.000000,0.000000,0.000000,0.000000,0.000000,0.000000,0.000000,0.000000,0.000000,0,0
272614000000,272700000000,6283499093,213,487535,0.000844,0.001532,0.001932,0.000356,0.000766,0.001694,0.002895,0.000000,0.013750,0.046140,5.117000,0.018260,0.000000,0.000000,0.004723,0,0
272700000000,273000000000,6283499093,213,487535,0.000332,0.001055,0.001934,0.000365,0.000808,0.001566,0.000000,0.000000,0.004135,0.000000,3.443000,0.011540,0.000000,0.000000,0.000161,0,0
273000000000,273300000000,6283499093,213,487535,0.000347,0.000946,0.001934,0.000364,0.000808,0.000961,0.000004,0.000000,0.004433,0.000857,3.036000,0.009635,0.000000,0.000000,0.000450,0,0
273300000000,273600000000,6283499093,213,487535,0.000320,0.000937,0.001934,0.000364,0.000808,0.000942,0.000000,0.000000,0.004547,0.000000,2.867000,0.008858,0.000000,0.000000,0.000212,0,0
273600000000,273900000000,6283499093,213,487535,0.000332,0.000946,0.001934,0.000364,0.000808,0.000956,0.000001,0.000000,0.004074,0.000143,2.673000,0.007832,0.000000,0.000000,0.000078,0,0
273900000000,274200000000,6283499093,213,487535,0.000342,0.000954,0.001934,0.000364,0.000808,0.000964,0.000001,0.000000,0.004707,0.000143,2.429000,0.006685,0.000000,0.000000,0.000171,0,0
274200000000,274500000000,6283499093,213,487535,0.000317,0.000956,0.001934,0.000364,0.000808,0.000967,0.000002,0.000000,0.004395,0.000286,2.760000,0.008080,0.000000,0.000000,0.000507,0,0
274500000000,274800000000,6283499093,213,487535,0.000332,0.000967,0.001934,0.000364,0.000808,0.000982,0.000000,0.000000,0.004822,0.000000,2.737000,0.008147,0.000000,0.000000,0.000210,0,0
274800000000,275100000000,6283499093,213,487535,0.000309,0.000980,0.001934,0.000364,0.000808,0.000984,0.000000,0.000000,0.005043,0.000072,2.949000,0.008905,0.000000,0.000000,0.000208,0,0
275100000000,275400000000,6283499093,213,487535,0.000434,0.001001,0.001934,0.000364,0.000808,0.001045,0.000002,0.000000,0.011760,0.000143,1.377000,0.002047,0.000000,0.000000,0.000861,0,0
275400000000,275700000000,6283499093,213,487535,0.000340,0.000997,0.001934,0.000364,0.000808,0.001015,0.000000,0.000000,0.003883,0.000072,2.497000,0.006993,0.000000,0.000000,0.000178,0,0
275700000000,276000000000,6283499093,213,487535,0.000341,0.000996,0.001934,0.000364,0.000809,0.001009,0.000000,0.000000,0.004349,0.000072,2.474000,0.006714,0.000000,0.000000,0.000185,0,0
276000000000,276300000000,6283499093,213,487535,0.000323,0.000997,0.001934,0.000364,0.000809,0.001013,0.000002,0.000000,0.004822,0.000215,2.711000,0.007652,0.000000,0.000000,0.000648,0,0
276300000000,276600000000,6283499093,213,487535,0.000312,0.000992,0.001934,0.000364,0.000809,0.000997,0.000002,0.000000,0.004478,0.000500,2.736000,0.007817,0.000000,0.000000,0.000079,0,0
276600000000,276900000000,6283499093,213,487535,0.000296,0.000992,0.001934,0.000364,0.000809,0.000997,0.000000,0.000000,0.004761,0.000072,2.950000,0.008726,0.000000,0.000000,0.000106,0,0
276900000000,277200000000,6283499093,213,487535,0.000315,0.000988,0.001934,0.000364,0.000809,0.001001,0.000000,0.000000,0.004929,0.000000,2.486000,0.006971,0.000000,0.000000,0.000214,0,0
277200000000,277500000000,6283499093,213,487535,0.000318,0.000990,0.001934,0.000364,0.000809,0.001001,0.000005,0.000000,0.004387,0.000571,2.583000,0.007127,0.000000,0.000000,0.000555,0,0
277500000000,277800000000,6283499093,213,487535,0.000427,0.001007,0.001932,0.000364,0.000809,0.001015,0.000004,0.000000,0.016110,0.000143,3.033000,0.009276,0.000000,0.000000,0.000584,0,0
277800000000,278100000000,6283499093,213,487535,0.000463,0.001049,0.001932,0.000359,0.000810,0.001110,0.000008,0.000000,0.007568,0.001215,4.059000,0.013740,0.000000,0.000000,0.000197,0,0
278100000000,278129000000,6283499093,213,487535,0.000692,0.001078,0.001930,0.000352,0.000811,0.001089,0.000017,0.000000,0.003937,0.000286,3.169000,0.010040,0.000000,0.000000,0.000224,0,0
278129000000,278145000000,6283499093,213,487535,0.000171,0.000000,0.000000,0.000000,0.000000,0.000000,0.000040,0.000000,0.002724,0.000643,3.169000,0.010040,0.000000,0.000000,0.000000,0,0
278145000000,278146000000,6283499093,213,487535,0.000000,0.000000,0.000000,0.000000,0.000000,0.000000,0.000000,0.000000,0.000000,0.000000,3.169000,0.010040,0.000000,0.000000,0.000000,0,0
