272501000000,272674000000,6283499093,214,4820211498,0.000000,0.000000,0.000000,0.000000,0.000000,0.000000,0.000000,0.000000,0.000000,0.000000,0.000000,0.000000,0.000000,0.000000,0.000000,0,0
272674000000,272700000000,6283499093,214,4820211498,0.001984,0.001286,0.001930,0.000334,0.000672,0.001787,0.011630,0.000000,0.023500,0.058900,1.352000,0.000000,0.000000,0.000000,0.000838,0,0
272700000000,273000000000,6283499093,214,4820211498,0.003960,0.001442,0.002140,0.000318,0.000711,0.002197,0.000056,0.000000,0.099850,0.007645,0.785000,0.000000,0.000000,0.000000,0.000445,0,0
273000000000,273300000000,6283499093,214,4820211498,0.000385,0.001211,0.001944,0.000048,0.000146,0.001270,0.000078,0.000000,0.004578,0.011430,0.755300,0.000000,0.000000,0.000000,0.000193,0,0
273300000000,273600000000,6283499093,214,4820211498,0.000367,0.001167,0.001944,0.000061,0.000164,0.001179,0.000016,0.000000,0.003574,0.001572,3.350000,0.000000,0.000000,0.000000,0.000294,0,0
273600000000,273900000000,6283499093,214,4820211498,0.000317,0.001158,0.001944,0.000062,0.000165,0.001163,0.000007,0.000000,0.014740,0.001286,2.596000,0.000000,0.000000,0.000000,0.000377,0,0
273900000000,274200000000,6283499093,214,4820211498,0.000339,0.001162,0.001944,0.000063,0.000166,0.001173,0.000000,0.000000,0.004745,0.000000,2.636000,0.000000,0.000000,0.000000,0.000294,0,0
274200000000,274500000000,6283499093,214,4820211498,0.000324,0.001139,0.001944,0.000063,0.000166,0.001144,0.000010,0.000000,0.004829,0.002857,2.662000,0.000000,0.000000,0.000000,0.000238,0,0
274500000000,274800000000,6283499093,214,4820211498,0.000317,0.001146,0.001944,0.000073,0.000177,0.001158,0.000059,0.000000,0.005249,0.008850,2.359000,0.000000,0.000000,0.000000,0.000114,0,0
274800000000,275100000000,6283499093,214,4820211498,0.000301,0.001129,0.001945,0.000078,0.000184,0.001146,0.000000,0.000000,0.001289,0.000072,2.476000,0.000000,0.000000,0.000000,0.000117,0,0
275100000000,275400000000,6283499093,214,4820211498,0.000327,0.001139,0.001944,0.000081,0.000187,0.001160,0.000025,0.000000,0.004341,0.005714,2.866000,0.000000,0.000000,0.000000,0.000607,0,0
275400000000,275700000000,6283499093,214,4820211498,0.000307,0.001133,0.001944,0.000093,0.000200,0.001156,0.000000,0.000000,0.004417,0.000072,3.130000,0.000000,0.000000,0.000000,0.000293,0,0
275700000000,276000000000,6283499093,214,4820211498,0.000307,0.001135,0.001944,0.000093,0.000200,0.001148,0.000001,0.000000,0.004021,0.000357,2.514000,0.000000,0.000000,0.000000,0.000361,0,0
276000000000,276300000000,6283499093,214,4820211498,0.000296,0.001137,0.001944,0.000093,0.000200,0.001148,0.000001,0.000000,0.003944,0.000072,2.419000,0.000000,0.000000,0.000000,0.000226,0,0
276300000000,276600000000,6283499093,214,4820211498,0.008041,0.001255,0.001940,0.000101,0.000209,0.001583,0.000022,0.000000,0.140100,0.001072,0.694900,0.000000,0.000000,0.000000,0.000180,0,0
276600000000,276900000000,6283499093,214,4820211498,0.027340,0.001637,0.002052,0.000103,0.000210,0.002048,0.000056,0.000001,0.135700,0.001858,0.693000,0.000000,0.000000,0.000000,0.065190,0,0
276900000000,277200000000,6283499093,214,4820211498,0.010160,0.001751,0.002075,0.000029,0.000136,0.002125,0.000016,0.000002,0.117300,0.000999,0.726300,0.000000,0.000000,0.000000,0.053470,0,0
277200000000,277500000000,6283499093,214,4820211498,0.001537,0.001638,0.001944,0.000010,0.000116,0.001705,0.000007,0.000003,0.063720,0.000500,0.730100,0.000000,0.000000,0.000000,0.000190,0,0
277500000000,277590000000,6283499093,214,4820211498,0.003975,0.001661,0.002026,0.000026,0.000135,0.001923,0.002209,0.000003,0.069090,0.035580,2.605000,0.000000,0.000000,0.000000,0.012300,0,0
277590000000,277602000000,6283499093,214,4820211498,0.000719,0.000000,0.000000,0.000000,0.000000,0.000000,0.000006,0.000003,0.004311,0.000072,2.769000,0.000000,0.000000,0.000000,0.000000,0,0
277602000000,277603000000,6283499093,214,4820211498,0.000000,0.000000,0.000000,0.000000,0.000000,0.000000,0.000000,0.000003,0.000000,0.000000,2.769000,0.000000,0.000000,0.000000,0.000000,0,0
