272491000000,272567000000,6283499093,215,4303907427,0.000000,0.000000,0.000000,0.000000,0.000000,0.000000,0.000000,0.000000,0.000000,0.000000,0.000000,0.000000,0.000000,0.000000,0.000000,0,0
272567000000,272700000000,6283499093,215,4303907427,0.000610,0.001606,0.001877,0.000376,0.000809,0.001764,0.001326,0.000000,0.013730,0.059390,2.402000,0.007270,0.000000,0.000000,0.000258,0,0
272700000000,273000000000,6283499093,215,4303907427,0.000344,0.001022,0.001879,0.000366,0.000810,0.001329,0.000000,0.000000,0.004120,0.000000,2.317000,0.006980,0.000000,0.000000,0.000464,0,0
273000000000,273300000000,6283499093,215,4303907427,0.000382,0.001009,0.001879,0.000365,0.000810,0.001015,0.000001,0.000000,0.005630,0.000072,2.297000,0.006915,0.000000,0.000000,0.000258,0,0
273300000000,273600000000,6283499093,215,4303907427,0.000374,0.001011,0.001879,0.000365,0.000810,0.001026,0.000000,0.000000,0.004990,0.000072,2.508000,0.007703,0.000000,0.000000,0.000523,0,0
273600000000,273900000000,6283499093,215,4303907427,0.000382,0.001017,0.001879,0.000365,0.000810,0.001034,0.000001,0.000000,0.004906,0.000072,2.544000,0.007834,0.000000,0.000000,0.000245,0,0
273900000000,274200000000,6283499093,215,4303907427,0.000352,0.001040,0.001879,0.000364,0.000809,0.001045,0.000001,0.000000,0.004677,0.000072,2.562000,0.007932,0.000000,0.000000,0.000582,0,0
274200000000,274500000000,6283499093,215,4303907427,0.000318,0.001028,0.001879,0.000364,0.000809,0.001038,0.000001,0.000000,0.004395,0.000072,2.155000,0.006187,0.000000,0.000000,0.000593,0,0
274500000000,274800000000,6283499093,215,4303907427,0.000300,0.001017,0.001879,0.000364,0.000809,0.001030,0.000000,0.000000,0.004128,0.000072,2.118000,0.005912,0.000000,0.000000,0.000531,0,0
274800000000,275100000000,6283499093,215,4303907427,0.000340,0.001043,0.001879,0.000367,0.000812,0.001089,0.000021,0.000000,0.006454,0.005501,2.113000,0.005909,0.000000,0.000000,0.000194,0,0
275100000000,275400000000,6283499093,215,4303907427,0.000317,0.001036,0.001879,0.000368,0.000814,0.001072,0.000001,0.000000,0.003754,0.000072,2.347000,0.007070,0.000000,0.000000,0.000089,0,0
275400000000,275700000000,6283499093,215,4303907427,0.000333,0.001032,0.001879,0.000364,0.000811,0.001053,0.000003,0.000000,0.012950,0.000571,1.852000,0.004485,0.000000,0.000000,0.000114,0,0
275700000000,276000000000,6283499093,215,4303907427,0.000326,0.001040,0.001879,0.000364,0.000811,0.001057,0.000001,0.000000,0.003895,0.000072,2.054000,0.005218,0.000000,0.000000,0.000124,0,0
276000000000,276300000000,6283499093,215,4303907427,0.000316,0.001036,0.001879,0.000364,0.000811,0.001041,0.000001,0.000000,0.004295,0.000072,2.338000,0.006627,0.000000,0.000000,0.000184,0,0
276300000000,276600000000,6283499093,215,4303907427,0.000321,0.001043,0.001879,0.000364,0.000811,0.001053,0.000001,0.000000,0.004135,0.000072,2.332000,0.006465,0.000000,0.000000,0.000153,0,0
276600000000,276900000000,6283499093,215,4303907427,0.000324,0.001038,0.001879,0.000364,0.000811,0.001055,0.000001,0.000000,0.004677,0.000072,2.372000,0.006673,0.000000,0.000000,0.000175,0,0
276900000000,277200000000,6283499093,215,4303907427,0.000314,0.001038,0.001879,0.000364,0.000811,0.001055,0.000000,0.000000,0.004578,0.000000,2.173000,0.005794,0.000000,0.000000,0.000156,0,0
277200000000,277500000000,6283499093,215,4303907427,0.000348,0.001068,0.001879,0.000361,0.000812,0.001139,0.000009,0.000000,0.004410,0.001429,2.248000,0.006202,0.000000,0.000000,0.000495,0,0
277500000000,277800000000,6283499093,215,4303907427,0.000355,0.001089,0.001877,0.000353,0.000812,0.001139,0.000013,0.000000,0.004562,0.002857,2.528000,0.007722,0.000000,0.000000,0.000161,0,0
277800000000,278100000000,6283499093,215,4303907427,0.000377,0.001093,0.001877,0.000353,0.000812,0.001104,0.000004,0.000000,0.004532,0.000143,2.309000,0.006854,0.000000,0.000000,0.000270,0,0
278100000000,278400000000,6283499093,215,4303907427,0.000357,0.001099,0.001877,0.000353,0.000812,0.001104,0.000003,0.000000,0.004379,0.000072,2.044000,0.005851,0.000000,0.000000,0.000403,0,0
278400000000,278469000000,6283499093,215,4303907427,0.002110,0.001110,0.002239,0.000344,0.000798,0.001234,0.000094,0.000000,0.043520,0.005074,1.979000,0.005738,0.000000,0.000000,0.000565,0,0
278469000000,278483000000,6283499093,215,4303907427,0.000177,0.000000,0.000000,0.000000,0.000000,0.000000,0.000024,0.000000,0.002483,0.000215,0.840700,0.001126,0.000000,0.000000,0.000000,0,0
278483000000,278485000000,6283499093,215,4303907427,0.000000,0.000000,0.000000,0.000000,0.000000,0.000000,0.000000,0.000000,0.000000,0.000000,0.816900,0.001031,0.000000,0.000000,0.000000,0,0
