272507000000,272639000000,6283499093,216,1732375871,0.000000,0.000000,0.000000,0.000000,0.000000,0.000000,0.000000,0.000000,0.000000,0.000000,0.000000,0.000000,0.000000,0.000000,0.000000,0,0
272639000000,272700000000,6283499093,216,1732375871,0.001450,0.001472,0.001928,0.000241,0.000646,0.001589,0.002586,0.000000,0.050110,0.049930,3.703000,0.012860,0.000000,0.000000,0.000544,0,0
272700000000,273000000000,6283499093,216,1732375871,0.000559,0.001087,0.001930,0.000241,0.000686,0.001585,0.000000,0.000000,0.008957,0.000143,3.933000,0.013900,0.000000,0.000000,0.000502,0,0
273000000000,273300000000,6283499093,216,1732375871,0.000560,0.000968,0.001930,0.000240,0.000685,0.000974,0.000004,0.000000,0.006721,0.000857,4.448000,0.016230,0.000000,0.000000,0.000883,0,0
273300000000,273600000000,6283499093,216,1732375871,0.000382,0.000977,0.001932,0.000240,0.000686,0.000997,0.000003,0.000000,0.006271,0.000643,2.411000,0.006934,0.000000,0.000000,0.000126,0,0
273600000000,273900000000,6283499093,216,1732375871,0.000412,0.000992,0.001932,0.000240,0.000687,0.001003,0.000003,0.000000,0.006477,0.000571,2.763000,0.008510,0.000000,0.000000,0.000181,0,0
273900000000,274200000000,6283499093,216,1732375871,0.000420,0.000997,0.001932,0.000240,0.000687,0.001013,0.000001,0.000000,0.015240,0.000143,2.347000,0.006647,0.000000,0.000000,0.000197,0,0
274200000000,274500000000,6283499093,216,1732375871,0.001080,0.001127,0.001928,0.000237,0.000697,0.001207,0.000035,0.000000,0.040470,0.008148,2.154000,0.005835,0.000000,0.000000,0.000900,0,0
274500000000,274800000000,6283499093,216,1732375871,0.000523,0.001108,0.001930,0.000230,0.000695,0.001114,0.000000,0.000000,0.008667,0.000000,4.216000,0.015090,0.000000,0.000000,0.000217,0,0
274800000000,275100000000,6283499093,216,1732375871,0.000451,0.001108,0.001930,0.000230,0.000694,0.001122,0.000003,0.000000,0.004845,0.000571,2.568000,0.007479,0.000000,0.000000,0.000291,0,0
275100000000,275400000000,6283499093,216,1732375871,0.000412,0.001120,0.001930,0.000229,0.000695,0.001131,0.000002,0.000000,0.003616,0.000286,2.766000,0.008189,0.000000,0.000000,0.000200,0,0
275400000000,275700000000,6283499093,216,1732375871,0.000478,0.001114,0.001930,0.000229,0.000695,0.001139,0.000001,0.000000,0.009766,0.000072,2.271000,0.006061,0.000000,0.000000,0.000699,0,0
275700000000,276000000000,6283499093,216,1732375871,0.000473,0.001146,0.001930,0.000229,0.000695,0.001158,0.000002,0.000000,0.005577,0.000143,3.128000,0.009602,0.000000,0.000000,0.000217,0,0
276000000000,276300000000,6283499093,216,1732375871,0.000441,0.001144,0.001930,0.000229,0.000695,0.001154,0.000003,0.000000,0.017640,0.000215,3.026000,0.009082,0.000000,0.000000,0.000199,0,0
276300000000,276600000000,6283499093,216,1732375871,0.000486,0.001156,0.001930,0.000232,0.000698,0.001177,0.000028,0.000000,0.008102,0.007004,3.155000,0.009619,0.000000,0.000000,0.000184,0,0
276600000000,276900000000,6283499093,216,1732375871,0.000467,0.001141,0.001930,0.000230,0.000695,0.001152,0.000003,0.000000,0.005119,0.000643,2.853000,0.008221,0.000000,0.000000,0.000339,0,0
276900000000,277200000000,6283499093,216,1732375871,0.000496,0.001127,0.001930,0.000234,0.000700,0.001156,0.000003,0.000000,0.016600,0.000428,2.797000,0.008156,0.000000,0.000000,0.000633,0,0
277200000000,277459000000,6283499093,216,1732375871,0.000526,0.000939,0.001930,0.000253,0.000717,0.001156,0.000004,0.000000,0.005440,0.000215,3.474000,0.011190,0.000000,0.000000,0.000253,0,0
277459000000,277471000000,6283499093,216,1732375871,0.000197,0.000000,0.000000,0.000000,0.000000,0.000000,0.000006,0.000000,0.002373,0.000072,3.283000,0.010550,0.000000,0.000000,0.000000,0,0
277471000000,277472000000,6283499093,216,1732375871,0.000000,0.000000,0.000000,0.000000,0.000000,0.000000,0.000000,0.000000,0.000000,0.000000,3.283000,0.010550,0.000000,0.000000,0.000000,0,0
