272499000000,272641000000,6283499093,217,1270513,0.000000,0.000000,0.000000,0.000000,0.000000,0.000000,0.000000,0.000000,0.000000,0.000000,0.000000,0.000000,0.000000,0.000000,0.000000,0,0
272641000000,272700000000,6283499093,217,1270513,0.000846,0.001245,0.001934,0.000320,0.000662,0.001682,0.004036,0.000000,0.044740,0.015430,2.544000,0.008015,0.000000,0.000000,0.000237,0,0
272700000000,273000000000,6283499093,217,1270513,0.000340,0.001120,0.001932,0.000371,0.000813,0.001684,0.000001,0.000000,0.003975,0.000072,2.343000,0.006924,0.000000,0.000000,0.000564,0,0
273000000000,273300000000,6283499093,217,1270513,0.000336,0.000926,0.001932,0.000369,0.000812,0.000948,0.000001,0.000000,0.004387,0.000072,2.307000,0.006669,0.000000,0.000000,0.000112,0,0
273300000000,273600000000,6283499093,217,1270513,0.000312,0.000945,0.001934,0.000364,0.000809,0.000958,0.000000,0.000000,0.004135,0.000072,2.240000,0.006319,0.000000,0.000000,0.000561,0,0
273600000000,273900000000,6283499093,217,1270513,0.000326,0.000942,0.001932,0.000364,0.000809,0.000954,0.000001,0.000000,0.004517,0.000072,2.159000,0.006040,0.000000,0.000000,0.000131,0,0
273900000000,274200000000,6283499093,217,1270513,0.000308,0.000943,0.001934,0.000364,0.000809,0.000949,0.000000,0.000000,0.004044,0.000072,2.182000,0.006044,0.000000,0.000000,0.000123,0,0
274200000000,274500000000,6283499093,217,1270513,0.000354,0.000964,0.001932,0.000364,0.000808,0.000976,0.000002,0.000000,0.013410,0.000072,2.627000,0.007987,0.000000,0.000000,0.000163,0,0
274500000000,274800000000,6283499093,217,1270513,0.000318,0.000959,0.001934,0.000363,0.000808,0.000966,0.000000,0.000000,0.003983,0.000000,2.343000,0.006775,0.000000,0.000000,0.000206,0,0
274800000000,275100000000,6283499093,217,1270513,0.000310,0.000962,0.001934,0.000363,0.000808,0.000972,0.000000,0.000000,0.004021,0.000072,2.120000,0.005789,0.000000,0.000000,0.000272,0,0
275100000000,275400000000,6283499093,217,1270513,0.000300,0.000958,0.001934,0.000363,0.000808,0.000968,0.000001,0.000000,0.004395,0.000072,2.228000,0.006152,0.000000,0.000000,0.000205,0,0
275400000000,275700000000,6283499093,217,1270513,0.000430,0.000992,0.001932,0.000365,0.000810,0.001108,0.000018,0.000000,0.029850,0.003929,2.309000,0.006599,0.000000,0.000000,0.000750,0,0
275700000000,276000000000,6283499093,217,1270513,0.000418,0.001066,0.001932,0.000369,0.000814,0.001102,0.000000,0.000000,0.004646,0.000072,3.008000,0.009873,0.000000,0.000000,0.000219,0,0
276000000000,276300000000,6283499093,217,1270513,0.003010,0.001108,0.002060,0.000320,0.000766,0.001516,0.000012,0.000000,0.082760,0.001572,0.561800,0.000158,0.000000,0.000000,0.000302,0,0
276300000000,276600000000,6283499093,217,1270513,0.000310,0.001162,0.001932,0.000146,0.000595,0.001192,0.000001,0.000000,0.001450,0.000072,2.198000,0.006154,0.000000,0.000000,0.000094,0,0
276600000000,276900000000,6283499093,217,1270513,0.000308,0.001146,0.001932,0.000142,0.000591,0.001160,0.000001,0.000000,0.004028,0.000072,2.156000,0.006111,0.000000,0.000000,0.000059,0,0
276900000000,277200000000,6283499093,217,1270513,0.000340,0.001156,0.001932,0.000142,0.000591,0.001171,0.000000,0.000000,0.003906,0.000000,2.170000,0.005988,0.000000,0.000000,0.000225,0,0
277200000000,277500000000,6283499093,217,1270513,0.000348,0.001143,0.001932,0.000142,0.000591,0.001154,0.000003,0.000000,0.004112,0.000072,2.513000,0.007690,0.000000,0.000000,0.000282,0,0
277500000000,277771000000,6283499093,217,1270513,0.003384,0.001404,0.002316,0.000123,0.000515,0.002594,0.000404,0.000000,0.155000,0.019930,1.106000,0.002160,0.000000,0.000000,0.000168,0,0
277771000000,277789000000,6283499093,217,1270513,0.000154,0.000000,0.000000,0.000000,0.000000,0.000000,0.000044,0.000000,0.002781,0.000643,0.640000,0.000478,0.000000,0.000000,0.000000,0,0
277789000000,277790000000,6283499093,217,1270513,0.000000,0.000000,0.000000,0.000000,0.000000,0.000000,0.000000,0.000000,0.000000,0.000000,0.640000,0.000478,0.000000,0.000000,0.000000,0,0
277790000000,277800000000,6283499093,217,1270513,0.000000,0.000000,0.000000,0.000000,0.000000,0.000000,0.000000,0.000000,0.000000,0.000000,0.000000,0.000000,0.000000,0.000000,0.000000,0,0
