272496000000,272582000000,6283499093,218,1332278,0.000000,0.000000,0.000000,0.000000,0.000000,0.000000,0.000000,0.000000,0.000000,0.000000,0.000000,0.000000,0.000000,0.000000,0.000000,0,0
272582000000,272700000000,6283499093,218,1332278,0.000997,0.001642,0.001915,0.000362,0.000793,0.001780,0.002140,0.000000,0.037230,0.064330,1.920000,0.005099,0.000000,0.000000,0.000386,0,0
272700000000,273000000000,6283499093,218,1332278,0.000540,0.001085,0.001915,0.000365,0.000810,0.001465,0.000000,0.000000,0.004456,0.000000,3.505000,0.012040,0.000000,0.000000,0.000517,0,0
273000000000,273300000000,6283499093,218,1332278,0.000493,0.001034,0.001915,0.000365,0.000810,0.001045,0.000005,0.000000,0.004936,0.001143,3.400000,0.011590,0.000000,0.000000,0.000116,0,0
273300000000,273600000000,6283499093,218,1332278,0.000335,0.001041,0.001917,0.000364,0.000809,0.001055,0.000000,0.000000,0.004944,0.000072,2.587000,0.007538,0.000000,0.000000,0.000068,0,0
273600000000,273900000000,6283499093,218,1332278,0.000321,0.001034,0.001917,0.000362,0.000808,0.001036,0.000000,0.000000,0.004143,0.000143,3.187000,0.009764,0.000000,0.000000,0.000132,0,0
273900000000,274200000000,6283499093,218,1332278,0.000316,0.001040,0.001917,0.000362,0.000808,0.001051,0.000000,0.000000,0.004204,0.000072,2.511000,0.007196,0.000000,0.000000,0.000607,0,0
274200000000,274500000000,6283499093,218,1332278,0.000309,0.001036,0.001917,0.000362,0.000808,0.001051,0.000002,0.000000,0.003967,0.000143,2.473000,0.007126,0.000000,0.000000,0.000353,0,0
274500000000,274800000000,6283499093,218,1332278,0.000343,0.001055,0.001917,0.000362,0.000808,0.001066,0.000002,0.000000,0.020900,0.000428,2.401000,0.006799,0.000000,0.000000,0.000110,0,0
274800000000,275100000000,6283499093,218,1332278,0.000326,0.001045,0.001917,0.000362,0.000808,0.001047,0.000000,0.000000,0.001324,0.000072,2.347000,0.006628,0.000000,0.000000,0.000670,0,0
275100000000,275400000000,6283499093,218,1332278,0.000344,0.001060,0.001917,0.000362,0.000808,0.001076,0.000001,0.000000,0.009064,0.000072,2.651000,0.007724,0.000000,0.000000,0.000107,0,0
275400000000,275700000000,6283499093,218,1332278,0.000327,0.001053,0.001917,0.000362,0.000809,0.001060,0.000000,0.000000,0.003975,0.000072,2.489000,0.007046,0.000000,0.000000,0.000099,0,0
275700000000,276000000000,6283499093,218,1332278,0.000321,0.001066,0.001917,0.000362,0.000809,0.001081,0.000001,0.000000,0.004936,0.000143,2.400000,0.006753,0.000000,0.000000,0.000197,0,0
276000000000,276300000000,6283499093,218,1332278,0.000333,0.001078,0.001917,0.000362,0.000809,0.001085,0.000005,0.000000,0.004623,0.000714,2.471000,0.007211,0.000000,0.000000,0.000702,0,0
276300000000,276600000000,6283499093,218,1332278,0.000338,0.001066,0.001917,0.000363,0.000809,0.001087,0.000001,0.000000,0.002220,0.000072,2.052000,0.005163,0.000000,0.000000,0.000235,0,0
276600000000,276900000000,6283499093,218,1332278,0.000347,0.001076,0.001917,0.000363,0.000809,0.001087,0.000001,0.000000,0.004486,0.000143,2.457000,0.007052,0.000000,0.000000,0.000580,0,0
276900000000,277200000000,6283499093,218,1332278,0.000348,0.001055,0.001917,0.000363,0.000809,0.001074,0.000000,0.000000,0.005226,0.000000,2.686000,0.007888,0.000000,0.000000,0.000206,0,0
277200000000,277500000000,6283499093,218,1332278,0.000296,0.001062,0.001917,0.000363,0.000809,0.001066,0.000005,0.000000,0.004166,0.000857,1.893000,0.004739,0.000000,0.000000,0.000658,0,0
277500000000,277800000000,6283499093,218,1332278,0.000296,0.001070,0.001917,0.000363,0.000809,0.001080,0.000005,0.000000,0.001259,0.000500,2.240000,0.006306,0.000000,0.000000,0.000214,0,0
277800000000,277819000000,6283499093,218,1332278,0.000433,0.001057,0.001917,0.000362,0.000809,0.001064,0.000033,0.000000,0.003502,0.000500,2.312000,0.006623,0.000000,0.000000,0.000609,0,0
277819000000,277837000000,6283499093,218,1332278,0.000127,0.000000,0.000000,0.000000,0.000000,0.000000,0.000000,0.000000,0.002289,0.000000,1.530000,0.002811,0.000000,0.000000,0.000000,0,0
277837000000,277838000000,6283499093,218,1332278,0.000000,0.000000,0.000000,0.000000,0.000000,0.000000,0.000000,0.000000,0.000000,0.000000,1.530000,0.002811,0.000000,0.000000,0.000000,0,0
