272501000000,272600000000,6283499093,219,1436312136,0.000000,0.000000,0.000000,0.000000,0.000000,0.000000,0.000000,0.000000,0.000000,0.000000,0.000000,0.000000,0.000000,0.000000,0.000000,0,0
272600000000,272700000000,6283499093,219,1436312136,0.000831,0.001484,0.001932,0.000257,0.000679,0.001579,0.001816,0.000000,0.042180,0.057190,4.849000,0.016570,0.000000,0.000000,0.000285,0,0
272700000000,273000000000,6283499093,219,1436312136,0.000505,0.001055,0.001932,0.000258,0.000702,0.001417,0.000002,0.000000,0.005257,0.000571,3.589000,0.011770,0.000000,0.000000,0.000677,0,0
273000000000,273300000000,6283499093,219,1436312136,0.003109,0.001184,0.002060,0.000077,0.000522,0.001575,0.000098,0.000000,0.095830,0.021060,0.916000,0.001482,0.000000,0.000000,0.000970,0,0
273300000000,273600000000,6283499093,219,1436312136,0.000578,0.001249,0.001928,0.000027,0.000487,0.001326,0.000001,0.000000,0.004868,0.000143,3.949000,0.013690,0.000000,0.000000,0.000777,0,0
273600000000,273900000000,6283499093,219,1436312136,0.000481,0.001205,0.001930,0.000026,0.000485,0.001217,0.000001,0.000000,0.005402,0.000143,3.371000,0.011040,0.000000,0.000000,0.000382,0,0
273900000000,274200000000,6283499093,219,1436312136,0.000463,0.001232,0.001930,0.000026,0.000485,0.001240,0.000001,0.000000,0.012820,0.000072,2.451000,0.006787,0.000000,0.000000,0.000323,0,0
274200000000,274500000000,6283499093,219,1436312136,0.000506,0.001247,0.001930,0.000026,0.000486,0.001257,0.000002,0.000000,0.006935,0.000215,3.091000,0.009817,0.000000,0.000000,0.000333,0,0
274500000000,274800000000,6283499093,219,1436312136,0.000418,0.001238,0.001930,0.000026,0.000486,0.001249,0.000002,0.000000,0.005432,0.000571,3.489000,0.011210,0.000000,0.000000,0.000529,0,0
274800000000,275100000000,6283499093,219,1436312136,0.000384,0.001247,0.001932,0.000026,0.000486,0.001261,0.000004,0.000000,0.005470,0.000643,2.909000,0.008693,0.000000,0.000000,0.000521,0,0
275100000000,275400000000,6283499093,219,1436312136,0.000373,0.001238,0.001932,0.000026,0.000486,0.001249,0.000001,0.000000,0.005402,0.000072,2.747000,0.007882,0.000000,0.000000,0.000326,0,0
275400000000,275700000000,6283499093,219,1436312136,0.002125,0.001287,0.001930,0.000031,0.000491,0.001448,0.000004,0.000000,0.072880,0.000500,2.835000,0.008224,0.000000,0.000000,0.000408,0,0
275700000000,276000000000,6283499093,219,1436312136,0.000651,0.001301,0.001930,0.000030,0.000490,0.001390,0.000018,0.000000,0.043030,0.004929,1.206000,0.002496,0.000000,0.000000,0.000244,0,0
276000000000,276300000000,6283499093,219,1436312136,0.000421,0.001265,0.001930,0.000027,0.000487,0.001276,0.000001,0.000000,0.005371,0.000215,3.196000,0.010120,0.000000,0.000000,0.000196,0,0
276300000000,276600000000,6283499093,219,1436312136,0.000375,0.001266,0.001932,0.000027,0.000487,0.001274,0.000001,0.000000,0.004745,0.000072,3.024000,0.009155,0.000000,0.000000,0.000413,0,0
276600000000,276900000000,6283499093,219,1436312136,0.000365,0.001255,0.001932,0.000027,0.000487,0.001266,0.000000,0.000000,0.005157,0.000072,2.741000,0.007760,0.000000,0.000000,0.000476,0,0
276900000000,277200000000,6283499093,219,1436312136,0.000410,0.001259,0.001930,0.000027,0.000487,0.001263,0.000000,0.000000,0.005463,0.000072,2.745000,0.008117,0.000000,0.000000,0.000197,0,0
277200000000,277500000000,6283499093,219,1436312136,0.000413,0.001238,0.001932,0.000027,0.000487,0.001245,0.000006,0.000000,0.005180,0.000929,2.803000,0.008379,0.000000,0.000000,0.000275,0,0
277500000000,277800000000,6283499093,219,1436312136,0.000358,0.001244,0.001932,0.000027,0.000487,0.001265,0.000007,0.000000,0.005806,0.001215,2.617000,0.007465,0.000000,0.000000,0.000144,0,0
277800000000,278100000000,6283499093,219,1436312136,0.000352,0.001244,0.001932,0.000028,0.000488,0.001265,0.000003,0.000000,0.005013,0.000143,2.304000,0.006343,0.000000,0.000000,0.000232,0,0
278100000000,278400000000,6283499093,219,1436312136,0.000423,0.001245,0.001930,0.000028,0.000488,0.001251,0.000003,0.000000,0.010440,0.000215,2.389000,0.006873,0.000000,0.000000,0.000423,0,0
278400000000,278700000000,6283499093,219,1436312136,0.000399,0.001244,0.001930,0.000028,0.000488,0.001255,0.000002,0.000000,0.005539,0.000143,2.716000,0.008356,0.000000,0.000000,0.000539,0,0
278700000000,278879000000,6283499093,219,1436312136,0.000385,0.001226,0.001932,0.000032,0.000490,0.001245,0.000015,0.000000,0.010890,0.002499,2.552000,0.007576,0.000000,0.000000,0.000617,0,0
278879000000,278892000000,6283499093,219,1436312136,0.000197,0.000000,0.000000,0.000000,0.000000,0.000000,0.000000,0.000000,0.002552,0.000000,2.565000,0.007467,0.000000,0.000000,0.000000,0,0
278892000000,278893000000,6283499093,219,1436312136,0.000000,0.000000,0.000000,0.000000,0.000000,0.000000,0.000072,0.000000,0.000000,0.000072,2.565000,0.007467,0.000000,0.000000,0.000000,0,0
