272491000000,272623000000,6283499093,22,372633772,0.000000,0.000000,0.000000,0.000000,0.000000,0.000000,0.000004,0.000000,0.000000,0.000500,0.000000,0.000000,0.000000,0.000000,0.000000,0,0
272623000000,272700000000,6283499093,22,372633772,0.000651,0.001272,0.001932,0.000137,0.000531,0.001427,0.000890,0.000000,0.016390,0.020290,1.382000,0.001982,0.000000,0.000000,0.000050,0,0
272700000000,273000000000,6283499093,22,372633772,0.000281,0.000883,0.001928,0.000138,0.000163,0.001307,0.000000,0.000000,0.006554,0.000072,4.046000,0.014970,0.000000,0.000000,0.000303,0,0
273000000000,273300000000,6283499093,22,372633772,0.000306,0.000927,0.001926,0.000136,0.000205,0.001194,0.000008,0.000000,0.003162,0.002144,3.932000,0.013920,0.000000,0.000000,0.000126,0,0
273300000000,273600000000,6283499093,22,372633772,0.000288,0.000971,0.001926,0.000137,0.000242,0.001301,0.000000,0.000000,0.007858,0.000072,2.870000,0.009142,0.000000,0.000000,0.000084,0,0
273600000000,273900000000,6283499093,22,372633772,0.000288,0.000990,0.001925,0.000138,0.000261,0.001310,0.000008,0.000000,0.001482,0.002285,2.495000,0.007331,0.000000,0.000000,0.000490,0,0
273900000000,274200000000,6283499093,22,372633772,0.000274,0.001019,0.001926,0.000138,0.000290,0.001312,0.000000,0.000000,0.004326,0.000000,2.811000,0.008190,0.000000,0.000000,0.000506,0,0
274200000000,274500000000,6283499093,22,372633772,0.000268,0.001049,0.001926,0.000138,0.000318,0.001314,0.000001,0.000000,0.001816,0.000143,2.940000,0.008858,0.000000,0.000000,0.000107,0,0
274500000000,274800000000,6283499093,22,372633772,0.000258,0.001074,0.001926,0.000139,0.000341,0.001314,0.000000,0.000000,0.001030,0.000000,3.004000,0.009157,0.000000,0.000000,0.000159,0,0
274800000000,275100000000,6283499093,22,372633772,0.000282,0.001102,0.001928,0.000139,0.000371,0.001320,0.000001,0.000000,0.004311,0.000072,2.634000,0.007546,0.000000,0.000000,0.000262,0,0
275100000000,275400000000,6283499093,22,372633772,0.000339,0.001152,0.001928,0.000139,0.000413,0.001329,0.000000,0.000000,0.002666,0.000072,4.852000,0.017320,0.000000,0.000000,0.000245,0,0
275400000000,275700000000,6283499093,22,372633772,0.000352,0.001207,0.001928,0.000138,0.000461,0.001333,0.000001,0.000000,0.004738,0.000072,3.273000,0.010050,0.000000,0.000000,0.000130,0,0
275700000000,276000000000,6283499093,22,372633772,0.000295,0.001236,0.001932,0.000138,0.000483,0.001337,0.000000,0.000000,0.004158,0.000000,2.449000,0.007258,0.000000,0.000000,0.000137,0,0
276000000000,276300000000,6283499093,22,372633772,0.000275,0.001284,0.001932,0.000138,0.000529,0.001339,0.000010,0.000000,0.013920,0.000857,3.070000,0.009957,0.000000,0.000000,0.000144,0,0
276300000000,276600000000,6283499093,22,372633772,0.000229,0.001057,0.001932,0.000138,0.000302,0.001337,0.000000,0.000000,0.003887,0.000000,2.771000,0.008734,0.000000,0.000000,0.000406,0,0
276600000000,276900000000,6283499093,22,372633772,0.000380,0.000952,0.001926,0.000139,0.000171,0.001076,0.000027,0.000000,0.006248,0.004074,3.558000,0.011940,0.000000,0.000000,0.000146,0,0
276900000000,277200000000,6283499093,22,372633772,0.000318,0.000945,0.001926,0.000138,0.000160,0.001051,0.000000,0.000000,0.003300,0.000072,2.608000,0.007895,0.000000,0.000000,0.000272,0,0
277200000000,277500000000,6283499093,22,372633772,0.000318,0.000971,0.001928,0.000138,0.000182,0.001373,0.000004,0.000000,0.014450,0.000428,3.208000,0.009959,0.000000,0.000000,0.000192,0,0
277500000000,277800000000,6283499093,22,372633772,0.000397,0.001366,0.001928,0.000147,0.000586,0.001383,0.000016,0.000000,0.004425,0.001715,2.044000,0.005111,0.000000,0.000000,0.000328,0,0
277800000000,278100000000,6283499093,22,372633772,0.000455,0.001379,0.001928,0.000148,0.000581,0.001444,0.000021,0.000000,0.007530,0.004356,2.305000,0.006348,0.000000,0.000000,0.000218,0,0
278100000000,278330000000,6283499093,22,372633772,0.000487,0.001163,0.001925,0.000152,0.000467,0.001444,0.000024,0.000000,0.006859,0.004425,4.174000,0.014760,0.000000,0.000000,0.000428,0,0
278330000000,278347000000,6283499093,22,372633772,0.000072,0.000000,0.000000,0.000000,0.000000,0.000000,0.000008,0.000000,0.001215,0.000143,2.852000,0.008271,0.000000,0.000000,0.000000,0,0
278347000000,278349000000,6283499093,22,372633772,0.000000,0.000000,0.000000,0.000000,0.000000,0.000000,0.000000,0.000000,0.000000,0.000000,2.841000,0.008240,0.000000,0.000000,0.000000,0,0
