272506000000,272638000000,6283499093,220,1093337,0.000000,0.000000,0.000000,0.000000,0.000000,0.000000,0.000000,0.000000,0.000000,0.000000,0.000000,0.000000,0.000000,0.000000,0.000000,0,0
272638000000,272700000000,6283499093,220,1093337,0.000849,0.001570,0.002140,0.000354,0.000759,0.001833,0.004005,0.000000,0.009323,0.050050,2.107000,0.006024,0.000000,0.000000,0.000327,0,0
272700000000,273000000000,6283499093,220,1093337,0.000301,0.001040,0.001932,0.000365,0.000807,0.001694,0.000001,0.000000,0.006744,0.000215,2.017000,0.005504,0.000000,0.000000,0.000119,0,0
273000000000,273300000000,6283499093,220,1093337,0.000334,0.000961,0.001938,0.000360,0.000803,0.000966,0.000002,0.000000,0.002026,0.000143,1.829000,0.004645,0.000000,0.000000,0.000237,0,0
273300000000,273600000000,6283499093,220,1093337,0.000356,0.000958,0.001938,0.000358,0.000802,0.000973,0.000001,0.000000,0.017150,0.000143,1.744000,0.003871,0.000000,0.000000,0.000214,0,0
273600000000,273900000000,6283499093,220,1093337,0.000369,0.000962,0.001938,0.000357,0.000801,0.000982,0.000001,0.000000,0.004608,0.000143,1.886000,0.004755,0.000000,0.000000,0.000720,0,0
273900000000,274200000000,6283499093,220,1093337,0.000336,0.000968,0.001938,0.000357,0.000801,0.000982,0.000000,0.000000,0.004044,0.000072,2.234000,0.006420,0.000000,0.000000,0.000261,0,0
274200000000,274500000000,6283499093,220,1093337,0.000320,0.000965,0.001938,0.000357,0.000801,0.000974,0.000002,0.000000,0.008972,0.000215,2.170000,0.006013,0.000000,0.000000,0.000648,0,0
274500000000,274800000000,6283499093,220,1093337,0.000294,0.000958,0.001938,0.000358,0.000801,0.000974,0.000000,0.000000,0.004066,0.000000,1.968000,0.005121,0.000000,0.000000,0.000578,0,0
274800000000,275100000000,6283499093,220,1093337,0.000294,0.000968,0.001938,0.000358,0.000801,0.000976,0.000000,0.000000,0.004601,0.000072,2.034000,0.005481,0.000000,0.000000,0.000663,0,0
275100000000,275400000000,6283499093,220,1093337,0.000305,0.000967,0.001938,0.000358,0.000802,0.000980,0.000002,0.000000,0.003952,0.000072,2.107000,0.005796,0.000000,0.000000,0.000162,0,0
275400000000,275700000000,6283499093,220,1093337,0.000285,0.000963,0.001938,0.000358,0.000802,0.000976,0.000000,0.000000,0.004135,0.000072,2.090000,0.005580,0.000000,0.000000,0.000097,0,0
275700000000,276000000000,6283499093,220,1093337,0.000281,0.000962,0.001938,0.000358,0.000802,0.000977,0.000000,0.000000,0.003647,0.000072,2.052000,0.005572,0.000000,0.000000,0.000175,0,0
276000000000,276300000000,6283499093,220,1093337,0.000282,0.000968,0.001938,0.000358,0.000802,0.000980,0.000001,0.000000,0.003998,0.000143,1.891000,0.004809,0.000000,0.000000,0.000112,0,0
276300000000,276600000000,6283499093,220,1093337,0.000318,0.000965,0.001938,0.000358,0.000802,0.000999,0.000030,0.000000,0.005760,0.006287,2.079000,0.005599,0.000000,0.000000,0.000117,0,0
276600000000,276900000000,6283499093,220,1093337,0.000300,0.000992,0.001936,0.000363,0.000809,0.001026,0.000001,0.000000,0.004112,0.000143,2.069000,0.005667,0.000000,0.000000,0.000256,0,0
276900000000,277200000000,6283499093,220,1093337,0.000365,0.000997,0.001936,0.000358,0.000803,0.001032,0.000001,0.000000,0.004799,0.000143,1.685000,0.003737,0.000000,0.000000,0.000277,0,0
277200000000,277500000000,6283499093,220,1093337,0.000353,0.001024,0.001936,0.000358,0.000803,0.001036,0.000004,0.000000,0.004128,0.000428,2.308000,0.006843,0.000000,0.000000,0.000220,0,0
277500000000,277800000000,6283499093,220,1093337,0.003281,0.001244,0.002064,0.000105,0.000446,0.001825,0.000043,0.000000,0.084350,0.004356,0.586000,0.000220,0.000000,0.000000,0.083130,0,0
277800000000,278100000000,6283499093,220,1093337,0.000400,0.001211,0.001936,0.000011,0.000315,0.001225,0.000004,0.000000,0.004829,0.000143,2.811000,0.009918,0.000000,0.000000,0.000279,0,0
278100000000,278400000000,6283499093,220,1093337,0.000388,0.001265,0.001934,0.000080,0.000409,0.001358,0.000208,0.000000,0.004440,0.034420,2.497000,0.008390,0.000000,0.000000,0.000295,0,0
278400000000,278700000000,6283499093,220,1093337,0.000342,0.001209,0.001936,0.000091,0.000423,0.001234,0.000003,0.000000,0.004440,0.000286,2.204000,0.006850,0.000000,0.000000,0.000138,0,0
278700000000,279000000000,6283499093,220,1093337,0.000318,0.001228,0.001936,0.000091,0.000424,0.001238,0.000003,0.000000,0.004318,0.000357,2.160000,0.006513,0.000000,0.000000,0.000413,0,0
279000000000,279140000000,6283499093,220,1093337,0.005402,0.001301,0.002213,0.000093,0.000369,0.001707,0.000485,0.000000,0.082890,0.027770,0.803200,0.001145,0.000000,0.000000,0.000163,0,0
279140000000,279156000000,6283499093,220,1093337,0.000130,0.000000,0.000000,0.000000,0.000000,0.000000,0.000049,0.000000,0.002068,0.000786,0.653700,0.000563,0.000000,0.000000,0.000000,0,0
279156000000,279158000000,6283499093,220,1093337,0.000000,0.000000,0.000000,0.000000,0.000000,0.000000,0.000000,0.000000,0.000000,0.000000,0.653700,0.000563,0.000000,0.000000,0.000000,0,0
