272498000000,272611000000,6283499093,221,63639199,0.000000,0.000000,0.000000,0.000000,0.000000,0.000000,0.000000,0.000000,0.000000,0.000000,0.000000,0.000000,0.000000,0.000000,0.000000,0,0
272611000000,272700000000,6283499093,221,63639199,0.001451,0.001657,0.001925,0.000366,0.000790,0.001839,0.003311,0.000000,0.017760,0.057130,1.036000,0.000661,0.000000,0.000000,0.000518,0,0
272700000000,273000000000,6283499093,221,63639199,0.000621,0.001179,0.001925,0.000372,0.000816,0.001659,0.000000,0.000000,0.009521,0.000072,1.530000,0.003038,0.000000,0.000000,0.000517,0,0
273000000000,273300000000,6283499093,221,63639199,0.000563,0.001066,0.001925,0.000372,0.000816,0.001072,0.000001,0.000000,0.016540,0.000286,3.919000,0.014350,0.000000,0.000000,0.000382,0,0
273300000000,273600000000,6283499093,221,63639199,0.000326,0.001060,0.001928,0.000371,0.000816,0.001074,0.000000,0.000000,0.003983,0.000072,2.424000,0.007346,0.000000,0.000000,0.000192,0,0
273600000000,273900000000,6283499093,221,63639199,0.000320,0.001049,0.001928,0.000371,0.000816,0.001053,0.000000,0.000000,0.004509,0.000072,2.594000,0.007878,0.000000,0.000000,0.000143,0,0
273900000000,274200000000,6283499093,221,63639199,0.000317,0.001055,0.001928,0.000369,0.000815,0.001064,0.000007,0.000000,0.011260,0.001715,1.994000,0.005164,0.000000,0.000000,0.000199,0,0
274200000000,274500000000,6283499093,221,63639199,0.000307,0.001051,0.001928,0.000363,0.000809,0.001064,0.000009,0.000000,0.004013,0.002285,2.724000,0.008193,0.000000,0.000000,0.000164,0,0
274500000000,274800000000,6283499093,221,63639199,0.000337,0.001057,0.001928,0.000363,0.000809,0.001062,0.000000,0.000000,0.001532,0.000072,2.254000,0.006344,0.000000,0.000000,0.000245,0,0
274800000000,275100000000,6283499093,221,63639199,0.000331,0.001043,0.001928,0.000363,0.000809,0.001051,0.000001,0.000000,0.004913,0.000072,2.272000,0.006532,0.000000,0.000000,0.000644,0,0
275100000000,275400000000,6283499093,221,63639199,0.000548,0.001072,0.001926,0.000382,0.000829,0.001112,0.000043,0.000000,0.006859,0.005287,3.459000,0.012150,0.000000,0.000000,0.000749,0,0
275400000000,275700000000,6283499093,221,63639199,0.000481,0.001040,0.001926,0.000383,0.000829,0.001043,0.000000,0.000000,0.004333,0.000072,3.242000,0.011240,0.000000,0.000000,0.000265,0,0
275700000000,276000000000,6283499093,221,63639199,0.000363,0.001045,0.001928,0.000379,0.000825,0.001081,0.000002,0.000000,0.010470,0.000357,2.348000,0.006806,0.000000,0.000000,0.000150,0,0
276000000000,276300000000,6283499093,221,63639199,0.000418,0.001080,0.001928,0.000385,0.000831,0.001106,0.000048,0.000000,0.008545,0.006142,2.418000,0.007237,0.000000,0.000000,0.000462,0,0
276300000000,276600000000,6283499093,221,63639199,0.000407,0.001060,0.001928,0.000380,0.000827,0.001081,0.000001,0.000000,0.008850,0.000286,2.519000,0.007596,0.000000,0.000000,0.000238,0,0
276600000000,276900000000,6283499093,221,63639199,0.000360,0.001072,0.001928,0.000380,0.000827,0.001081,0.000002,0.000000,0.001797,0.000143,2.525000,0.007702,0.000000,0.000000,0.000143,0,0
276900000000,277200000000,6283499093,221,63639199,0.000339,0.001072,0.001928,0.000380,0.000827,0.001081,0.000003,0.000000,0.003330,0.000857,2.559000,0.007757,0.000000,0.000000,0.000437,0,0
277200000000,277500000000,6283499093,221,63639199,0.000340,0.001093,0.001928,0.000380,0.000827,0.001104,0.000011,0.000000,0.006737,0.001072,2.303000,0.006618,0.000000,0.000000,0.000203,0,0
277500000000,277800000000,6283499093,221,63639199,0.000341,0.001104,0.001928,0.000380,0.000827,0.001112,0.000018,0.000000,0.004402,0.001429,2.046000,0.005406,0.000000,0.000000,0.000249,0,0
277800000000,278100000000,6283499093,221,63639199,0.000357,0.001139,0.001928,0.000373,0.000828,0.001186,0.000017,0.000000,0.004448,0.001215,2.426000,0.007292,0.000000,0.000000,0.000296,0,0
278100000000,278400000000,6283499093,221,63639199,0.000373,0.001141,0.001926,0.000368,0.000828,0.001150,0.000018,0.000000,0.005119,0.001999,2.712000,0.008668,0.000000,0.000000,0.000217,0,0
278400000000,278700000000,6283499093,221,63639199,0.000363,0.001135,0.001926,0.000368,0.000828,0.001154,0.000011,0.000000,0.004715,0.001286,2.700000,0.008633,0.000000,0.000000,0.000349,0,0
278700000000,279000000000,6283499093,221,63639199,0.000355,0.001146,0.001928,0.000368,0.000828,0.001160,0.000010,0.000000,0.006920,0.000999,2.438000,0.007478,0.000000,0.000000,0.000074,0,0
279000000000,279240000000,6283499093,221,63639199,0.003990,0.001476,0.002293,0.000074,0.000448,0.002308,0.000445,0.000000,0.118400,0.026640,0.546200,0.000122,0.000000,0.000000,0.000271,0,0
279240000000,279253000000,6283499093,221,63639199,0.000149,0.000000,0.000000,0.000000,0.000000,0.000000,0.000250,0.000000,0.001938,0.002857,2.969000,0.009781,0.000000,0.000000,0.000000,0,0
279253000000,279255000000,6283499093,221,63639199,0.000000,0.000000,0.000000,0.000000,0.000000,0.000000,0.000000,0.000000,0.000000,0.000000,2.969000,0.009781,0.000000,0.000000,0.000000,0,0
