272506000000,272608000000,6283499093,222,351612197,0.000000,0.000000,0.000000,0.000000,0.000000,0.000000,0.000000,0.000000,0.000000,0.000000,0.000000,0.000000,0.000000,0.000000,0.000000,0,0
272608000000,272700000000,6283499093,222,351612197,0.000813,0.001135,0.001925,0.000158,0.000366,0.001465,0.001148,0.000000,0.017610,0.021000,2.632000,0.007878,0.000000,0.000000,0.000132,0,0
272700000000,273000000000,6283499093,222,351612197,0.000364,0.001049,0.001925,0.000158,0.000347,0.001387,0.000000,0.000000,0.004227,0.000072,2.499000,0.007076,0.000000,0.000000,0.000184,0,0
273000000000,273300000000,6283499093,222,351612197,0.000373,0.000996,0.001923,0.000158,0.000290,0.001308,0.000004,0.000000,0.004066,0.000643,2.923000,0.008775,0.000000,0.000000,0.000236,0,0
273300000000,273600000000,6283499093,222,351612197,0.000344,0.000964,0.001923,0.000158,0.000255,0.001308,0.000000,0.000000,0.005203,0.000072,2.211000,0.005763,0.000000,0.000000,0.000151,0,0
273600000000,273900000000,6283499093,222,351612197,0.000361,0.000906,0.001925,0.000158,0.000191,0.001154,0.000005,0.000000,0.004845,0.001286,2.320000,0.006413,0.000000,0.000000,0.000225,0,0
273900000000,274200000000,6283499093,222,351612197,0.000373,0.001236,0.001928,0.000158,0.000516,0.001328,0.000001,0.000000,0.010700,0.000215,2.371000,0.006804,0.000000,0.000000,0.000368,0,0
274200000000,274500000000,6283499093,222,351612197,0.000405,0.001278,0.001930,0.000158,0.000553,0.001329,0.000010,0.000000,0.006157,0.002071,2.945000,0.009073,0.000000,0.000000,0.000321,0,0
274500000000,274800000000,6283499093,222,351612197,0.000417,0.001230,0.001928,0.000158,0.000502,0.001350,0.000000,0.000000,0.019620,0.000143,3.034000,0.009247,0.000000,0.000000,0.000244,0,0
274800000000,275100000000,6283499093,222,351612197,0.000489,0.001209,0.001925,0.000160,0.000445,0.001377,0.000022,0.000000,0.011550,0.003643,1.965000,0.004814,0.000000,0.000000,0.000278,0,0
275100000000,275400000000,6283499093,222,351612197,0.000413,0.001091,0.001923,0.000160,0.000326,0.001371,0.000006,0.000000,0.005302,0.001286,3.244000,0.010450,0.000000,0.000000,0.000816,0,0
275400000000,275700000000,6283499093,222,351612197,0.000350,0.000999,0.001923,0.000160,0.000231,0.001369,0.000002,0.000000,0.004669,0.000643,2.976000,0.009011,0.000000,0.000000,0.000249,0,0
275700000000,276000000000,6283499093,222,351612197,0.000316,0.001278,0.001928,0.000160,0.000508,0.001379,0.000000,0.000000,0.004120,0.000072,2.401000,0.006955,0.000000,0.000000,0.000338,0,0
276000000000,276300000000,6283499093,222,351612197,0.000322,0.001261,0.001928,0.000160,0.000488,0.001381,0.000001,0.000000,0.004341,0.000143,2.351000,0.006433,0.000000,0.000000,0.000207,0,0
276300000000,276600000000,6283499093,222,351612197,0.000331,0.001200,0.001926,0.000160,0.000427,0.001379,0.000001,0.000000,0.004494,0.000072,2.352000,0.006246,0.000000,0.000000,0.000646,0,0
276600000000,276900000000,6283499093,222,351612197,0.000326,0.001162,0.001925,0.000159,0.000388,0.001379,0.000001,0.000000,0.004578,0.000143,2.644000,0.007541,0.000000,0.000000,0.000689,0,0
276900000000,277200000000,6283499093,222,351612197,0.000318,0.001133,0.001925,0.000159,0.000358,0.001379,0.000001,0.000000,0.005157,0.000072,2.377000,0.006502,0.000000,0.000000,0.000075,0,0
277200000000,277500000000,6283499093,222,351612197,0.000330,0.001093,0.001923,0.000159,0.000318,0.001383,0.000005,0.000000,0.008423,0.000571,2.327000,0.006450,0.000000,0.000000,0.000184,0,0
277500000000,277800000000,6283499093,222,351612197,0.000352,0.001089,0.001923,0.000157,0.000307,0.001392,0.000004,0.000000,0.008362,0.000428,2.126000,0.005513,0.000000,0.000000,0.000188,0,0
277800000000,278100000000,6283499093,222,351612197,0.000388,0.001331,0.001928,0.000152,0.000522,0.001436,0.000007,0.000000,0.004539,0.000786,2.440000,0.006989,0.000000,0.000000,0.001402,0,0
278100000000,278400000000,6283499093,222,351612197,0.000379,0.001196,0.001930,0.000195,0.000430,0.001436,0.000158,0.000000,0.001995,0.013290,2.900000,0.008926,0.000000,0.000000,0.000757,0,0
278400000000,278700000000,6283499093,222,351612197,0.000358,0.001049,0.001932,0.000233,0.000420,0.001066,0.000019,0.000000,0.004570,0.004570,2.415000,0.007100,0.000000,0.000000,0.000107,0,0
278700000000,279000000000,6283499093,222,351612197,0.000332,0.001038,0.001932,0.000237,0.000424,0.001038,0.000005,0.000000,0.004959,0.000500,2.359000,0.006704,0.000000,0.000000,0.000063,0,0
279000000000,279100000000,6283499093,222,351612197,0.000419,0.001041,0.001932,0.000239,0.000426,0.001051,0.000279,0.000000,0.006630,0.024570,2.090000,0.005390,0.000000,0.000000,0.000112,0,0
279100000000,279120000000,6283499093,222,351612197,0.000049,0.000000,0.000000,0.000000,0.000000,0.000000,0.000193,0.000000,0.000964,0.002430,1.715000,0.003936,0.000000,0.000000,0.000000,0,0
279120000000,279121000000,6283499093,222,351612197,0.000000,0.000000,0.000000,0.000000,0.000000,0.000000,0.000000,0.000000,0.000000,0.000000,1.715000,0.003936,0.000000,0.000000,0.000000,0,0
