272505000000,272560000000,6283499093,223,294823356,0.000000,0.000000,0.000000,0.000000,0.000000,0.000000,0.000000,0.000000,0.000000,0.000000,0.000000,0.000000,0.000000,0.000000,0.000000,0,0
272560000000,272700000000,6283499093,223,294823356,0.000686,0.001333,0.002079,0.000159,0.000591,0.001703,0.001238,0.000000,0.014970,0.064330,2.276000,0.006464,0.000000,0.000000,0.000671,0,0
272700000000,273000000000,6283499093,223,294823356,0.000375,0.000960,0.001921,0.000151,0.000594,0.000984,0.000008,0.000000,0.004578,0.002285,2.115000,0.005602,0.000000,0.000000,0.000603,0,0
273000000000,273300000000,6283499093,223,294823356,0.000364,0.000953,0.001921,0.000154,0.000598,0.000960,0.000006,0.000000,0.004387,0.000643,2.467000,0.007155,0.000000,0.000000,0.000162,0,0
273300000000,273600000000,6283499093,223,294823356,0.000285,0.000950,0.001923,0.000154,0.000599,0.000953,0.000002,0.000000,0.003754,0.000571,2.033000,0.005322,0.000000,0.000000,0.000147,0,0
273600000000,273900000000,6283499093,223,294823356,0.000338,0.000967,0.001921,0.000155,0.000599,0.000980,0.000003,0.000000,0.005219,0.000500,1.880000,0.004739,0.000000,0.000000,0.000105,0,0
273900000000,274200000000,6283499093,223,294823356,0.000353,0.000971,0.001921,0.000155,0.000600,0.000988,0.000001,0.000000,0.005783,0.000143,2.358000,0.006823,0.000000,0.000000,0.000093,0,0
274200000000,274500000000,6283499093,223,294823356,0.000346,0.000980,0.001921,0.000155,0.000600,0.000988,0.000003,0.000000,0.004532,0.000428,2.459000,0.007226,0.000000,0.000000,0.000339,0,0
274500000000,274800000000,6283499093,223,294823356,0.000405,0.001011,0.001921,0.000159,0.000605,0.001047,0.000017,0.000000,0.033750,0.003216,2.797000,0.008842,0.000000,0.000000,0.000228,0,0
274800000000,275100000000,6283499093,223,294823356,0.000325,0.000990,0.001921,0.000155,0.000602,0.001009,0.000000,0.000000,0.004158,0.000072,2.599000,0.007720,0.000000,0.000000,0.000413,0,0
275100000000,275400000000,6283499093,223,294823356,0.000320,0.001001,0.001921,0.000149,0.000594,0.001013,0.000006,0.000000,0.004265,0.000714,2.112000,0.005689,0.000000,0.000000,0.000166,0,0
275400000000,275700000000,6283499093,223,294823356,0.000301,0.000992,0.001921,0.000149,0.000594,0.001011,0.000000,0.000000,0.003922,0.000072,2.148000,0.006328,0.000000,0.000000,0.000183,0,0
275700000000,276000000000,6283499093,223,294823356,0.000330,0.001011,0.001921,0.000149,0.000595,0.001015,0.000000,0.000000,0.004051,0.000072,2.523000,0.008037,0.000000,0.000000,0.000317,0,0
276000000000,276300000000,6283499093,223,294823356,0.000339,0.000996,0.001921,0.000149,0.000595,0.001001,0.000001,0.000000,0.004585,0.000143,2.513000,0.008093,0.000000,0.000000,0.000155,0,0
276300000000,276600000000,6283499093,223,294823356,0.000311,0.001001,0.001921,0.000149,0.000595,0.001017,0.000001,0.000000,0.004219,0.000072,2.040000,0.005810,0.000000,0.000000,0.000264,0,0
276600000000,276900000000,6283499093,223,294823356,0.000295,0.001003,0.001921,0.000149,0.000595,0.001017,0.000000,0.000000,0.004257,0.000072,2.343000,0.007130,0.000000,0.000000,0.000625,0,0
276900000000,277200000000,6283499093,223,294823356,0.000311,0.001005,0.001921,0.000149,0.000595,0.001013,0.000000,0.000000,0.004517,0.000072,2.267000,0.006920,0.000000,0.000000,0.000281,0,0
277200000000,277500000000,6283499093,223,294823356,0.000364,0.001034,0.001921,0.000148,0.000598,0.001112,0.000015,0.000000,0.004654,0.003643,2.422000,0.007683,0.000000,0.000000,0.000949,0,0
277500000000,277800000000,6283499093,223,294823356,0.000380,0.001057,0.001919,0.000144,0.000604,0.001108,0.000003,0.000000,0.004372,0.000072,2.549000,0.008628,0.000000,0.000000,0.000313,0,0
277800000000,278100000000,6283499093,223,294823356,0.000353,0.001041,0.001919,0.000144,0.000604,0.001057,0.000005,0.000000,0.004738,0.000428,2.453000,0.007719,0.000000,0.000000,0.000447,0,0
278100000000,278400000000,6283499093,223,294823356,0.000302,0.001040,0.001921,0.000143,0.000603,0.001057,0.000003,0.000000,0.004051,0.000215,2.162000,0.006070,0.000000,0.000000,0.000121,0,0
278400000000,278479000000,6283499093,223,294823356,0.000326,0.001032,0.001921,0.000142,0.000602,0.001034,0.000067,0.000000,0.002705,0.005142,3.000000,0.009586,0.000000,0.000000,0.000084,0,0
278479000000,278493000000,6283499093,223,294823356,0.000193,0.000000,0.000000,0.000000,0.000000,0.000000,0.000035,0.000000,0.002689,0.000428,2.176000,0.006097,0.000000,0.000000,0.000000,0,0
278493000000,278494000000,6283499093,223,294823356,0.000000,0.000000,0.000000,0.000000,0.000000,0.000000,0.000000,0.000000,0.000000,0.000000,2.176000,0.006097,0.000000,0.000000,0.000000,0,0
