272501000000,272600000000,6283499093,224,4134814104,0.000000,0.000000,0.000000,0.000000,0.000000,0.000000,0.000000,0.000000,0.000000,0.000000,0.000000,0.000000,0.000000,0.000000,0.000000,0,0
272600000000,272700000000,6283499093,224,4134814104,0.000590,0.000978,0.001902,0.000136,0.000160,0.001190,0.000913,0.000000,0.023470,0.020720,2.224000,0.006701,0.000000,0.000000,0.000098,0,0
272700000000,273000000000,6283499093,224,4134814104,0.000269,0.001019,0.001900,0.000140,0.000250,0.001347,0.000000,0.000000,0.003868,0.000000,2.599000,0.007990,0.000000,0.000000,0.000137,0,0
273000000000,273300000000,6283499093,224,4134814104,0.000242,0.001091,0.001900,0.000140,0.000323,0.001354,0.000010,0.000000,0.003548,0.001072,2.719000,0.008918,0.000000,0.000000,0.000125,0,0
273300000000,273600000000,6283499093,224,4134814104,0.000264,0.001144,0.001900,0.000140,0.000373,0.001362,0.000001,0.000000,0.004005,0.000286,1.840000,0.004499,0.000000,0.000000,0.000115,0,0
273600000000,273900000000,6283499093,224,4134814104,0.000293,0.001051,0.001902,0.000140,0.000272,0.001366,0.000004,0.000000,0.004158,0.000999,2.064000,0.005829,0.000000,0.000000,0.000250,0,0
273900000000,274200000000,6283499093,224,4134814104,0.000277,0.000978,0.001900,0.000140,0.000195,0.001272,0.000000,0.000000,0.003601,0.000143,2.783000,0.009158,0.000000,0.000000,0.000153,0,0
274200000000,274500000000,6283499093,224,4134814104,0.000339,0.000978,0.001900,0.000137,0.000177,0.001238,0.000006,0.000000,0.008026,0.001143,2.361000,0.007405,0.000000,0.000000,0.000221,0,0
274500000000,274800000000,6283499093,224,4134814104,0.000316,0.001047,0.001898,0.000136,0.000241,0.001385,0.000001,0.000000,0.001060,0.000143,2.589000,0.008372,0.000000,0.000000,0.000285,0,0
274800000000,275100000000,6283499093,224,4134814104,0.000430,0.001118,0.001898,0.000136,0.000287,0.001463,0.000010,0.000000,0.028350,0.000929,1.328000,0.002622,0.000000,0.000000,0.000223,0,0
275100000000,275400000000,6283499093,224,4134814104,0.000421,0.001148,0.001896,0.000136,0.000273,0.001457,0.000001,0.000000,0.004166,0.000215,3.199000,0.011670,0.000000,0.000000,0.000365,0,0
275400000000,275700000000,6283499093,224,4134814104,0.000426,0.001123,0.001896,0.000136,0.000246,0.001459,0.000002,0.000000,0.009018,0.000215,2.959000,0.010710,0.000000,0.000000,0.000411,0,0
275700000000,276000000000,6283499093,224,4134814104,0.000300,0.001087,0.001898,0.000136,0.000212,0.001402,0.000001,0.000000,0.004135,0.000357,3.239000,0.011030,0.000000,0.000000,0.000198,0,0
276000000000,276300000000,6283499093,224,4134814104,0.000288,0.001049,0.001900,0.000136,0.000173,0.001446,0.000007,0.000000,0.004326,0.001072,2.330000,0.007030,0.000000,0.000000,0.000678,0,0
276300000000,276600000000,6283499093,224,4134814104,0.000240,0.001137,0.001898,0.000136,0.000266,0.001453,0.000005,0.000000,0.001379,0.001429,2.517000,0.007558,0.000000,0.000000,0.000375,0,0
276600000000,276900000000,6283499093,224,4134814104,0.000227,0.001099,0.001898,0.000136,0.000233,0.001411,0.000003,0.000000,0.001482,0.000428,2.349000,0.007178,0.000000,0.000000,0.000133,0,0
276900000000,277200000000,6283499093,224,4134814104,0.000250,0.001064,0.001900,0.000137,0.000198,0.001282,0.000000,0.000000,0.004150,0.000000,2.090000,0.005770,0.000000,0.000000,0.000145,0,0
277200000000,277500000000,6283499093,224,4134814104,0.000246,0.001038,0.001900,0.000136,0.000172,0.001183,0.000015,0.000000,0.004776,0.001572,1.921000,0.005282,0.000000,0.000000,0.000131,0,0
277500000000,277800000000,6283499093,224,4134814104,0.000253,0.001146,0.001900,0.000132,0.000273,0.001451,0.000009,0.000000,0.004570,0.000929,2.217000,0.006486,0.000000,0.000000,0.000136,0,0
277800000000,278100000000,6283499093,224,4134814104,0.000279,0.001230,0.001898,0.000131,0.000335,0.001490,0.000020,0.000000,0.005104,0.001572,3.847000,0.013910,0.000000,0.000000,0.000104,0,0
278100000000,278400000000,6283499093,224,4134814104,0.000310,0.001162,0.001896,0.000131,0.000264,0.001390,0.000006,0.000000,0.004913,0.000643,2.383000,0.007448,0.000000,0.000000,0.000281,0,0
278400000000,278700000000,6283499093,224,4134814104,0.000293,0.001175,0.001900,0.000171,0.000300,0.001390,0.000152,0.000000,0.004005,0.027070,2.748000,0.009081,0.000000,0.000000,0.000622,0,0
278700000000,279000000000,6283499093,224,4134814104,0.000300,0.001160,0.001905,0.000180,0.000357,0.001228,0.000013,0.000000,0.004570,0.001072,2.538000,0.008074,0.000000,0.000000,0.000120,0,0
279000000000,279300000000,6283499093,224,4134814104,0.000280,0.001122,0.001905,0.000219,0.000425,0.001184,0.000163,0.000000,0.004242,0.021420,2.578000,0.008553,0.000000,0.000000,0.000121,0,0
279300000000,279600000000,6283499093,224,4134814104,0.000297,0.001081,0.001905,0.000230,0.000440,0.001087,0.000012,0.000000,0.004768,0.002571,2.259000,0.006900,0.000000,0.000000,0.000162,0,0
279600000000,279900000000,6283499093,224,4134814104,0.000333,0.001102,0.001905,0.000231,0.000442,0.001112,0.000006,0.000000,0.004753,0.000714,1.954000,0.005851,0.000000,0.000000,0.000615,0,0
279900000000,280060000000,6283499093,224,4134814104,0.000485,0.001097,0.001905,0.000237,0.000447,0.001179,0.000341,0.000000,0.046940,0.018430,2.172000,0.006735,0.000000,0.000000,0.000162,0,0
280060000000,280078000000,6283499093,224,4134814104,0.000122,0.000000,0.000000,0.000000,0.000000,0.000000,0.000055,0.000000,0.002193,0.000999,1.649000,0.004383,0.000000,0.000000,0.000000,0,0
280078000000,280079000000,6283499093,224,4134814104,0.000000,0.000000,0.000000,0.000000,0.000000,0.000000,0.000000,0.000000,0.000000,0.000000,1.476000,0.003859,0.000000,0.000000,0.000000,0,0
