272493000000,272569000000,6283499093,225,317495552,0.000000,0.000000,0.000000,0.000000,0.000000,0.000000,0.000000,0.000000,0.000000,0.000000,0.000000,0.000000,0.000000,0.000000,0.000000,0,0
272569000000,272700000000,6283499093,225,317495552,0.000558,0.001530,0.001930,0.000369,0.000799,0.001696,0.001640,0.000000,0.013720,0.073120,2.439000,0.008045,0.000000,0.000000,0.000095,0,0
272700000000,273000000000,6283499093,225,317495552,0.000316,0.000956,0.001930,0.000368,0.000810,0.001286,0.000006,0.000000,0.004227,0.001715,2.445000,0.007706,0.000000,0.000000,0.000226,0,0
273000000000,273300000000,6283499093,225,317495552,0.000333,0.000937,0.001930,0.000367,0.000811,0.000945,0.000016,0.000000,0.004211,0.003071,2.489000,0.007989,0.000000,0.000000,0.000133,0,0
273300000000,273600000000,6283499093,225,317495552,0.000322,0.000949,0.001930,0.000366,0.000811,0.000960,0.000000,0.000000,0.003975,0.000072,2.512000,0.008069,0.000000,0.000000,0.000080,0,0
273600000000,273900000000,6283499093,225,317495552,0.000307,0.000947,0.001930,0.000366,0.000811,0.000960,0.000001,0.000000,0.003853,0.000143,2.321000,0.007326,0.000000,0.000000,0.000104,0,0
273900000000,274200000000,6283499093,225,317495552,0.000293,0.000941,0.001930,0.000366,0.000811,0.000944,0.000000,0.000000,0.003975,0.000072,2.291000,0.007111,0.000000,0.000000,0.000621,0,0
274200000000,274500000000,6283499093,225,317495552,0.000284,0.000946,0.001930,0.000366,0.000811,0.000966,0.000005,0.000000,0.006668,0.000999,2.596000,0.008232,0.000000,0.000000,0.004089,0,0
274500000000,274800000000,6283499093,225,317495552,0.000296,0.000956,0.001930,0.000366,0.000811,0.000965,0.000000,0.000000,0.004883,0.000000,2.199000,0.006528,0.000000,0.000000,0.000213,0,0
274800000000,275100000000,6283499093,225,317495552,0.000306,0.000954,0.001930,0.000366,0.000811,0.000964,0.000000,0.000000,0.004318,0.000072,2.551000,0.008215,0.000000,0.000000,0.000645,0,0
275100000000,275400000000,6283499093,225,317495552,0.000313,0.000964,0.001930,0.000366,0.000811,0.000969,0.000013,0.000000,0.004997,0.002285,2.419000,0.007645,0.000000,0.000000,0.000198,0,0
275400000000,275700000000,6283499093,225,317495552,0.000301,0.000961,0.001930,0.000366,0.000811,0.000972,0.000001,0.000000,0.005592,0.000215,2.248000,0.007137,0.000000,0.000000,0.000213,0,0
275700000000,276000000000,6283499093,225,317495552,0.000296,0.000958,0.001930,0.000366,0.000811,0.000969,0.000001,0.000000,0.004501,0.000286,2.151000,0.006367,0.000000,0.000000,0.000064,0,0
276000000000,276300000000,6283499093,225,317495552,0.000287,0.000961,0.001930,0.000366,0.000811,0.000974,0.000010,0.000000,0.004860,0.002930,2.127000,0.006192,0.000000,0.000000,0.000121,0,0
276300000000,276600000000,6283499093,225,317495552,0.000289,0.000958,0.001930,0.000366,0.000811,0.000969,0.000003,0.000000,0.003651,0.000786,2.403000,0.007307,0.000000,0.000000,0.000483,0,0
276600000000,276900000000,6283499093,225,317495552,0.000320,0.000967,0.001930,0.000366,0.000811,0.000975,0.000002,0.000000,0.004646,0.000428,2.454000,0.007910,0.000000,0.000000,0.000201,0,0
276900000000,277200000000,6283499093,225,317495552,0.000334,0.000798,0.001928,0.000366,0.000811,0.000958,0.000001,0.000000,0.004608,0.000143,2.348000,0.007656,0.000000,0.000000,0.000200,0,0
277200000000,277319000000,6283499093,225,317495552,0.000315,0.000534,0.001930,0.000365,0.000811,0.000551,0.000010,0.000000,0.003967,0.000929,2.353000,0.007532,0.000000,0.000000,0.000088,0,0
277319000000,277334000000,6283499093,225,317495552,0.000197,0.000000,0.000000,0.000000,0.000000,0.000000,0.000029,0.000000,0.002956,0.000357,2.396000,0.007630,0.000000,0.000000,0.000000,0,0
277334000000,277336000000,6283499093,225,317495552,0.000000,0.000000,0.000000,0.000000,0.000000,0.000000,0.000000,0.000000,0.000000,0.000000,2.396000,0.007630,0.000000,0.000000,0.000000,0,0
