272492000000,272578000000,6283499093,226,257406179,0.000000,0.000000,0.000000,0.000000,0.000000,0.000000,0.000000,0.000000,0.000000,0.000000,0.000000,0.000000,0.000000,0.000000,0.000000,0,0
272578000000,272700000000,6283499093,226,257406179,0.000694,0.001143,0.001926,0.000122,0.000352,0.001451,0.000725,0.000000,0.016110,0.024200,1.209000,0.001728,0.000000,0.000000,0.000615,0,0
272700000000,273000000000,6283499093,226,257406179,0.000387,0.001244,0.001928,0.000122,0.000475,0.001339,0.000000,0.000000,0.032650,0.000072,2.590000,0.007827,0.000000,0.000000,0.000133,0,0
273000000000,273300000000,6283499093,226,257406179,0.000376,0.001238,0.001928,0.000123,0.000464,0.001343,0.000014,0.000000,0.005394,0.003143,1.759000,0.004003,0.000000,0.000000,0.000190,0,0
273300000000,273600000000,6283499093,226,257406179,0.000345,0.001274,0.001930,0.000124,0.000499,0.001343,0.000000,0.000000,0.004639,0.000000,2.494000,0.007186,0.000000,0.000000,0.000226,0,0
273600000000,273900000000,6283499093,226,257406179,0.000338,0.001308,0.001930,0.000123,0.000536,0.001341,0.000003,0.000000,0.005699,0.000929,2.433000,0.007161,0.000000,0.000000,0.000958,0,0
273900000000,274200000000,6283499093,226,257406179,0.000387,0.001013,0.001925,0.000123,0.000233,0.001352,0.000002,0.000000,0.011140,0.000357,1.551000,0.003039,0.000000,0.000000,0.000197,0,0
274200000000,274500000000,6283499093,226,257406179,0.000341,0.001059,0.001923,0.000123,0.000237,0.001389,0.000004,0.000000,0.005745,0.000857,2.178000,0.005765,0.000000,0.000000,0.000104,0,0
274500000000,274800000000,6283499093,226,257406179,0.000349,0.001083,0.001923,0.000123,0.000261,0.001389,0.000000,0.000000,0.005524,0.000000,3.177000,0.009874,0.000000,0.000000,0.000333,0,0
274800000000,275100000000,6283499093,226,257406179,0.000342,0.001108,0.001925,0.000123,0.000286,0.001390,0.000000,0.000000,0.004295,0.000072,3.003000,0.009185,0.000000,0.000000,0.000191,0,0
275100000000,275400000000,6283499093,226,257406179,0.000326,0.001112,0.001923,0.000123,0.000289,0.001390,0.000001,0.000000,0.004478,0.000072,2.379000,0.006481,0.000000,0.000000,0.000309,0,0
275400000000,275700000000,6283499093,226,257406179,0.000340,0.001019,0.001923,0.000123,0.000202,0.001389,0.000002,0.000000,0.004326,0.000571,2.538000,0.007202,0.000000,0.000000,0.000468,0,0
275700000000,276000000000,6283499093,226,257406179,0.000331,0.001158,0.001926,0.000123,0.000345,0.001381,0.000000,0.000000,0.004784,0.000072,2.462000,0.007135,0.000000,0.000000,0.000636,0,0
276000000000,276300000000,6283499093,226,257406179,0.000449,0.001177,0.001925,0.000125,0.000353,0.001404,0.000024,0.000000,0.006721,0.004784,1.864000,0.004736,0.000000,0.000000,0.000211,0,0
276300000000,276600000000,6283499093,226,257406179,0.000453,0.001102,0.001921,0.000124,0.000277,0.001392,0.000001,0.000000,0.005005,0.000072,2.341000,0.006425,0.000000,0.000000,0.000178,0,0
276600000000,276900000000,6283499093,226,257406179,0.000420,0.001040,0.001921,0.000124,0.000209,0.001396,0.000000,0.000000,0.004890,0.000072,3.156000,0.009958,0.000000,0.000000,0.000117,0,0
276900000000,277200000000,6283499093,226,257406179,0.000459,0.001160,0.001926,0.000124,0.000320,0.001423,0.000001,0.000000,0.015470,0.000215,2.802000,0.008740,0.000000,0.000000,0.000237,0,0
277200000000,277359000000,6283499093,226,257406179,0.000436,0.001093,0.001926,0.000124,0.000455,0.001423,0.000052,0.000000,0.004425,0.007713,2.014000,0.005044,0.000000,0.000000,0.000400,0,0
277359000000,277381000000,6283499093,226,257406179,0.000115,0.000000,0.000000,0.000000,0.000000,0.000000,0.000046,0.000000,0.002548,0.000714,2.927000,0.009234,0.000000,0.000000,0.000000,0,0
277381000000,277382000000,6283499093,226,257406179,0.000000,0.000000,0.000000,0.000000,0.000000,0.000000,0.000000,0.000000,0.000000,0.000000,2.927000,0.009234,0.000000,0.000000,0.000000,0,0
