272500000000,272598000000,6283499093,227,486704,0.000000,0.000000,0.000000,0.000000,0.000000,0.000000,0.000000,0.000000,0.000000,0.000000,0.000000,0.000000,0.000000,0.000000,0.000000,0,0
272598000000,272700000000,6283499093,227,486704,0.000660,0.001442,0.001932,0.000245,0.000668,0.001539,0.001442,0.000000,0.016660,0.059200,2.676000,0.007989,0.000000,0.000000,0.000164,0,0
272700000000,273000000000,6283499093,227,486704,0.000311,0.000956,0.001934,0.000249,0.000691,0.001339,0.000000,0.000000,0.004288,0.000000,2.723000,0.008060,0.000000,0.000000,0.000573,0,0
273000000000,273300000000,6283499093,227,486704,0.000329,0.000919,0.001932,0.000249,0.000691,0.000933,0.000004,0.000000,0.003792,0.000428,2.576000,0.007409,0.000000,0.000000,0.001171,0,0
273300000000,273600000000,6283499093,227,486704,0.000350,0.000927,0.001932,0.000248,0.000692,0.000938,0.000000,0.000000,0.005035,0.000000,2.709000,0.008034,0.000000,0.000000,0.000549,0,0
273600000000,273900000000,6283499093,227,486704,0.000334,0.000919,0.001934,0.000247,0.000691,0.000939,0.000001,0.000000,0.004662,0.000072,2.964000,0.008778,0.000000,0.000000,0.000748,0,0
273900000000,274200000000,6283499093,227,486704,0.000388,0.000962,0.001932,0.000247,0.000691,0.000968,0.000002,0.000000,0.004089,0.000286,2.209000,0.005944,0.000000,0.000000,0.000213,0,0
274200000000,274500000000,6283499093,227,486704,0.000463,0.000992,0.001932,0.000247,0.000691,0.001026,0.000029,0.000000,0.007889,0.006859,1.696000,0.003961,0.000000,0.000000,0.000288,0,0
274500000000,274800000000,6283499093,227,486704,0.000343,0.000999,0.001932,0.000246,0.000691,0.001007,0.000001,0.000000,0.006416,0.000286,3.401000,0.011160,0.000000,0.000000,0.000306,0,0
274800000000,275100000000,6283499093,227,486704,0.000292,0.000990,0.001932,0.000246,0.000691,0.000992,0.000001,0.000000,0.005096,0.000072,2.456000,0.006898,0.000000,0.000000,0.000237,0,0
275100000000,275400000000,6283499093,227,486704,0.000339,0.001003,0.001932,0.000246,0.000691,0.001007,0.000005,0.000000,0.005432,0.001143,2.677000,0.007804,0.000000,0.000000,0.000192,0,0
275400000000,275700000000,6283499093,227,486704,0.000340,0.000988,0.001932,0.000246,0.000691,0.001007,0.000002,0.000000,0.002281,0.000357,2.663000,0.007814,0.000000,0.000000,0.000377,0,0
275700000000,276000000000,6283499093,227,486704,0.000300,0.000994,0.001932,0.000246,0.000691,0.001005,0.000000,0.000000,0.005539,0.000143,3.072000,0.009848,0.000000,0.000000,0.000405,0,0
276000000000,276300000000,6283499093,227,486704,0.000288,0.000999,0.001932,0.000246,0.000691,0.001005,0.000002,0.000000,0.010420,0.000072,2.496000,0.006866,0.000000,0.000000,0.000550,0,0
276300000000,276600000000,6283499093,227,486704,0.000295,0.000997,0.001932,0.000246,0.000692,0.001022,0.000001,0.000000,0.004776,0.000072,2.092000,0.005331,0.000000,0.000000,0.000146,0,0
276600000000,276900000000,6283499093,227,486704,0.000291,0.001001,0.001932,0.000246,0.000692,0.001022,0.000000,0.000000,0.004807,0.000072,2.540000,0.007518,0.000000,0.000000,0.000727,0,0
276900000000,277200000000,6283499093,227,486704,0.000278,0.000992,0.001932,0.000246,0.000692,0.000996,0.000000,0.000000,0.005005,0.000000,2.727000,0.008534,0.000000,0.000000,0.000126,0,0
277200000000,277500000000,6283499093,227,486704,0.000306,0.001003,0.001932,0.000246,0.000692,0.001015,0.000002,0.000000,0.004150,0.000072,2.361000,0.006527,0.000000,0.000000,0.000263,0,0
277500000000,277800000000,6283499093,227,486704,0.000320,0.001013,0.001932,0.000245,0.000693,0.001099,0.000008,0.000000,0.004028,0.001143,2.448000,0.007054,0.000000,0.000000,0.000535,0,0
277800000000,278100000000,6283499093,227,486704,0.000354,0.001070,0.001930,0.000238,0.000698,0.001108,0.000004,0.000000,0.003216,0.000072,3.166000,0.010290,0.000000,0.000000,0.000568,0,0
278100000000,278400000000,6283499093,227,486704,0.000353,0.001034,0.001930,0.000238,0.000698,0.001047,0.000003,0.000000,0.001707,0.000143,2.703000,0.008573,0.000000,0.000000,0.000956,0,0
278400000000,278529000000,6283499093,227,486704,0.000501,0.000960,0.001930,0.000240,0.000699,0.001080,0.000011,0.000000,0.013170,0.000643,2.133000,0.005413,0.000000,0.000000,0.000227,0,0
278529000000,278543000000,6283499093,227,486704,0.000175,0.000000,0.000000,0.000000,0.000000,0.000000,0.000010,0.000000,0.002441,0.000143,2.547000,0.007567,0.000000,0.000000,0.000000,0,0
278543000000,278544000000,6283499093,227,486704,0.000000,0.000000,0.000000,0.000000,0.000000,0.000000,0.000000,0.000000,0.000000,0.000000,2.547000,0.007567,0.000000,0.000000,0.000000,0,0
