272505000000,272571000000,6283499093,228,4142540536,0.000000,0.000000,0.000000,0.000000,0.000000,0.000000,0.000000,0.000000,0.000000,0.000000,0.000000,0.000000,0.000000,0.000000,0.000000,0,0
272571000000,272700000000,6283499093,228,4142540536,0.000699,0.001461,0.001925,0.000297,0.000716,0.001638,0.001013,0.000000,0.014130,0.038510,2.576000,0.007752,0.000000,0.000000,0.000287,0,0
272700000000,273000000000,6283499093,228,4142540536,0.001183,0.001072,0.001923,0.000301,0.000750,0.001236,0.000051,0.000000,0.045960,0.004715,1.258000,0.002619,0.000000,0.000000,0.000212,0,0
273000000000,273300000000,6283499093,228,4142540536,0.000516,0.001144,0.001923,0.000294,0.000757,0.001219,0.000003,0.000000,0.006546,0.000643,3.570000,0.012030,0.000000,0.000000,0.000580,0,0
273300000000,273600000000,6283499093,228,4142540536,0.000418,0.001141,0.001923,0.000290,0.000754,0.001148,0.000005,0.000000,0.004372,0.001429,3.449000,0.011720,0.000000,0.000000,0.000322,0,0
273600000000,273900000000,6283499093,228,4142540536,0.000265,0.001122,0.001925,0.000290,0.000754,0.001137,0.000003,0.000000,0.004738,0.000714,3.346000,0.011770,0.000000,0.000000,0.000119,0,0
273900000000,274200000000,6283499093,228,4142540536,0.000281,0.001122,0.001925,0.000289,0.000754,0.001139,0.000002,0.000000,0.002022,0.000428,3.279000,0.010900,0.000000,0.000000,0.000143,0,0
274200000000,274500000000,6283499093,228,4142540536,0.000310,0.001137,0.001925,0.000291,0.000756,0.001141,0.000011,0.000000,0.006798,0.002213,3.491000,0.011380,0.000000,0.000000,0.000328,0,0
274500000000,274800000000,6283499093,228,4142540536,0.000354,0.001133,0.001925,0.000291,0.000756,0.001144,0.000001,0.000000,0.005058,0.000143,2.648000,0.007938,0.000000,0.000000,0.000501,0,0
274800000000,275100000000,6283499093,228,4142540536,0.000322,0.001120,0.001925,0.000280,0.000746,0.001127,0.000001,0.000000,0.001160,0.000072,2.257000,0.006167,0.000000,0.000000,0.000097,0,0
275100000000,275400000000,6283499093,228,4142540536,0.000306,0.001135,0.001925,0.000279,0.000745,0.001150,0.000002,0.000000,0.004860,0.000143,2.237000,0.005897,0.000000,0.000000,0.000187,0,0
275400000000,275700000000,6283499093,228,4142540536,0.000304,0.001122,0.001925,0.000279,0.000745,0.001137,0.000000,0.000000,0.004433,0.000072,2.059000,0.005317,0.000000,0.000000,0.000163,0,0
275700000000,276000000000,6283499093,228,4142540536,0.000307,0.001123,0.001925,0.000279,0.000745,0.001137,0.000000,0.000000,0.004440,0.000072,2.176000,0.005602,0.000000,0.000000,0.000113,0,0
276000000000,276300000000,6283499093,228,4142540536,0.000333,0.001129,0.001925,0.000279,0.000745,0.001143,0.000001,0.000000,0.001812,0.000143,2.210000,0.005561,0.000000,0.000000,0.000439,0,0
276300000000,276600000000,6283499093,228,4142540536,0.000332,0.001135,0.001925,0.000279,0.000745,0.001143,0.000001,0.000000,0.005424,0.000143,2.794000,0.008567,0.000000,0.000000,0.000216,0,0
276600000000,276900000000,6283499093,228,4142540536,0.000385,0.001129,0.001925,0.000279,0.000745,0.001139,0.000000,0.000000,0.005089,0.000072,2.952000,0.009200,0.000000,0.000000,0.000340,0,0
276900000000,277200000000,6283499093,228,4142540536,0.000320,0.001108,0.001925,0.000279,0.000746,0.001123,0.000000,0.000000,0.009613,0.000072,3.073000,0.009603,0.000000,0.000000,0.000619,0,0
277200000000,277500000000,6283499093,228,4142540536,0.000313,0.001131,0.001925,0.000279,0.000746,0.001156,0.000007,0.000000,0.004921,0.000571,2.959000,0.009457,0.000000,0.000000,0.000162,0,0
277500000000,277800000000,6283499093,228,4142540536,0.000360,0.001137,0.001925,0.000278,0.000746,0.001162,0.000006,0.000000,0.005211,0.000714,2.855000,0.008761,0.000000,0.000000,0.000132,0,0
277800000000,278100000000,6283499093,228,4142540536,0.000344,0.001129,0.001925,0.000278,0.000746,0.001139,0.000016,0.000000,0.004990,0.001858,3.143000,0.010220,0.000000,0.000000,0.000644,0,0
278100000000,278339000000,6283499093,228,4142540536,0.000360,0.001141,0.001925,0.000278,0.000747,0.001150,0.000026,0.000000,0.005135,0.002998,2.861000,0.009083,0.000000,0.000000,0.000182,0,0
278339000000,278350000000,6283499093,228,4142540536,0.000272,0.000000,0.000000,0.000000,0.000000,0.000000,0.000182,0.000000,0.002991,0.001928,2.656000,0.007528,0.000000,0.000000,0.000000,0,0
278350000000,278351000000,6283499093,228,4142540536,0.000000,0.000000,0.000000,0.000000,0.000000,0.000000,0.000000,0.000000,0.000000,0.000000,2.656000,0.007528,0.000000,0.000000,0.000000,0,0
