272502000000,272602000000,6283499093,229,1094459,0.000000,0.000000,0.000000,0.000000,0.000000,0.000000,0.000000,0.000000,0.000000,0.000000,0.000000,0.000000,0.000000,0.000000,0.000000,0,0
272602000000,272700000000,6283499093,229,1094459,0.000576,0.001589,0.001925,0.000382,0.000806,0.001701,0.002392,0.000000,0.013550,0.050050,2.085000,0.006188,0.000000,0.000000,0.000106,0,0
272700000000,273000000000,6283499093,229,1094459,0.000322,0.001041,0.001925,0.000387,0.000830,0.001463,0.000007,0.000000,0.007889,0.001715,2.049000,0.006064,0.000000,0.000000,0.000093,0,0
273000000000,273300000000,6283499093,229,1094459,0.000358,0.000986,0.001923,0.000386,0.000830,0.001013,0.000001,0.000000,0.006027,0.000143,2.247000,0.006827,0.000000,0.000000,0.000209,0,0
273300000000,273600000000,6283499093,229,1094459,0.000339,0.000986,0.001923,0.000386,0.000830,0.000999,0.000000,0.000000,0.003708,0.000000,2.414000,0.007788,0.000000,0.000000,0.000079,0,0
273600000000,273900000000,6283499093,229,1094459,0.000292,0.000984,0.001925,0.000386,0.000830,0.000997,0.000000,0.000000,0.003712,0.000143,2.108000,0.006197,0.000000,0.000000,0.000102,0,0
273900000000,274200000000,6283499093,229,1094459,0.000364,0.001026,0.001923,0.000387,0.000832,0.001055,0.000002,0.000000,0.008942,0.000286,1.205000,0.001940,0.000000,0.000000,0.000127,0,0
274200000000,274500000000,6283499093,229,1094459,0.000306,0.001001,0.001925,0.000387,0.000832,0.001015,0.000014,0.000000,0.004005,0.003998,2.121000,0.006454,0.000000,0.000000,0.000120,0,0
274500000000,274800000000,6283499093,229,1094459,0.000273,0.001013,0.001925,0.000382,0.000827,0.001032,0.000000,0.000000,0.003674,0.000000,2.027000,0.005876,0.000000,0.000000,0.000122,0,0
274800000000,275100000000,6283499093,229,1094459,0.000268,0.000999,0.001925,0.000379,0.000824,0.001011,0.000003,0.000000,0.003639,0.000714,1.892000,0.005113,0.000000,0.000000,0.000078,0,0
275100000000,275400000000,6283499093,229,1094459,0.000300,0.001038,0.001925,0.000379,0.000824,0.001059,0.000005,0.000000,0.003952,0.000929,1.958000,0.005532,0.000000,0.000000,0.000070,0,0
275400000000,275700000000,6283499093,229,1094459,0.000281,0.001022,0.001925,0.000379,0.000824,0.001026,0.000000,0.000000,0.004257,0.000072,2.260000,0.006974,0.000000,0.000000,0.000256,0,0
275700000000,276000000000,6283499093,229,1094459,0.005013,0.001261,0.002178,0.000136,0.000574,0.001671,0.000014,0.000000,0.094360,0.001858,0.540500,0.000091,0.000000,0.000000,0.000368,0,0
276000000000,276300000000,6283499093,229,1094459,0.001116,0.001303,0.001923,0.000024,0.000382,0.001375,0.000016,0.000000,0.058780,0.003071,0.712000,0.000781,0.000000,0.000000,0.000616,0,0
276300000000,276600000000,6283499093,229,1094459,0.000338,0.001265,0.001923,0.000023,0.000382,0.001278,0.000001,0.000000,0.004532,0.000072,2.447000,0.008041,0.000000,0.000000,0.000660,0,0
276600000000,276900000000,6283499093,229,1094459,0.000291,0.001261,0.001925,0.000024,0.000382,0.001272,0.000002,0.000000,0.004280,0.000500,2.376000,0.007488,0.000000,0.000000,0.000572,0,0
276900000000,277200000000,6283499093,229,1094459,0.000282,0.001255,0.001925,0.000024,0.000382,0.001265,0.000000,0.000000,0.004547,0.000000,1.843000,0.004925,0.000000,0.000000,0.000110,0,0
277200000000,277500000000,6283499093,229,1094459,0.000281,0.001257,0.001925,0.000024,0.000382,0.001265,0.000013,0.000000,0.003937,0.002716,1.996000,0.005738,0.000000,0.000000,0.000197,0,0
277500000000,277800000000,6283499093,229,1094459,0.000274,0.001255,0.001925,0.000024,0.000382,0.001265,0.000012,0.000000,0.004280,0.002857,2.032000,0.005666,0.000000,0.000000,0.000182,0,0
277800000000,278100000000,6283499093,229,1094459,0.000298,0.001259,0.001925,0.000023,0.000382,0.001284,0.000023,0.000000,0.007469,0.005211,2.150000,0.006264,0.000000,0.000000,0.000326,0,0
278100000000,278250000000,6283499093,229,1094459,0.006836,0.001373,0.002174,0.000033,0.000364,0.001818,0.000557,0.000000,0.081790,0.023650,1.265000,0.003037,0.000000,0.000000,0.018920,0,0
278250000000,278266000000,6283499093,229,1094459,0.000116,0.000000,0.000000,0.000000,0.000000,0.000000,0.000040,0.000000,0.001858,0.000643,0.642200,0.000517,0.000000,0.000000,0.000000,0,0
278266000000,278268000000,6283499093,229,1094459,0.000000,0.000000,0.000000,0.000000,0.000000,0.000000,0.000000,0.000000,0.000000,0.000000,0.642200,0.000517,0.000000,0.000000,0.000000,0,0
