272494000000,272570000000,6283499093,23,257348058,0.000000,0.000000,0.000000,0.000000,0.000000,0.000000,0.000000,0.000000,0.000000,0.000000,0.000000,0.000000,0.000000,0.000000,0.000000,0,0
272570000000,272700000000,6283499093,23,257348058,0.000571,0.001131,0.001923,0.000100,0.000350,0.001387,0.000519,0.000000,0.042600,0.015080,2.376000,0.007166,0.000000,0.000000,0.028230,0,0
272700000000,273000000000,6283499093,23,257348058,0.000331,0.000867,0.001923,0.000088,0.000107,0.001289,0.000000,0.000000,0.005280,0.000072,2.350000,0.006795,0.000000,0.000000,0.000285,0,0
273000000000,273300000000,6283499093,23,257348058,0.000328,0.000895,0.001921,0.000087,0.000132,0.001162,0.000006,0.000000,0.007339,0.000929,2.291000,0.006519,0.000000,0.000000,0.000577,0,0
273300000000,273600000000,6283499093,23,257348058,0.000310,0.000927,0.001921,0.000088,0.000159,0.001301,0.000000,0.000000,0.004837,0.000072,2.308000,0.006353,0.000000,0.000000,0.000198,0,0
273600000000,273900000000,6283499093,23,257348058,0.000337,0.000990,0.001919,0.000089,0.000216,0.001328,0.000001,0.000000,0.022340,0.000143,2.147000,0.005933,0.000000,0.000000,0.000146,0,0
273900000000,274200000000,6283499093,23,257348058,0.000367,0.000997,0.001919,0.000089,0.000200,0.001329,0.000000,0.000000,0.004440,0.000000,2.858000,0.009066,0.000000,0.000000,0.000288,0,0
274200000000,274500000000,6283499093,23,257348058,0.000376,0.001003,0.001919,0.000089,0.000204,0.001331,0.000001,0.000000,0.004860,0.000143,2.977000,0.009490,0.000000,0.000000,0.000294,0,0
274500000000,274800000000,6283499093,23,257348058,0.000312,0.001041,0.001919,0.000089,0.000241,0.001333,0.000000,0.000000,0.004478,0.000000,2.423000,0.006758,0.000000,0.000000,0.000362,0,0
274800000000,275100000000,6283499093,23,257348058,0.000311,0.001051,0.001921,0.000089,0.000252,0.001333,0.000000,0.000000,0.004707,0.000072,2.208000,0.005795,0.000000,0.000000,0.000069,0,0
275100000000,275400000000,6283499093,23,257348058,0.000303,0.000968,0.001919,0.000089,0.000174,0.001322,0.000000,0.000000,0.003937,0.000000,2.063000,0.005203,0.000000,0.000000,0.000167,0,0
275400000000,275700000000,6283499093,23,257348058,0.000293,0.000988,0.001919,0.000089,0.000198,0.001324,0.000001,0.000000,0.003990,0.000143,2.057000,0.005343,0.000000,0.000000,0.000093,0,0
275700000000,276000000000,6283499093,23,257348058,0.000300,0.001076,0.001921,0.000089,0.000285,0.001324,0.000000,0.000000,0.004936,0.000000,2.039000,0.005167,0.000000,0.000000,0.000276,0,0
276000000000,276300000000,6283499093,23,257348058,0.000313,0.001122,0.001923,0.000084,0.000325,0.001329,0.000002,0.000000,0.004539,0.000215,2.297000,0.006140,0.000000,0.000000,0.000183,0,0
276300000000,276600000000,6283499093,23,257348058,0.000306,0.000969,0.001921,0.000082,0.000172,0.001324,0.000000,0.000000,0.005165,0.000000,2.320000,0.006092,0.000000,0.000000,0.000214,0,0
276600000000,276900000000,6283499093,23,257348058,0.000317,0.001015,0.001921,0.000082,0.000217,0.001326,0.000001,0.000000,0.004967,0.000143,2.169000,0.005696,0.000000,0.000000,0.000737,0,0
276900000000,277200000000,6283499093,23,257348058,0.000322,0.001047,0.001921,0.000082,0.000251,0.001326,0.000000,0.000000,0.004517,0.000072,2.223000,0.006024,0.000000,0.000000,0.004517,0,0
277200000000,277500000000,6283499093,23,257348058,0.000345,0.001081,0.001923,0.000082,0.000280,0.001333,0.000005,0.000000,0.004097,0.000714,2.446000,0.006701,0.000000,0.000000,0.000084,0,0
277500000000,277800000000,6283499093,23,257348058,0.000334,0.000966,0.001919,0.000081,0.000160,0.001333,0.000004,0.000000,0.005188,0.000215,2.457000,0.007097,0.000000,0.000000,0.000202,0,0
277800000000,278100000000,6283499093,23,257348058,0.000327,0.001070,0.001921,0.000081,0.000260,0.001337,0.000004,0.000000,0.004318,0.000143,2.318000,0.006900,0.000000,0.000000,0.000148,0,0
278100000000,278400000000,6283499093,23,257348058,0.000302,0.001089,0.001921,0.000081,0.000278,0.001337,0.000003,0.000000,0.001947,0.000072,2.255000,0.006584,0.000000,0.000000,0.000154,0,0
278400000000,278700000000,6283499093,23,257348058,0.000292,0.001036,0.001923,0.000081,0.000224,0.001339,0.000002,0.000000,0.004478,0.000143,2.235000,0.006361,0.000000,0.000000,0.000285,0,0
278700000000,278869000000,6283499093,23,257348058,0.000338,0.001062,0.001921,0.000081,0.000247,0.001387,0.000024,0.000000,0.004654,0.003502,2.161000,0.006061,0.000000,0.000000,0.000073,0,0
278869000000,278878000000,6283499093,23,257348058,0.000289,0.000000,0.000000,0.000000,0.000000,0.000000,0.000048,0.000000,0.002605,0.000286,3.075000,0.009813,0.000000,0.000000,0.000000,0,0
278878000000,278879000000,6283499093,23,257348058,0.000000,0.000000,0.000000,0.000000,0.000000,0.000000,0.000000,0.000000,0.000000,0.000000,3.075000,0.009813,0.000000,0.000000,0.000000,0,0
