272506000000,272648000000,6283499093,230,3573803779,0.000000,0.000000,0.000000,0.000000,0.000000,0.000000,0.000000,0.000000,0.000000,0.000000,0.000000,0.000000,0.000000,0.000000,0.000000,0,0
272648000000,272700000000,6283499093,230,3573803779,0.000954,0.001432,0.001923,0.000349,0.000741,0.001696,0.005867,0.000000,0.017030,0.062440,2.495000,0.007363,0.000000,0.000000,0.000233,0,0
272700000000,273000000000,6283499093,230,3573803779,0.000298,0.001135,0.001923,0.000369,0.000812,0.001694,0.000001,0.000000,0.003983,0.000215,3.089000,0.009840,0.000000,0.000000,0.000181,0,0
273000000000,273300000000,6283499093,230,3573803779,0.000347,0.000959,0.001923,0.000365,0.000809,0.000974,0.000001,0.000000,0.003784,0.000072,3.517000,0.011980,0.000000,0.000000,0.000223,0,0
273300000000,273600000000,6283499093,230,3573803779,0.000294,0.000955,0.001923,0.000364,0.000808,0.000965,0.000000,0.000000,0.003983,0.000072,3.442000,0.012180,0.000000,0.000000,0.000174,0,0
273600000000,273900000000,6283499093,230,3573803779,0.000277,0.000961,0.001923,0.000364,0.000808,0.000975,0.000000,0.000000,0.003983,0.000072,3.119000,0.010220,0.000000,0.000000,0.000128,0,0
273900000000,274200000000,6283499093,230,3573803779,0.000336,0.000958,0.001923,0.000364,0.000808,0.000992,0.000001,0.000000,0.006500,0.000072,2.309000,0.006397,0.000000,0.000000,0.002884,0,0
274200000000,274500000000,6283499093,230,3573803779,0.000332,0.000978,0.001923,0.000364,0.000808,0.000992,0.000001,0.000000,0.003975,0.000072,2.465000,0.007533,0.000000,0.000000,0.000252,0,0
274500000000,274800000000,6283499093,230,3573803779,0.000395,0.001005,0.001923,0.000364,0.000808,0.001028,0.000001,0.000000,0.008835,0.000072,2.256000,0.006323,0.000000,0.000000,0.000211,0,0
274800000000,275100000000,6283499093,230,3573803779,0.000360,0.001009,0.001923,0.000364,0.000808,0.001022,0.000001,0.000000,0.005180,0.000072,2.620000,0.007610,0.000000,0.000000,0.000238,0,0
275100000000,275400000000,6283499093,230,3573803779,0.000316,0.001015,0.001923,0.000364,0.000808,0.001024,0.000002,0.000000,0.007607,0.000072,1.307000,0.001860,0.000000,0.000000,0.000118,0,0
275400000000,275700000000,6283499093,230,3573803779,0.000276,0.000999,0.001923,0.000364,0.000808,0.001001,0.000000,0.000000,0.004219,0.000072,1.982000,0.004976,0.000000,0.000000,0.000084,0,0
275700000000,276000000000,6283499093,230,3573803779,0.000312,0.001007,0.001923,0.000364,0.000808,0.001017,0.000000,0.000000,0.004417,0.000072,2.650000,0.007558,0.000000,0.000000,0.000160,0,0
276000000000,276300000000,6283499093,230,3573803779,0.000301,0.001013,0.001923,0.000364,0.000808,0.001030,0.000003,0.000000,0.004288,0.000357,2.701000,0.008192,0.000000,0.000000,0.000677,0,0
276300000000,276600000000,6283499093,230,3573803779,0.000582,0.001122,0.001919,0.000357,0.000815,0.001198,0.000035,0.000000,0.048030,0.007431,1.033000,0.001738,0.000000,0.000000,0.000326,0,0
276600000000,276900000000,6283499093,230,3573803779,0.000420,0.001099,0.001919,0.000354,0.000818,0.001122,0.000000,0.000000,0.005180,0.000072,3.702000,0.012670,0.000000,0.000000,0.000686,0,0
276900000000,277200000000,6283499093,230,3573803779,0.000369,0.001101,0.001921,0.000353,0.000817,0.001114,0.000000,0.000000,0.004707,0.000000,2.873000,0.008727,0.000000,0.000000,0.000378,0,0
277200000000,277500000000,6283499093,230,3573803779,0.000312,0.001118,0.001921,0.000346,0.000812,0.001125,0.000003,0.000000,0.004845,0.000072,2.428000,0.006425,0.000000,0.000000,0.000134,0,0
277500000000,277800000000,6283499093,230,3573803779,0.000333,0.001101,0.001921,0.000346,0.000812,0.001110,0.000004,0.000000,0.005272,0.000357,2.956000,0.009094,0.000000,0.000000,0.000252,0,0
277800000000,278100000000,6283499093,230,3573803779,0.000312,0.001114,0.001921,0.000346,0.000812,0.001127,0.000004,0.000000,0.004570,0.000143,2.052000,0.005332,0.000000,0.000000,0.000138,0,0
278100000000,278400000000,6283499093,230,3573803779,0.000336,0.001125,0.001921,0.000345,0.000812,0.001141,0.000006,0.000000,0.005135,0.000786,2.267000,0.006096,0.000000,0.000000,0.000138,0,0
278400000000,278700000000,6283499093,230,3573803779,0.000415,0.001120,0.001919,0.000344,0.000812,0.001125,0.000005,0.000000,0.012450,0.001072,2.206000,0.006043,0.000000,0.000000,0.000634,0,0
278700000000,279000000000,6283499093,230,3573803779,0.000410,0.001122,0.001921,0.000344,0.000812,0.001131,0.000002,0.000000,0.004868,0.000072,3.134000,0.010260,0.000000,0.000000,0.000201,0,0
279000000000,279119000000,6283499093,230,3573803779,0.000796,0.001108,0.002228,0.000346,0.000810,0.001236,0.000010,0.000000,0.044370,0.000786,0.898300,0.001098,0.000000,0.000000,0.000258,0,0
279119000000,279134000000,6283499093,230,3573803779,0.000202,0.000000,0.000000,0.000000,0.000000,0.000000,0.000052,0.000000,0.003029,0.000500,0.653100,0.000406,0.000000,0.000000,0.000000,0,0
279134000000,279135000000,6283499093,230,3573803779,0.000000,0.000000,0.000000,0.000000,0.000000,0.000000,0.000000,0.000000,0.000000,0.000000,0.653100,0.000406,0.000000,0.000000,0.000000,0,0
