272499000000,272612000000,6283499093,231,323143570,0.000000,0.000000,0.000000,0.000000,0.000000,0.000000,0.000000,0.000000,0.000000,0.000000,0.000000,0.000000,0.000000,0.000000,0.000000,0,0
272612000000,272700000000,6283499093,231,323143570,0.000844,0.001450,0.001932,0.000282,0.000692,0.001610,0.001631,0.000000,0.014450,0.046940,1.780000,0.003738,0.000000,0.000000,0.000133,0,0
272700000000,273000000000,6283499093,231,323143570,0.000395,0.001028,0.001932,0.000273,0.000716,0.001472,0.000000,0.000000,0.002773,0.000000,2.383000,0.006688,0.000000,0.000000,0.000188,0,0
273000000000,273300000000,6283499093,231,323143570,0.000382,0.000933,0.001932,0.000271,0.000713,0.000941,0.000006,0.000000,0.004303,0.000999,3.638000,0.011900,0.000000,0.000000,0.000269,0,0
273300000000,273600000000,6283499093,231,323143570,0.000320,0.000937,0.001934,0.000273,0.000716,0.000953,0.000004,0.000000,0.028810,0.001143,3.076000,0.009267,0.000000,0.000000,0.000134,0,0
273600000000,273900000000,6283499093,231,323143570,0.000315,0.000943,0.001934,0.000273,0.000716,0.000954,0.000001,0.000000,0.004089,0.000143,4.209000,0.014200,0.000000,0.000000,0.000183,0,0
273900000000,274200000000,6283499093,231,323143570,0.000333,0.000949,0.001934,0.000273,0.000716,0.000961,0.000002,0.000000,0.005791,0.000428,3.496000,0.010930,0.000000,0.000000,0.000410,0,0
274200000000,274500000000,6283499093,231,323143570,0.000331,0.000955,0.001934,0.000273,0.000716,0.000973,0.000006,0.000000,0.005226,0.001215,2.934000,0.008931,0.000000,0.000000,0.000138,0,0
274500000000,274800000000,6283499093,231,323143570,0.000315,0.000956,0.001934,0.000273,0.000717,0.000973,0.000000,0.000000,0.004662,0.000000,3.763000,0.011960,0.000000,0.000000,0.000684,0,0
274800000000,275100000000,6283499093,231,323143570,0.000402,0.000997,0.001932,0.000276,0.000721,0.001032,0.000024,0.000000,0.007370,0.004288,2.194000,0.005799,0.000000,0.000000,0.000742,0,0
275100000000,275400000000,6283499093,231,323143570,0.000333,0.000978,0.001932,0.000275,0.000720,0.000986,0.000003,0.000000,0.002022,0.000428,2.800000,0.008639,0.000000,0.000000,0.000314,0,0
275400000000,275700000000,6283499093,231,323143570,0.000290,0.000982,0.001934,0.000274,0.000719,0.000990,0.000000,0.000000,0.001232,0.000072,3.016000,0.008968,0.000000,0.000000,0.000278,0,0
275700000000,276000000000,6283499093,231,323143570,0.000309,0.000992,0.001932,0.000274,0.000719,0.001003,0.000001,0.000000,0.005272,0.000072,2.775000,0.007997,0.000000,0.000000,0.000255,0,0
276000000000,276300000000,6283499093,231,323143570,0.000412,0.001001,0.001932,0.000274,0.000719,0.001028,0.000002,0.000000,0.022580,0.000215,1.669000,0.003379,0.000000,0.000000,0.000089,0,0
276300000000,276600000000,6283499093,231,323143570,0.000398,0.001024,0.001932,0.000274,0.000719,0.001028,0.000005,0.000000,0.004349,0.001215,2.944000,0.008870,0.000000,0.000000,0.000162,0,0
276600000000,276900000000,6283499093,231,323143570,0.000365,0.001013,0.001932,0.000274,0.000719,0.001026,0.000001,0.000000,0.003525,0.000286,3.100000,0.009538,0.000000,0.000000,0.000265,0,0
276900000000,277200000000,6283499093,231,323143570,0.000407,0.001040,0.001932,0.000277,0.000723,0.001064,0.000016,0.000000,0.024170,0.003716,1.985000,0.004460,0.000000,0.000000,0.000243,0,0
277200000000,277500000000,6283499093,231,323143570,0.000357,0.001019,0.001932,0.000274,0.000720,0.001034,0.000010,0.000000,0.004791,0.001072,4.108000,0.013500,0.000000,0.000000,0.000109,0,0
277500000000,277800000000,6283499093,231,323143570,0.000352,0.001034,0.001932,0.000274,0.000719,0.001038,0.000005,0.000000,0.006142,0.000428,3.552000,0.010930,0.000000,0.000000,0.000227,0,0
277800000000,278100000000,6283499093,231,323143570,0.000437,0.001081,0.001932,0.000272,0.000726,0.001137,0.000034,0.000000,0.007980,0.004501,4.269000,0.014230,0.000000,0.000000,0.000779,0,0
278100000000,278400000000,6283499093,231,323143570,0.000382,0.001081,0.001930,0.000271,0.000730,0.001101,0.000008,0.000000,0.004662,0.000999,4.012000,0.013420,0.000000,0.000000,0.000186,0,0
278400000000,278700000000,6283499093,231,323143570,0.000360,0.001074,0.001932,0.000272,0.000730,0.001078,0.000002,0.000000,0.005852,0.000286,2.984000,0.009405,0.000000,0.000000,0.000180,0,0
278700000000,279000000000,6283499093,231,323143570,0.000344,0.001085,0.001932,0.000272,0.000730,0.001116,0.000010,0.000000,0.005142,0.001072,2.697000,0.007607,0.000000,0.000000,0.000084,0,0
279000000000,279300000000,6283499093,231,323143570,0.000341,0.001104,0.001932,0.000272,0.000732,0.001116,0.000012,0.000000,0.005219,0.002430,3.873000,0.012510,0.000000,0.000000,0.000240,0,0
279300000000,279600000000,6283499093,231,323143570,0.000357,0.001101,0.001932,0.000273,0.000733,0.001133,0.000004,0.000000,0.004883,0.000357,2.863000,0.008498,0.000000,0.000000,0.000152,0,0
279600000000,279669000000,6283499093,231,323143570,0.008636,0.001266,0.002487,0.000188,0.000651,0.001575,0.000184,0.000000,0.048770,0.005287,2.046000,0.005121,0.000000,0.000000,0.000224,0,0
279669000000,279687000000,6283499093,231,323143570,0.000204,0.000000,0.000000,0.000000,0.000000,0.000000,0.000175,0.000000,0.003674,0.001999,1.870000,0.004403,0.000000,0.000000,0.000000,0,0
279687000000,279688000000,6283499093,231,323143570,0.000000,0.000000,0.000000,0.000000,0.000000,0.000000,0.000000,0.000000,0.000000,0.000000,1.870000,0.004403,0.000000,0.000000,0.000000,0,0
