272490000000,272600000000,6283499093,232,38673732,0.000000,0.000000,0.000000,0.000000,0.000000,0.000000,0.000000,0.000000,0.000000,0.000000,0.000000,0.000000,0.000000,0.000000,0.000000,0,0
272600000000,272700000000,6283499093,232,38673732,0.000570,0.001028,0.001919,0.000115,0.000257,0.001421,0.000616,0.000000,0.013700,0.010500,2.271000,0.006626,0.000000,0.000000,0.000389,0,0
272700000000,273000000000,6283499093,232,38673732,0.000333,0.000890,0.001923,0.000120,0.000145,0.001055,0.000011,0.000000,0.005638,0.002716,2.168000,0.006172,0.000000,0.000000,0.000144,0,0
273000000000,273300000000,6283499093,232,38673732,0.000351,0.000934,0.001921,0.000115,0.000158,0.001078,0.000001,0.000000,0.004303,0.000143,1.776000,0.004366,0.000000,0.000000,0.000290,0,0
273300000000,273600000000,6283499093,232,38673732,0.000332,0.000943,0.001921,0.000115,0.000164,0.001123,0.000000,0.000000,0.003849,0.000072,2.627000,0.008642,0.000000,0.000000,0.000623,0,0
273600000000,273900000000,6283499093,232,38673732,0.000288,0.000973,0.001921,0.000115,0.000194,0.001192,0.000010,0.000000,0.004509,0.002930,2.350000,0.006969,0.000000,0.000000,0.000128,0,0
273900000000,274200000000,6283499093,232,38673732,0.000275,0.000980,0.001921,0.000115,0.000201,0.001276,0.000002,0.000000,0.003975,0.000643,2.942000,0.009234,0.000000,0.000000,0.000640,0,0
274200000000,274500000000,6283499093,232,38673732,0.000276,0.001005,0.001919,0.000115,0.000226,0.001324,0.000006,0.000000,0.004257,0.000714,2.186000,0.006224,0.000000,0.000000,0.000145,0,0
274500000000,274800000000,6283499093,232,38673732,0.000312,0.001019,0.001921,0.000115,0.000237,0.001343,0.000002,0.000000,0.009918,0.000643,1.791000,0.004426,0.000000,0.000000,0.000167,0,0
274800000000,275100000000,6283499093,232,38673732,0.000320,0.001022,0.001921,0.000113,0.000231,0.001348,0.000000,0.000000,0.003754,0.000072,2.555000,0.008150,0.000000,0.000000,0.000185,0,0
275100000000,275400000000,6283499093,232,38673732,0.000365,0.001051,0.001921,0.000115,0.000248,0.001373,0.000036,0.000000,0.006226,0.006783,2.552000,0.007999,0.000000,0.000000,0.000143,0,0
275400000000,275700000000,6283499093,232,38673732,0.000284,0.001062,0.001921,0.000114,0.000248,0.001375,0.000010,0.000000,0.004105,0.002857,2.575000,0.007889,0.000000,0.000000,0.000611,0,0
275700000000,276000000000,6283499093,232,38673732,0.003635,0.001154,0.001919,0.000121,0.000222,0.001757,0.000064,0.000000,0.068730,0.002930,1.029000,0.001909,0.000000,0.000000,0.000160,0,0
276000000000,276300000000,6283499093,232,38673732,0.002777,0.001383,0.002048,0.000123,0.000205,0.002014,0.000031,0.000001,0.093260,0.002930,0.817500,0.001091,0.000000,0.000000,0.000426,0,0
276300000000,276600000000,6283499093,232,38673732,0.003204,0.001442,0.002220,0.000077,0.000235,0.002018,0.000092,0.000001,0.071530,0.011510,0.712300,0.000798,0.000000,0.000000,0.000244,0,0
276600000000,276900000000,6283499093,232,38673732,0.000464,0.001369,0.001919,0.000043,0.000192,0.001686,0.000000,0.000001,0.004936,0.000072,3.194000,0.011120,0.000000,0.000000,0.000311,0,0
276900000000,277200000000,6283499093,232,38673732,0.000379,0.001328,0.001921,0.000043,0.000137,0.001699,0.000002,0.000001,0.005188,0.000500,2.759000,0.008779,0.000000,0.000000,0.000545,0,0
277200000000,277500000000,6283499093,232,38673732,0.000300,0.001328,0.001923,0.000043,0.000138,0.001696,0.000010,0.000001,0.004158,0.001642,2.184000,0.005943,0.000000,0.000000,0.000201,0,0
277500000000,277800000000,6283499093,232,38673732,0.000349,0.001417,0.001921,0.000043,0.000230,0.001696,0.000007,0.000001,0.004631,0.000857,2.415000,0.007021,0.000000,0.000000,0.000709,0,0
277800000000,278100000000,6283499093,232,38673732,0.000371,0.001341,0.001919,0.000056,0.000148,0.001686,0.000074,0.000001,0.005043,0.007217,2.746000,0.008854,0.000000,0.000000,0.000184,0,0
278100000000,278400000000,6283499093,232,38673732,0.000399,0.001348,0.001921,0.000062,0.000171,0.001461,0.000011,0.000001,0.008102,0.001715,2.283000,0.006868,0.000000,0.000000,0.000309,0,0
278400000000,278700000000,6283499093,232,38673732,0.000363,0.001337,0.001923,0.000063,0.000157,0.001465,0.000020,0.000001,0.008377,0.002644,1.550000,0.003223,0.000000,0.000000,0.000129,0,0
278700000000,279000000000,6283499093,232,38673732,0.000347,0.001354,0.001923,0.000064,0.000178,0.001465,0.000009,0.000001,0.003574,0.001858,2.471000,0.007764,0.000000,0.000000,0.000218,0,0
279000000000,279300000000,6283499093,232,38673732,0.000329,0.001352,0.001923,0.000082,0.000192,0.001488,0.000067,0.000001,0.005821,0.013500,2.150000,0.006136,0.000000,0.000000,0.000132,0,0
279300000000,279361000000,6283499093,232,38673732,0.000510,0.001312,0.001919,0.000093,0.000176,0.001461,0.000961,0.000001,0.011020,0.026430,2.171000,0.006282,0.000000,0.000000,0.000093,0,0
279361000000,279374000000,6283499093,232,38673732,0.000110,0.000000,0.000000,0.000000,0.000000,0.000000,0.000127,0.000001,0.001431,0.000786,2.134000,0.006199,0.000000,0.000000,0.000000,0,0
279374000000,279375000000,6283499093,232,38673732,0.000000,0.000000,0.000000,0.000000,0.000000,0.000000,0.000000,0.000001,0.000000,0.000000,2.134000,0.006199,0.000000,0.000000,0.000000,0,0
