272509000000,272650000000,6283499093,233,351604305,0.000000,0.000000,0.000000,0.000000,0.000000,0.000000,0.000001,0.000000,0.000000,0.000072,0.000000,0.000000,0.000000,0.000000,0.000000,0,0
272650000000,272700000000,6283499093,233,351604305,0.001160,0.000978,0.001928,0.000122,0.000356,0.001440,0.001631,0.000000,0.027250,0.013720,1.407000,0.001939,0.000000,0.000000,0.000785,0,0
272700000000,273000000000,6283499093,233,351604305,0.000363,0.001184,0.001925,0.000131,0.000423,0.001434,0.000002,0.000000,0.001421,0.000500,2.118000,0.005343,0.000000,0.000000,0.000653,0,0
273000000000,273300000000,6283499093,233,351604305,0.000403,0.001160,0.001925,0.000118,0.000400,0.001337,0.000007,0.000000,0.007385,0.001499,3.279000,0.010870,0.000000,0.000000,0.000280,0,0
273300000000,273600000000,6283499093,233,351604305,0.000461,0.001183,0.001925,0.000119,0.000393,0.001377,0.000025,0.000000,0.019470,0.003784,3.019000,0.009716,0.000000,0.000000,0.000342,0,0
273600000000,273900000000,6283499093,233,351604305,0.000368,0.001223,0.001925,0.000119,0.000418,0.001371,0.000001,0.000000,0.007248,0.000143,3.847000,0.013400,0.000000,0.000000,0.000293,0,0
273900000000,274200000000,6283499093,233,351604305,0.000296,0.001133,0.001925,0.000119,0.000325,0.001373,0.000001,0.000000,0.008987,0.000072,3.635000,0.012030,0.000000,0.000000,0.000150,0,0
274200000000,274500000000,6283499093,233,351604305,0.000268,0.001116,0.001925,0.000119,0.000308,0.001377,0.000002,0.000000,0.004707,0.000571,2.395000,0.006367,0.000000,0.000000,0.000264,0,0
274500000000,274800000000,6283499093,233,351604305,0.000351,0.001148,0.001925,0.000119,0.000327,0.001390,0.000001,0.000000,0.007088,0.000286,2.778000,0.008530,0.000000,0.000000,0.000143,0,0
274800000000,275100000000,6283499093,233,351604305,0.000340,0.001133,0.001925,0.000119,0.000310,0.001389,0.000000,0.000000,0.005096,0.000072,2.523000,0.007104,0.000000,0.000000,0.000138,0,0
275100000000,275400000000,6283499093,233,351604305,0.000280,0.001150,0.001925,0.000119,0.000329,0.001387,0.000012,0.000000,0.003712,0.002857,3.211000,0.010450,0.000000,0.000000,0.000195,0,0
275400000000,275700000000,6283499093,233,351604305,0.000283,0.001167,0.001925,0.000119,0.000344,0.001390,0.000002,0.000000,0.004997,0.000643,2.715000,0.008082,0.000000,0.000000,0.000058,0,0
275700000000,276000000000,6283499093,233,351604305,0.000285,0.001143,0.001926,0.000119,0.000318,0.001390,0.000001,0.000000,0.006065,0.000143,3.968000,0.013550,0.000000,0.000000,0.000119,0,0
276000000000,276300000000,6283499093,233,351604305,0.000282,0.001122,0.001926,0.000119,0.000295,0.001392,0.000002,0.000000,0.003597,0.000215,4.275000,0.014070,0.000000,0.000000,0.000135,0,0
276300000000,276600000000,6283499093,233,351604305,0.000336,0.001001,0.001925,0.000119,0.000159,0.001141,0.000002,0.000000,0.005821,0.000072,3.629000,0.011910,0.000000,0.000000,0.000167,0,0
276600000000,276900000000,6283499093,233,351604305,0.000315,0.001034,0.001925,0.000113,0.000173,0.001232,0.000000,0.000000,0.049260,0.000143,1.754000,0.003580,0.000000,0.000000,0.000120,0,0
276900000000,277200000000,6283499093,233,351604305,0.000270,0.000997,0.001925,0.000114,0.000208,0.001303,0.000000,0.000000,0.002991,0.000072,4.210000,0.013850,0.000000,0.000000,0.000246,0,0
277200000000,277469000000,6283499093,233,351604305,0.000238,0.000613,0.001925,0.000114,0.000201,0.000905,0.000012,0.000000,0.001158,0.002071,2.816000,0.008242,0.000000,0.000000,0.000130,0,0
277469000000,277482000000,6283499093,233,351604305,0.000196,0.000000,0.000000,0.000000,0.000000,0.000000,0.000099,0.000000,0.002541,0.000929,3.860000,0.012070,0.000000,0.000000,0.000000,0,0
277482000000,277484000000,6283499093,233,351604305,0.000000,0.000000,0.000000,0.000000,0.000000,0.000000,0.000000,0.000000,0.000000,0.000000,3.860000,0.012070,0.000000,0.000000,0.000000,0,0
