272493000000,272683000000,6283499093,234,4820058959,0.000000,0.000000,0.000000,0.000000,0.000000,0.000000,0.000000,0.000000,0.000000,0.000000,0.000000,0.000000,0.000000,0.000000,0.000000,0,0
272683000000,272700000000,6283499093,234,4820058959,0.000474,0.000137,0.001936,0.000039,0.000080,0.000353,0.003780,0.000000,0.002125,0.011640,0.000000,0.000000,0.000000,0.000000,0.000935,0,0
272700000000,273000000000,6283499093,234,4820058959,0.008820,0.001335,0.002033,0.000090,0.000216,0.002037,0.000127,0.000000,0.078250,0.015350,0.769400,0.000000,0.000000,0.000000,0.067870,0,0
273000000000,273300000000,6283499093,234,4820058959,0.000956,0.001245,0.001917,0.000076,0.000200,0.001604,0.000002,0.000000,0.067870,0.000143,3.597000,0.000000,0.000000,0.000000,0.000205,0,0
273300000000,273600000000,6283499093,234,4820058959,0.001396,0.001369,0.001913,0.000070,0.000269,0.001703,0.000067,0.000000,0.056030,0.010500,5.241000,0.000000,0.000000,0.000000,0.000507,0,0
273600000000,273900000000,6283499093,234,4820058959,0.000753,0.001293,0.001913,0.000067,0.000197,0.001627,0.000001,0.000000,0.005531,0.000215,4.702000,0.000000,0.000000,0.000000,0.001015,0,0
273900000000,274200000000,6283499093,234,4820058959,0.000471,0.001316,0.001917,0.000055,0.000210,0.001631,0.000003,0.000000,0.005318,0.000786,3.810000,0.000000,0.000000,0.000000,0.000098,0,0
274200000000,274500000000,6283499093,234,4820058959,0.000414,0.001293,0.001919,0.000053,0.000185,0.001629,0.000001,0.000000,0.004898,0.000143,2.256000,0.000000,0.000000,0.000000,0.000460,0,0
274500000000,274800000000,6283499093,234,4820058959,0.000458,0.001305,0.001919,0.000053,0.000196,0.001631,0.000001,0.000000,0.005226,0.000215,3.538000,0.000000,0.000000,0.000000,0.000680,0,0
274800000000,275100000000,6283499093,234,4820058959,0.000430,0.001272,0.001919,0.000053,0.000158,0.001635,0.000001,0.000000,0.001984,0.000072,3.202000,0.000000,0.000000,0.000000,0.000712,0,0
275100000000,275400000000,6283499093,234,4820058959,0.000450,0.001286,0.001917,0.000056,0.000181,0.001631,0.000051,0.000000,0.008240,0.007500,2.749000,0.000000,0.000000,0.000000,0.000194,0,0
275400000000,275700000000,6283499093,234,4820058959,0.000400,0.001266,0.001919,0.000053,0.000163,0.001625,0.000000,0.000000,0.007027,0.000000,2.727000,0.000000,0.000000,0.000000,0.000155,0,0
275700000000,276000000000,6283499093,234,4820058959,0.000369,0.001263,0.001921,0.000054,0.000160,0.001627,0.000003,0.000000,0.003410,0.000643,2.802000,0.000000,0.000000,0.000000,0.000213,0,0
276000000000,276300000000,6283499093,234,4820058959,0.000339,0.001247,0.001921,0.000054,0.000145,0.001623,0.000001,0.000000,0.005959,0.000072,3.108000,0.000000,0.000000,0.000000,0.000099,0,0
276300000000,276600000000,6283499093,234,4820058959,0.000394,0.001249,0.001919,0.000054,0.000141,0.001631,0.000002,0.000000,0.006256,0.000357,2.608000,0.000000,0.000000,0.000000,0.000294,0,0
276600000000,276900000000,6283499093,234,4820058959,0.000385,0.001261,0.001921,0.000054,0.000153,0.001629,0.000000,0.000000,0.005669,0.000000,3.295000,0.000000,0.000000,0.000000,0.000122,0,0
276900000000,277200000000,6283499093,234,4820058959,0.000356,0.001251,0.001919,0.000054,0.000140,0.001629,0.000001,0.000000,0.007919,0.000143,2.970000,0.000000,0.000000,0.000000,0.000180,0,0
277200000000,277500000000,6283499093,234,4820058959,0.000380,0.001280,0.001919,0.000054,0.000164,0.001631,0.000004,0.000000,0.008316,0.000286,2.939000,0.000000,0.000000,0.000000,0.000692,0,0
277500000000,277800000000,6283499093,234,4820058959,0.000374,0.001287,0.001919,0.000054,0.000177,0.001631,0.000008,0.000000,0.009460,0.000857,2.743000,0.000000,0.000000,0.000000,0.000224,0,0
277800000000,277849000000,6283499093,234,4820058959,0.000535,0.001225,0.001921,0.000056,0.000137,0.001627,0.000052,0.000000,0.006271,0.001249,2.450000,0.000000,0.000000,0.000000,0.000342,0,0
277849000000,277876000000,6283499093,234,4820058959,0.000189,0.000006,0.000000,0.000000,0.000000,0.000083,0.000031,0.000000,0.002552,0.000857,1.937000,0.000000,0.000000,0.000000,0.000000,0,0
277876000000,277879000000,6283499093,234,4820058959,0.000000,0.000000,0.000000,0.000000,0.000000,0.000000,0.000000,0.000000,0.000000,0.000000,1.937000,0.000000,0.000000,0.000000,0.000000,0,0
