272503000000,272531000000,6283499093,235,351662224,0.000000,0.000000,0.000000,0.000000,0.000000,0.000000,0.000000,0.000000,0.000000,0.000000,0.000000,0.000000,0.000000,0.000000,0.000000,0,0
272531000000,272700000000,6283499093,235,351662224,0.000571,0.001095,0.001925,0.000164,0.000345,0.001486,0.000600,0.000000,0.012680,0.018370,1.572000,0.003065,0.000000,0.000000,0.000619,0,0
272700000000,273000000000,6283499093,235,351662224,0.000317,0.001099,0.001925,0.000165,0.000387,0.001320,0.000000,0.000000,0.001650,0.000000,2.849000,0.008509,0.000000,0.000000,0.000222,0,0
273000000000,273300000000,6283499093,235,351662224,0.000320,0.001024,0.001925,0.000165,0.000315,0.001322,0.000001,0.000000,0.003540,0.000143,3.211000,0.009912,0.000000,0.000000,0.000153,0,0
273300000000,273600000000,6283499093,235,351662224,0.000313,0.000990,0.001923,0.000165,0.000275,0.001328,0.000000,0.000000,0.005074,0.000072,2.489000,0.006867,0.000000,0.000000,0.000154,0,0
273600000000,273900000000,6283499093,235,351662224,0.000303,0.000999,0.001925,0.000164,0.000280,0.001328,0.000001,0.000000,0.004333,0.000357,3.786000,0.012470,0.000000,0.000000,0.000101,0,0
273900000000,274200000000,6283499093,235,351662224,0.000305,0.001001,0.001925,0.000164,0.000280,0.001331,0.000002,0.000000,0.004570,0.000643,3.600000,0.011640,0.000000,0.000000,0.000198,0,0
274200000000,274500000000,6283499093,235,351662224,0.000291,0.000982,0.001925,0.000164,0.000258,0.001331,0.000004,0.000000,0.005287,0.000857,3.344000,0.010220,0.000000,0.000000,0.000247,0,0
274500000000,274800000000,6283499093,235,351662224,0.000349,0.001020,0.001923,0.000164,0.000290,0.001352,0.000004,0.000000,0.003551,0.000857,2.994000,0.009197,0.000000,0.000000,0.000270,0,0
274800000000,275100000000,6283499093,235,351662224,0.000344,0.001001,0.001923,0.000164,0.000257,0.001350,0.000000,0.000000,0.005760,0.000072,3.475000,0.011190,0.000000,0.000000,0.000242,0,0
275100000000,275400000000,6283499093,235,351662224,0.000570,0.001120,0.001923,0.000161,0.000331,0.001450,0.000037,0.000000,0.043700,0.005074,5.005000,0.018280,0.000000,0.000000,0.000241,0,0
275400000000,275700000000,6283499093,235,351662224,0.000384,0.001091,0.001921,0.000158,0.000283,0.001431,0.000000,0.000000,0.003662,0.000072,3.621000,0.012140,0.000000,0.000000,0.000544,0,0
275700000000,276000000000,6283499093,235,351662224,0.000351,0.001158,0.001923,0.000158,0.000349,0.001432,0.000000,0.000000,0.005753,0.000072,4.350000,0.014960,0.000000,0.000000,0.000255,0,0
276000000000,276300000000,6283499093,235,351662224,0.000320,0.001137,0.001923,0.000158,0.000327,0.001436,0.000006,0.000000,0.004692,0.000857,2.993000,0.009174,0.000000,0.000000,0.000498,0,0
276300000000,276600000000,6283499093,235,351662224,0.000328,0.001091,0.001923,0.000157,0.000282,0.001432,0.000001,0.000000,0.004761,0.000143,4.486000,0.014930,0.000000,0.000000,0.000324,0,0
276600000000,276900000000,6283499093,235,351662224,0.000326,0.001110,0.001923,0.000157,0.000298,0.001438,0.000000,0.000000,0.005150,0.000072,3.372000,0.010340,0.000000,0.000000,0.000689,0,0
276900000000,277200000000,6283499093,235,351662224,0.000321,0.001167,0.001923,0.000157,0.000350,0.001440,0.000003,0.000000,0.005196,0.000571,2.777000,0.008107,0.000000,0.000000,0.000241,0,0
277200000000,277500000000,6283499093,235,351662224,0.000305,0.001204,0.001923,0.000157,0.000384,0.001450,0.000003,0.000000,0.004539,0.000286,2.160000,0.005361,0.000000,0.000000,0.000514,0,0
277500000000,277800000000,6283499093,235,351662224,0.000297,0.001230,0.001925,0.000157,0.000400,0.001455,0.000010,0.000000,0.003445,0.000571,2.957000,0.008706,0.000000,0.000000,0.000078,0,0
277800000000,278100000000,6283499093,235,351662224,0.000405,0.001209,0.001930,0.000158,0.000588,0.001438,0.000010,0.000000,0.009537,0.000714,2.779000,0.008290,0.000000,0.000000,0.000148,0,0
278100000000,278400000000,6283499093,235,351662224,0.000376,0.001122,0.001930,0.000158,0.000624,0.001135,0.000004,0.000000,0.001961,0.000428,3.089000,0.010010,0.000000,0.000000,0.000177,0,0
278400000000,278489000000,6283499093,235,351662224,0.001232,0.001112,0.001930,0.000164,0.000625,0.001194,0.000010,0.000000,0.057560,0.000571,3.354000,0.011330,0.000000,0.000000,0.000162,0,0
278489000000,278499000000,6283499093,235,351662224,0.000311,0.000000,0.000000,0.000000,0.000000,0.000000,0.000000,0.000000,0.003113,0.000000,5.016000,0.018290,0.000000,0.000000,0.000000,0,0
278499000000,278500000000,6283499093,235,351662224,0.000000,0.000000,0.000000,0.000000,0.000000,0.000000,0.000000,0.000000,0.000000,0.000000,5.016000,0.018290,0.000000,0.000000,0.000000,0,0
