272491000000,272550000000,6283499093,236,682843,0.000000,0.000000,0.000000,0.000000,0.000000,0.000000,0.000000,0.000000,0.000000,0.000000,0.000000,0.000000,0.000000,0.000000,0.000000,0,0
272550000000,272700000000,6283499093,236,682843,0.000562,0.001032,0.001909,0.000147,0.000250,0.001442,0.000564,0.000000,0.011550,0.029080,1.273000,0.001582,0.000000,0.000000,0.000125,0,0
272700000000,273000000000,6283499093,236,682843,0.000591,0.000972,0.001913,0.000146,0.000209,0.001299,0.000017,0.000000,0.011670,0.004570,2.332000,0.006334,0.000000,0.000000,0.000419,0,0
273000000000,273300000000,6283499093,236,682843,0.000566,0.001308,0.001923,0.000148,0.000524,0.001381,0.000003,0.000000,0.005974,0.000714,4.215000,0.014730,0.000000,0.000000,0.000547,0,0
273300000000,273600000000,6283499093,236,682843,0.000508,0.001202,0.001923,0.000148,0.000412,0.001390,0.000000,0.000000,0.010450,0.000072,2.105000,0.005310,0.000000,0.000000,0.000471,0,0
273600000000,273900000000,6283499093,236,682843,0.002720,0.001207,0.001919,0.000153,0.000334,0.001726,0.000032,0.000000,0.072140,0.004860,0.591900,0.000192,0.000000,0.000000,0.000251,0,0
273900000000,274200000000,6283499093,236,682843,0.000544,0.001312,0.001921,0.000142,0.000360,0.001574,0.000000,0.000000,0.005005,0.000072,3.340000,0.010720,0.000000,0.000000,0.000501,0,0
274200000000,274500000000,6283499093,236,682843,0.000494,0.001328,0.001921,0.000142,0.000382,0.001560,0.000003,0.000000,0.005318,0.000857,3.253000,0.010480,0.000000,0.000000,0.000923,0,0
274500000000,274800000000,6283499093,236,682843,0.000380,0.001266,0.001923,0.000142,0.000333,0.001545,0.000000,0.000000,0.004410,0.000000,2.858000,0.008520,0.000000,0.000000,0.000119,0,0
274800000000,275100000000,6283499093,236,682843,0.000361,0.001297,0.001923,0.000142,0.000364,0.001545,0.000002,0.000000,0.005119,0.000571,2.503000,0.006872,0.000000,0.000000,0.000149,0,0
275100000000,275400000000,6283499093,236,682843,0.000430,0.001307,0.001923,0.000142,0.000373,0.001545,0.000003,0.000000,0.005051,0.000571,1.828000,0.004116,0.000000,0.000000,0.000470,0,0
275400000000,275700000000,6283499093,236,682843,0.000427,0.001308,0.001923,0.000143,0.000370,0.001549,0.000002,0.000000,0.002895,0.000571,2.879000,0.008611,0.000000,0.000000,0.000773,0,0
275700000000,276000000000,6283499093,236,682843,0.000396,0.001295,0.001923,0.000143,0.000360,0.001547,0.000000,0.000000,0.002777,0.000072,3.144000,0.009595,0.000000,0.000000,0.000298,0,0
276000000000,276300000000,6283499093,236,682843,0.000343,0.001308,0.001925,0.000143,0.000372,0.001549,0.000001,0.000000,0.023900,0.000143,2.664000,0.007235,0.000000,0.000000,0.000132,0,0
276300000000,276600000000,6283499093,236,682843,0.000343,0.001291,0.001925,0.000143,0.000351,0.001553,0.000003,0.000000,0.005821,0.000786,1.970000,0.004653,0.000000,0.000000,0.000508,0,0
276600000000,276900000000,6283499093,236,682843,0.000423,0.001291,0.001923,0.000145,0.000354,0.001549,0.000021,0.000000,0.009186,0.004356,2.796000,0.008362,0.000000,0.000000,0.000079,0,0
276900000000,277200000000,6283499093,236,682843,0.000426,0.001291,0.001923,0.000147,0.000363,0.001545,0.000000,0.000000,0.005234,0.000072,2.995000,0.009436,0.000000,0.000000,0.000288,0,0
277200000000,277500000000,6283499093,236,682843,0.000414,0.001236,0.001925,0.000177,0.000312,0.001543,0.000342,0.000000,0.006767,0.027010,2.824000,0.008337,0.000000,0.000000,0.000371,0,0
277500000000,277800000000,6283499093,236,682843,0.000330,0.001154,0.001926,0.000207,0.000269,0.001261,0.000227,0.000000,0.006081,0.021940,2.828000,0.008573,0.000000,0.000000,0.000421,0,0
277800000000,278100000000,6283499093,236,682843,0.000361,0.001196,0.001932,0.000298,0.000396,0.001261,0.000051,0.000000,0.007225,0.007858,2.518000,0.007510,0.000000,0.000000,0.000181,0,0
278100000000,278400000000,6283499093,236,682843,0.000405,0.001175,0.001930,0.000303,0.000404,0.001198,0.000020,0.000000,0.006073,0.004425,2.099000,0.005645,0.000000,0.000000,0.000239,0,0
278400000000,278700000000,6283499093,236,682843,0.000423,0.001186,0.001930,0.000310,0.000417,0.001209,0.000066,0.000000,0.005348,0.014860,2.014000,0.005284,0.000000,0.000000,0.000154,0,0
278700000000,279000000000,6283499093,236,682843,0.000377,0.001179,0.001930,0.000333,0.000448,0.001209,0.000004,0.000000,0.004791,0.000571,2.541000,0.007806,0.000000,0.000000,0.000119,0,0
279000000000,279300000000,6283499093,236,682843,0.000337,0.001175,0.001932,0.000333,0.000448,0.001186,0.000003,0.000000,0.001602,0.000215,2.298000,0.006494,0.000000,0.000000,0.000159,0,0
279300000000,279600000000,6283499093,236,682843,0.000383,0.001179,0.001932,0.000334,0.000449,0.001207,0.000005,0.000000,0.015930,0.000643,2.418000,0.007038,0.000000,0.000000,0.000276,0,0
279600000000,279900000000,6283499093,236,682843,0.000427,0.001190,0.001930,0.000355,0.000480,0.001209,0.000022,0.000000,0.006042,0.004425,2.821000,0.008051,0.000000,0.000000,0.000442,0,0
279900000000,280200000000,6283499093,236,682843,0.000443,0.001184,0.001930,0.000355,0.000482,0.001207,0.000010,0.000000,0.005898,0.001072,2.651000,0.007502,0.000000,0.000000,0.000286,0,0
280200000000,280500000000,6283499093,236,682843,0.000435,0.001173,0.001930,0.000355,0.000483,0.001190,0.000005,0.000000,0.005096,0.001358,2.627000,0.007327,0.000000,0.000000,0.000289,0,0
280500000000,280589000000,6283499093,236,682843,0.000446,0.001154,0.001930,0.000355,0.000483,0.001177,0.000332,0.000000,0.005310,0.029080,2.639000,0.007563,0.000000,0.000000,0.000220,0,0
280589000000,280598000000,6283499093,236,682843,0.000312,0.000000,0.000000,0.000000,0.000000,0.000000,0.000024,0.000000,0.002811,0.000215,3.327000,0.009989,0.000000,0.000000,0.000000,0,0
280598000000,280599000000,6283499093,236,682843,0.000000,0.000000,0.000000,0.000000,0.000000,0.000000,0.000000,0.000000,0.000000,0.000000,4.873000,0.015510,0.000000,0.000000,0.000000,0,0
