272500000000,272601000000,6283499093,237,336031679,0.000000,0.000000,0.000000,0.000000,0.000000,0.000000,0.000000,0.000000,0.000000,0.000000,0.000000,0.000000,0.000000,0.000000,0.000000,0,0
272601000000,272700000000,6283499093,237,336031679,0.000756,0.001265,0.001925,0.000175,0.000476,0.001509,0.001114,0.000000,0.046630,0.021940,1.214000,0.001735,0.000000,0.000000,0.000213,0,0
272700000000,273000000000,6283499093,237,336031679,0.000379,0.001225,0.001923,0.000175,0.000481,0.001427,0.000000,0.000000,0.004349,0.000072,2.510000,0.007351,0.000000,0.000000,0.000347,0,0
273000000000,273300000000,6283499093,237,336031679,0.000374,0.001194,0.001923,0.000175,0.000446,0.001369,0.000001,0.000000,0.004501,0.000072,2.873000,0.008863,0.000000,0.000000,0.000801,0,0
273300000000,273600000000,6283499093,237,336031679,0.005112,0.001369,0.002178,0.000168,0.000386,0.002216,0.000049,0.000000,0.082890,0.007004,1.095000,0.002143,0.000000,0.000000,0.001198,0,0
273600000000,273900000000,6283499093,237,336031679,0.000556,0.001368,0.001917,0.000156,0.000375,0.001667,0.000003,0.000000,0.005455,0.000500,3.736000,0.013040,0.000000,0.000000,0.000519,0,0
273900000000,274200000000,6283499093,237,336031679,0.000518,0.001326,0.001917,0.000139,0.000335,0.001606,0.000003,0.000000,0.003353,0.000571,3.611000,0.012360,0.000000,0.000000,0.000348,0,0
274200000000,274500000000,6283499093,237,336031679,0.000346,0.001333,0.001921,0.000116,0.000324,0.001595,0.000001,0.000000,0.001368,0.000143,2.862000,0.008797,0.000000,0.000000,0.000522,0,0
274500000000,274800000000,6283499093,237,336031679,0.000347,0.001324,0.001921,0.000116,0.000315,0.001596,0.000000,0.000000,0.005142,0.000000,2.538000,0.007422,0.000000,0.000000,0.000758,0,0
274800000000,275100000000,6283499093,237,336031679,0.000346,0.001326,0.001921,0.000116,0.000318,0.001591,0.000000,0.000000,0.004913,0.000143,2.407000,0.006576,0.000000,0.000000,0.000180,0,0
275100000000,275400000000,6283499093,237,336031679,0.000347,0.001318,0.001919,0.000116,0.000311,0.001596,0.000006,0.000000,0.002716,0.000999,2.556000,0.007518,0.000000,0.000000,0.000322,0,0
275400000000,275700000000,6283499093,237,336031679,0.000343,0.001337,0.001921,0.000116,0.000339,0.001583,0.000002,0.000000,0.005051,0.000571,2.436000,0.007036,0.000000,0.000000,0.000504,0,0
275700000000,276000000000,6283499093,237,336031679,0.000320,0.001328,0.001921,0.000117,0.000327,0.001587,0.000000,0.000000,0.005280,0.000072,2.630000,0.007871,0.000000,0.000000,0.000865,0,0
276000000000,276300000000,6283499093,237,336031679,0.000333,0.001318,0.001921,0.000117,0.000318,0.001585,0.000002,0.000000,0.004868,0.000143,2.086000,0.005525,0.000000,0.000000,0.000264,0,0
276300000000,276600000000,6283499093,237,336031679,0.000323,0.001316,0.001921,0.000117,0.000314,0.001587,0.000001,0.000000,0.004807,0.000072,2.435000,0.007000,0.000000,0.000000,0.000491,0,0
276600000000,276900000000,6283499093,237,336031679,0.000335,0.001314,0.001921,0.000117,0.000311,0.001591,0.000000,0.000000,0.010830,0.000072,2.471000,0.006996,0.000000,0.000000,0.000791,0,0
276900000000,277200000000,6283499093,237,336031679,0.000337,0.001331,0.001921,0.000117,0.000331,0.001585,0.000000,0.000000,0.004517,0.000072,2.175000,0.005696,0.000000,0.000000,0.000225,0,0
277200000000,277500000000,6283499093,237,336031679,0.000367,0.001310,0.001921,0.000117,0.000316,0.001585,0.000005,0.000000,0.005165,0.000571,2.514000,0.007299,0.000000,0.000000,0.000171,0,0
277500000000,277800000000,6283499093,237,336031679,0.000379,0.001310,0.001919,0.000117,0.000318,0.001585,0.000005,0.000000,0.005051,0.000714,2.737000,0.008383,0.000000,0.000000,0.000217,0,0
277800000000,278100000000,6283499093,237,336031679,0.000379,0.001326,0.001921,0.000116,0.000318,0.001591,0.000003,0.000000,0.004761,0.000072,2.518000,0.007176,0.000000,0.000000,0.000129,0,0
278100000000,278400000000,6283499093,237,336031679,0.000360,0.001347,0.001921,0.000116,0.000340,0.001593,0.000004,0.000000,0.005486,0.000571,2.480000,0.006978,0.000000,0.000000,0.000181,0,0
278400000000,278569000000,6283499093,237,336031679,0.000726,0.001305,0.001919,0.000118,0.000291,0.001637,0.000011,0.000000,0.060910,0.001143,2.769000,0.008151,0.000000,0.000000,0.000186,0,0
278569000000,278582000000,6283499093,237,336031679,0.000261,0.000000,0.000000,0.000000,0.000000,0.000000,0.000087,0.000000,0.003399,0.000643,2.429000,0.006438,0.000000,0.000000,0.000000,0,0
278582000000,278584000000,6283499093,237,336031679,0.000000,0.000000,0.000000,0.000000,0.000000,0.000000,0.000000,0.000000,0.000000,0.000000,2.429000,0.006438,0.000000,0.000000,0.000000,0,0
