272497000000,272700000000,6283499093,238,353713140,0.000000,0.000000,0.000000,0.000000,0.000000,0.000000,0.000000,0.000000,0.000000,0.000000,0.000000,0.000000,0.000000,0.000000,0.000000,0,0
272700000000,272737000000,6283499093,238,353713140,0.000000,0.000000,0.000000,0.000000,0.000000,0.000000,0.000000,0.000000,0.000000,0.000000,0.000000,0.000000,0.000000,0.000000,0.000000,0,0
272737000000,273000000000,6283499093,238,353713140,0.000500,0.001244,0.001928,0.000133,0.000512,0.001459,0.000222,0.000000,0.015550,0.011140,1.259000,0.001839,0.000000,0.000000,0.000251,0,0
273000000000,273300000000,6283499093,238,353713140,0.000367,0.001255,0.001926,0.000123,0.000459,0.001369,0.000001,0.000000,0.002899,0.000072,4.791000,0.017450,0.000000,0.000000,0.000197,0,0
273300000000,273600000000,6283499093,238,353713140,0.000339,0.001181,0.001925,0.000123,0.000392,0.001358,0.000000,0.000000,0.004326,0.000143,2.824000,0.008756,0.000000,0.000000,0.000463,0,0
273600000000,273900000000,6283499093,238,353713140,0.000281,0.001122,0.001925,0.000123,0.000332,0.001358,0.000000,0.000000,0.004036,0.000072,3.379000,0.010800,0.000000,0.000000,0.000705,0,0
273900000000,274200000000,6283499093,238,353713140,0.000301,0.001076,0.001925,0.000123,0.000283,0.001362,0.000011,0.000000,0.005386,0.003216,2.568000,0.007326,0.000000,0.000000,0.000192,0,0
274200000000,274500000000,6283499093,238,353713140,0.000320,0.001030,0.001923,0.000123,0.000236,0.001362,0.000001,0.000000,0.004410,0.000143,3.656000,0.011770,0.000000,0.000000,0.000104,0,0
274500000000,274800000000,6283499093,238,353713140,0.000440,0.001015,0.001923,0.000125,0.000189,0.001289,0.000024,0.000000,0.029480,0.005287,1.904000,0.004931,0.000000,0.000000,0.000111,0,0
274800000000,275100000000,6283499093,238,353713140,0.001818,0.001219,0.002048,0.000100,0.000243,0.001883,0.000046,0.000000,0.090210,0.010360,2.690000,0.008039,0.000000,0.000000,0.002777,0,0
275100000000,275400000000,6283499093,238,353713140,0.000560,0.001242,0.001921,0.000049,0.000201,0.001564,0.000001,0.000000,0.005219,0.000143,5.033000,0.019120,0.000000,0.000000,0.000338,0,0
275400000000,275700000000,6283499093,238,353713140,0.000455,0.001238,0.001921,0.000049,0.000204,0.001549,0.000000,0.000000,0.006020,0.000000,4.626000,0.017070,0.000000,0.000000,0.000591,0,0
275700000000,276000000000,6283499093,238,353713140,0.000300,0.001196,0.001923,0.000049,0.000166,0.001547,0.000003,0.000000,0.002674,0.000643,2.763000,0.008122,0.000000,0.000000,0.000151,0,0
276000000000,276300000000,6283499093,238,353713140,0.000325,0.001196,0.001925,0.000049,0.000167,0.001547,0.000001,0.000000,0.008118,0.000143,3.024000,0.009614,0.000000,0.000000,0.000217,0,0
276300000000,276600000000,6283499093,238,353713140,0.000351,0.001198,0.001923,0.000049,0.000171,0.001545,0.000005,0.000000,0.005295,0.000643,3.703000,0.012400,0.000000,0.000000,0.000138,0,0
276600000000,276900000000,6283499093,238,353713140,0.000329,0.001205,0.001923,0.000049,0.000176,0.001543,0.000016,0.000000,0.001368,0.004425,3.654000,0.012060,0.000000,0.000000,0.000714,0,0
276900000000,277200000000,6283499093,238,353713140,0.000288,0.001211,0.001923,0.000049,0.000186,0.001541,0.000000,0.000000,0.004791,0.000072,3.165000,0.009591,0.000000,0.000000,0.000076,0,0
277200000000,277500000000,6283499093,238,353713140,0.000297,0.001196,0.001925,0.000049,0.000166,0.001547,0.000023,0.000000,0.006950,0.002857,3.016000,0.009212,0.000000,0.000000,0.000628,0,0
277500000000,277800000000,6283499093,238,353713140,0.000327,0.001148,0.001923,0.000056,0.000120,0.001541,0.000105,0.000000,0.002460,0.022000,2.697000,0.007880,0.000000,0.000000,0.000244,0,0
277800000000,278100000000,6283499093,238,353713140,0.000361,0.001139,0.001925,0.000057,0.000106,0.001219,0.000008,0.000000,0.005035,0.000643,3.114000,0.009824,0.000000,0.000000,0.000239,0,0
278100000000,278211000000,6283499093,238,353713140,0.000374,0.001118,0.001926,0.000061,0.000097,0.001219,0.000580,0.000000,0.006935,0.026210,2.851000,0.009209,0.000000,0.000000,0.000081,0,0
278211000000,278226000000,6283499093,238,353713140,0.000293,0.000000,0.000000,0.000000,0.000000,0.000000,0.000043,0.000000,0.004395,0.000643,5.718000,0.020840,0.000000,0.000000,0.000000,0,0
278226000000,278227000000,6283499093,238,353713140,0.000000,0.000000,0.000000,0.000000,0.000000,0.000000,0.000072,0.000000,0.000000,0.000072,5.718000,0.020840,0.000000,0.000000,0.000000,0,0
