272506000000,272562000000,6283499093,239,2072117986,0.000000,0.000000,0.000000,0.000000,0.000000,0.000000,0.000000,0.000000,0.000000,0.000000,0.000000,0.000000,0.000000,0.000000,0.000000,0,0
272562000000,272700000000,6283499093,239,2072117986,0.000625,0.001019,0.001926,0.000139,0.000221,0.001476,0.000650,0.000000,0.015690,0.019780,1.383000,0.002112,0.000000,0.000000,0.000378,0,0
272700000000,273000000000,6283499093,239,2072117986,0.000358,0.000962,0.001925,0.000140,0.000216,0.001320,0.000000,0.000000,0.003937,0.000072,2.986000,0.008325,0.000000,0.000000,0.000287,0,0
273000000000,273300000000,6283499093,239,2072117986,0.000340,0.001049,0.001925,0.000125,0.000288,0.001329,0.000001,0.000000,0.004341,0.000143,2.444000,0.006336,0.000000,0.000000,0.000099,0,0
273300000000,273600000000,6283499093,239,2072117986,0.000313,0.001122,0.001926,0.000125,0.000361,0.001329,0.000000,0.000000,0.003952,0.000072,2.340000,0.005779,0.000000,0.000000,0.000053,0,0
273600000000,273900000000,6283499093,239,2072117986,0.000326,0.001139,0.001928,0.000124,0.000378,0.001331,0.000000,0.000000,0.004059,0.000143,2.409000,0.006013,0.000000,0.000000,0.000158,0,0
273900000000,274200000000,6283499093,239,2072117986,0.000344,0.000973,0.001925,0.000125,0.000208,0.001333,0.000001,0.000000,0.004288,0.000286,2.538000,0.006749,0.000000,0.000000,0.000485,0,0
274200000000,274500000000,6283499093,239,2072117986,0.000328,0.001068,0.001926,0.000124,0.000303,0.001333,0.000001,0.000000,0.004135,0.000143,2.423000,0.006625,0.000000,0.000000,0.000304,0,0
274500000000,274800000000,6283499093,239,2072117986,0.000315,0.000980,0.001925,0.000122,0.000214,0.001335,0.000000,0.000000,0.004158,0.000072,2.742000,0.007664,0.000000,0.000000,0.000178,0,0
274800000000,275100000000,6283499093,239,2072117986,0.000340,0.001085,0.001926,0.000122,0.000317,0.001337,0.000000,0.000000,0.003517,0.000072,2.402000,0.006321,0.000000,0.000000,0.000326,0,0
275100000000,275400000000,6283499093,239,2072117986,0.000336,0.000958,0.001925,0.000122,0.000189,0.001333,0.000001,0.000000,0.004387,0.000072,2.561000,0.006862,0.000000,0.000000,0.000653,0,0
275400000000,275700000000,6283499093,239,2072117986,0.000318,0.001097,0.001926,0.000122,0.000329,0.001335,0.000000,0.000000,0.001616,0.000072,2.400000,0.005992,0.000000,0.000000,0.000618,0,0
275700000000,276000000000,6283499093,239,2072117986,0.000316,0.001133,0.001928,0.000122,0.000365,0.001335,0.000000,0.000000,0.004509,0.000072,2.286000,0.005667,0.000000,0.000000,0.000645,0,0
276000000000,276300000000,6283499093,239,2072117986,0.000318,0.001001,0.001926,0.000122,0.000233,0.001337,0.000001,0.000000,0.007584,0.000143,2.295000,0.005758,0.000000,0.000000,0.000148,0,0
276300000000,276600000000,6283499093,239,2072117986,0.000315,0.001057,0.001926,0.000122,0.000286,0.001337,0.000001,0.000000,0.004631,0.000072,2.316000,0.005890,0.000000,0.000000,0.000141,0,0
276600000000,276900000000,6283499093,239,2072117986,0.000311,0.000999,0.001925,0.000122,0.000228,0.001337,0.000000,0.000000,0.004379,0.000072,2.301000,0.005916,0.000000,0.000000,0.000138,0,0
276900000000,277200000000,6283499093,239,2072117986,0.000316,0.000992,0.001926,0.000122,0.000219,0.001339,0.000000,0.000000,0.004196,0.000000,2.568000,0.006944,0.000000,0.000000,0.000119,0,0
277200000000,277500000000,6283499093,239,2072117986,0.000380,0.001114,0.001925,0.000120,0.000323,0.001400,0.000002,0.000000,0.007263,0.000143,2.250000,0.005806,0.000000,0.000000,0.000453,0,0
277500000000,277800000000,6283499093,239,2072117986,0.000383,0.001041,0.001923,0.000115,0.000216,0.001400,0.000005,0.000000,0.004898,0.000428,2.762000,0.007956,0.000000,0.000000,0.000366,0,0
277800000000,277912000000,6283499093,239,2072117986,0.000380,0.001007,0.001923,0.000115,0.000182,0.001400,0.000003,0.000000,0.005379,0.000072,2.717000,0.007846,0.000000,0.000000,0.000415,0,0
277912000000,277919000000,6283499093,239,2072117986,0.002972,0.001202,0.001928,0.000191,0.000406,0.001425,0.001133,0.000000,0.035520,0.004143,2.714000,0.007654,0.000000,0.000000,0.035520,0,0
277919000000,277930000000,6283499093,239,2072117986,0.000202,0.000000,0.000000,0.000000,0.000000,0.000000,0.000125,0.000000,0.002224,0.001429,2.714000,0.007654,0.000000,0.000000,0.000000,1,0
277930000000,277934000000,6283499093,239,2072117986,0.000000,0.000000,0.000000,0.000000,0.000000,0.000000,0.000024,0.000000,0.000000,0.000072,2.714000,0.007654,0.000000,0.000000,0.000000,0,0
277973000000,278072000000,6283499093,239,4802479771,0.000243,0.000388,0.001886,0.000020,0.000054,0.000777,0.000040,0.000000,0.017880,0.001858,1.106000,0.000000,0.000000,0.000000,0.000034,0,0
278072000000,278090000000,6283499093,239,4802479771,0.000093,0.000000,0.000000,0.000000,0.000000,0.000000,0.000119,0.000000,0.001661,0.002144,7.312000,0.000000,0.000000,0.000000,0.000000,0,0
278090000000,278091000000,6283499093,239,4802479771,0.000000,0.000000,0.000000,0.000000,0.000000,0.000000,0.000000,0.000000,0.000000,0.000000,7.312000,0.000000,0.000000,0.000000,0.000000,0,0
278091000000,278100000000,6283499093,239,4802479771,0.000000,0.000000,0.000000,0.000000,0.000000,0.000000,0.000000,0.000000,0.000000,0.000000,0.000000,0.000000,0.000000,0.000000,0.000000,0,0
