272498000000,272585000000,6283499093,24,5069594089,0.000000,0.000000,0.000000,0.000000,0.000000,0.000000,0.000000,0.000000,0.000000,0.000000,0.000000,0.000000,0.000000,0.000000,0.000000,0,0
272585000000,272700000000,6283499093,24,5069594089,0.000601,0.000945,0.001923,0.000070,0.000133,0.001247,0.000394,0.000000,0.029360,0.015430,1.245000,0.002279,0.000000,0.000000,0.000135,0,0
272700000000,273000000000,6283499093,24,5069594089,0.000320,0.000926,0.001925,0.000069,0.000122,0.001328,0.000001,0.000000,0.010270,0.000357,2.343000,0.006492,0.000000,0.000000,0.000373,0,0
273000000000,273300000000,6283499093,24,5069594089,0.000356,0.001060,0.001923,0.000067,0.000235,0.001343,0.000008,0.000000,0.005074,0.001785,2.961000,0.008976,0.000000,0.000000,0.000158,0,0
273300000000,273600000000,6283499093,24,5069594089,0.000340,0.001045,0.001925,0.000069,0.000218,0.001341,0.000000,0.000000,0.005524,0.000072,3.271000,0.010410,0.000000,0.000000,0.000525,0,0
273600000000,273900000000,6283499093,24,5069594089,0.000526,0.000994,0.001923,0.000071,0.000134,0.001364,0.000018,0.000000,0.015960,0.004356,1.972000,0.004862,0.000000,0.000000,0.000358,0,0
273900000000,274200000000,6283499093,24,5069594089,0.000445,0.001017,0.001921,0.000072,0.000133,0.001364,0.000000,0.000000,0.005577,0.000072,2.854000,0.009171,0.000000,0.000000,0.000406,0,0
274200000000,274500000000,6283499093,24,5069594089,0.000380,0.001036,0.001923,0.000069,0.000151,0.001362,0.000003,0.000000,0.005661,0.000643,3.344000,0.010950,0.000000,0.000000,0.000202,0,0
274500000000,274800000000,6283499093,24,5069594089,0.000328,0.001038,0.001923,0.000069,0.000153,0.001362,0.000000,0.000000,0.001514,0.000072,3.628000,0.011730,0.000000,0.000000,0.000263,0,0
274800000000,275100000000,6283499093,24,5069594089,0.000297,0.001038,0.001923,0.000069,0.000155,0.001356,0.000000,0.000000,0.004463,0.000072,2.816000,0.008133,0.000000,0.000000,0.000165,0,0
275100000000,275400000000,6283499093,24,5069594089,0.000300,0.001030,0.001923,0.000069,0.000149,0.001343,0.000000,0.000000,0.004700,0.000000,2.632000,0.007553,0.000000,0.000000,0.000202,0,0
275400000000,275700000000,6283499093,24,5069594089,0.000297,0.001028,0.001923,0.000069,0.000146,0.001341,0.000006,0.000000,0.004311,0.000714,3.299000,0.010140,0.000000,0.000000,0.000120,0,0
275700000000,276000000000,6283499093,24,5069594089,0.000414,0.001007,0.001923,0.000071,0.000123,0.001221,0.000027,0.000000,0.027920,0.004715,3.186000,0.010120,0.000000,0.000000,0.000139,0,0
276000000000,276300000000,6283499093,24,5069594089,0.000441,0.001017,0.001923,0.000073,0.000108,0.001257,0.000007,0.000000,0.005051,0.001499,3.102000,0.009812,0.000000,0.000000,0.000771,0,0
276300000000,276600000000,6283499093,24,5069594089,0.000408,0.001009,0.001925,0.000071,0.000099,0.001425,0.000000,0.000000,0.001928,0.000072,2.802000,0.008639,0.000000,0.000000,0.000235,0,0
276600000000,276900000000,6283499093,24,5069594089,0.000318,0.001080,0.001923,0.000071,0.000164,0.001429,0.000001,0.000000,0.003510,0.000072,2.271000,0.006318,0.000000,0.000000,0.000588,0,0
276900000000,277200000000,6283499093,24,5069594089,0.000308,0.001066,0.001923,0.000071,0.000154,0.001417,0.000000,0.000000,0.004936,0.000000,2.516000,0.007236,0.000000,0.000000,0.000328,0,0
277200000000,277500000000,6283499093,24,5069594089,0.000304,0.001047,0.001925,0.000071,0.000133,0.001371,0.000003,0.000000,0.003967,0.000143,3.333000,0.010300,0.000000,0.000000,0.001350,0,0
277500000000,277769000000,6283499093,24,5069594089,0.001356,0.001144,0.001923,0.000073,0.000175,0.001591,0.000050,0.000000,0.071900,0.005074,0.686900,0.000588,0.000000,0.000000,0.000745,0,0
277769000000,277781000000,6283499093,24,5069594089,0.000302,0.000000,0.000000,0.000000,0.000000,0.000000,0.000066,0.000000,0.003628,0.000786,0.580000,0.000197,0.000000,0.000000,0.000000,0,0
277781000000,277782000000,6283499093,24,5069594089,0.000000,0.000000,0.000000,0.000000,0.000000,0.000000,0.000000,0.000000,0.000000,0.000000,0.580000,0.000197,0.000000,0.000000,0.000000,0,0
