272494000000,272593000000,6283499093,240,30790401,0.000000,0.000000,0.000000,0.000000,0.000000,0.000000,0.000000,0.000000,0.000000,0.000000,0.000000,0.000000,0.000000,0.000000,0.000000,0,0
272593000000,272700000000,6283499093,240,30790401,0.000628,0.001217,0.001926,0.000114,0.000439,0.001442,0.001047,0.000000,0.016270,0.017790,1.619000,0.003387,0.000000,0.000000,0.000406,0,0
272700000000,273000000000,6283499093,240,30790401,0.000331,0.001188,0.001925,0.000115,0.000415,0.001362,0.000000,0.000000,0.004005,0.000072,2.149000,0.005655,0.000000,0.000000,0.000145,0,0
273000000000,273300000000,6283499093,240,30790401,0.002781,0.001137,0.001923,0.000116,0.000298,0.001738,0.000012,0.000000,0.078250,0.001358,1.033000,0.001811,0.000000,0.000000,0.000384,0,0
273300000000,273600000000,6283499093,240,30790401,0.002666,0.001274,0.001923,0.000119,0.000220,0.001722,0.000014,0.000000,0.075320,0.001715,0.581400,0.000209,0.000000,0.000000,0.000203,0,0
273600000000,273900000000,6283499093,240,30790401,0.002270,0.001326,0.001921,0.000122,0.000237,0.001722,0.000011,0.000000,0.067630,0.001429,0.723400,0.000521,0.000000,0.000000,0.000247,0,0
273900000000,274200000000,6283499093,240,30790401,0.001652,0.001400,0.001923,0.000116,0.000297,0.001709,0.000008,0.000000,0.070560,0.001072,0.698400,0.000655,0.000000,0.000000,0.000158,0,0
274200000000,274500000000,6283499093,240,30790401,0.000331,0.001329,0.001923,0.000115,0.000258,0.001682,0.000005,0.000000,0.004929,0.000571,0.812700,0.001048,0.000000,0.000000,0.000108,0,0
274500000000,274800000000,6283499093,240,30790401,0.000303,0.001284,0.001923,0.000112,0.000218,0.001627,0.000000,0.000000,0.004288,0.000000,2.178000,0.005748,0.000000,0.000000,0.000158,0,0
274800000000,275100000000,6283499093,240,30790401,0.000282,0.001320,0.001923,0.000112,0.000256,0.001629,0.000000,0.000000,0.003799,0.000072,1.961000,0.004886,0.000000,0.000000,0.000145,0,0
275100000000,275400000000,6283499093,240,30790401,0.000286,0.001331,0.001923,0.000113,0.000277,0.001631,0.000001,0.000000,0.003563,0.000072,1.825000,0.004280,0.000000,0.000000,0.000262,0,0
275400000000,275700000000,6283499093,240,30790401,0.000308,0.001303,0.001923,0.000113,0.000252,0.001612,0.000000,0.000000,0.004417,0.000072,2.172000,0.005658,0.000000,0.000000,0.000177,0,0
275700000000,276000000000,6283499093,240,30790401,0.000313,0.001297,0.001921,0.000113,0.000242,0.001617,0.000001,0.000000,0.001516,0.000072,2.352000,0.006695,0.000000,0.000000,0.000177,0,0
276000000000,276300000000,6283499093,240,30790401,0.002941,0.001316,0.001921,0.000118,0.000228,0.001801,0.000048,0.000000,0.080570,0.005501,0.801900,0.001017,0.000000,0.000000,0.000197,0,0
276300000000,276600000000,6283499093,240,30790401,0.000377,0.001274,0.001919,0.000116,0.000237,0.001642,0.000004,0.000001,0.001699,0.000714,0.750400,0.000767,0.000000,0.000000,0.000445,0,0
276600000000,276900000000,6283499093,240,30790401,0.000365,0.001297,0.001919,0.000116,0.000271,0.001608,0.000000,0.000001,0.004395,0.000072,2.444000,0.006881,0.000000,0.000000,0.000576,0,0
276900000000,277200000000,6283499093,240,30790401,0.000290,0.001303,0.001921,0.000116,0.000264,0.001627,0.000000,0.000001,0.004211,0.000072,1.981000,0.004951,0.000000,0.000000,0.000067,0,0
277200000000,277500000000,6283499093,240,30790401,0.000298,0.001280,0.001921,0.000116,0.000240,0.001623,0.000002,0.000001,0.004890,0.000072,2.022000,0.005121,0.000000,0.000000,0.000116,0,0
277500000000,277800000000,6283499093,240,30790401,0.000317,0.001308,0.001921,0.000116,0.000267,0.001627,0.000003,0.000001,0.004707,0.000072,1.997000,0.004953,0.000000,0.000000,0.000110,0,0
277800000000,278100000000,6283499093,240,30790401,0.000332,0.001305,0.001921,0.000113,0.000270,0.001627,0.000010,0.000001,0.004501,0.001143,2.125000,0.005801,0.000000,0.000000,0.000344,0,0
278100000000,278400000000,6283499093,240,30790401,0.000330,0.001284,0.001921,0.000111,0.000248,0.001616,0.000017,0.000001,0.004410,0.002857,2.422000,0.006915,0.000000,0.000000,0.000090,0,0
278400000000,278700000000,6283499093,240,30790401,0.000295,0.001289,0.001921,0.000111,0.000255,0.001617,0.000006,0.000001,0.004982,0.000643,1.969000,0.004897,0.000000,0.000000,0.000104,0,0
278700000000,279000000000,6283499093,240,30790401,0.000301,0.001352,0.001925,0.000183,0.000333,0.001619,0.000421,0.000001,0.004799,0.021420,2.166000,0.005954,0.000000,0.000000,0.000424,0,0
279000000000,279300000000,6283499093,240,30790401,0.000341,0.001261,0.001928,0.000325,0.000436,0.001343,0.000161,0.000001,0.005409,0.039550,2.450000,0.007689,0.000000,0.000000,0.000570,0,0
279300000000,279600000000,6283499093,240,30790401,0.000312,0.001221,0.001928,0.000330,0.000447,0.001234,0.000006,0.000001,0.004547,0.001143,2.192000,0.006622,0.000000,0.000000,0.000630,0,0
279600000000,279900000000,6283499093,240,30790401,0.000359,0.001238,0.001928,0.000330,0.000456,0.001247,0.000025,0.000001,0.006973,0.004143,2.246000,0.006787,0.000000,0.000000,0.000143,0,0
279900000000,280200000000,6283499093,240,30790401,0.000346,0.001228,0.001928,0.000329,0.000457,0.001247,0.000006,0.000001,0.005409,0.000643,2.286000,0.007151,0.000000,0.000000,0.000202,0,0
280200000000,280500000000,6283499093,240,30790401,0.000333,0.001234,0.001928,0.000330,0.000458,0.001238,0.000001,0.000001,0.004318,0.000072,2.198000,0.006617,0.000000,0.000000,0.000332,0,0
280500000000,280800000000,6283499093,240,30790401,0.000295,0.001228,0.001928,0.000330,0.000458,0.001245,0.000002,0.000001,0.004639,0.000143,1.971000,0.005399,0.000000,0.000000,0.000140,0,0
280800000000,280850000000,6283499093,240,30790401,0.001177,0.001236,0.001926,0.000336,0.000464,0.001318,0.000832,0.000001,0.026310,0.023500,1.910000,0.005195,0.000000,0.000000,0.000196,0,0
280850000000,280860000000,6283499093,240,30790401,0.000188,0.000000,0.000000,0.000000,0.000000,0.000000,0.000593,0.000001,0.001877,0.003071,1.756000,0.004510,0.000000,0.000000,0.000000,0,0
280860000000,280861000000,6283499093,240,30790401,0.000000,0.000000,0.000000,0.000000,0.000000,0.000000,0.000000,0.000001,0.000000,0.000000,1.418000,0.003003,0.000000,0.000000,0.000000,0,0
