272489000000,272700000000,6283499093,241,431073236,0.000000,0.000000,0.000000,0.000000,0.000000,0.000000,0.000000,0.000000,0.000000,0.000000,0.000000,0.000000,0.000000,0.000000,0.000000,0,0
272700000000,272707000000,6283499093,241,431073236,0.000000,0.000000,0.000000,0.000000,0.000000,0.000000,0.000000,0.000000,0.000000,0.000000,0.000000,0.000000,0.000000,0.000000,0.000000,0,0
272707000000,273000000000,6283499093,241,431073236,0.000439,0.000990,0.001925,0.000100,0.000206,0.001440,0.000094,0.000000,0.022550,0.003998,4.175000,0.014600,0.000000,0.000000,0.000791,0,0
273000000000,273300000000,6283499093,241,431073236,0.002647,0.001024,0.001991,0.000099,0.000121,0.001928,0.000017,0.000000,0.072510,0.002499,4.602000,0.016210,0.000000,0.000000,0.000353,0,0
273300000000,273600000000,6283499093,241,431073236,0.000577,0.001225,0.001930,0.000020,0.000105,0.001654,0.000011,0.000000,0.006546,0.002430,4.722000,0.017020,0.000000,0.000000,0.000286,0,0
273600000000,273900000000,6283499093,241,431073236,0.000661,0.001183,0.001926,0.000017,0.000088,0.001577,0.000000,0.000000,0.005150,0.000143,5.089000,0.018480,0.000000,0.000000,0.000429,0,0
273900000000,274200000000,6283499093,241,431073236,0.000729,0.001181,0.001928,0.000019,0.000075,0.001589,0.000017,0.000000,0.017330,0.003071,2.422000,0.007352,0.000000,0.000000,0.000445,0,0
274200000000,274500000000,6283499093,241,431073236,0.000515,0.001209,0.001930,0.000018,0.000110,0.001587,0.000003,0.000000,0.007370,0.000500,2.555000,0.007155,0.000000,0.000000,0.001753,0,0
274500000000,274800000000,6283499093,241,431073236,0.000561,0.001228,0.001928,0.000019,0.000129,0.001587,0.000010,0.000000,0.007072,0.001358,2.109000,0.005421,0.000000,0.000000,0.000320,0,0
274800000000,275100000000,6283499093,241,431073236,0.000437,0.001207,0.001930,0.000018,0.000107,0.001585,0.000000,0.000000,0.005089,0.000000,3.710000,0.012210,0.000000,0.000000,0.000064,0,0
275100000000,275400000000,6283499093,241,431073236,0.000332,0.001188,0.001932,0.000018,0.000090,0.001583,0.000003,0.000000,0.006004,0.000357,3.141000,0.009265,0.000000,0.000000,0.000251,0,0
275400000000,275700000000,6283499093,241,431073236,0.000325,0.001198,0.001932,0.000018,0.000099,0.001583,0.000000,0.000000,0.005180,0.000000,2.442000,0.006390,0.000000,0.000000,0.000264,0,0
275700000000,276000000000,6283499093,241,431073236,0.000300,0.001219,0.001930,0.000018,0.000119,0.001585,0.000002,0.000000,0.001499,0.000357,2.635000,0.007321,0.000000,0.000000,0.000128,0,0
276000000000,276300000000,6283499093,241,431073236,0.000308,0.001204,0.001932,0.000018,0.000105,0.001583,0.000002,0.000000,0.005394,0.000215,3.391000,0.010320,0.000000,0.000000,0.000086,0,0
276300000000,276600000000,6283499093,241,431073236,0.000298,0.001215,0.001932,0.000018,0.000112,0.001587,0.000002,0.000000,0.005096,0.000357,2.454000,0.006591,0.000000,0.000000,0.000709,0,0
276600000000,276900000000,6283499093,241,431073236,0.000284,0.001207,0.001932,0.000018,0.000106,0.001587,0.000000,0.000000,0.006783,0.000000,3.967000,0.012220,0.000000,0.000000,0.000193,0,0
276900000000,277200000000,6283499093,241,431073236,0.000308,0.001198,0.001932,0.000019,0.000094,0.001587,0.000000,0.000000,0.005074,0.000072,3.829000,0.011690,0.000000,0.000000,0.000814,0,0
277200000000,277500000000,6283499093,241,431073236,0.000327,0.001213,0.001932,0.000019,0.000109,0.001591,0.000005,0.000000,0.003086,0.000571,2.815000,0.008356,0.000000,0.000000,0.000267,0,0
277500000000,277800000000,6283499093,241,431073236,0.000318,0.001198,0.001932,0.000027,0.000093,0.001591,0.000261,0.000000,0.002785,0.028140,2.706000,0.008122,0.000000,0.000000,0.000228,0,0
277800000000,278100000000,6283499093,241,431073236,0.000294,0.001186,0.001932,0.000034,0.000093,0.001398,0.000005,0.000000,0.005676,0.000357,3.470000,0.011040,0.000000,0.000000,0.000635,0,0
278100000000,278400000000,6283499093,241,431073236,0.000324,0.001163,0.001932,0.000034,0.000077,0.001387,0.000004,0.000000,0.005806,0.000428,3.195000,0.009572,0.000000,0.000000,0.000129,0,0
278400000000,278700000000,6283499093,241,431073236,0.000363,0.001186,0.001934,0.000037,0.000086,0.001310,0.000026,0.000000,0.002918,0.005074,2.457000,0.006733,0.000000,0.000000,0.000260,0,0
278700000000,278919000000,6283499093,241,431073236,0.001657,0.001225,0.001932,0.000042,0.000093,0.001390,0.000153,0.000000,0.047670,0.017360,0.655200,0.000483,0.000000,0.000000,0.000139,0,0
278919000000,278931000000,6283499093,241,431073236,0.000338,0.000000,0.000000,0.000000,0.000000,0.000000,0.000375,0.000000,0.004051,0.004143,3.041000,0.009753,0.000000,0.000000,0.000000,0,0
278931000000,278932000000,6283499093,241,431073236,0.000000,0.000000,0.000000,0.000000,0.000000,0.000000,0.000000,0.000000,0.000000,0.000000,3.041000,0.009753,0.000000,0.000000,0.000000,0,0
