272491000000,272633000000,6283499093,242,4802894130,0.000000,0.000000,0.000000,0.000000,0.000000,0.000000,0.000000,0.000000,0.000000,0.000000,0.000000,0.000000,0.000000,0.000000,0.000000,0,0
272633000000,272700000000,6283499093,242,4802894130,0.000695,0.000902,0.001923,0.000093,0.000276,0.001448,0.000824,0.000000,0.030030,0.009140,2.485000,0.000000,0.000000,0.000000,0.000522,0,0
272700000000,273000000000,6283499093,242,4802894130,0.000350,0.001032,0.001921,0.000103,0.000210,0.001429,0.000001,0.000000,0.004005,0.000143,2.241000,0.000000,0.000000,0.000000,0.000142,0,0
273000000000,273300000000,6283499093,242,4802894130,0.000327,0.000970,0.001921,0.000103,0.000157,0.001167,0.000001,0.000000,0.004051,0.000143,2.885000,0.000000,0.000000,0.000000,0.000187,0,0
273300000000,273600000000,6283499093,242,4802894130,0.000298,0.000940,0.001921,0.000103,0.000123,0.001066,0.000002,0.000000,0.003975,0.000357,2.560000,0.000000,0.000000,0.000000,0.000124,0,0
273600000000,273900000000,6283499093,242,4802894130,0.000390,0.000969,0.001921,0.000095,0.000138,0.001139,0.000001,0.000000,0.014370,0.000143,1.758000,0.000000,0.000000,0.000000,0.000133,0,0
273900000000,274200000000,6283499093,242,4802894130,0.000345,0.000984,0.001923,0.000095,0.000132,0.001137,0.000000,0.000000,0.004242,0.000072,2.597000,0.000000,0.000000,0.000000,0.000152,0,0
274200000000,274500000000,6283499093,242,4802894130,0.000370,0.000980,0.001921,0.000095,0.000130,0.001123,0.000002,0.000000,0.004555,0.000215,2.333000,0.000000,0.000000,0.000000,0.000730,0,0
274500000000,274800000000,6283499093,242,4802894130,0.000407,0.001005,0.001919,0.000096,0.000128,0.001135,0.000016,0.000000,0.011030,0.004211,2.126000,0.000000,0.000000,0.000000,0.000227,0,0
274800000000,275100000000,6283499093,242,4802894130,0.000399,0.001019,0.001919,0.000095,0.000134,0.001163,0.000001,0.000000,0.004570,0.000143,2.482000,0.000000,0.000000,0.000000,0.000284,0,0
275100000000,275400000000,6283499093,242,4802894130,0.000350,0.001032,0.001921,0.000095,0.000145,0.001171,0.000001,0.000000,0.004745,0.000072,3.294000,0.000000,0.000000,0.000000,0.000219,0,0
275400000000,275700000000,6283499093,242,4802894130,0.000306,0.001020,0.001923,0.000095,0.000132,0.001169,0.000000,0.000000,0.004715,0.000072,2.577000,0.000000,0.000000,0.000000,0.000339,0,0
275700000000,276000000000,6283499093,242,4802894130,0.000287,0.001024,0.001923,0.000095,0.000134,0.001175,0.000002,0.000000,0.004257,0.000643,2.382000,0.000000,0.000000,0.000000,0.000567,0,0
276000000000,276300000000,6283499093,242,4802894130,0.000297,0.001028,0.001921,0.000095,0.000136,0.001173,0.000001,0.000000,0.001892,0.000143,3.009000,0.000000,0.000000,0.000000,0.000122,0,0
276300000000,276600000000,6283499093,242,4802894130,0.000284,0.001028,0.001921,0.000095,0.000137,0.001173,0.000007,0.000000,0.001188,0.001642,2.436000,0.000000,0.000000,0.000000,0.000147,0,0
276600000000,276900000000,6283499093,242,4802894130,0.000315,0.001030,0.001923,0.000095,0.000138,0.001173,0.000001,0.000000,0.004387,0.000072,2.428000,0.000000,0.000000,0.000000,0.000182,0,0
276900000000,277200000000,6283499093,242,4802894130,0.000692,0.001177,0.001919,0.000100,0.000233,0.001532,0.000017,0.000000,0.062740,0.004501,0.838700,0.000000,0.000000,0.000000,0.000204,0,0
277200000000,277500000000,6283499093,242,4802894130,0.000465,0.001234,0.001919,0.000098,0.000269,0.001534,0.000026,0.000000,0.003105,0.003784,3.317000,0.000000,0.000000,0.000000,0.000705,0,0
277500000000,277800000000,6283499093,242,4802894130,0.000351,0.001156,0.001917,0.000136,0.000216,0.001503,0.000424,0.000000,0.004654,0.017910,3.909000,0.000000,0.000000,0.000000,0.000362,0,0
277800000000,278100000000,6283499093,242,4802894130,0.000305,0.001108,0.001921,0.000161,0.000212,0.001160,0.000151,0.000000,0.004738,0.018070,3.017000,0.000000,0.000000,0.000000,0.000228,0,0
278100000000,278400000000,6283499093,242,4802894130,0.000364,0.001162,0.001923,0.000192,0.000285,0.001207,0.000185,0.000000,0.005333,0.015080,3.005000,0.000000,0.000000,0.000000,0.000327,0,0
278400000000,278700000000,6283499093,242,4802894130,0.000335,0.001146,0.001925,0.000212,0.000326,0.001163,0.000026,0.000000,0.004372,0.004784,2.628000,0.000000,0.000000,0.000000,0.000119,0,0
278700000000,279000000000,6283499093,242,4802894130,0.000329,0.001139,0.001925,0.000216,0.000332,0.001152,0.000010,0.000000,0.004677,0.001999,2.338000,0.000000,0.000000,0.000000,0.000150,0,0
279000000000,279300000000,6283499093,242,4802894130,0.000357,0.001158,0.001925,0.000223,0.000342,0.001204,0.000097,0.000000,0.007767,0.027010,2.188000,0.000000,0.000000,0.000000,0.000666,0,0
279300000000,279600000000,6283499093,242,4802894130,0.000358,0.001162,0.001925,0.000245,0.000369,0.001198,0.000008,0.000000,0.005676,0.000999,2.343000,0.000000,0.000000,0.000000,0.000450,0,0
279600000000,279692000000,6283499093,242,4802894130,0.000419,0.001129,0.001925,0.000250,0.000373,0.001152,0.000851,0.000000,0.003666,0.029210,2.266000,0.000000,0.000000,0.000000,0.000415,0,0
279692000000,279703000000,6283499093,242,4802894130,0.000219,0.000000,0.000000,0.000000,0.000000,0.000000,0.000208,0.000000,0.002419,0.001358,1.951000,0.000000,0.000000,0.000000,0.000000,0,0
279703000000,279704000000,6283499093,242,4802894130,0.000000,0.000000,0.000000,0.000000,0.000000,0.000000,0.000000,0.000000,0.000000,0.000000,1.683000,0.000000,0.000000,0.000000,0.000000,0,0
