272506000000,272582000000,6283499093,243,2357716390,0.000000,0.000000,0.000000,0.000000,0.000000,0.000000,0.000000,0.000000,0.000000,0.000000,0.000000,0.000000,0.000000,0.000000,0.000000,0,0
272582000000,272700000000,6283499093,243,2357716390,0.000653,0.000873,0.001923,0.000069,0.000076,0.000970,0.000404,0.000000,0.042910,0.013780,2.785000,0.008309,0.000000,0.000000,0.000924,0,0
272700000000,273000000000,6283499093,243,2357716390,0.000362,0.000885,0.001921,0.000069,0.000102,0.001087,0.000000,0.000000,0.004997,0.000072,2.709000,0.007451,0.000000,0.000000,0.000711,0,0
273000000000,273300000000,6283499093,243,2357716390,0.000385,0.000951,0.001921,0.000058,0.000132,0.001253,0.000002,0.000000,0.008484,0.000286,2.340000,0.006211,0.000000,0.000000,0.000138,0,0
273300000000,273600000000,6283499093,243,2357716390,0.000372,0.000974,0.001921,0.000052,0.000132,0.001308,0.000000,0.000000,0.004951,0.000072,2.633000,0.007297,0.000000,0.000000,0.000262,0,0
273600000000,273900000000,6283499093,243,2357716390,0.000342,0.000990,0.001923,0.000052,0.000146,0.001331,0.000001,0.000000,0.004234,0.000143,2.692000,0.007454,0.000000,0.000000,0.000209,0,0
273900000000,274200000000,6283499093,243,2357716390,0.000351,0.000990,0.001923,0.000052,0.000146,0.001337,0.000001,0.000000,0.004395,0.000143,2.518000,0.006917,0.000000,0.000000,0.000453,0,0
274200000000,274500000000,6283499093,243,2357716390,0.000359,0.000943,0.001925,0.000052,0.000093,0.001266,0.000002,0.000000,0.004723,0.000143,2.554000,0.006907,0.000000,0.000000,0.000102,0,0
274500000000,274800000000,6283499093,243,2357716390,0.000333,0.001011,0.001923,0.000052,0.000151,0.001352,0.000000,0.000000,0.005608,0.000000,2.522000,0.006595,0.000000,0.000000,0.000412,0,0
274800000000,275100000000,6283499093,243,2357716390,0.000444,0.001041,0.001923,0.000052,0.000112,0.001463,0.000003,0.000000,0.004990,0.000643,2.379000,0.006503,0.000000,0.000000,0.000632,0,0
275100000000,275400000000,6283499093,243,2357716390,0.000447,0.001137,0.001925,0.000053,0.000201,0.001465,0.000005,0.000000,0.061040,0.001072,2.808000,0.008129,0.000000,0.000000,0.000224,0,0
275400000000,275700000000,6283499093,243,2357716390,0.000374,0.000988,0.001925,0.000053,0.000079,0.001175,0.000001,0.000000,0.008957,0.000143,2.648000,0.007465,0.000000,0.000000,0.000194,0,0
275700000000,276000000000,6283499093,243,2357716390,0.000390,0.001005,0.001923,0.000053,0.000106,0.001324,0.000001,0.000000,0.032230,0.000072,1.628000,0.003000,0.000000,0.000000,0.000322,0,0
276000000000,276300000000,6283499093,243,2357716390,0.000412,0.000988,0.001923,0.000054,0.000084,0.001366,0.000014,0.000000,0.034420,0.003357,2.688000,0.007724,0.000000,0.000000,0.000143,0,0
276300000000,276600000000,6283499093,243,2357716390,0.000356,0.001003,0.001923,0.000054,0.000099,0.001245,0.000001,0.000000,0.006012,0.000072,2.770000,0.007667,0.000000,0.000000,0.000577,0,0
276600000000,276900000000,6283499093,243,2357716390,0.000365,0.001034,0.001921,0.000054,0.000132,0.001389,0.000000,0.000000,0.005264,0.000072,2.314000,0.006000,0.000000,0.000000,0.000576,0,0
276900000000,277200000000,6283499093,243,2357716390,0.000359,0.001024,0.001923,0.000054,0.000123,0.001390,0.000000,0.000000,0.007378,0.000072,2.520000,0.006927,0.000000,0.000000,0.000123,0,0
277200000000,277500000000,6283499093,243,2357716390,0.000346,0.001038,0.001923,0.000053,0.000133,0.001392,0.000003,0.000000,0.005409,0.000143,2.475000,0.006781,0.000000,0.000000,0.000466,0,0
277500000000,277800000000,6283499093,243,2357716390,0.000463,0.001083,0.001921,0.000052,0.000153,0.001446,0.000004,0.000000,0.006111,0.000286,2.620000,0.007345,0.000000,0.000000,0.000295,0,0
277800000000,278100000000,6283499093,243,2357716390,0.000431,0.001041,0.001921,0.000052,0.000109,0.001442,0.000004,0.000000,0.006279,0.000143,3.604000,0.011520,0.000000,0.000000,0.000355,0,0
278100000000,278400000000,6283499093,243,2357716390,0.000362,0.001049,0.001923,0.000052,0.000115,0.001442,0.000007,0.000000,0.005638,0.001143,2.737000,0.007992,0.000000,0.000000,0.000384,0,0
278400000000,278700000000,6283499093,243,2357716390,0.000348,0.001051,0.001921,0.000052,0.000116,0.001434,0.000003,0.000000,0.023440,0.000286,2.470000,0.006812,0.000000,0.000000,0.000668,0,0
278700000000,279000000000,6283499093,243,2357716390,0.000345,0.001104,0.001923,0.000052,0.000170,0.001436,0.000009,0.000000,0.004829,0.000929,2.814000,0.008122,0.000000,0.000000,0.000166,0,0
279000000000,279300000000,6283499093,243,2357716390,0.000346,0.001091,0.001925,0.000059,0.000164,0.001225,0.000007,0.000000,0.001709,0.001143,2.288000,0.006151,0.000000,0.000000,0.000540,0,0
279300000000,279600000000,6283499093,243,2357716390,0.000337,0.001102,0.001925,0.000059,0.000179,0.001213,0.000002,0.000000,0.004730,0.000143,2.395000,0.006661,0.000000,0.000000,0.000409,0,0
279600000000,279900000000,6283499093,243,2357716390,0.000375,0.001099,0.001925,0.000059,0.000175,0.001217,0.000003,0.000000,0.005768,0.000357,2.205000,0.005834,0.000000,0.000000,0.000114,0,0
279900000000,280200000000,6283499093,243,2357716390,0.000371,0.001133,0.001926,0.000059,0.000208,0.001234,0.000003,0.000000,0.004776,0.000215,2.661000,0.007850,0.000000,0.000000,0.000198,0,0
280200000000,280500000000,6283499093,243,2357716390,0.000378,0.001060,0.001932,0.000059,0.000306,0.001198,0.000001,0.000000,0.005257,0.000143,2.125000,0.005465,0.000000,0.000000,0.000224,0,0
280500000000,280800000000,6283499093,243,2357716390,0.000382,0.001070,0.001932,0.000062,0.000310,0.001102,0.000011,0.000000,0.004898,0.002716,2.593000,0.007555,0.000000,0.000000,0.000402,0,0
280800000000,280969000000,6283499093,243,2357716390,0.000408,0.001047,0.001932,0.000067,0.000313,0.001072,0.000067,0.000000,0.005562,0.007935,2.641000,0.007929,0.000000,0.000000,0.000717,0,0
280969000000,280985000000,6283499093,243,2357716390,0.000209,0.000000,0.000000,0.000000,0.000000,0.000000,0.000063,0.000000,0.003342,0.000571,2.906000,0.009288,0.000000,0.000000,0.000000,0,0
280985000000,280986000000,6283499093,243,2357716390,0.000000,0.000000,0.000000,0.000000,0.000000,0.000000,0.000000,0.000000,0.000000,0.000000,2.906000,0.009288,0.000000,0.000000,0.000000,0,0
