272503000000,272657000000,6283499093,244,4802478945,0.000000,0.000000,0.000000,0.000000,0.000000,0.000000,0.000000,0.000000,0.000000,0.000000,0.000000,0.000000,0.000000,0.000000,0.000000,0,0
272657000000,272700000000,6283499093,244,4802478945,0.000953,0.000395,0.001934,0.000088,0.000107,0.001003,0.001829,0.000000,0.007339,0.008499,0.000000,0.000000,0.000000,0.000000,0.000004,0,0
272700000000,273000000000,6283499093,244,4802478945,0.000331,0.000964,0.001926,0.000114,0.000185,0.001278,0.000003,0.000000,0.004021,0.000428,4.083000,0.000000,0.000000,0.000000,0.000066,0,0
273000000000,273300000000,6283499093,244,4802478945,0.000328,0.001007,0.001926,0.000113,0.000252,0.001312,0.000001,0.000000,0.006470,0.000143,2.921000,0.000000,0.000000,0.000000,0.000252,0,0
273300000000,273600000000,6283499093,244,4802478945,0.000305,0.001041,0.001926,0.000113,0.000278,0.001328,0.000000,0.000000,0.004311,0.000072,2.633000,0.000000,0.000000,0.000000,0.000169,0,0
273600000000,273900000000,6283499093,244,4802478945,0.000314,0.001110,0.001926,0.000113,0.000342,0.001329,0.000000,0.000000,0.004288,0.000143,2.797000,0.000000,0.000000,0.000000,0.001123,0,0
273900000000,274200000000,6283499093,244,4802478945,0.000328,0.001060,0.001926,0.000110,0.000283,0.001335,0.000000,0.000000,0.003998,0.000143,2.517000,0.000000,0.000000,0.000000,0.000239,0,0
274200000000,274500000000,6283499093,244,4802478945,0.000340,0.001053,0.001926,0.000110,0.000274,0.001337,0.000001,0.000000,0.004364,0.000072,2.545000,0.000000,0.000000,0.000000,0.000201,0,0
274500000000,274800000000,6283499093,244,4802478945,0.000313,0.001076,0.001926,0.000110,0.000291,0.001339,0.000003,0.000000,0.004478,0.000786,2.530000,0.000000,0.000000,0.000000,0.000536,0,0
274800000000,275100000000,6283499093,244,4802478945,0.000300,0.001068,0.001926,0.000110,0.000283,0.001339,0.000000,0.000000,0.004044,0.000000,2.632000,0.000000,0.000000,0.000000,0.000123,0,0
275100000000,275400000000,6283499093,244,4802478945,0.000300,0.001055,0.001926,0.000111,0.000269,0.001341,0.000002,0.000000,0.004013,0.000143,2.132000,0.000000,0.000000,0.000000,0.000084,0,0
275400000000,275700000000,6283499093,244,4802478945,0.000314,0.001072,0.001926,0.000111,0.000286,0.001341,0.000002,0.000000,0.004623,0.000571,2.493000,0.000000,0.000000,0.000000,0.000148,0,0
275700000000,276000000000,6283499093,244,4802478945,0.000320,0.001040,0.001926,0.000111,0.000249,0.001348,0.000001,0.000000,0.012620,0.000143,2.542000,0.000000,0.000000,0.000000,0.000089,0,0
276000000000,276300000000,6283499093,244,4802478945,0.000301,0.000996,0.001926,0.000111,0.000205,0.001347,0.000002,0.000000,0.004387,0.000215,2.490000,0.000000,0.000000,0.000000,0.000150,0,0
276300000000,276600000000,6283499093,244,4802478945,0.000320,0.001030,0.001926,0.000111,0.000241,0.001347,0.000002,0.000000,0.004387,0.000428,2.696000,0.000000,0.000000,0.000000,0.000392,0,0
276600000000,276900000000,6283499093,244,4802478945,0.000400,0.001066,0.001925,0.000111,0.000261,0.001377,0.000002,0.000000,0.006630,0.000215,2.732000,0.000000,0.000000,0.000000,0.000258,0,0
276900000000,277200000000,6283499093,244,4802478945,0.000439,0.001060,0.001925,0.000111,0.000231,0.001392,0.000010,0.000000,0.007797,0.002857,2.547000,0.000000,0.000000,0.000000,0.000675,0,0
277200000000,277500000000,6283499093,244,4802478945,0.000404,0.001049,0.001925,0.000111,0.000207,0.001404,0.000003,0.000000,0.005081,0.000215,3.009000,0.000000,0.000000,0.000000,0.000380,0,0
277500000000,277800000000,6283499093,244,4802478945,0.000338,0.001055,0.001925,0.000111,0.000216,0.001396,0.000013,0.000000,0.004211,0.002857,2.669000,0.000000,0.000000,0.000000,0.000276,0,0
277800000000,278079000000,6283499093,244,4802478945,0.000344,0.001036,0.001925,0.000109,0.000211,0.001394,0.000009,0.000000,0.004524,0.000714,2.265000,0.000000,0.000000,0.000000,0.000356,0,0
278079000000,278092000000,6283499093,244,4802478945,0.000242,0.000000,0.000000,0.000000,0.000000,0.000000,0.000197,0.000000,0.003147,0.002571,2.048000,0.000000,0.000000,0.000000,0.000000,0,0
278092000000,278093000000,6283499093,244,4802478945,0.000000,0.000000,0.000000,0.000000,0.000000,0.000000,0.000000,0.000000,0.000000,0.000000,2.048000,0.000000,0.000000,0.000000,0.000000,0,0
278093000000,278100000000,6283499093,244,4802478945,0.000000,0.000000,0.000000,0.000000,0.000000,0.000000,0.000000,0.000000,0.000000,0.000000,0.000000,0.000000,0.000000,0.000000,0.000000,0,0
