272497000000,272670000000,6283499093,245,284007815,0.000000,0.000000,0.000000,0.000000,0.000000,0.000000,0.000000,0.000000,0.000000,0.000000,0.000000,0.000000,0.000000,0.000000,0.000000,0,0
272670000000,272700000000,6283499093,245,284007815,0.001616,0.000613,0.001930,0.000072,0.000115,0.001099,0.001886,0.000000,0.025210,0.008423,0.000000,0.000000,0.000000,0.000000,0.000591,0,0
272700000000,273000000000,6283499093,245,284007815,0.000447,0.000939,0.001923,0.000081,0.000127,0.001131,0.000014,0.000000,0.003872,0.003998,3.867000,0.013290,0.000000,0.000000,0.000217,0,0
273000000000,273300000000,6283499093,245,284007815,0.000500,0.000922,0.001923,0.000080,0.000124,0.001125,0.000019,0.000000,0.008224,0.004288,3.490000,0.011540,0.000000,0.000000,0.000696,0,0
273300000000,273600000000,6283499093,245,284007815,0.000380,0.000956,0.001923,0.000082,0.000121,0.001360,0.000006,0.000000,0.004608,0.001429,2.957000,0.008826,0.000000,0.000000,0.000216,0,0
273600000000,273900000000,6283499093,245,284007815,0.000367,0.001030,0.001923,0.000081,0.000191,0.001364,0.000000,0.000000,0.004730,0.000143,3.139000,0.009978,0.000000,0.000000,0.000258,0,0
273900000000,274200000000,6283499093,245,284007815,0.000314,0.001001,0.001923,0.000081,0.000157,0.001354,0.000002,0.000000,0.007889,0.000286,2.945000,0.008616,0.000000,0.000000,0.000185,0,0
274200000000,274500000000,6283499093,245,284007815,0.000294,0.001001,0.001923,0.000081,0.000155,0.001270,0.000001,0.000000,0.011150,0.000215,2.904000,0.008410,0.000000,0.000000,0.000110,0,0
274500000000,274800000000,6283499093,245,284007815,0.000320,0.001011,0.001923,0.000079,0.000153,0.001278,0.000000,0.000000,0.005463,0.000072,3.632000,0.011640,0.000000,0.000000,0.000154,0,0
274800000000,275100000000,6283499093,245,284007815,0.000315,0.001013,0.001923,0.000076,0.000153,0.001343,0.000000,0.000000,0.001192,0.000072,3.204000,0.009767,0.000000,0.000000,0.000147,0,0
275100000000,275400000000,6283499093,245,284007815,0.000270,0.001013,0.001923,0.000076,0.000153,0.001369,0.000002,0.000000,0.005135,0.000215,3.013000,0.008648,0.000000,0.000000,0.004463,0,0
275400000000,275700000000,6283499093,245,284007815,0.000268,0.001030,0.001923,0.000076,0.000173,0.001377,0.000002,0.000000,0.004761,0.000571,2.610000,0.007087,0.000000,0.000000,0.000125,0,0
275700000000,276000000000,6283499093,245,284007815,0.000276,0.001045,0.001923,0.000076,0.000187,0.001379,0.000001,0.000000,0.003922,0.000143,2.764000,0.007674,0.000000,0.000000,0.000157,0,0
276000000000,276300000000,6283499093,245,284007815,0.000350,0.001038,0.001923,0.000076,0.000161,0.001390,0.000004,0.000000,0.009811,0.000857,2.184000,0.005263,0.000000,0.000000,0.000266,0,0
276300000000,276600000000,6283499093,245,284007815,0.000340,0.001043,0.001923,0.000076,0.000160,0.001394,0.000001,0.000000,0.006561,0.000072,3.398000,0.010490,0.000000,0.000000,0.000268,0,0
276600000000,276900000000,6283499093,245,284007815,0.000294,0.001003,0.001923,0.000076,0.000119,0.001261,0.000000,0.000000,0.004990,0.000000,3.366000,0.010530,0.000000,0.000000,0.000315,0,0
276900000000,277200000000,6283499093,245,284007815,0.000278,0.001022,0.001925,0.000076,0.000134,0.001408,0.000000,0.000000,0.004074,0.000072,3.634000,0.011160,0.000000,0.000000,0.000149,0,0
277200000000,277490000000,6283499093,245,284007815,0.001442,0.000896,0.001923,0.000085,0.000153,0.001627,0.000211,0.000000,0.055600,0.021790,0.693100,0.000596,0.000000,0.000000,0.000167,0,0
277490000000,277500000000,6283499093,245,284007815,0.000217,0.000007,0.000000,0.000000,0.000000,0.000068,0.000057,0.000000,0.002171,0.000571,4.973000,0.017950,0.000000,0.000000,0.000000,0,0
277500000000,277505000000,6283499093,245,284007815,0.000000,0.000000,0.000000,0.000000,0.000000,0.000000,0.000000,0.000000,0.000000,0.000000,4.973000,0.017950,0.000000,0.000000,0.000000,0,0
277505000000,277506000000,6283499093,245,284007815,0.000000,0.000000,0.000000,0.000000,0.000000,0.000000,0.000000,0.000000,0.000000,0.000000,4.973000,0.017950,0.000000,0.000000,0.000000,0,0
