272491000000,272590000000,6283499093,246,336055251,0.000000,0.000000,0.000000,0.000000,0.000000,0.000000,0.000000,0.000000,0.000000,0.000000,0.000000,0.000000,0.000000,0.000000,0.000000,0,0
272590000000,272700000000,6283499093,246,336055251,0.000687,0.001591,0.001928,0.000365,0.000791,0.001722,0.002300,0.000000,0.022460,0.057310,1.266000,0.002642,0.000000,0.000000,0.000229,0,0
272700000000,273000000000,6283499093,246,336055251,0.000366,0.001034,0.001928,0.000367,0.000810,0.001425,0.000000,0.000000,0.004478,0.000072,2.630000,0.008070,0.000000,0.000000,0.000228,0,0
273000000000,273300000000,6283499093,246,336055251,0.000434,0.000988,0.001928,0.000364,0.000809,0.001003,0.000001,0.000000,0.004105,0.000143,2.905000,0.009460,0.000000,0.000000,0.000236,0,0
273300000000,273600000000,6283499093,246,336055251,0.000580,0.001011,0.001928,0.000364,0.000809,0.001070,0.000026,0.000000,0.020840,0.007072,3.003000,0.009918,0.000000,0.000000,0.000363,0,0
273600000000,273900000000,6283499093,246,336055251,0.000494,0.001047,0.001926,0.000365,0.000811,0.001081,0.000001,0.000000,0.004318,0.000143,3.270000,0.011210,0.000000,0.000000,0.000380,0,0
273900000000,274200000000,6283499093,246,336055251,0.000443,0.001032,0.001928,0.000363,0.000809,0.001047,0.000000,0.000000,0.004745,0.000072,3.262000,0.011060,0.000000,0.000000,0.000077,0,0
274200000000,274500000000,6283499093,246,336055251,0.000337,0.001028,0.001928,0.000362,0.000808,0.001047,0.000001,0.000000,0.006386,0.000143,1.960000,0.004898,0.000000,0.000000,0.000152,0,0
274500000000,274800000000,6283499093,246,336055251,0.000331,0.001032,0.001928,0.000362,0.000808,0.001047,0.000000,0.000000,0.004570,0.000000,2.203000,0.005984,0.000000,0.000000,0.000094,0,0
274800000000,275100000000,6283499093,246,336055251,0.000378,0.001040,0.001928,0.000362,0.000808,0.001051,0.000000,0.000000,0.006470,0.000143,2.239000,0.006303,0.000000,0.000000,0.000451,0,0
275100000000,275400000000,6283499093,246,336055251,0.000393,0.001040,0.001928,0.000362,0.000808,0.001051,0.000002,0.000000,0.004509,0.000072,2.867000,0.009221,0.000000,0.000000,0.000176,0,0
275400000000,275700000000,6283499093,246,336055251,0.000354,0.001026,0.001928,0.000362,0.000808,0.001028,0.000000,0.000000,0.004967,0.000072,3.195000,0.010370,0.000000,0.000000,0.000291,0,0
275700000000,276000000000,6283499093,246,336055251,0.000305,0.001026,0.001928,0.000362,0.000808,0.001040,0.000000,0.000000,0.001610,0.000072,2.282000,0.006369,0.000000,0.000000,0.000125,0,0
276000000000,276300000000,6283499093,246,336055251,0.000357,0.001053,0.001928,0.000365,0.000811,0.001080,0.000032,0.000000,0.006767,0.008575,2.282000,0.006559,0.000000,0.000000,0.000334,0,0
276300000000,276600000000,6283499093,246,336055251,0.000327,0.001024,0.001928,0.000365,0.000811,0.001036,0.000001,0.000000,0.004402,0.000072,2.284000,0.006449,0.000000,0.000000,0.000249,0,0
276600000000,276900000000,6283499093,246,336055251,0.000375,0.001041,0.001928,0.000365,0.000811,0.001045,0.000001,0.000000,0.006401,0.000143,1.994000,0.005173,0.000000,0.000000,0.000335,0,0
276900000000,277200000000,6283499093,246,336055251,0.000350,0.001026,0.001928,0.000362,0.000809,0.001043,0.000000,0.000000,0.004295,0.000000,2.734000,0.008528,0.000000,0.000000,0.000327,0,0
277200000000,277500000000,6283499093,246,336055251,0.000357,0.001040,0.001928,0.000362,0.000809,0.001057,0.000005,0.000000,0.004234,0.000857,2.564000,0.007773,0.000000,0.000000,0.000133,0,0
277500000000,277800000000,6283499093,246,336055251,0.000389,0.001081,0.001928,0.000357,0.000810,0.001135,0.000008,0.000000,0.004883,0.001215,2.739000,0.008675,0.000000,0.000000,0.000796,0,0
277800000000,278100000000,6283499093,246,336055251,0.000380,0.001074,0.001928,0.000351,0.000810,0.001112,0.000004,0.000000,0.005836,0.000143,2.730000,0.008523,0.000000,0.000000,0.000111,0,0
278100000000,278219000000,6283499093,246,336055251,0.000531,0.001062,0.001926,0.000352,0.000812,0.001112,0.000004,0.000000,0.009628,0.000072,2.764000,0.008904,0.000000,0.000000,0.000178,0,0
278219000000,278239000000,6283499093,246,336055251,0.000098,0.000000,0.000000,0.000000,0.000000,0.000000,0.000157,0.000000,0.001972,0.002998,3.050000,0.010300,0.000000,0.000000,0.000000,0,0
278239000000,278240000000,6283499093,246,336055251,0.000000,0.000000,0.000000,0.000000,0.000000,0.000000,0.000000,0.000000,0.000000,0.000000,3.050000,0.010300,0.000000,0.000000,0.000000,0,0
