272500000000,272673000000,6283499093,247,4820289779,0.000000,0.000000,0.000000,0.000000,0.000000,0.000000,0.000000,0.000000,0.000000,0.000000,0.000000,0.000000,0.000000,0.000000,0.000000,0,0
272673000000,272700000000,6283499093,247,4820289779,0.002361,0.001415,0.001877,0.000338,0.000707,0.001799,0.008774,0.000000,0.022190,0.050050,4.177000,0.000000,0.000000,0.000000,0.001797,0,0
272700000000,273000000000,6283499093,247,4820289779,0.000418,0.001270,0.001890,0.000376,0.000818,0.001797,0.000004,0.000000,0.001633,0.000500,3.942000,0.000000,0.000000,0.000000,0.000511,0,0
273000000000,273300000000,6283499093,247,4820289779,0.000413,0.001013,0.001902,0.000374,0.000816,0.001017,0.000001,0.000000,0.005539,0.000215,4.042000,0.000000,0.000000,0.000000,0.000244,0,0
273300000000,273600000000,6283499093,247,4820289779,0.000483,0.001051,0.001904,0.000367,0.000811,0.001131,0.000094,0.000000,0.007523,0.009079,3.863000,0.000000,0.000000,0.000000,0.000324,0,0
273600000000,273900000000,6283499093,247,4820289779,0.000504,0.001087,0.001904,0.000363,0.000808,0.001127,0.000000,0.000000,0.004761,0.000072,4.154000,0.000000,0.000000,0.000000,0.000499,0,0
273900000000,274200000000,6283499093,247,4820289779,0.000438,0.001076,0.001904,0.000363,0.000808,0.001089,0.000000,0.000000,0.011550,0.000143,3.528000,0.000000,0.000000,0.000000,0.000432,0,0
274200000000,274500000000,6283499093,247,4820289779,0.000326,0.001078,0.001905,0.000363,0.000808,0.001089,0.000001,0.000000,0.004814,0.000143,2.760000,0.000000,0.000000,0.000000,0.000614,0,0
274500000000,274800000000,6283499093,247,4820289779,0.000360,0.001072,0.001905,0.000363,0.000808,0.001083,0.000000,0.000000,0.006607,0.000143,2.849000,0.000000,0.000000,0.000000,0.000721,0,0
274800000000,275100000000,6283499093,247,4820289779,0.000338,0.001057,0.001905,0.000363,0.000808,0.001059,0.000000,0.000000,0.004372,0.000035,3.454000,0.000000,0.000000,0.000000,0.000071,0,0
275100000000,275400000000,6283499093,247,4820289779,0.000388,0.001078,0.001905,0.000363,0.000808,0.001085,0.000002,0.000000,0.009735,0.000143,2.910000,0.000000,0.000000,0.000000,0.000280,0,0
275400000000,275700000000,6283499093,247,4820289779,0.000362,0.001066,0.001905,0.000362,0.000808,0.001078,0.000000,0.000000,0.004532,0.000072,2.823000,0.000000,0.000000,0.000000,0.000467,0,0
275700000000,276000000000,6283499093,247,4820289779,0.000360,0.001057,0.001905,0.000363,0.000809,0.001095,0.000039,0.000000,0.008057,0.011140,2.908000,0.000000,0.000000,0.000000,0.000606,0,0
276000000000,276300000000,6283499093,247,4820289779,0.000517,0.001114,0.001904,0.000365,0.000811,0.001141,0.000006,0.000000,0.007286,0.001143,1.885000,0.000000,0.000000,0.000000,0.000750,0,0
276300000000,276600000000,6283499093,247,4820289779,0.000459,0.001125,0.001904,0.000363,0.000810,0.001129,0.000001,0.000000,0.025910,0.000072,1.719000,0.000000,0.000000,0.000000,0.000293,0,0
276600000000,276900000000,6283499093,247,4820289779,0.000515,0.001125,0.001904,0.000363,0.000809,0.001135,0.000002,0.000000,0.007195,0.000357,2.215000,0.000000,0.000000,0.000000,0.000406,0,0
276900000000,277200000000,6283499093,247,4820289779,0.000525,0.001141,0.001904,0.000364,0.000811,0.001162,0.000045,0.000000,0.021820,0.012860,2.399000,0.000000,0.000000,0.000000,0.000320,0,0
277200000000,277500000000,6283499093,247,4820289779,0.000435,0.001118,0.001904,0.000363,0.000809,0.001123,0.000004,0.000000,0.040160,0.000500,3.444000,0.000000,0.000000,0.000000,0.000291,0,0
277500000000,277800000000,6283499093,247,4820289779,0.000378,0.001114,0.001905,0.000363,0.000809,0.001123,0.000006,0.000000,0.010790,0.000714,3.237000,0.000000,0.000000,0.000000,0.000201,0,0
277800000000,278100000000,6283499093,247,4820289779,0.000335,0.001108,0.001905,0.000363,0.000809,0.001122,0.000004,0.000000,0.007652,0.000215,2.985000,0.000000,0.000000,0.000000,0.000793,0,0
278100000000,278400000000,6283499093,247,4820289779,0.000365,0.001123,0.001905,0.000363,0.000809,0.001131,0.000005,0.000000,0.007889,0.000857,2.832000,0.000000,0.000000,0.000000,0.000072,0,0
278400000000,278700000000,6283499093,247,4820289779,0.000408,0.001120,0.001904,0.000363,0.000809,0.001127,0.000003,0.000000,0.011580,0.000143,2.900000,0.000000,0.000000,0.000000,0.000286,0,0
278700000000,279000000000,6283499093,247,4820289779,0.000352,0.001110,0.001905,0.000363,0.000809,0.001114,0.000002,0.000000,0.001423,0.000143,2.937000,0.000000,0.000000,0.000000,0.000217,0,0
279000000000,279121000000,6283499093,247,4820289779,0.000370,0.001099,0.001905,0.000371,0.000810,0.001122,0.000060,0.000000,0.004768,0.003071,2.319000,0.000000,0.000000,0.000000,0.000189,0,0
279121000000,279137000000,6283499093,247,4820289779,0.000150,0.000000,0.000000,0.000000,0.000000,0.000000,0.000009,0.000000,0.000796,0.000072,1.706000,0.000000,0.000000,0.000000,0.000000,0,0
279137000000,279140000000,6283499093,247,4820289779,0.000000,0.000000,0.000000,0.000000,0.000000,0.000000,0.000000,0.000000,0.000000,0.000000,1.706000,0.000000,0.000000,0.000000,0.000000,0,0
