272500000000,272598000000,6283499093,248,2544369572,0.000000,0.000000,0.000000,0.000000,0.000000,0.000000,0.000000,0.000000,0.000000,0.000000,0.000000,0.000000,0.000000,0.000000,0.000000,0,0
272598000000,272700000000,6283499093,248,2544369572,0.000666,0.001448,0.001928,0.000294,0.000716,0.001598,0.002068,0.000000,0.017120,0.050900,1.229000,0.002790,0.000000,0.000000,0.000125,0,0
272700000000,273000000000,6283499093,248,2544369572,0.000337,0.000966,0.001930,0.000300,0.000742,0.001369,0.000000,0.000000,0.004051,0.000000,2.542000,0.007939,0.000000,0.000000,0.000407,0,0
273000000000,273300000000,6283499093,248,2544369572,0.000373,0.000931,0.001930,0.000302,0.000745,0.000949,0.000015,0.000000,0.003952,0.001499,2.368000,0.007203,0.000000,0.000000,0.000278,0,0
273300000000,273600000000,6283499093,248,2544369572,0.000335,0.000923,0.001930,0.000303,0.000748,0.000930,0.000000,0.000000,0.004486,0.000000,2.420000,0.007319,0.000000,0.000000,0.000676,0,0
273600000000,273900000000,6283499093,248,2544369572,0.000352,0.000936,0.001930,0.000303,0.000748,0.000946,0.000001,0.000000,0.004494,0.000143,2.555000,0.007933,0.000000,0.000000,0.000578,0,0
273900000000,274200000000,6283499093,248,2544369572,0.000333,0.000932,0.001930,0.000303,0.000748,0.000940,0.000000,0.000000,0.003811,0.000072,2.393000,0.007107,0.000000,0.000000,0.000147,0,0
274200000000,274500000000,6283499093,248,2544369572,0.000340,0.000950,0.001930,0.000280,0.000724,0.000963,0.000004,0.000000,0.006256,0.000786,2.521000,0.007611,0.000000,0.000000,0.000529,0,0
274500000000,274800000000,6283499093,248,2544369572,0.000296,0.000945,0.001930,0.000278,0.000722,0.000947,0.000000,0.000000,0.004227,0.000000,2.303000,0.006363,0.000000,0.000000,0.000062,0,0
274800000000,275100000000,6283499093,248,2544369572,0.000302,0.000943,0.001930,0.000278,0.000722,0.000945,0.000000,0.000000,0.004272,0.000072,2.201000,0.006145,0.000000,0.000000,0.000207,0,0
275100000000,275400000000,6283499093,248,2544369572,0.000309,0.000956,0.001930,0.000278,0.000722,0.000969,0.000003,0.000000,0.004753,0.000714,2.239000,0.006198,0.000000,0.000000,0.000608,0,0
275400000000,275700000000,6283499093,248,2544369572,0.000323,0.000955,0.001930,0.000278,0.000723,0.000967,0.000000,0.000000,0.006943,0.000072,2.491000,0.007361,0.000000,0.000000,0.000117,0,0
275700000000,276000000000,6283499093,248,2544369572,0.000335,0.000952,0.001930,0.000278,0.000723,0.000965,0.000001,0.000000,0.004120,0.000072,2.459000,0.007206,0.000000,0.000000,0.003307,0,0
276000000000,276300000000,6283499093,248,2544369572,0.000327,0.000961,0.001930,0.000278,0.000723,0.000966,0.000001,0.000000,0.004417,0.000143,2.407000,0.007205,0.000000,0.000000,0.000060,0,0
276300000000,276600000000,6283499093,248,2544369572,0.000320,0.000943,0.001930,0.000278,0.000723,0.000949,0.000000,0.000000,0.004265,0.000072,2.843000,0.009328,0.000000,0.000000,0.000168,0,0
276600000000,276900000000,6283499093,248,2544369572,0.000316,0.000955,0.001930,0.000278,0.000723,0.000964,0.000001,0.000000,0.006943,0.000143,2.503000,0.007637,0.000000,0.000000,0.000140,0,0
276900000000,277200000000,6283499093,248,2544369572,0.000344,0.000958,0.001930,0.000278,0.000723,0.000963,0.000000,0.000000,0.004898,0.000000,2.341000,0.006828,0.000000,0.000000,0.000693,0,0
277200000000,277500000000,6283499093,248,2544369572,0.000307,0.000960,0.001930,0.000278,0.000722,0.000971,0.000004,0.000000,0.004349,0.000357,2.370000,0.007553,0.000000,0.000000,0.000354,0,0
277500000000,277800000000,6283499093,248,2544369572,0.000302,0.000959,0.001930,0.000278,0.000722,0.000971,0.000004,0.000000,0.004204,0.000286,2.406000,0.007969,0.000000,0.000000,0.000155,0,0
277800000000,277959000000,6283499093,248,2544369572,0.000282,0.000971,0.001930,0.000278,0.000722,0.000974,0.000018,0.000000,0.002331,0.002357,2.326000,0.007490,0.000000,0.000000,0.000152,0,0
277959000000,277984000000,6283499093,248,2544369572,0.000085,0.000000,0.000000,0.000000,0.000000,0.000000,0.000020,0.000000,0.002129,0.000357,1.768000,0.004584,0.000000,0.000000,0.000000,0,0
277984000000,277985000000,6283499093,248,2544369572,0.000000,0.000000,0.000000,0.000000,0.000000,0.000000,0.000000,0.000000,0.000000,0.000000,1.768000,0.004584,0.000000,0.000000,0.000000,0,0
