272495000000,272581000000,6283499093,249,351642841,0.000000,0.000000,0.000000,0.000000,0.000000,0.000000,0.000000,0.000000,0.000000,0.000000,0.000000,0.000000,0.000000,0.000000,0.000000,0,0
272581000000,272700000000,6283499093,249,351642841,0.000634,0.000931,0.001925,0.000121,0.000143,0.001059,0.000480,0.000000,0.016750,0.022860,1.344000,0.002787,0.000000,0.000000,0.000270,0,0
272700000000,273000000000,6283499093,249,351642841,0.000349,0.000893,0.001923,0.000116,0.000159,0.001091,0.000008,0.000000,0.004501,0.002357,2.895000,0.008584,0.000000,0.000000,0.000130,0,0
273000000000,273300000000,6283499093,249,351642841,0.000347,0.000937,0.001923,0.000117,0.000197,0.001295,0.000007,0.000000,0.005028,0.001858,2.326000,0.006132,0.000000,0.000000,0.000217,0,0
273300000000,273600000000,6283499093,249,351642841,0.000339,0.000984,0.001923,0.000118,0.000238,0.001307,0.000000,0.000000,0.022030,0.000143,2.482000,0.006773,0.000000,0.000000,0.000179,0,0
273600000000,273900000000,6283499093,249,351642841,0.000428,0.001015,0.001923,0.000118,0.000250,0.001331,0.000002,0.000000,0.005882,0.000143,2.186000,0.005645,0.000000,0.000000,0.000137,0,0
273900000000,274200000000,6283499093,249,351642841,0.000385,0.001011,0.001923,0.000118,0.000240,0.001331,0.000000,0.000000,0.004692,0.000072,2.693000,0.007994,0.000000,0.000000,0.000248,0,0
274200000000,274500000000,6283499093,249,351642841,0.000380,0.001019,0.001923,0.000118,0.000248,0.001333,0.000004,0.000000,0.004829,0.000786,2.561000,0.007270,0.000000,0.000000,0.000489,0,0
274500000000,274800000000,6283499093,249,351642841,0.000355,0.001038,0.001923,0.000116,0.000265,0.001333,0.000000,0.000000,0.005051,0.000000,2.675000,0.007836,0.000000,0.000000,0.000317,0,0
274800000000,275100000000,6283499093,249,351642841,0.000327,0.001055,0.001925,0.000116,0.000281,0.001333,0.000002,0.000000,0.001873,0.000571,2.907000,0.008713,0.000000,0.000000,0.000609,0,0
275100000000,275400000000,6283499093,249,351642841,0.000311,0.001078,0.001925,0.000117,0.000305,0.001335,0.000003,0.000000,0.005302,0.000428,2.746000,0.007893,0.000000,0.000000,0.000167,0,0
275400000000,275700000000,6283499093,249,351642841,0.000380,0.001123,0.001925,0.000119,0.000346,0.001362,0.000035,0.000000,0.041500,0.006432,2.556000,0.007222,0.000000,0.000000,0.000111,0,0
275700000000,276000000000,6283499093,249,351642841,0.000383,0.001156,0.001925,0.000122,0.000369,0.001362,0.000002,0.000000,0.004448,0.000143,2.653000,0.007787,0.000000,0.000000,0.000307,0,0
276000000000,276300000000,6283499093,249,351642841,0.000358,0.001156,0.001925,0.000120,0.000361,0.001358,0.000001,0.000000,0.006004,0.000143,3.153000,0.009863,0.000000,0.000000,0.000079,0,0
276300000000,276600000000,6283499093,249,351642841,0.000380,0.001154,0.001925,0.000120,0.000355,0.001368,0.000001,0.000000,0.006485,0.000072,2.552000,0.007561,0.000000,0.000000,0.000164,0,0
276600000000,276900000000,6283499093,249,351642841,0.000395,0.001125,0.001925,0.000120,0.000320,0.001373,0.000001,0.000000,0.004768,0.000143,2.680000,0.007853,0.000000,0.000000,0.000097,0,0
276900000000,277200000000,6283499093,249,351642841,0.000431,0.001125,0.001925,0.000120,0.000315,0.001383,0.000001,0.000000,0.005363,0.000215,2.584000,0.008032,0.000000,0.000000,0.000607,0,0
277200000000,277369000000,6283499093,249,351642841,0.000458,0.000965,0.001923,0.000118,0.000318,0.001383,0.000024,0.000000,0.002548,0.003502,3.319000,0.010780,0.000000,0.000000,0.000164,0,0
277369000000,277383000000,6283499093,249,351642841,0.000186,0.000000,0.000000,0.000000,0.000000,0.000000,0.000056,0.000000,0.002609,0.000714,2.960000,0.009606,0.000000,0.000000,0.000000,0,0
277383000000,277384000000,6283499093,249,351642841,0.000000,0.000000,0.000000,0.000000,0.000000,0.000000,0.000000,0.000000,0.000000,0.000000,2.960000,0.009606,0.000000,0.000000,0.000000,0,0
