272492000000,272577000000,6283499093,25,1094188,0.000000,0.000000,0.000000,0.000000,0.000000,0.000000,0.000002,0.000000,0.000000,0.000143,0.000000,0.000000,0.000000,0.000000,0.000000,0,0
272577000000,272700000000,6283499093,25,1094188,0.000641,0.001345,0.001928,0.000133,0.000538,0.001459,0.000751,0.000000,0.013760,0.023500,1.438000,0.002508,0.000000,0.000000,0.000580,0,0
272700000000,273000000000,6283499093,25,1094188,0.000343,0.001257,0.001930,0.000136,0.000513,0.001326,0.000000,0.000000,0.005104,0.000072,2.384000,0.006688,0.000000,0.000000,0.000382,0,0
273000000000,273300000000,6283499093,25,1094188,0.000354,0.001184,0.001926,0.000134,0.000435,0.001335,0.000005,0.000000,0.004494,0.001215,2.579000,0.007497,0.000000,0.000000,0.000675,0,0
273300000000,273600000000,6283499093,25,1094188,0.000328,0.001133,0.001925,0.000134,0.000377,0.001337,0.000001,0.000000,0.004013,0.000286,2.373000,0.006641,0.000000,0.000000,0.000225,0,0
273600000000,273900000000,6283499093,25,1094188,0.000334,0.001110,0.001925,0.000134,0.000352,0.001337,0.000001,0.000000,0.024020,0.000072,2.416000,0.006785,0.000000,0.000000,0.000228,0,0
273900000000,274200000000,6283499093,25,1094188,0.000300,0.001081,0.001925,0.000134,0.000324,0.001337,0.000000,0.000000,0.004753,0.000000,2.168000,0.005734,0.000000,0.000000,0.000082,0,0
274200000000,274500000000,6283499093,25,1094188,0.000320,0.001072,0.001925,0.000134,0.000315,0.001339,0.000001,0.000000,0.003811,0.000215,2.334000,0.006357,0.000000,0.000000,0.000184,0,0
274500000000,274800000000,6283499093,25,1094188,0.000331,0.001148,0.001926,0.000133,0.000386,0.001347,0.000000,0.000000,0.005989,0.000072,2.355000,0.006504,0.000000,0.000000,0.000166,0,0
274800000000,275100000000,6283499093,25,1094188,0.000324,0.001162,0.001926,0.000133,0.000395,0.001345,0.000000,0.000000,0.004242,0.000072,2.340000,0.006690,0.000000,0.000000,0.000214,0,0
275100000000,275400000000,6283499093,25,1094188,0.000314,0.001122,0.001926,0.000133,0.000354,0.001345,0.000000,0.000000,0.004509,0.000000,2.371000,0.006685,0.000000,0.000000,0.000623,0,0
275400000000,275700000000,6283499093,25,1094188,0.000300,0.001125,0.001926,0.000133,0.000359,0.001345,0.000000,0.000000,0.005348,0.000072,2.235000,0.005898,0.000000,0.000000,0.000067,0,0
275700000000,276000000000,6283499093,25,1094188,0.000306,0.001162,0.001926,0.000133,0.000393,0.001347,0.000000,0.000000,0.004417,0.000072,2.163000,0.005459,0.000000,0.000000,0.000112,0,0
276000000000,276300000000,6283499093,25,1094188,0.000315,0.001133,0.001926,0.000133,0.000363,0.001347,0.000003,0.000000,0.004471,0.000357,2.319000,0.006071,0.000000,0.000000,0.000143,0,0
276300000000,276600000000,6283499093,25,1094188,0.000318,0.001129,0.001926,0.000133,0.000360,0.001350,0.000000,0.000000,0.005661,0.000000,2.265000,0.005890,0.000000,0.000000,0.000158,0,0
276600000000,276900000000,6283499093,25,1094188,0.000324,0.001148,0.001926,0.000133,0.000375,0.001354,0.000001,0.000000,0.004539,0.000072,2.291000,0.006085,0.000000,0.000000,0.000088,0,0
276900000000,277200000000,6283499093,25,1094188,0.000314,0.001137,0.001926,0.000130,0.000359,0.001358,0.000000,0.000000,0.002949,0.000000,2.293000,0.005979,0.000000,0.000000,0.000164,0,0
277200000000,277500000000,6283499093,25,1094188,0.000318,0.001143,0.001926,0.000128,0.000360,0.001396,0.000007,0.000000,0.006195,0.001143,2.111000,0.005147,0.000000,0.000000,0.000124,0,0
277500000000,277800000000,6283499093,25,1094188,0.000360,0.001196,0.001925,0.000128,0.000372,0.001413,0.000008,0.000000,0.004486,0.000571,2.272000,0.006301,0.000000,0.000000,0.000503,0,0
277800000000,278039000000,6283499093,25,1094188,0.000896,0.001205,0.001925,0.000128,0.000370,0.001522,0.000025,0.000000,0.063480,0.004860,0.848900,0.001208,0.000000,0.000000,0.000130,0,0
278039000000,278056000000,6283499093,25,1094188,0.000160,0.000000,0.000000,0.000000,0.000000,0.000000,0.000042,0.000000,0.002716,0.000714,0.597500,0.000245,0.000000,0.000000,0.000000,0,0
278056000000,278057000000,6283499093,25,1094188,0.000000,0.000000,0.000000,0.000000,0.000000,0.000000,0.000000,0.000000,0.000000,0.000000,0.597500,0.000245,0.000000,0.000000,0.000000,0,0
