272504000000,272626000000,6283499093,250,227439987,0.000000,0.000000,0.000000,0.000000,0.000000,0.000000,0.000000,0.000000,0.000000,0.000000,0.000000,0.000000,0.000000,0.000000,0.000000,0,0
272626000000,272700000000,6283499093,250,227439987,0.000896,0.001471,0.001932,0.000275,0.000688,0.001587,0.002899,0.000000,0.015000,0.050840,2.333000,0.006513,0.000000,0.000000,0.000167,0,0
272700000000,273000000000,6283499093,250,227439987,0.000372,0.001030,0.001932,0.000280,0.000724,0.001516,0.000000,0.000000,0.004974,0.000000,2.701000,0.008124,0.000000,0.000000,0.000178,0,0
273000000000,273300000000,6283499093,250,227439987,0.000403,0.000929,0.001932,0.000280,0.000724,0.000956,0.000016,0.000000,0.005058,0.002430,2.984000,0.009210,0.000000,0.000000,0.000602,0,0
273300000000,273600000000,6283499093,250,227439987,0.000349,0.000937,0.001934,0.000282,0.000726,0.000956,0.000000,0.000000,0.004478,0.000000,2.848000,0.008639,0.000000,0.000000,0.000154,0,0
273600000000,273900000000,6283499093,250,227439987,0.000423,0.000956,0.001932,0.000282,0.000726,0.000965,0.000014,0.000000,0.007614,0.002071,2.425000,0.006881,0.000000,0.000000,0.000144,0,0
273900000000,274200000000,6283499093,250,227439987,0.000407,0.000958,0.001932,0.000283,0.000728,0.000971,0.000000,0.000000,0.004898,0.000072,3.056000,0.009856,0.000000,0.000000,0.000220,0,0
274200000000,274500000000,6283499093,250,227439987,0.000376,0.000940,0.001932,0.000283,0.000728,0.000945,0.000004,0.000000,0.005455,0.000714,2.801000,0.008575,0.000000,0.000000,0.000108,0,0
274500000000,274800000000,6283499093,250,227439987,0.000318,0.000941,0.001934,0.000283,0.000728,0.000945,0.000000,0.000000,0.005119,0.000072,2.903000,0.008583,0.000000,0.000000,0.000617,0,0
274800000000,275100000000,6283499093,250,227439987,0.000313,0.000939,0.001934,0.000283,0.000728,0.000941,0.000000,0.000000,0.003998,0.000072,2.605000,0.007530,0.000000,0.000000,0.000188,0,0
275100000000,275400000000,6283499093,250,227439987,0.000328,0.000951,0.001934,0.000284,0.000728,0.000965,0.000001,0.000000,0.004974,0.000143,2.471000,0.006841,0.000000,0.000000,0.000076,0,0
275400000000,275700000000,6283499093,250,227439987,0.000340,0.000953,0.001934,0.000284,0.000728,0.000962,0.000000,0.000000,0.004265,0.000072,2.263000,0.006122,0.000000,0.000000,0.000091,0,0
275700000000,276000000000,6283499093,250,227439987,0.000338,0.000945,0.001934,0.000284,0.000729,0.000952,0.000000,0.000000,0.005394,0.000072,2.707000,0.007919,0.000000,0.000000,0.000145,0,0
276000000000,276300000000,6283499093,250,227439987,0.000492,0.001003,0.001932,0.000285,0.000732,0.001024,0.000025,0.000000,0.015120,0.004646,2.045000,0.005107,0.000000,0.000000,0.001326,0,0
276300000000,276600000000,6283499093,250,227439987,0.000393,0.000982,0.001932,0.000285,0.000730,0.000994,0.000001,0.000000,0.004646,0.000072,2.820000,0.008788,0.000000,0.000000,0.000463,0,0
276600000000,276900000000,6283499093,250,227439987,0.000338,0.000980,0.001932,0.000284,0.000730,0.000996,0.000001,0.000000,0.006180,0.000143,2.986000,0.009259,0.000000,0.000000,0.000184,0,0
276900000000,277200000000,6283499093,250,227439987,0.000405,0.001001,0.001932,0.000284,0.000730,0.001013,0.000001,0.000000,0.005219,0.000072,1.979000,0.004789,0.000000,0.000000,0.000241,0,0
277200000000,277500000000,6283499093,250,227439987,0.000438,0.001005,0.001932,0.000284,0.000730,0.001011,0.000004,0.000000,0.004440,0.000357,2.878000,0.008847,0.000000,0.000000,0.000485,0,0
277500000000,277800000000,6283499093,250,227439987,0.000380,0.001007,0.001932,0.000284,0.000730,0.001017,0.000003,0.000000,0.003670,0.000143,2.789000,0.008691,0.000000,0.000000,0.000133,0,0
277800000000,278019000000,6283499093,250,227439987,0.000383,0.001005,0.001932,0.000284,0.000730,0.001015,0.000028,0.000000,0.018770,0.004860,2.670000,0.007966,0.000000,0.000000,0.000139,0,0
278019000000,278031000000,6283499093,250,227439987,0.000284,0.000000,0.000000,0.000000,0.000000,0.000000,0.000215,0.000000,0.003414,0.002571,2.737000,0.008553,0.000000,0.000000,0.000000,0,0
278031000000,278032000000,6283499093,250,227439987,0.000000,0.000000,0.000000,0.000000,0.000000,0.000000,0.000000,0.000000,0.000000,0.000000,2.737000,0.008553,0.000000,0.000000,0.000000,0,0
