272500000000,272672000000,6283499093,251,4873150928,0.000000,0.000000,0.000000,0.000000,0.000000,0.000000,0.000000,0.000000,0.000000,0.000000,0.000000,0.000000,0.000000,0.000000,0.000000,0,0
272672000000,272700000000,6283499093,251,4873150928,0.002007,0.001040,0.001930,0.000323,0.000629,0.001732,0.012390,0.000000,0.021150,0.049380,0.752300,0.000000,0.000000,0.000000,0.000953,0,0
272700000000,273000000000,6283499093,251,4873150928,0.000378,0.001226,0.001930,0.000368,0.000811,0.001738,0.000011,0.000000,0.008453,0.002644,2.838000,0.000000,0.000000,0.000000,0.000392,0,0
273000000000,273300000000,6283499093,251,4873150928,0.000394,0.000955,0.001930,0.000367,0.000810,0.000978,0.000004,0.000000,0.005119,0.000238,3.193000,0.000000,0.000000,0.000000,0.000301,0,0
273300000000,273600000000,6283499093,251,4873150928,0.000359,0.000971,0.001930,0.000366,0.000810,0.000980,0.000002,0.000000,0.004204,0.000571,5.161000,0.000000,0.000000,0.000000,0.000692,0,0
273600000000,273900000000,6283499093,251,4873150928,0.000368,0.000977,0.001930,0.000365,0.000810,0.000988,0.000000,0.000000,0.004654,0.000143,3.469000,0.000000,0.000000,0.000000,0.000228,0,0
273900000000,274200000000,6283499093,251,4873150928,0.000351,0.000984,0.001930,0.000365,0.000810,0.000994,0.000001,0.000000,0.004883,0.000143,3.047000,0.000000,0.000000,0.000000,0.000607,0,0
274200000000,274500000000,6283499093,251,4873150928,0.000324,0.000967,0.001930,0.000365,0.000810,0.000970,0.000001,0.000000,0.001160,0.000072,3.120000,0.000000,0.000000,0.000000,0.000156,0,0
274500000000,274800000000,6283499093,251,4873150928,0.000282,0.000972,0.001932,0.000365,0.000810,0.000975,0.000000,0.000000,0.004959,0.000143,2.718000,0.000000,0.000000,0.000000,0.000672,0,0
274800000000,275100000000,6283499093,251,4873150928,0.000271,0.000965,0.001932,0.000365,0.000810,0.000966,0.000002,0.000000,0.001205,0.000571,2.911000,0.000000,0.000000,0.000000,0.000544,0,0
275100000000,275400000000,6283499093,251,4873150928,0.000276,0.000969,0.001932,0.000365,0.000810,0.000973,0.000001,0.000000,0.004570,0.000143,2.979000,0.000000,0.000000,0.000000,0.000152,0,0
275400000000,275700000000,6283499093,251,4873150928,0.000271,0.000973,0.001932,0.000365,0.000810,0.000984,0.000000,0.000000,0.004692,0.000072,2.362000,0.000000,0.000000,0.000000,0.000150,0,0
275700000000,276000000000,6283499093,251,4873150928,0.000287,0.000977,0.001932,0.000365,0.000810,0.000988,0.000000,0.000000,0.004341,0.000143,3.153000,0.000000,0.000000,0.000000,0.000235,0,0
276000000000,276300000000,6283499093,251,4873150928,0.000462,0.001022,0.001928,0.000370,0.000815,0.001080,0.000024,0.000000,0.007996,0.003716,2.773000,0.000000,0.000000,0.000000,0.000462,0,0
276300000000,276600000000,6283499093,251,4873150928,0.000404,0.001019,0.001930,0.000368,0.000814,0.001034,0.000001,0.000000,0.005447,0.000143,3.643000,0.000000,0.000000,0.000000,0.000384,0,0
276600000000,276900000000,6283499093,251,4873150928,0.000357,0.001015,0.001930,0.000366,0.000812,0.001028,0.000000,0.000000,0.006943,0.000072,5.896000,0.000000,0.000000,0.000000,0.000145,0,0
276900000000,277200000000,6283499093,251,4873150928,0.000295,0.001020,0.001930,0.000366,0.000812,0.001032,0.000000,0.000000,0.001829,0.000000,2.551000,0.000000,0.000000,0.000000,0.000093,0,0
277200000000,277500000000,6283499093,251,4873150928,0.000321,0.001024,0.001930,0.000366,0.000812,0.001034,0.000007,0.000000,0.004845,0.000786,2.589000,0.000000,0.000000,0.000000,0.000168,0,0
277500000000,277800000000,6283499093,251,4873150928,0.000322,0.001022,0.001930,0.000366,0.000812,0.001043,0.000005,0.000000,0.003796,0.000571,3.927000,0.000000,0.000000,0.000000,0.001202,0,0
277800000000,277889000000,6283499093,251,4873150928,0.000452,0.001020,0.001930,0.000366,0.000812,0.001047,0.000009,0.000000,0.006104,0.000357,3.839000,0.000000,0.000000,0.000000,0.000244,0,0
277889000000,277900000000,6283499093,251,4873150928,0.000360,0.000014,0.000000,0.000000,0.000000,0.000153,0.000130,0.000000,0.003952,0.001286,2.788000,0.000000,0.000000,0.000000,0.000000,0,0
277900000000,277902000000,6283499093,251,4873150928,0.000000,0.000000,0.000000,0.000000,0.000000,0.000000,0.000000,0.000000,0.000000,0.000000,1.731000,0.000000,0.000000,0.000000,0.000000,0,0
