272501000000,272700000000,6283499093,252,1436490183,0.000000,0.000000,0.000000,0.000000,0.000000,0.000000,0.000000,0.000000,0.000000,0.000000,0.000000,0.000000,0.000000,0.000000,0.000000,0,0
272700000000,272776000000,6283499093,252,1436490183,0.000000,0.000000,0.000000,0.000000,0.000000,0.000000,0.000000,0.000000,0.000000,0.000000,0.000000,0.000000,0.000000,0.000000,0.000000,0,0
272776000000,273000000000,6283499093,252,1436490183,0.000498,0.001244,0.001934,0.000354,0.000755,0.001682,0.000918,0.000000,0.010190,0.017360,1.738000,0.004986,0.000000,0.000000,0.000227,0,0
273000000000,273300000000,6283499093,252,1436490183,0.000348,0.000955,0.001932,0.000374,0.000816,0.000972,0.000001,0.000000,0.004150,0.000072,4.326000,0.015230,0.000000,0.000000,0.000735,0,0
273300000000,273600000000,6283499093,252,1436490183,0.000363,0.000956,0.001932,0.000369,0.000812,0.000968,0.000001,0.000000,0.016050,0.000428,3.592000,0.011980,0.000000,0.000000,0.000286,0,0
273600000000,273900000000,6283499093,252,1436490183,0.000364,0.000958,0.001934,0.000368,0.000812,0.000990,0.000004,0.000000,0.005768,0.000428,2.718000,0.008026,0.000000,0.000000,0.000225,0,0
273900000000,274200000000,6283499093,252,1436490183,0.000659,0.001030,0.001930,0.000369,0.000814,0.001060,0.000010,0.000000,0.009811,0.002213,2.402000,0.006960,0.000000,0.000000,0.002480,0,0
274200000000,274500000000,6283499093,252,1436490183,0.000547,0.000999,0.001930,0.000370,0.000814,0.001013,0.000000,0.000000,0.002048,0.000000,4.832000,0.017350,0.000000,0.000000,0.000364,0,0
274500000000,274800000000,6283499093,252,1436490183,0.000363,0.001026,0.001932,0.000368,0.000813,0.001032,0.000003,0.000000,0.003117,0.000500,3.181000,0.009886,0.000000,0.000000,0.000232,0,0
274800000000,275100000000,6283499093,252,1436490183,0.000288,0.001005,0.001932,0.000366,0.000812,0.001015,0.000000,0.000000,0.004501,0.000000,3.269000,0.010490,0.000000,0.000000,0.000223,0,0
275100000000,275400000000,6283499093,252,1436490183,0.000298,0.001015,0.001932,0.000365,0.000811,0.001028,0.000001,0.000000,0.002388,0.000215,3.210000,0.009537,0.000000,0.000000,0.000166,0,0
275400000000,275700000000,6283499093,252,1436490183,0.000281,0.001019,0.001932,0.000363,0.000809,0.001030,0.000000,0.000000,0.003880,0.000000,2.840000,0.007727,0.000000,0.000000,0.000276,0,0
275700000000,276000000000,6283499093,252,1436490183,0.000285,0.001013,0.001932,0.000363,0.000809,0.001030,0.000002,0.000000,0.001120,0.000357,2.986000,0.009083,0.000000,0.000000,0.000159,0,0
276000000000,276300000000,6283499093,252,1436490183,0.000281,0.001024,0.001932,0.000363,0.000809,0.001036,0.000008,0.000000,0.005058,0.000857,3.001000,0.008723,0.000000,0.000000,0.000156,0,0
276300000000,276600000000,6283499093,252,1436490183,0.000318,0.001026,0.001932,0.000363,0.000809,0.001038,0.000001,0.000000,0.004478,0.000143,2.977000,0.008763,0.000000,0.000000,0.000208,0,0
276600000000,276900000000,6283499093,252,1436490183,0.000302,0.001024,0.001932,0.000363,0.000809,0.001038,0.000000,0.000000,0.004555,0.000000,3.017000,0.008937,0.000000,0.000000,0.000368,0,0
276900000000,277200000000,6283499093,252,1436490183,0.000297,0.001015,0.001934,0.000363,0.000809,0.001019,0.000000,0.000000,0.004311,0.000072,2.781000,0.007901,0.000000,0.000000,0.000175,0,0
277200000000,277500000000,6283499093,252,1436490183,0.000267,0.001051,0.001932,0.000363,0.000797,0.001396,0.000006,0.000000,0.004227,0.000786,2.517000,0.006827,0.000000,0.000000,0.000124,0,0
277500000000,277800000000,6283499093,252,1436490183,0.000253,0.001125,0.001930,0.000408,0.000667,0.001375,0.000202,0.000000,0.005241,0.016140,3.191000,0.008971,0.000000,0.000000,0.000249,0,0
277800000000,278100000000,6283499093,252,1436490183,0.000295,0.001038,0.001932,0.000430,0.000775,0.001051,0.000033,0.000000,0.005821,0.005074,2.853000,0.008389,0.000000,0.000000,0.000176,0,0
278100000000,278400000000,6283499093,252,1436490183,0.000322,0.001036,0.001932,0.000428,0.000779,0.001060,0.000041,0.000000,0.003372,0.008209,3.992000,0.013400,0.000000,0.000000,0.000140,0,0
278400000000,278700000000,6283499093,252,1436490183,0.000391,0.001095,0.001930,0.000410,0.000794,0.001129,0.000008,0.000000,0.003410,0.000786,4.305000,0.014070,0.000000,0.000000,0.000216,0,0
278700000000,279000000000,6283499093,252,1436490183,0.000326,0.001057,0.001932,0.000410,0.000794,0.001059,0.000009,0.000000,0.006195,0.001858,3.394000,0.010900,0.000000,0.000000,0.000090,0,0
279000000000,279300000000,6283499093,252,1436490183,0.000344,0.001062,0.001932,0.000410,0.000795,0.001076,0.000002,0.000000,0.005516,0.000286,2.079000,0.005200,0.000000,0.000000,0.000281,0,0
279300000000,279600000000,6283499093,252,1436490183,0.000360,0.001089,0.001932,0.000407,0.000795,0.001114,0.000009,0.000000,0.005363,0.001286,3.101000,0.009956,0.000000,0.000000,0.000229,0,0
279600000000,279900000000,6283499093,252,1436490183,0.000390,0.001076,0.001932,0.000406,0.000795,0.001087,0.000003,0.000000,0.003086,0.000500,2.991000,0.009325,0.000000,0.000000,0.000476,0,0
279900000000,280129000000,6283499093,252,1436490183,0.000376,0.001093,0.001932,0.000406,0.000795,0.001116,0.000049,0.000000,0.004265,0.008636,2.698000,0.007988,0.000000,0.000000,0.000213,0,0
280129000000,280139000000,6283499093,252,1436490183,0.000311,0.000015,0.000000,0.000074,0.000074,0.000149,0.000130,0.000000,0.003105,0.001429,2.395000,0.006739,0.000000,0.000000,0.000000,0,0
280139000000,280141000000,6283499093,252,1436490183,0.000000,0.000000,0.000000,0.000000,0.000000,0.000000,0.000000,0.000000,0.000000,0.000000,1.128000,0.001736,0.000000,0.000000,0.000000,0,0
