272506000000,272700000000,6283499093,253,4820227126,0.000000,0.000000,0.000000,0.000000,0.000000,0.000000,0.000000,0.000000,0.000000,0.000000,0.000000,0.000000,0.000000,0.000000,0.000000,0,0
272700000000,272703000000,6283499093,253,4820227126,0.000000,0.000000,0.000000,0.000000,0.000000,0.000000,0.000000,0.000000,0.000000,0.000000,0.000000,0.000000,0.000000,0.000000,0.000000,0,0
272703000000,273000000000,6283499093,253,4820227126,0.000610,0.001230,0.001894,0.000374,0.000800,0.001709,0.001080,0.000000,0.016720,0.050350,1.933000,0.000000,0.000000,0.000000,0.000421,0,0
273000000000,273300000000,6283499093,253,4820227126,0.000410,0.000988,0.001905,0.000382,0.000825,0.000997,0.000002,0.000000,0.004448,0.000357,6.751000,0.000000,0.000000,0.000000,0.000325,0,0
273300000000,273600000000,6283499093,253,4820227126,0.000333,0.000977,0.001928,0.000380,0.000825,0.000992,0.000000,0.000000,0.002552,0.000072,3.981000,0.000000,0.000000,0.000000,0.000223,0,0
273600000000,273900000000,6283499093,253,4820227126,0.000258,0.000978,0.001932,0.000380,0.000825,0.000988,0.000000,0.000000,0.002434,0.000072,2.930000,0.000000,0.000000,0.000000,0.000287,0,0
273900000000,274200000000,6283499093,253,4820227126,0.000260,0.000974,0.001932,0.000382,0.000825,0.000978,0.000001,0.000000,0.003414,0.000286,3.149000,0.000000,0.000000,0.000000,0.000217,0,0
274200000000,274500000000,6283499093,253,4820227126,0.000262,0.000982,0.001932,0.000378,0.000822,0.000996,0.000001,0.000000,0.004715,0.000143,3.597000,0.000000,0.000000,0.000000,0.000174,0,0
274500000000,274800000000,6283499093,253,4820227126,0.000271,0.000977,0.001930,0.000377,0.000821,0.000988,0.000006,0.000000,0.003906,0.001143,4.065000,0.000000,0.000000,0.000000,0.000077,0,0
274800000000,275100000000,6283499093,253,4820227126,0.000248,0.000975,0.001932,0.000377,0.000821,0.000980,0.000000,0.000000,0.004196,0.000000,3.336000,0.000000,0.000000,0.000000,0.000097,0,0
275100000000,275400000000,6283499093,253,4820227126,0.000318,0.001017,0.001930,0.000380,0.000825,0.001053,0.000030,0.000000,0.010760,0.006218,3.772000,0.000000,0.000000,0.000000,0.000157,0,0
275400000000,275700000000,6283499093,253,4820227126,0.000295,0.001001,0.001930,0.000377,0.000822,0.001022,0.000000,0.000000,0.005272,0.000072,3.494000,0.000000,0.000000,0.000000,0.000275,0,0
275700000000,276000000000,6283499093,253,4820227126,0.000313,0.001005,0.001930,0.000377,0.000822,0.001017,0.000001,0.000000,0.005447,0.000215,2.692000,0.000000,0.000000,0.000000,0.000346,0,0
276000000000,276300000000,6283499093,253,4820227126,0.000324,0.001005,0.001930,0.000377,0.000822,0.001020,0.000001,0.000000,0.004707,0.000072,3.167000,0.000000,0.000000,0.000000,0.000138,0,0
276300000000,276600000000,6283499093,253,4820227126,0.000390,0.001022,0.001930,0.000377,0.000822,0.001047,0.000002,0.000000,0.005142,0.000143,1.930000,0.000000,0.000000,0.000000,0.000194,0,0
276600000000,276900000000,6283499093,253,4820227126,0.000460,0.001060,0.001928,0.000382,0.000827,0.001085,0.000021,0.000000,0.008026,0.004784,3.608000,0.000000,0.000000,0.000000,0.000758,0,0
276900000000,277200000000,6283499093,253,4820227126,0.000431,0.001045,0.001928,0.000382,0.000829,0.001059,0.000001,0.000000,0.006111,0.000143,4.069000,0.000000,0.000000,0.000000,0.000411,0,0
277200000000,277500000000,6283499093,253,4820227126,0.000304,0.001040,0.001930,0.000377,0.000822,0.001051,0.000002,0.000000,0.004349,0.000143,3.409000,0.000000,0.000000,0.000000,0.000073,0,0
277500000000,277800000000,6283499093,253,4820227126,0.000286,0.001053,0.001930,0.000377,0.000822,0.001062,0.000006,0.000000,0.004860,0.000999,2.850000,0.000000,0.000000,0.000000,0.000764,0,0
277800000000,278100000000,6283499093,253,4820227126,0.000292,0.001047,0.001930,0.000377,0.000822,0.001060,0.000010,0.000000,0.005051,0.001642,3.182000,0.000000,0.000000,0.000000,0.000099,0,0
278100000000,278400000000,6283499093,253,4820227126,0.000274,0.001053,0.001930,0.000377,0.000822,0.001064,0.000009,0.000000,0.004562,0.001715,2.848000,0.000000,0.000000,0.000000,0.000170,0,0
278400000000,278700000000,6283499093,253,4820227126,0.000305,0.001055,0.001930,0.000377,0.000822,0.001064,0.000004,0.000000,0.002148,0.000571,2.842000,0.000000,0.000000,0.000000,0.000174,0,0
278700000000,279000000000,6283499093,253,4820227126,0.000318,0.001057,0.001930,0.000377,0.000822,0.001066,0.000013,0.000000,0.004349,0.003429,2.580000,0.000000,0.000000,0.000000,0.000211,0,0
279000000000,279300000000,6283499093,253,4820227126,0.000301,0.001051,0.001930,0.000377,0.000822,0.001064,0.000003,0.000000,0.005775,0.000357,3.126000,0.000000,0.000000,0.000000,0.000424,0,0
279300000000,279600000000,6283499093,253,4820227126,0.000355,0.001110,0.001928,0.000365,0.000824,0.001156,0.000014,0.000000,0.004654,0.002430,2.660000,0.000000,0.000000,0.000000,0.000866,0,0
279600000000,279900000000,6283499093,253,4820227126,0.000338,0.001087,0.001930,0.000362,0.000824,0.001091,0.000003,0.000000,0.004807,0.000286,2.691000,0.000000,0.000000,0.000000,0.000247,0,0
279900000000,280200000000,6283499093,253,4820227126,0.000334,0.001106,0.001930,0.000363,0.000825,0.001129,0.000006,0.000000,0.004883,0.000571,2.695000,0.000000,0.000000,0.000000,0.000467,0,0
280200000000,280500000000,6283499093,253,4820227126,0.000347,0.001097,0.001930,0.000363,0.000825,0.001131,0.000002,0.000000,0.008835,0.000357,2.438000,0.000000,0.000000,0.000000,0.000459,0,0
280500000000,280800000000,6283499093,253,4820227126,0.003033,0.001308,0.002274,0.000271,0.000701,0.002129,0.000061,0.000000,0.070800,0.009079,2.618000,0.000000,0.000000,0.000000,0.000821,0,0
280800000000,281100000000,6283499093,253,4820227126,0.000443,0.000922,0.001928,0.000016,0.000289,0.001154,0.000004,0.000000,0.003895,0.000428,3.748000,0.000000,0.000000,0.000000,0.000268,0,0
281100000000,281162000000,6283499093,253,4820227126,0.000463,0.000937,0.001928,0.000026,0.000295,0.001030,0.001287,0.000000,0.004059,0.029420,6.528000,0.000000,0.000000,0.000000,0.000194,0,0
281162000000,281173000000,6283499093,253,4820227126,0.000258,0.000000,0.000000,0.000000,0.000000,0.000000,0.000149,0.000000,0.001421,0.001143,2.677000,0.000000,0.000000,0.000000,0.000000,0,0
281173000000,281175000000,6283499093,253,4820227126,0.000000,0.000000,0.000000,0.000000,0.000000,0.000000,0.000000,0.000000,0.000000,0.000000,1.794000,0.000000,0.000000,0.000000,0.000000,0,0
