272500000000,272566000000,6283499093,254,336036881,0.000000,0.000000,0.000000,0.000000,0.000000,0.000000,0.000000,0.000000,0.000000,0.000000,0.000000,0.000000,0.000000,0.000000,0.000000,0,0
272566000000,272700000000,6283499093,254,336036881,0.000582,0.001587,0.001896,0.000382,0.000812,0.001751,0.001652,0.000000,0.012730,0.065430,1.321000,0.001982,0.000000,0.000000,0.000241,0,0
272700000000,273000000000,6283499093,254,336036881,0.000395,0.001040,0.001896,0.000380,0.000824,0.001322,0.000000,0.000000,0.004471,0.000000,2.218000,0.006227,0.000000,0.000000,0.000302,0,0
273000000000,273300000000,6283499093,254,336036881,0.000440,0.001019,0.001896,0.000380,0.000824,0.001028,0.000001,0.000000,0.004379,0.000143,3.154000,0.010540,0.000000,0.000000,0.000740,0,0
273300000000,273600000000,6283499093,254,336036881,0.000383,0.001003,0.001898,0.000380,0.000824,0.001011,0.000000,0.000000,0.005196,0.000000,2.934000,0.009473,0.000000,0.000000,0.000758,0,0
273600000000,273900000000,6283499093,254,336036881,0.000320,0.001007,0.001898,0.000367,0.000812,0.001020,0.000001,0.000000,0.004089,0.000143,2.403000,0.007005,0.000000,0.000000,0.000581,0,0
273900000000,274200000000,6283499093,254,336036881,0.000309,0.000999,0.001900,0.000364,0.000809,0.001003,0.000000,0.000000,0.001020,0.000072,2.348000,0.006631,0.000000,0.000000,0.000117,0,0
274200000000,274500000000,6283499093,254,336036881,0.000308,0.001007,0.001902,0.000364,0.000809,0.001017,0.000004,0.000000,0.003727,0.000857,2.128000,0.005777,0.000000,0.000000,0.000084,0,0
274500000000,274800000000,6283499093,254,336036881,0.000311,0.001005,0.001902,0.000364,0.000808,0.001026,0.000000,0.000000,0.003807,0.000000,2.103000,0.005719,0.000000,0.000000,0.000131,0,0
274800000000,275100000000,6283499093,254,336036881,0.000308,0.001013,0.001902,0.000364,0.000808,0.001026,0.000000,0.000000,0.004562,0.000072,2.175000,0.006183,0.000000,0.000000,0.000221,0,0
275100000000,275400000000,6283499093,254,336036881,0.000306,0.001019,0.001902,0.000364,0.000809,0.001032,0.000001,0.000000,0.003830,0.000072,2.232000,0.006202,0.000000,0.000000,0.000196,0,0
275400000000,275700000000,6283499093,254,336036881,0.000296,0.001011,0.001904,0.000364,0.000809,0.001013,0.000000,0.000000,0.003864,0.000072,2.075000,0.005754,0.000000,0.000000,0.000235,0,0
275700000000,276000000000,6283499093,254,336036881,0.000300,0.001015,0.001904,0.000364,0.000809,0.001026,0.000009,0.000000,0.006386,0.002357,1.955000,0.004848,0.000000,0.000000,0.000581,0,0
276000000000,276300000000,6283499093,254,336036881,0.000293,0.001013,0.001904,0.000364,0.000809,0.001022,0.000002,0.000000,0.004311,0.000143,2.302000,0.006412,0.000000,0.000000,0.000641,0,0
276300000000,276600000000,6283499093,254,336036881,0.000278,0.001009,0.001904,0.000364,0.000809,0.001015,0.000001,0.000000,0.003742,0.000143,2.150000,0.006101,0.000000,0.000000,0.000081,0,0
276600000000,276900000000,6283499093,254,336036881,0.000329,0.001022,0.001904,0.000365,0.000810,0.001074,0.000031,0.000000,0.010130,0.005211,2.265000,0.006809,0.000000,0.000000,0.000098,0,0
276900000000,277200000000,6283499093,254,336036881,0.000311,0.001041,0.001902,0.000370,0.000815,0.001080,0.000008,0.000000,0.001114,0.002357,2.586000,0.008067,0.000000,0.000000,0.000170,0,0
277200000000,277500000000,6283499093,254,336036881,0.000342,0.001019,0.001913,0.000363,0.000810,0.001040,0.000004,0.000000,0.004448,0.000357,2.435000,0.007325,0.000000,0.000000,0.000395,0,0
277500000000,277800000000,6283499093,254,336036881,0.000337,0.001034,0.001913,0.000363,0.000809,0.001045,0.000006,0.000000,0.016020,0.000571,2.260000,0.007104,0.000000,0.000000,0.000232,0,0
277800000000,278100000000,6283499093,254,336036881,0.000320,0.001026,0.001913,0.000363,0.000809,0.001028,0.000019,0.000000,0.004631,0.002144,2.259000,0.006995,0.000000,0.000000,0.000094,0,0
278100000000,278400000000,6283499093,254,336036881,0.000303,0.001022,0.001913,0.000363,0.000809,0.001026,0.000012,0.000000,0.002136,0.001572,2.155000,0.006363,0.000000,0.000000,0.000171,0,0
278400000000,278700000000,6283499093,254,336036881,0.000318,0.001032,0.001913,0.000363,0.000809,0.001043,0.000007,0.000000,0.005211,0.001215,2.514000,0.008003,0.000000,0.000000,0.000102,0,0
278700000000,279000000000,6283499093,254,336036881,0.000371,0.001089,0.001911,0.000351,0.000811,0.001131,0.000010,0.000000,0.005035,0.001143,2.421000,0.007755,0.000000,0.000000,0.000245,0,0
279000000000,279300000000,6283499093,254,336036881,0.000360,0.001059,0.001911,0.000349,0.000811,0.001074,0.000004,0.000000,0.004890,0.000428,2.317000,0.007226,0.000000,0.000000,0.000711,0,0
279300000000,279529000000,6283499093,254,336036881,0.000426,0.001068,0.001911,0.000352,0.000811,0.001085,0.000002,0.000000,0.007233,0.000072,2.609000,0.008455,0.000000,0.000000,0.000148,0,0
279529000000,279541000000,6283499093,254,336036881,0.000188,0.000000,0.000000,0.000000,0.000000,0.000000,0.000232,0.000000,0.002258,0.002785,1.950000,0.005606,0.000000,0.000000,0.000000,0,0
279541000000,279542000000,6283499093,254,336036881,0.000000,0.000000,0.000000,0.000000,0.000000,0.000000,0.000000,0.000000,0.000000,0.000000,1.929000,0.005570,0.000000,0.000000,0.000000,0,0
