272501000000,272602000000,6283499093,255,6567303,0.000000,0.000000,0.000000,0.000000,0.000000,0.000000,0.000000,0.000000,0.000000,0.000000,0.000000,0.000000,0.000000,0.000000,0.000000,0,0
272602000000,272700000000,6283499093,255,6567303,0.000754,0.001535,0.001732,0.000287,0.000709,0.001669,0.001757,0.000000,0.014760,0.055730,2.459000,0.007126,0.000000,0.000000,0.000469,0,0
272700000000,273000000000,6283499093,255,6567303,0.000404,0.001072,0.001734,0.000293,0.000735,0.001478,0.000001,0.000000,0.009598,0.000215,2.391000,0.006493,0.000000,0.000000,0.000223,0,0
273000000000,273300000000,6283499093,255,6567303,0.000468,0.001034,0.001734,0.000295,0.000737,0.001043,0.000010,0.000000,0.004585,0.002213,2.383000,0.006608,0.000000,0.000000,0.000301,0,0
273300000000,273600000000,6283499093,255,6567303,0.000585,0.001102,0.002117,0.000284,0.000729,0.001202,0.000027,0.000000,0.017760,0.005356,2.797000,0.008501,0.000000,0.000000,0.000312,0,0
273600000000,273900000000,6283499093,255,6567303,0.000493,0.001059,0.001734,0.000281,0.000727,0.001070,0.000001,0.000000,0.004395,0.000286,3.830000,0.012750,0.000000,0.000000,0.000363,0,0
273900000000,274200000000,6283499093,255,6567303,0.000358,0.001059,0.001736,0.000282,0.000728,0.001070,0.000001,0.000000,0.004608,0.000215,2.695000,0.007702,0.000000,0.000000,0.000270,0,0
274200000000,274500000000,6283499093,255,6567303,0.000347,0.001059,0.001738,0.000278,0.000724,0.001070,0.000002,0.000000,0.005264,0.000215,2.243000,0.005903,0.000000,0.000000,0.000604,0,0
274500000000,274800000000,6283499093,255,6567303,0.000360,0.001057,0.001738,0.000278,0.000724,0.001074,0.000001,0.000000,0.004929,0.000215,2.443000,0.006623,0.000000,0.000000,0.000654,0,0
274800000000,275100000000,6283499093,255,6567303,0.000416,0.001064,0.001738,0.000278,0.000723,0.001081,0.000001,0.000000,0.018220,0.000143,2.209000,0.005768,0.000000,0.000000,0.000545,0,0
275100000000,275400000000,6283499093,255,6567303,0.000420,0.001078,0.001738,0.000277,0.000722,0.001081,0.000003,0.000000,0.004311,0.000215,2.864000,0.008693,0.000000,0.000000,0.000214,0,0
275400000000,275700000000,6283499093,255,6567303,0.000449,0.001087,0.001865,0.000271,0.000716,0.001125,0.000017,0.000000,0.007286,0.004646,3.191000,0.010080,0.000000,0.000000,0.000151,0,0
275700000000,276000000000,6283499093,255,6567303,0.000382,0.001070,0.001738,0.000258,0.000703,0.001099,0.000001,0.000000,0.004608,0.000072,2.514000,0.007341,0.000000,0.000000,0.000416,0,0
276000000000,276300000000,6283499093,255,6567303,0.000380,0.001085,0.001738,0.000258,0.000703,0.001095,0.000002,0.000000,0.004204,0.000072,2.722000,0.007972,0.000000,0.000000,0.000154,0,0
276300000000,276600000000,6283499093,255,6567303,0.000382,0.001093,0.001738,0.000258,0.000703,0.001097,0.000002,0.000000,0.004524,0.000357,2.974000,0.009018,0.000000,0.000000,0.000238,0,0
276600000000,276900000000,6283499093,255,6567303,0.000382,0.001085,0.001738,0.000258,0.000703,0.001097,0.000000,0.000000,0.004791,0.000072,2.567000,0.007462,0.000000,0.000000,0.000233,0,0
276900000000,277200000000,6283499093,255,6567303,0.000334,0.001078,0.001740,0.000258,0.000703,0.001085,0.000000,0.000000,0.004654,0.000000,2.373000,0.006492,0.000000,0.000000,0.000350,0,0
277200000000,277500000000,6283499093,255,6567303,0.000331,0.001083,0.001740,0.000258,0.000703,0.001093,0.000006,0.000000,0.004028,0.000857,2.333000,0.006336,0.000000,0.000000,0.000576,0,0
277500000000,277800000000,6283499093,255,6567303,0.000333,0.001078,0.001740,0.000258,0.000703,0.001091,0.000003,0.000000,0.005669,0.000072,2.408000,0.006682,0.000000,0.000000,0.000363,0,0
277800000000,277849000000,6283499093,255,6567303,0.000616,0.001089,0.001738,0.000258,0.000703,0.001099,0.000067,0.000000,0.003975,0.003143,2.126000,0.005363,0.000000,0.000000,0.000580,0,0
277849000000,277866000000,6283499093,255,6567303,0.000175,0.000000,0.000000,0.000000,0.000000,0.000000,0.000042,0.000000,0.002991,0.000571,1.996000,0.005129,0.000000,0.000000,0.000000,0,0
277866000000,277867000000,6283499093,255,6567303,0.000000,0.000000,0.000000,0.000000,0.000000,0.000000,0.000000,0.000000,0.000000,0.000000,1.951000,0.005049,0.000000,0.000000,0.000000,0,0
