272501000000,272700000000,6283499093,256,318383256,0.000000,0.000000,0.000000,0.000000,0.000000,0.000000,0.000000,0.000000,0.000000,0.000000,0.000000,0.000000,0.000000,0.000000,0.000000,0,0
272700000000,272769000000,6283499093,256,318383256,0.000000,0.000000,0.000000,0.000000,0.000000,0.000000,0.000000,0.000000,0.000000,0.000000,0.000000,0.000000,0.000000,0.000000,0.000000,0,0
272769000000,273000000000,6283499093,256,318383256,0.000432,0.000864,0.001928,0.000127,0.000149,0.001053,0.000277,0.000000,0.014340,0.005074,1.585000,0.003288,0.000000,0.000000,0.000270,0,0
273000000000,273300000000,6283499093,256,318383256,0.000282,0.000908,0.001925,0.000132,0.000175,0.001068,0.000001,0.000000,0.003365,0.000072,4.858000,0.017060,0.000000,0.000000,0.000158,0,0
273300000000,273600000000,6283499093,256,318383256,0.000287,0.000933,0.001925,0.000132,0.000190,0.001102,0.000002,0.000000,0.004364,0.000643,3.507000,0.010740,0.000000,0.000000,0.000240,0,0
273600000000,273900000000,6283499093,256,318383256,0.000270,0.000927,0.001925,0.000132,0.000185,0.001101,0.000001,0.000000,0.004372,0.000072,1.970000,0.004572,0.000000,0.000000,0.000117,0,0
273900000000,274200000000,6283499093,256,318383256,0.000273,0.000923,0.001925,0.000132,0.000182,0.001093,0.000001,0.000000,0.003922,0.000357,3.266000,0.009754,0.000000,0.000000,0.000318,0,0
274200000000,274500000000,6283499093,256,318383256,0.000285,0.000926,0.001925,0.000132,0.000187,0.001093,0.000000,0.000000,0.006477,0.000000,3.140000,0.009274,0.000000,0.000000,0.000353,0,0
274500000000,274800000000,6283499093,256,318383256,0.000271,0.000927,0.001925,0.000132,0.000188,0.001148,0.000002,0.000000,0.001125,0.000286,3.562000,0.011070,0.000000,0.000000,0.000159,0,0
274800000000,275100000000,6283499093,256,318383256,0.000313,0.000966,0.001925,0.000131,0.000212,0.001245,0.000000,0.000000,0.004242,0.000072,3.235000,0.009860,0.000000,0.000000,0.000225,0,0
275100000000,275400000000,6283499093,256,318383256,0.000296,0.000978,0.001925,0.000130,0.000215,0.001266,0.000002,0.000000,0.005859,0.000215,3.615000,0.011230,0.000000,0.000000,0.000517,0,0
275400000000,275700000000,6283499093,256,318383256,0.000286,0.000966,0.001925,0.000130,0.000198,0.001198,0.000000,0.000000,0.002037,0.000000,3.361000,0.010050,0.000000,0.000000,0.000563,0,0
275700000000,276000000000,6283499093,256,318383256,0.000289,0.000945,0.001925,0.000131,0.000177,0.001122,0.000003,0.000000,0.004082,0.000786,2.491000,0.006667,0.000000,0.000000,0.000203,0,0
276000000000,276300000000,6283499093,256,318383256,0.000296,0.000925,0.001926,0.000131,0.000157,0.001057,0.000003,0.000000,0.005051,0.000571,3.056000,0.008760,0.000000,0.000000,0.000089,0,0
276300000000,276600000000,6283499093,256,318383256,0.000293,0.000909,0.001926,0.000132,0.000141,0.000961,0.000001,0.000000,0.004318,0.000143,4.135000,0.013010,0.000000,0.000000,0.000184,0,0
276600000000,276900000000,6283499093,256,318383256,0.000289,0.000900,0.001926,0.000132,0.000140,0.000947,0.000000,0.000000,0.003765,0.000000,3.399000,0.010130,0.000000,0.000000,0.000212,0,0
276900000000,277200000000,6283499093,256,318383256,0.000292,0.000896,0.001926,0.000132,0.000140,0.000939,0.000000,0.000000,0.005516,0.000072,2.656000,0.007261,0.000000,0.000000,0.000260,0,0
277200000000,277500000000,6283499093,256,318383256,0.000285,0.000896,0.001926,0.000132,0.000140,0.000940,0.000007,0.000000,0.001259,0.001143,3.415000,0.010170,0.000000,0.000000,0.000112,0,0
277500000000,277800000000,6283499093,256,318383256,0.000281,0.000908,0.001926,0.000153,0.000160,0.000971,0.000269,0.000000,0.013820,0.014860,3.413000,0.010020,0.000000,0.000000,0.000483,0,0
277800000000,278100000000,6283499093,256,318383256,0.000305,0.000907,0.001930,0.000157,0.000163,0.000966,0.000197,0.000000,0.011890,0.016080,3.023000,0.009094,0.000000,0.000000,0.000168,0,0
278100000000,278400000000,6283499093,256,318383256,0.000384,0.000937,0.001928,0.000215,0.000237,0.001101,0.000126,0.000000,0.007462,0.017640,3.538000,0.010300,0.000000,0.000000,0.000695,0,0
278400000000,278700000000,6283499093,256,318383256,0.000391,0.001024,0.001926,0.000222,0.000329,0.001101,0.000001,0.000000,0.007858,0.000072,3.416000,0.010600,0.000000,0.000000,0.000249,0,0
278700000000,279000000000,6283499093,256,318383256,0.000380,0.000969,0.001926,0.000223,0.000285,0.001043,0.000001,0.000000,0.005013,0.000143,3.089000,0.009353,0.000000,0.000000,0.000329,0,0
279000000000,279300000000,6283499093,256,318383256,0.000325,0.001019,0.001930,0.000223,0.000334,0.001047,0.000004,0.000000,0.004448,0.000286,2.800000,0.008120,0.000000,0.000000,0.000459,0,0
279300000000,279600000000,6283499093,256,318383256,0.000350,0.001043,0.001930,0.000220,0.000350,0.001099,0.000015,0.000000,0.005661,0.001715,3.413000,0.010310,0.000000,0.000000,0.000278,0,0
279600000000,279900000000,6283499093,256,318383256,0.000338,0.001017,0.001932,0.000220,0.000363,0.001022,0.000009,0.000000,0.004456,0.002213,2.573000,0.007221,0.000000,0.000000,0.000092,0,0
279900000000,280154000000,6283499093,256,318383256,0.000396,0.001060,0.001932,0.000220,0.000364,0.001087,0.000011,0.000000,0.010640,0.000999,2.437000,0.006837,0.000000,0.000000,0.000254,0,0
280154000000,280163000000,6283499093,256,318383256,0.002029,0.001097,0.001930,0.000275,0.000404,0.001190,0.005707,0.000000,0.013730,0.030580,2.732000,0.008229,0.000000,0.000000,0.000067,0,0
280163000000,280182000000,6283499093,256,318383256,0.000108,0.000000,0.000000,0.000000,0.000000,0.000000,0.000021,0.000000,0.002048,0.000428,2.750000,0.008302,0.000000,0.000000,0.000000,1,0
280182000000,280184000000,6283499093,256,318383256,0.000000,0.000000,0.000000,0.000000,0.000000,0.000000,0.000000,0.000000,0.000000,0.000000,2.750000,0.008302,0.000000,0.000000,0.000000,0,0
280192000000,280200000000,6283499093,256,227424758,0.001522,0.000301,0.001940,0.000152,0.000255,0.000696,0.033260,0.000000,0.004692,0.043640,0.889800,0.000921,0.000000,0.000000,0.000627,0,0
280200000000,280500000000,6283499093,256,227424758,0.000434,0.001156,0.001932,0.000373,0.000811,0.001688,0.000156,0.000000,0.009888,0.035280,1.718000,0.004884,0.000000,0.000000,0.000802,0,0
280500000000,280800000000,6283499093,256,227424758,0.000458,0.000994,0.001930,0.000358,0.000811,0.001049,0.000007,0.000000,0.005615,0.001215,3.440000,0.011810,0.000000,0.000000,0.000268,0,0
280800000000,281100000000,6283499093,256,227424758,0.000421,0.001007,0.001930,0.000352,0.000811,0.001030,0.000005,0.000000,0.005127,0.000786,3.298000,0.011080,0.000000,0.000000,0.000621,0,0
281100000000,281400000000,6283499093,256,227424758,0.000445,0.001003,0.001930,0.000351,0.000811,0.001017,0.000002,0.000000,0.005234,0.000143,2.673000,0.008228,0.000000,0.000000,0.000167,0,0
281400000000,281700000000,6283499093,256,227424758,0.000471,0.001017,0.001930,0.000351,0.000812,0.001030,0.000003,0.000000,0.005058,0.000286,3.612000,0.012450,0.000000,0.000000,0.000350,0,0
281700000000,282000000000,6283499093,256,227424758,0.000417,0.000994,0.001930,0.000351,0.000811,0.000996,0.000000,0.000000,0.004967,0.000000,3.096000,0.010130,0.000000,0.000000,0.000251,0,0
282000000000,282300000000,6283499093,256,227424758,0.000351,0.000965,0.001930,0.000351,0.000812,0.001053,0.000004,0.000000,0.004456,0.000357,2.413000,0.007017,0.000000,0.000000,0.000145,0,0
282300000000,282600000000,6283499093,256,227424758,0.000332,0.000585,0.001930,0.000350,0.000812,0.000606,0.000011,0.000000,0.005272,0.001715,2.282000,0.006375,0.000000,0.000000,0.000074,0,0
282600000000,282900000000,6283499093,256,227424758,0.000337,0.000601,0.001930,0.000351,0.000812,0.000608,0.000003,0.000000,0.004440,0.000215,2.491000,0.007328,0.000000,0.000000,0.000199,0,0
282900000000,282909000000,6283499093,256,227424758,0.000270,0.000572,0.001930,0.000351,0.000812,0.000572,0.000008,0.000000,0.000771,0.000072,2.569000,0.007705,0.000000,0.000000,0.000197,0,0
282909000000,282924000000,6283499093,256,227424758,0.000188,0.000000,0.000000,0.000000,0.000000,0.000000,0.000035,0.000000,0.002819,0.000571,2.569000,0.007705,0.000000,0.000000,0.000000,0,0
282924000000,282926000000,6283499093,256,227424758,0.000000,0.000000,0.000000,0.000000,0.000000,0.000000,0.000000,0.000000,0.000000,0.000000,2.569000,0.007705,0.000000,0.000000,0.000000,0,0
