272498000000,272584000000,6283499093,257,1429573284,0.000000,0.000000,0.000000,0.000000,0.000000,0.000000,0.000000,0.000000,0.000000,0.000000,0.000000,0.000000,0.000000,0.000000,0.000000,0,0
272584000000,272700000000,6283499093,257,1429573284,0.001053,0.001566,0.001930,0.000371,0.000793,0.001736,0.002113,0.000000,0.030550,0.042910,5.685000,0.021300,0.000000,0.000000,0.000313,0,0
272700000000,273000000000,6283499093,257,1429573284,0.000554,0.001028,0.001930,0.000374,0.000819,0.001431,0.000000,0.000000,0.005348,0.000000,3.462000,0.011270,0.000000,0.000000,0.000780,0,0
273000000000,273300000000,6283499093,257,1429573284,0.000522,0.000977,0.001930,0.000369,0.000814,0.000988,0.000001,0.000000,0.012040,0.000143,3.343000,0.010600,0.000000,0.000000,0.000292,0,0
273300000000,273600000000,6283499093,257,1429573284,0.000469,0.001007,0.001932,0.000368,0.000813,0.001022,0.000001,0.000000,0.018890,0.000143,2.875000,0.008641,0.000000,0.000000,0.000175,0,0
273600000000,273900000000,6283499093,257,1429573284,0.000443,0.001001,0.001932,0.000368,0.000813,0.001024,0.000001,0.000000,0.004822,0.000143,2.831000,0.008595,0.000000,0.000000,0.000550,0,0
273900000000,274200000000,6283499093,257,1429573284,0.000371,0.001022,0.001932,0.000368,0.000813,0.001036,0.000000,0.000000,0.005829,0.000072,2.596000,0.007553,0.000000,0.000000,0.000199,0,0
274200000000,274500000000,6283499093,257,1429573284,0.000407,0.001024,0.001932,0.000370,0.000815,0.001053,0.000025,0.000000,0.019410,0.003857,2.734000,0.007875,0.000000,0.000000,0.000556,0,0
274500000000,274800000000,6283499093,257,1429573284,0.000365,0.001011,0.001932,0.000369,0.000814,0.001047,0.000000,0.000000,0.004669,0.000000,2.796000,0.008354,0.000000,0.000000,0.000194,0,0
274800000000,275100000000,6283499093,257,1429573284,0.000430,0.001015,0.001932,0.000367,0.000812,0.001028,0.000001,0.000000,0.006447,0.000215,2.923000,0.009076,0.000000,0.000000,0.000168,0,0
275100000000,275400000000,6283499093,257,1429573284,0.000463,0.001020,0.001932,0.000367,0.000812,0.001049,0.000002,0.000000,0.008240,0.000357,3.090000,0.009794,0.000000,0.000000,0.000604,0,0
275400000000,275700000000,6283499093,257,1429573284,0.000439,0.001030,0.001932,0.000369,0.000814,0.001045,0.000003,0.000000,0.002041,0.000857,3.293000,0.010640,0.000000,0.000000,0.000308,0,0
275700000000,276000000000,6283499093,257,1429573284,0.000476,0.001045,0.001932,0.000385,0.000831,0.001074,0.000031,0.000000,0.009033,0.005783,2.689000,0.008037,0.000000,0.000000,0.000309,0,0
276000000000,276300000000,6283499093,257,1429573284,0.000403,0.001038,0.001932,0.000389,0.000835,0.001070,0.000005,0.000000,0.005524,0.000999,2.624000,0.007604,0.000000,0.000000,0.000190,0,0
276300000000,276600000000,6283499093,257,1429573284,0.000556,0.001062,0.001930,0.000385,0.000831,0.001110,0.000017,0.000000,0.013890,0.004646,1.759000,0.004451,0.000000,0.000000,0.000387,0,0
276600000000,276900000000,6283499093,257,1429573284,0.000529,0.001085,0.001930,0.000383,0.000829,0.001101,0.000001,0.000000,0.008163,0.000143,4.702000,0.016730,0.000000,0.000000,0.000755,0,0
276900000000,277200000000,6283499093,257,1429573284,0.000426,0.001072,0.001932,0.000383,0.000829,0.001078,0.000000,0.000000,0.004425,0.000000,3.408000,0.011130,0.000000,0.000000,0.000267,0,0
277200000000,277500000000,6283499093,257,1429573284,0.000360,0.001091,0.001932,0.000383,0.000830,0.001102,0.000003,0.000000,0.007141,0.000143,2.358000,0.006565,0.000000,0.000000,0.005508,0,0
277500000000,277800000000,6283499093,257,1429573284,0.003487,0.001314,0.002056,0.000096,0.000555,0.001541,0.000111,0.000000,0.075810,0.018920,0.684100,0.000555,0.000000,0.000000,0.000244,0,0
277800000000,278100000000,6283499093,257,1429573284,0.000491,0.001249,0.001930,0.000081,0.000545,0.001257,0.000004,0.000000,0.005669,0.000286,3.740000,0.012490,0.000000,0.000000,0.000633,0,0
278100000000,278400000000,6283499093,257,1429573284,0.000439,0.001253,0.001930,0.000081,0.000545,0.001261,0.000013,0.000000,0.005074,0.001358,2.934000,0.008696,0.000000,0.000000,0.000367,0,0
278400000000,278700000000,6283499093,257,1429573284,0.000412,0.001245,0.001932,0.000082,0.000545,0.001278,0.000003,0.000000,0.005112,0.000286,2.909000,0.008492,0.000000,0.000000,0.000787,0,0
278700000000,279000000000,6283499093,257,1429573284,0.000387,0.001263,0.001932,0.000082,0.000545,0.001278,0.000031,0.000000,0.005630,0.006569,2.835000,0.008103,0.000000,0.000000,0.000721,0,0
279000000000,279300000000,6283499093,257,1429573284,0.000392,0.001293,0.001932,0.000088,0.000553,0.001318,0.000003,0.000000,0.006538,0.000357,2.718000,0.007830,0.000000,0.000000,0.000182,0,0
279300000000,279600000000,6283499093,257,1429573284,0.002430,0.001289,0.002056,0.000084,0.000544,0.001581,0.000012,0.000000,0.080440,0.000929,2.420000,0.006633,0.000000,0.000000,0.000088,0,0
279600000000,279699000000,6283499093,257,1429573284,0.005783,0.001406,0.001926,0.000056,0.000465,0.001558,0.000375,0.000000,0.083370,0.024930,0.638500,0.000364,0.000000,0.000000,0.000218,0,0
279699000000,279709000000,6283499093,257,1429573284,0.000343,0.000000,0.000000,0.000000,0.000000,0.000000,0.000157,0.000001,0.003437,0.001358,0.604700,0.000257,0.000000,0.000000,0.000000,0,0
279709000000,279710000000,6283499093,257,1429573284,0.000000,0.000000,0.000000,0.000000,0.000000,0.000000,0.000000,0.000001,0.000000,0.000000,0.604700,0.000257,0.000000,0.000000,0.000000,0,0
