272492000000,272577000000,6283499093,258,2678068039,0.000000,0.000000,0.000000,0.000000,0.000000,0.000000,0.000008,0.000000,0.000000,0.000571,0.000000,0.000000,0.000000,0.000000,0.000000,0,0
272577000000,272700000000,6283499093,258,2678068039,0.000688,0.001410,0.001932,0.000222,0.000645,0.001554,0.001225,0.000000,0.016540,0.039120,1.409000,0.002268,0.000000,0.000000,0.000377,0,0
272700000000,273000000000,6283499093,258,2678068039,0.000355,0.000978,0.001934,0.000223,0.000667,0.001223,0.000000,0.000000,0.004173,0.000000,3.020000,0.009049,0.000000,0.000000,0.000149,0,0
273000000000,273300000000,6283499093,258,2678068039,0.000411,0.000959,0.001932,0.000224,0.000667,0.000986,0.000002,0.000000,0.004997,0.000143,2.763000,0.007945,0.000000,0.000000,0.000257,0,0
273300000000,273600000000,6283499093,258,2678068039,0.000454,0.000972,0.001932,0.000224,0.000668,0.000986,0.000000,0.000000,0.006905,0.000000,3.013000,0.009197,0.000000,0.000000,0.000237,0,0
273600000000,273900000000,6283499093,258,2678068039,0.000472,0.000978,0.001932,0.000223,0.000668,0.000986,0.000001,0.000000,0.004692,0.000072,3.051000,0.009528,0.000000,0.000000,0.000245,0,0
273900000000,274200000000,6283499093,258,2678068039,0.000451,0.001001,0.001932,0.000222,0.000667,0.001040,0.000042,0.000000,0.007195,0.007217,2.846000,0.008587,0.000000,0.000000,0.000340,0,0
274200000000,274500000000,6283499093,258,2678068039,0.000380,0.000994,0.001932,0.000221,0.000667,0.001015,0.000005,0.000000,0.001831,0.001072,3.060000,0.009591,0.000000,0.000000,0.000126,0,0
274500000000,274800000000,6283499093,258,2678068039,0.000363,0.001001,0.001932,0.000221,0.000667,0.001013,0.000000,0.000000,0.004562,0.000143,2.730000,0.007934,0.000000,0.000000,0.000181,0,0
274800000000,275100000000,6283499093,258,2678068039,0.000372,0.001003,0.001932,0.000221,0.000667,0.001013,0.000000,0.000000,0.005714,0.000072,2.780000,0.007901,0.000000,0.000000,0.000589,0,0
275100000000,275400000000,6283499093,258,2678068039,0.000365,0.000994,0.001932,0.000221,0.000667,0.000996,0.000001,0.000000,0.005524,0.000072,2.970000,0.008523,0.000000,0.000000,0.000374,0,0
275400000000,275700000000,6283499093,258,2678068039,0.000338,0.000992,0.001932,0.000221,0.000667,0.000996,0.000001,0.000000,0.004448,0.000286,2.427000,0.006409,0.000000,0.000000,0.000131,0,0
275700000000,276000000000,6283499093,258,2678068039,0.000332,0.000999,0.001932,0.000221,0.000668,0.001011,0.000003,0.000000,0.004959,0.000500,2.528000,0.006794,0.000000,0.000000,0.000208,0,0
276000000000,276300000000,6283499093,258,2678068039,0.000359,0.001007,0.001932,0.000221,0.000668,0.001019,0.000001,0.000000,0.004570,0.000072,3.607000,0.011030,0.000000,0.000000,0.000130,0,0
276300000000,276600000000,6283499093,258,2678068039,0.000375,0.001015,0.001932,0.000222,0.000668,0.001022,0.000001,0.000000,0.004066,0.000072,2.958000,0.008795,0.000000,0.000000,0.000280,0,0
276600000000,276900000000,6283499093,258,2678068039,0.000375,0.001007,0.001932,0.000222,0.000668,0.001019,0.000000,0.000000,0.004929,0.000072,3.186000,0.009456,0.000000,0.000000,0.000133,0,0
276900000000,277200000000,6283499093,258,2678068039,0.000332,0.000999,0.001932,0.000222,0.000668,0.001015,0.000000,0.000000,0.004677,0.000000,3.275000,0.009607,0.000000,0.000000,0.000112,0,0
277200000000,277500000000,6283499093,258,2678068039,0.000349,0.001013,0.001932,0.000221,0.000668,0.001068,0.000009,0.000000,0.005196,0.001143,2.656000,0.007183,0.000000,0.000000,0.000095,0,0
277500000000,277800000000,6283499093,258,2678068039,0.000379,0.001064,0.001930,0.000214,0.000673,0.001101,0.000010,0.000000,0.004730,0.002285,3.139000,0.009334,0.000000,0.000000,0.000216,0,0
277800000000,278100000000,6283499093,258,2678068039,0.000379,0.001038,0.001932,0.000214,0.000673,0.001053,0.000026,0.000000,0.005356,0.002857,2.784000,0.007962,0.000000,0.000000,0.000431,0,0
278100000000,278400000000,6283499093,258,2678068039,0.000372,0.001047,0.001932,0.000214,0.000673,0.001055,0.000005,0.000000,0.047360,0.000571,2.700000,0.007578,0.000000,0.000000,0.000128,0,0
278400000000,278629000000,6283499093,258,2678068039,0.000377,0.001007,0.001932,0.000216,0.000673,0.001036,0.000012,0.000000,0.020840,0.001858,2.667000,0.007402,0.000000,0.000000,0.000117,0,0
278629000000,278637000000,6283499093,258,2678068039,0.000328,0.000000,0.000000,0.000000,0.000000,0.000000,0.000035,0.000000,0.002621,0.000215,2.578000,0.007168,0.000000,0.000000,0.000000,0,0
278637000000,278639000000,6283499093,258,2678068039,0.000000,0.000000,0.000000,0.000000,0.000000,0.000000,0.000000,0.000000,0.000000,0.000000,2.578000,0.007168,0.000000,0.000000,0.000000,0,0
