272504000000,272636000000,6283499093,259,1274298,0.000000,0.000000,0.000000,0.000000,0.000000,0.000000,0.000000,0.000000,0.000000,0.000000,0.000000,0.000000,0.000000,0.000000,0.000000,0,0
272636000000,272700000000,6283499093,259,1274298,0.000951,0.001343,0.001932,0.000234,0.000616,0.001558,0.002407,0.000000,0.011800,0.032840,2.885000,0.008988,0.000000,0.000000,0.000336,0,0
272700000000,273000000000,6283499093,259,1274298,0.000419,0.001057,0.001932,0.000245,0.000688,0.001556,0.000001,0.000000,0.004486,0.000072,3.088000,0.009773,0.000000,0.000000,0.000221,0,0
273000000000,273300000000,6283499093,259,1274298,0.000409,0.000919,0.001932,0.000244,0.000688,0.000922,0.000001,0.000000,0.005722,0.000215,2.846000,0.008594,0.000000,0.000000,0.000442,0,0
273300000000,273600000000,6283499093,259,1274298,0.000354,0.000928,0.001934,0.000244,0.000689,0.000966,0.000001,0.000000,0.024260,0.000072,2.420000,0.006587,0.000000,0.000000,0.000982,0,0
273600000000,273900000000,6283499093,259,1274298,0.000349,0.000952,0.001934,0.000245,0.000689,0.000964,0.000002,0.000000,0.004776,0.000571,2.931000,0.008771,0.000000,0.000000,0.000169,0,0
273900000000,274200000000,6283499093,259,1274298,0.000344,0.000948,0.001934,0.000245,0.000689,0.000952,0.000000,0.000000,0.004715,0.000072,2.700000,0.007888,0.000000,0.000000,0.000144,0,0
274200000000,274500000000,6283499093,259,1274298,0.000316,0.000955,0.001934,0.000245,0.000690,0.000964,0.000002,0.000000,0.004517,0.000215,2.289000,0.006190,0.000000,0.000000,0.000074,0,0
274500000000,274800000000,6283499093,259,1274298,0.000320,0.000951,0.001934,0.000245,0.000690,0.000972,0.000000,0.000000,0.004456,0.000000,2.325000,0.006025,0.000000,0.000000,0.000191,0,0
274800000000,275100000000,6283499093,259,1274298,0.000314,0.000959,0.001934,0.000245,0.000690,0.000972,0.000000,0.000000,0.003906,0.000072,2.438000,0.006621,0.000000,0.000000,0.000128,0,0
275100000000,275400000000,6283499093,259,1274298,0.000313,0.000955,0.001934,0.000245,0.000690,0.000956,0.000001,0.000000,0.003914,0.000143,2.420000,0.006584,0.000000,0.000000,0.000136,0,0
275400000000,275700000000,6283499093,259,1274298,0.000318,0.000968,0.001934,0.000245,0.000690,0.000977,0.000002,0.000000,0.004204,0.000072,2.376000,0.006409,0.000000,0.000000,0.000274,0,0
275700000000,276000000000,6283499093,259,1274298,0.000310,0.000956,0.001934,0.000245,0.000690,0.000963,0.000000,0.000000,0.004181,0.000072,2.258000,0.005811,0.000000,0.000000,0.000223,0,0
276000000000,276300000000,6283499093,259,1274298,0.000321,0.000967,0.001934,0.000245,0.000690,0.000980,0.000002,0.000000,0.005470,0.000072,2.394000,0.006411,0.000000,0.000000,0.000595,0,0
276300000000,276600000000,6283499093,259,1274298,0.000334,0.000963,0.001934,0.000245,0.000690,0.000980,0.000001,0.000000,0.005112,0.000143,2.426000,0.006915,0.000000,0.000000,0.000643,0,0
276600000000,276900000000,6283499093,259,1274298,0.000345,0.000968,0.001934,0.000245,0.000690,0.000978,0.000000,0.000000,0.005470,0.000072,2.530000,0.007307,0.000000,0.000000,0.000126,0,0
276900000000,277200000000,6283499093,259,1274298,0.000425,0.000997,0.001932,0.000247,0.000692,0.001024,0.000017,0.000000,0.012390,0.004570,2.086000,0.005371,0.000000,0.000000,0.000145,0,0
277200000000,277500000000,6283499093,259,1274298,0.000406,0.000984,0.001932,0.000245,0.000691,0.000997,0.000003,0.000000,0.004585,0.000072,2.938000,0.009228,0.000000,0.000000,0.004173,0,0
277500000000,277800000000,6283499093,259,1274298,0.000378,0.000978,0.001932,0.000245,0.000691,0.000994,0.000003,0.000000,0.004189,0.000072,2.693000,0.008083,0.000000,0.000000,0.000274,0,0
277800000000,278100000000,6283499093,259,1274298,0.000387,0.000986,0.001932,0.000245,0.000691,0.001007,0.000004,0.000000,0.005325,0.000072,2.544000,0.007414,0.000000,0.000000,0.000154,0,0
278100000000,278229000000,6283499093,259,1274298,0.000483,0.001047,0.001930,0.000238,0.000694,0.001087,0.000014,0.000000,0.004402,0.001143,3.200000,0.009953,0.000000,0.000000,0.000246,0,0
278229000000,278242000000,6283499093,259,1274298,0.000278,0.000000,0.000000,0.000000,0.000000,0.000000,0.000011,0.000000,0.003620,0.000143,2.596000,0.007479,0.000000,0.000000,0.000000,0,0
278242000000,278243000000,6283499093,259,1274298,0.000000,0.000000,0.000000,0.000000,0.000000,0.000000,0.000000,0.000000,0.000000,0.000000,2.596000,0.007479,0.000000,0.000000,0.000000,0,0
