272492000000,272578000000,6283499093,26,1269671,0.000000,0.000000,0.000000,0.000000,0.000000,0.000000,0.000000,0.000000,0.000000,0.000000,0.000000,0.000000,0.000000,0.000000,0.000000,0,0
272578000000,272700000000,6283499093,26,1269671,0.000588,0.001091,0.001925,0.000129,0.000298,0.001446,0.000835,0.000000,0.014690,0.023440,2.622000,0.007971,0.000000,0.000000,0.000129,0,0
272700000000,273000000000,6283499093,26,1269671,0.000345,0.000984,0.001923,0.000133,0.000251,0.001310,0.000005,0.000000,0.004517,0.000786,2.483000,0.007217,0.000000,0.000000,0.000624,0,0
273000000000,273300000000,6283499093,26,1269671,0.000334,0.001024,0.001923,0.000136,0.000298,0.001310,0.000008,0.000000,0.004105,0.001572,2.349000,0.006363,0.000000,0.000000,0.000205,0,0
273300000000,273600000000,6283499093,26,1269671,0.000321,0.001072,0.001925,0.000136,0.000337,0.001333,0.000000,0.000000,0.004417,0.000000,2.234000,0.005841,0.000000,0.000000,0.000159,0,0
273600000000,273900000000,6283499093,26,1269671,0.000380,0.001158,0.001925,0.000126,0.000399,0.001337,0.000001,0.000000,0.004547,0.000072,2.507000,0.007004,0.000000,0.000000,0.000113,0,0
273900000000,274200000000,6283499093,26,1269671,0.000372,0.001253,0.001928,0.000120,0.000482,0.001337,0.000002,0.000000,0.004257,0.000428,2.699000,0.007985,0.000000,0.000000,0.000297,0,0
274200000000,274500000000,6283499093,26,1269671,0.000357,0.000974,0.001923,0.000120,0.000200,0.001337,0.000003,0.000000,0.003845,0.000643,2.540000,0.007245,0.000000,0.000000,0.000204,0,0
274500000000,274800000000,6283499093,26,1269671,0.000312,0.001074,0.001925,0.000120,0.000301,0.001339,0.000000,0.000000,0.004555,0.000072,2.528000,0.006866,0.000000,0.000000,0.000528,0,0
274800000000,275100000000,6283499093,26,1269671,0.000353,0.001173,0.001926,0.000120,0.000400,0.001339,0.000003,0.000000,0.004059,0.000571,2.378000,0.006648,0.000000,0.000000,0.000237,0,0
275100000000,275400000000,6283499093,26,1269671,0.000380,0.001282,0.001928,0.000120,0.000504,0.001341,0.000000,0.000000,0.004036,0.000000,2.749000,0.008338,0.000000,0.000000,0.000285,0,0
275400000000,275700000000,6283499093,26,1269671,0.000360,0.000992,0.001923,0.000120,0.000214,0.001341,0.000000,0.000000,0.003742,0.000072,2.464000,0.007112,0.000000,0.000000,0.000153,0,0
275700000000,276000000000,6283499093,26,1269671,0.000332,0.001040,0.001923,0.000120,0.000264,0.001339,0.000000,0.000000,0.004524,0.000000,2.546000,0.006767,0.000000,0.000000,0.000423,0,0
276000000000,276300000000,6283499093,26,1269671,0.000378,0.001112,0.001925,0.000122,0.000331,0.001373,0.000019,0.000000,0.032470,0.004860,2.389000,0.006236,0.000000,0.000000,0.000109,0,0
276300000000,276600000000,6283499093,26,1269671,0.001097,0.001244,0.001921,0.000130,0.000365,0.001558,0.000054,0.000000,0.041750,0.008499,3.532000,0.011340,0.000000,0.000000,0.000802,0,0
276600000000,276900000000,6283499093,26,1269671,0.000573,0.001244,0.001919,0.000131,0.000345,0.001495,0.000001,0.000000,0.005966,0.000072,4.088000,0.013920,0.000000,0.000000,0.000791,0,0
276900000000,277200000000,6283499093,26,1269671,0.000551,0.001259,0.001923,0.000128,0.000362,0.001493,0.000001,0.000000,0.005463,0.000072,3.482000,0.011290,0.000000,0.000000,0.000382,0,0
277200000000,277500000000,6283499093,26,1269671,0.001030,0.001259,0.001921,0.000139,0.000332,0.001560,0.000157,0.000000,0.064700,0.015210,1.030000,0.001899,0.000000,0.000000,0.000180,0,0
277500000000,277599000000,6283499093,26,1269671,0.001379,0.001245,0.001923,0.000210,0.000285,0.001402,0.001274,0.000000,0.042180,0.035710,0.638400,0.000438,0.000000,0.000000,0.000890,0,0
277599000000,277613000000,6283499093,26,1269671,0.000321,0.000000,0.000000,0.000000,0.000000,0.000000,0.000067,0.000000,0.004501,0.000929,3.253000,0.010070,0.000000,0.000000,0.000000,0,0
277613000000,277614000000,6283499093,26,1269671,0.000000,0.000000,0.000000,0.000000,0.000000,0.000000,0.000000,0.000000,0.000000,0.000000,3.183000,0.009767,0.000000,0.000000,0.000000,0,0
