272502000000,272612000000,6283499093,260,317487297,0.000000,0.000000,0.000000,0.000000,0.000000,0.000000,0.000000,0.000000,0.000000,0.000000,0.000000,0.000000,0.000000,0.000000,0.000000,0,0
272612000000,272700000000,6283499093,260,317487297,0.000836,0.001408,0.001925,0.000360,0.000648,0.001677,0.002968,0.000000,0.018220,0.059140,2.666000,0.007722,0.000000,0.000000,0.003311,0,0
272700000000,273000000000,6283499093,260,317487297,0.000472,0.001158,0.001921,0.000370,0.000631,0.001545,0.000000,0.000000,0.008560,0.000072,2.415000,0.006711,0.000000,0.000000,0.000241,0,0
273000000000,273300000000,6283499093,260,317487297,0.000523,0.001125,0.001919,0.000366,0.000598,0.001339,0.000003,0.000000,0.005096,0.000500,3.038000,0.009960,0.000000,0.000000,0.000805,0,0
273300000000,273600000000,6283499093,260,317487297,0.000432,0.001097,0.001919,0.000365,0.000567,0.001339,0.000000,0.000000,0.004532,0.000072,3.196000,0.010540,0.000000,0.000000,0.000204,0,0
273600000000,273900000000,6283499093,260,317487297,0.000490,0.001104,0.001919,0.000367,0.000563,0.001387,0.000031,0.000000,0.011810,0.008362,2.245000,0.006090,0.000000,0.000000,0.000846,0,0
273900000000,274200000000,6283499093,260,317487297,0.000429,0.001085,0.001917,0.000366,0.000522,0.001379,0.000000,0.000000,0.005188,0.000072,3.213000,0.010470,0.000000,0.000000,0.000196,0,0
274200000000,274500000000,6283499093,260,317487297,0.000454,0.001028,0.001917,0.000364,0.000465,0.001373,0.000001,0.000000,0.004791,0.000143,3.283000,0.010370,0.000000,0.000000,0.000235,0,0
274500000000,274800000000,6283499093,260,317487297,0.000402,0.000967,0.001919,0.000364,0.000403,0.001196,0.000001,0.000000,0.005882,0.000143,2.411000,0.006525,0.000000,0.000000,0.000274,0,0
274800000000,275100000000,6283499093,260,317487297,0.000406,0.001297,0.001925,0.000364,0.000732,0.001377,0.000000,0.000000,0.005424,0.000072,2.994000,0.008995,0.000000,0.000000,0.000348,0,0
275100000000,275400000000,6283499093,260,317487297,0.000393,0.001295,0.001925,0.000365,0.000725,0.001385,0.000002,0.000000,0.003387,0.000072,2.102000,0.005194,0.000000,0.000000,0.000626,0,0
275400000000,275700000000,6283499093,260,317487297,0.000510,0.001335,0.001925,0.000365,0.000759,0.001390,0.000004,0.000000,0.011230,0.000428,2.891000,0.008771,0.000000,0.000000,0.000141,0,0
275700000000,276000000000,6283499093,260,317487297,0.000414,0.001062,0.001919,0.000365,0.000487,0.001387,0.000000,0.000000,0.004723,0.000143,2.768000,0.008506,0.000000,0.000000,0.000580,0,0
276000000000,276300000000,6283499093,260,317487297,0.000375,0.001047,0.001917,0.000365,0.000471,0.001387,0.000001,0.000000,0.005211,0.000143,3.169000,0.009778,0.000000,0.000000,0.000246,0,0
276300000000,276600000000,6283499093,260,317487297,0.000383,0.001129,0.001919,0.000364,0.000548,0.001390,0.000001,0.000000,0.004349,0.000072,2.805000,0.007925,0.000000,0.000000,0.000366,0,0
276600000000,276900000000,6283499093,260,317487297,0.000364,0.001223,0.001923,0.000363,0.000644,0.001390,0.000000,0.000000,0.004631,0.000072,2.932000,0.008639,0.000000,0.000000,0.000320,0,0
276900000000,277200000000,6283499093,260,317487297,0.000338,0.001307,0.001925,0.000363,0.000726,0.001390,0.000000,0.000000,0.005325,0.000000,2.469000,0.006606,0.000000,0.000000,0.000078,0,0
277200000000,277500000000,6283499093,260,317487297,0.000336,0.001116,0.001921,0.000363,0.000534,0.001390,0.000004,0.000000,0.005424,0.000286,2.508000,0.006886,0.000000,0.000000,0.000118,0,0
277500000000,277800000000,6283499093,260,317487297,0.000398,0.001064,0.001919,0.000363,0.000480,0.001398,0.000003,0.000000,0.005585,0.000215,2.426000,0.006704,0.000000,0.000000,0.000278,0,0
277800000000,278100000000,6283499093,260,317487297,0.000525,0.001133,0.001917,0.000356,0.000509,0.001451,0.000010,0.000000,0.013570,0.001642,2.613000,0.007688,0.000000,0.000000,0.000227,0,0
278100000000,278400000000,6283499093,260,317487297,0.000519,0.001221,0.001919,0.000351,0.000583,0.001451,0.000006,0.000000,0.006096,0.000571,4.060000,0.013980,0.000000,0.000000,0.000408,0,0
278400000000,278629000000,6283499093,260,317487297,0.000423,0.001270,0.001921,0.000351,0.000634,0.001450,0.000004,0.000000,0.005211,0.000428,2.773000,0.008471,0.000000,0.000000,0.000539,0,0
278629000000,278645000000,6283499093,260,317487297,0.000172,0.000000,0.000000,0.000000,0.000000,0.000000,0.000035,0.000000,0.002743,0.000571,2.020000,0.004116,0.000000,0.000000,0.000000,0,0
278645000000,278647000000,6283499093,260,317487297,0.000000,0.000000,0.000000,0.000000,0.000000,0.000000,0.000000,0.000000,0.000000,0.000000,1.895000,0.003408,0.000000,0.000000,0.000000,0,0
