272504000000,272580000000,6283499093,261,370136256,0.000000,0.000000,0.000000,0.000000,0.000000,0.000000,0.000000,0.000000,0.000000,0.000000,0.000000,0.000000,0.000000,0.000000,0.000000,0,0
272580000000,272700000000,6283499093,261,370136256,0.000704,0.001251,0.001921,0.000134,0.000445,0.001442,0.000637,0.000000,0.031160,0.035710,2.523000,0.007504,0.000000,0.000000,0.000099,0,0
272700000000,273000000000,6283499093,261,370136256,0.000380,0.001005,0.001915,0.000136,0.000270,0.001312,0.000000,0.000000,0.003170,0.000000,2.827000,0.008734,0.000000,0.000000,0.000217,0,0
273000000000,273300000000,6283499093,261,370136256,0.000387,0.001030,0.001913,0.000136,0.000293,0.001322,0.000008,0.000000,0.004456,0.001715,2.876000,0.008800,0.000000,0.000000,0.000233,0,0
273300000000,273600000000,6283499093,261,370136256,0.000335,0.001148,0.001917,0.000138,0.000407,0.001324,0.000000,0.000000,0.001299,0.000000,2.757000,0.008214,0.000000,0.000000,0.000322,0,0
273600000000,273900000000,6283499093,261,370136256,0.000335,0.001257,0.001921,0.000138,0.000514,0.001326,0.000000,0.000000,0.004990,0.000143,2.427000,0.006918,0.000000,0.000000,0.001137,0,0
273900000000,274200000000,6283499093,261,370136256,0.000328,0.000947,0.001913,0.000138,0.000204,0.001322,0.000000,0.000000,0.005035,0.000072,2.346000,0.006484,0.000000,0.000000,0.000072,0,0
274200000000,274500000000,6283499093,261,370136256,0.000339,0.001070,0.001915,0.000138,0.000310,0.001348,0.000005,0.000000,0.004623,0.000929,2.501000,0.007097,0.000000,0.000000,0.000591,0,0
274500000000,274800000000,6283499093,261,370136256,0.000313,0.001133,0.001915,0.000138,0.000368,0.001348,0.000002,0.000000,0.004486,0.000571,2.465000,0.006879,0.000000,0.000000,0.000089,0,0
274800000000,275100000000,6283499093,261,370136256,0.000336,0.001194,0.001919,0.000138,0.000428,0.001358,0.000002,0.000000,0.004883,0.000571,2.329000,0.006353,0.000000,0.000000,0.000208,0,0
275100000000,275400000000,6283499093,261,370136256,0.000327,0.001249,0.001921,0.000138,0.000485,0.001354,0.000002,0.000000,0.005409,0.000072,2.357000,0.006646,0.000000,0.000000,0.000408,0,0
275400000000,275700000000,6283499093,261,370136256,0.000347,0.001307,0.001921,0.000138,0.000544,0.001352,0.000000,0.000000,0.004623,0.000072,2.465000,0.007015,0.000000,0.000000,0.000623,0,0
275700000000,276000000000,6283499093,261,370136256,0.000357,0.001001,0.001915,0.000138,0.000230,0.001356,0.000001,0.000000,0.004311,0.000072,2.654000,0.007878,0.000000,0.000000,0.000080,0,0
276000000000,276300000000,6283499093,261,370136256,0.000473,0.001003,0.001913,0.000139,0.000225,0.001379,0.000029,0.000000,0.007622,0.007782,2.620000,0.007691,0.000000,0.000000,0.000421,0,0
276300000000,276600000000,6283499093,261,370136256,0.002975,0.001326,0.001913,0.000146,0.000314,0.001734,0.000015,0.000000,0.075070,0.002430,0.937400,0.001521,0.000000,0.000000,0.000460,0,0
276600000000,276900000000,6283499093,261,370136256,0.002701,0.001455,0.001915,0.000145,0.000339,0.001772,0.000005,0.000000,0.081420,0.000143,0.651500,0.000403,0.000000,0.000000,0.000159,0,0
276900000000,277200000000,6283499093,261,370136256,0.001595,0.001415,0.001915,0.000149,0.000338,0.001759,0.000005,0.000000,0.073240,0.000286,0.648200,0.000389,0.000000,0.000000,0.000227,0,0
277200000000,277500000000,6283499093,261,370136256,0.003269,0.001461,0.002045,0.000134,0.000371,0.001871,0.000024,0.000000,0.088620,0.005432,0.656400,0.000389,0.000000,0.000000,0.000197,0,0
277500000000,277559000000,6283499093,261,370136256,0.002945,0.001461,0.001911,0.000085,0.000244,0.001785,0.000162,0.000000,0.044980,0.005783,0.625900,0.000284,0.000000,0.000000,0.000361,0,0
277559000000,277570000000,6283499093,261,370136256,0.000330,0.000000,0.000000,0.000000,0.000000,0.000000,0.000051,0.000001,0.003628,0.000500,0.782300,0.000940,0.000000,0.000000,0.000000,0,0
277570000000,277571000000,6283499093,261,370136256,0.000000,0.000000,0.000000,0.000000,0.000000,0.000000,0.000000,0.000001,0.000000,0.000000,0.782300,0.000940,0.000000,0.000000,0.000000,0,0
