272492000000,272569000000,6283499093,262,431074291,0.000000,0.000000,0.000000,0.000000,0.000000,0.000000,0.000000,0.000000,0.000000,0.000000,0.000000,0.000000,0.000000,0.000000,0.000000,0,0
272569000000,272700000000,6283499093,262,431074291,0.000695,0.001289,0.001919,0.000195,0.000454,0.001581,0.000870,0.000000,0.014270,0.023770,1.694000,0.003746,0.000000,0.000000,0.000547,0,0
272700000000,273000000000,6283499093,262,431074291,0.000384,0.001232,0.001919,0.000197,0.000488,0.001385,0.000000,0.000000,0.004448,0.000072,2.949000,0.009507,0.000000,0.000000,0.000288,0,0
273000000000,273300000000,6283499093,262,431074291,0.000373,0.001278,0.001921,0.000197,0.000530,0.001389,0.000002,0.000000,0.011900,0.000143,2.623000,0.007914,0.000000,0.000000,0.000486,0,0
273300000000,273600000000,6283499093,262,431074291,0.000379,0.001308,0.001921,0.000197,0.000557,0.001392,0.000000,0.000000,0.005173,0.000072,2.344000,0.006489,0.000000,0.000000,0.000552,0,0
273600000000,273900000000,6283499093,262,431074291,0.000452,0.001369,0.001921,0.000196,0.000608,0.001404,0.000001,0.000000,0.009003,0.000143,2.902000,0.009210,0.000000,0.000000,0.000287,0,0
273900000000,274200000000,6283499093,262,431074291,0.000497,0.001055,0.001915,0.000197,0.000274,0.001429,0.000014,0.000000,0.007339,0.003857,2.284000,0.006462,0.000000,0.000000,0.000285,0,0
274200000000,274500000000,6283499093,262,431074291,0.000411,0.000997,0.001915,0.000197,0.000217,0.001139,0.000002,0.000000,0.005501,0.000215,2.951000,0.009418,0.000000,0.000000,0.000417,0,0
274500000000,274800000000,6283499093,262,431074291,0.000340,0.001019,0.001915,0.000196,0.000237,0.001211,0.000000,0.000000,0.004845,0.000000,2.344000,0.006622,0.000000,0.000000,0.000454,0,0
274800000000,275100000000,6283499093,262,431074291,0.000334,0.001043,0.001915,0.000196,0.000263,0.001366,0.000002,0.000000,0.004517,0.000571,2.334000,0.006455,0.000000,0.000000,0.000192,0,0
275100000000,275400000000,6283499093,262,431074291,0.000342,0.001078,0.001915,0.000195,0.000298,0.001421,0.000003,0.000000,0.004547,0.000714,2.570000,0.007235,0.000000,0.000000,0.000200,0,0
275400000000,275700000000,6283499093,262,431074291,0.000334,0.001049,0.001915,0.000194,0.000268,0.001410,0.000000,0.000000,0.003788,0.000072,2.377000,0.006379,0.000000,0.000000,0.000099,0,0
275700000000,276000000000,6283499093,262,431074291,0.000335,0.001062,0.001915,0.000191,0.000278,0.001419,0.000001,0.000000,0.031920,0.000143,2.276000,0.005782,0.000000,0.000000,0.000181,0,0
276000000000,276300000000,6283499093,262,431074291,0.000344,0.001137,0.001915,0.000191,0.000353,0.001421,0.000001,0.000000,0.004799,0.000286,2.379000,0.006304,0.000000,0.000000,0.000067,0,0
276300000000,276600000000,6283499093,262,431074291,0.000359,0.001209,0.001917,0.000191,0.000425,0.001425,0.000001,0.000000,0.005341,0.000072,2.646000,0.007175,0.000000,0.000000,0.000196,0,0
276600000000,276900000000,6283499093,262,431074291,0.000354,0.001089,0.001915,0.000191,0.000303,0.001425,0.000002,0.000000,0.003178,0.000643,2.521000,0.006899,0.000000,0.000000,0.000630,0,0
276900000000,277200000000,6283499093,262,431074291,0.000342,0.001204,0.001917,0.000192,0.000415,0.001427,0.000000,0.000000,0.005432,0.000000,2.521000,0.007002,0.000000,0.000000,0.000812,0,0
277200000000,277500000000,6283499093,262,431074291,0.000400,0.001263,0.001919,0.000192,0.000467,0.001486,0.000036,0.000000,0.005310,0.009933,2.419000,0.006587,0.000000,0.000000,0.005310,0,0
277500000000,277800000000,6283499093,262,431074291,0.000407,0.001171,0.001915,0.000195,0.000357,0.001488,0.000003,0.000000,0.005707,0.000143,2.970000,0.009059,0.000000,0.000000,0.000210,0,0
277800000000,277919000000,6283499093,262,431074291,0.000445,0.001146,0.001915,0.000195,0.000350,0.001410,0.000006,0.000000,0.003410,0.000215,3.302000,0.010540,0.000000,0.000000,0.000538,0,0
277919000000,277936000000,6283499093,262,431074291,0.000164,0.000000,0.000000,0.000000,0.000000,0.000000,0.000025,0.000000,0.002785,0.000428,4.779000,0.016560,0.000000,0.000000,0.000000,0,0
277936000000,277937000000,6283499093,262,431074291,0.000000,0.000000,0.000000,0.000000,0.000000,0.000000,0.000000,0.000000,0.000000,0.000000,4.779000,0.016560,0.000000,0.000000,0.000000,0,0
