272505000000,272625000000,6283499093,263,4820002342,0.000000,0.000000,0.000000,0.000000,0.000000,0.000000,0.000000,0.000000,0.000000,0.000000,0.000000,0.000000,0.000000,0.000000,0.000000,0,0
272625000000,272700000000,6283499093,263,4820002342,0.000923,0.000967,0.001921,0.000136,0.000169,0.001484,0.000978,0.000000,0.029050,0.012570,1.822000,0.000000,0.000000,0.000000,0.000262,0,0
272700000000,273000000000,6283499093,263,4820002342,0.000398,0.001354,0.001923,0.000144,0.000563,0.001486,0.000007,0.000000,0.005096,0.001999,2.676000,0.000000,0.000000,0.000000,0.000650,0,0
273000000000,273300000000,6283499093,263,4820002342,0.000392,0.001316,0.001923,0.000145,0.000521,0.001387,0.000003,0.000000,0.013850,0.000714,3.273000,0.000000,0.000000,0.000000,0.000114,0,0
273300000000,273600000000,6283499093,263,4820002342,0.000349,0.001286,0.001923,0.000145,0.000488,0.001389,0.000000,0.000000,0.004684,0.000072,2.870000,0.000000,0.000000,0.000000,0.000219,0,0
273600000000,273900000000,6283499093,263,4820002342,0.000312,0.001265,0.001923,0.000145,0.000463,0.001389,0.000000,0.000000,0.004211,0.000143,2.826000,0.000000,0.000000,0.000000,0.000580,0,0
273900000000,274200000000,6283499093,263,4820002342,0.000374,0.001242,0.001921,0.000145,0.000437,0.001394,0.000002,0.000000,0.004486,0.000571,2.826000,0.000000,0.000000,0.000000,0.000220,0,0
274200000000,274500000000,6283499093,263,4820002342,0.000354,0.001221,0.001919,0.000145,0.000416,0.001396,0.000002,0.000000,0.006813,0.000428,3.217000,0.000000,0.000000,0.000000,0.000440,0,0
274500000000,274800000000,6283499093,263,4820002342,0.000314,0.001200,0.001919,0.000145,0.000393,0.001396,0.000000,0.000000,0.015780,0.000000,2.804000,0.000000,0.000000,0.000000,0.000628,0,0
274800000000,275100000000,6283499093,263,4820002342,0.000334,0.001196,0.001919,0.000145,0.000380,0.001406,0.000001,0.000000,0.023530,0.000143,2.634000,0.000000,0.000000,0.000000,0.000277,0,0
275100000000,275400000000,6283499093,263,4820002342,0.000336,0.001215,0.001921,0.000145,0.000397,0.001411,0.000001,0.000000,0.004303,0.000072,1.753000,0.000000,0.000000,0.000000,0.000168,0,0
275400000000,275700000000,6283499093,263,4820002342,0.000309,0.001205,0.001921,0.000145,0.000387,0.001410,0.000000,0.000000,0.004288,0.000072,2.380000,0.000000,0.000000,0.000000,0.000189,0,0
275700000000,276000000000,6283499093,263,4820002342,0.000308,0.001204,0.001919,0.000145,0.000383,0.001410,0.000000,0.000000,0.004410,0.000072,2.574000,0.000000,0.000000,0.000000,0.000121,0,0
276000000000,276300000000,6283499093,263,4820002342,0.000315,0.001196,0.001919,0.000145,0.000379,0.001411,0.000002,0.000000,0.004395,0.000143,2.857000,0.000000,0.000000,0.000000,0.000291,0,0
276300000000,276600000000,6283499093,263,4820002342,0.000310,0.001177,0.001917,0.000145,0.000360,0.001406,0.000001,0.000000,0.005707,0.000072,2.372000,0.000000,0.000000,0.000000,0.000183,0,0
276600000000,276900000000,6283499093,263,4820002342,0.000298,0.001179,0.001919,0.000145,0.000362,0.001406,0.000000,0.000000,0.004364,0.000072,2.886000,0.000000,0.000000,0.000000,0.000348,0,0
276900000000,277200000000,6283499093,263,4820002342,0.000311,0.001183,0.001917,0.000145,0.000368,0.001406,0.000000,0.000000,0.005264,0.000072,2.562000,0.000000,0.000000,0.000000,0.000130,0,0
277200000000,277500000000,6283499093,263,4820002342,0.000340,0.001177,0.001919,0.000145,0.000362,0.001406,0.000004,0.000000,0.004631,0.000286,2.671000,0.000000,0.000000,0.000000,0.000337,0,0
277500000000,277800000000,6283499093,263,4820002342,0.000344,0.001125,0.001921,0.000190,0.000328,0.001408,0.000351,0.000000,0.005035,0.019070,2.455000,0.000000,0.000000,0.000000,0.000114,0,0
277800000000,278100000000,6283499093,263,4820002342,0.000336,0.001060,0.001925,0.000207,0.000301,0.001207,0.000049,0.000000,0.016420,0.006142,2.673000,0.000000,0.000000,0.000000,0.000537,0,0
278100000000,278400000000,6283499093,263,4820002342,0.000315,0.001076,0.001928,0.000306,0.000378,0.001158,0.000349,0.000000,0.004105,0.025210,2.509000,0.000000,0.000000,0.000000,0.000109,0,0
278400000000,278550000000,6283499093,263,4820002342,0.000368,0.001036,0.001928,0.000318,0.000397,0.001045,0.000341,0.000000,0.005013,0.026280,2.716000,0.000000,0.000000,0.000000,0.000171,0,0
278550000000,278573000000,6283499093,263,4820002342,0.000150,0.000000,0.000000,0.000000,0.000000,0.000000,0.000007,0.000000,0.003433,0.000143,2.619000,0.000000,0.000000,0.000000,0.000000,0,0
278573000000,278574000000,6283499093,263,4820002342,0.000000,0.000000,0.000000,0.000000,0.000000,0.000000,0.000000,0.000000,0.000000,0.000000,2.619000,0.000000,0.000000,0.000000,0.000000,0,0
