272501000000,272576000000,6283499093,264,929699751,0.000000,0.000000,0.000000,0.000000,0.000000,0.000000,0.000000,0.000000,0.000000,0.000000,0.000000,0.000000,0.000000,0.000000,0.000000,0,0
272576000000,272700000000,6283499093,264,929699751,0.000547,0.001457,0.001919,0.000291,0.000717,0.001600,0.001331,0.000000,0.017970,0.072630,2.259000,0.006712,0.000000,0.000000,0.000282,0,0
272700000000,273000000000,6283499093,264,929699751,0.000324,0.000954,0.001921,0.000289,0.000732,0.001221,0.000004,0.000000,0.004234,0.001215,2.387000,0.007238,0.000000,0.000000,0.000198,0,0
273000000000,273300000000,6283499093,264,929699751,0.000354,0.000945,0.001921,0.000288,0.000732,0.000955,0.000005,0.000000,0.004234,0.001072,2.207000,0.006315,0.000000,0.000000,0.000199,0,0
273300000000,273600000000,6283499093,264,929699751,0.000342,0.000935,0.001921,0.000289,0.000733,0.000958,0.000000,0.000000,0.004166,0.000072,2.361000,0.007101,0.000000,0.000000,0.000417,0,0
273600000000,273900000000,6283499093,264,929699751,0.000384,0.000963,0.001921,0.000289,0.000733,0.000966,0.000001,0.000000,0.008743,0.000143,2.166000,0.006046,0.000000,0.000000,0.000192,0,0
273900000000,274200000000,6283499093,264,929699751,0.000354,0.000949,0.001921,0.000290,0.000733,0.000962,0.000001,0.000000,0.004662,0.000215,2.417000,0.007567,0.000000,0.000000,0.000680,0,0
274200000000,274500000000,6283499093,264,929699751,0.000312,0.000955,0.001921,0.000289,0.000733,0.000964,0.000004,0.000000,0.004707,0.000643,2.302000,0.006859,0.000000,0.000000,0.000825,0,0
274500000000,274800000000,6283499093,264,929699751,0.000304,0.000937,0.001930,0.000290,0.000733,0.000958,0.000010,0.000000,0.003868,0.002857,2.271000,0.006427,0.000000,0.000000,0.000152,0,0
274800000000,275100000000,6283499093,264,929699751,0.000302,0.000944,0.001930,0.000292,0.000736,0.000961,0.000000,0.000000,0.003830,0.000072,2.251000,0.006316,0.000000,0.000000,0.000262,0,0
275100000000,275400000000,6283499093,264,929699751,0.000298,0.000938,0.001930,0.000292,0.000736,0.000946,0.000003,0.000000,0.004135,0.000571,2.247000,0.006316,0.000000,0.000000,0.000670,0,0
275400000000,275700000000,6283499093,264,929699751,0.000304,0.000947,0.001930,0.000292,0.000736,0.000955,0.000000,0.000000,0.004387,0.000072,2.170000,0.006044,0.000000,0.000000,0.000190,0,0
275700000000,276000000000,6283499093,264,929699751,0.000306,0.000940,0.001930,0.000292,0.000736,0.000963,0.000000,0.000000,0.008682,0.000072,2.192000,0.006239,0.000000,0.000000,0.000074,0,0
276000000000,276083000000,6283499093,264,929699751,0.000340,0.000966,0.001930,0.000292,0.000736,0.000968,0.000000,0.000000,0.003479,0.000000,2.152000,0.006157,0.000000,0.000000,0.000062,0,0
276083000000,276085000000,6283499093,264,929699751,0.000169,0.000966,0.001930,0.000555,0.000777,0.000966,0.009781,0.000000,0.000339,0.019500,2.185000,0.006385,0.000000,0.000000,0.000120,0,0
276085000000,276099000000,6283499093,264,929699751,0.001163,0.000000,0.000000,0.000000,0.000000,0.000000,0.000031,0.000000,0.016270,0.000357,2.185000,0.006385,0.000000,0.000000,0.000000,1,0
276099000000,276100000000,6283499093,264,929699751,0.000000,0.000000,0.000000,0.000000,0.000000,0.000000,0.000000,0.000000,0.000000,0.000000,2.185000,0.006385,0.000000,0.000000,0.000000,0,0
276526000000,276568000000,6283499093,264,431073098,0.000000,0.000000,0.000000,0.000000,0.000000,0.000000,0.000000,0.000000,0.000000,0.000000,0.000000,0.000000,0.000000,0.000000,0.000000,1,0
276568000000,276600000000,6283499093,264,431073098,0.001444,0.000872,0.001923,0.000020,0.000088,0.001314,0.000116,0.000000,0.020450,0.001928,6.577000,0.024070,0.000000,0.000000,0.000112,0,0
276600000000,276900000000,6283499093,264,431073098,0.000343,0.000925,0.001925,0.000003,0.000068,0.001320,0.000001,0.000000,0.004402,0.000215,3.081000,0.009812,0.000000,0.000000,0.000219,0,0
276900000000,277200000000,6283499093,264,431073098,0.000354,0.000912,0.001923,0.000002,0.000045,0.001137,0.000002,0.000000,0.003754,0.000500,3.108000,0.009888,0.000000,0.000000,0.000142,0,0
277200000000,277500000000,6283499093,264,431073098,0.000347,0.000970,0.001923,0.000002,0.000099,0.001316,0.000004,0.000000,0.005264,0.000428,2.638000,0.007477,0.000000,0.000000,0.000112,0,0
277500000000,277800000000,6283499093,264,431073098,0.000359,0.001034,0.001923,0.000002,0.000161,0.001322,0.000005,0.000000,0.005005,0.000571,2.383000,0.006730,0.000000,0.000000,0.000412,0,0
277800000000,278100000000,6283499093,264,431073098,0.000367,0.000928,0.001925,0.000002,0.000049,0.001228,0.000003,0.000000,0.004509,0.000072,2.740000,0.008221,0.000000,0.000000,0.000536,0,0
278100000000,278400000000,6283499093,264,431073098,0.000372,0.000963,0.001923,0.000002,0.000083,0.001326,0.000013,0.000000,0.006241,0.002499,2.361000,0.006411,0.000000,0.000000,0.000118,0,0
278400000000,278700000000,6283499093,264,431073098,0.000421,0.001013,0.001921,0.000002,0.000090,0.001392,0.000010,0.000000,0.014020,0.001429,2.157000,0.005482,0.000000,0.000000,0.000153,0,0
278700000000,279000000000,6283499093,264,431073098,0.000417,0.001041,0.001921,0.000002,0.000088,0.001415,0.000002,0.000000,0.005905,0.000072,2.991000,0.009106,0.000000,0.000000,0.000146,0,0
279000000000,279300000000,6283499093,264,431073098,0.000410,0.001085,0.001921,0.000002,0.000133,0.001429,0.000007,0.000000,0.004654,0.001072,2.644000,0.007495,0.000000,0.000000,0.000372,0,0
279300000000,279600000000,6283499093,264,431073098,0.000391,0.001173,0.001923,0.000003,0.000197,0.001442,0.000016,0.000000,0.009048,0.003216,2.038000,0.005016,0.000000,0.000000,0.000178,0,0
279600000000,279900000000,6283499093,264,431073098,0.001486,0.001251,0.001925,0.000015,0.000237,0.001791,0.000039,0.000000,0.084110,0.007996,0.583300,0.000175,0.000000,0.000000,0.000162,0,0
279900000000,279999000000,6283499093,264,431073098,0.001478,0.001240,0.001923,0.000031,0.000215,0.001629,0.000297,0.000000,0.042240,0.016080,2.646000,0.008086,0.000000,0.000000,0.000116,0,0
279999000000,280011000000,6283499093,264,431073098,0.000255,0.000000,0.000000,0.000000,0.000000,0.000000,0.000399,0.000000,0.003059,0.004784,2.673000,0.008231,0.000000,0.000000,0.000000,0,0
280011000000,280012000000,6283499093,264,431073098,0.000000,0.000000,0.000000,0.000000,0.000000,0.000000,0.000000,0.000000,0.000000,0.000000,2.673000,0.008231,0.000000,0.000000,0.000000,0,0
