272496000000,272535000000,6283499093,265,902896,0.000000,0.000000,0.000000,0.000000,0.000000,0.000000,0.000000,0.000000,0.000000,0.000000,0.000000,0.000000,0.000000,0.000000,0.000000,0,0
272535000000,272700000000,6283499093,265,902896,0.000542,0.001007,0.001925,0.000006,0.000165,0.001299,0.000034,0.000000,0.019320,0.003784,1.275000,0.001802,0.000000,0.000000,0.000147,0,0
272700000000,273000000000,6283499093,265,902896,0.000360,0.001022,0.001925,0.000006,0.000175,0.001297,0.000001,0.000000,0.003937,0.000215,2.702000,0.007415,0.000000,0.000000,0.000131,0,0
273000000000,273300000000,6283499093,265,902896,0.003044,0.001217,0.001923,0.000011,0.000173,0.001600,0.000043,0.000000,0.078980,0.008362,0.652500,0.000438,0.000000,0.000000,0.032040,0,0
273300000000,273600000000,6283499093,265,902896,0.000590,0.001251,0.001919,0.000010,0.000193,0.001554,0.000001,0.000000,0.005981,0.000072,1.065000,0.002003,0.000000,0.000000,0.000582,0,0
273600000000,273900000000,6283499093,265,902896,0.000517,0.001232,0.001921,0.000010,0.000175,0.001535,0.000002,0.000000,0.004936,0.000143,3.427000,0.010850,0.000000,0.000000,0.000462,0,0
273900000000,274200000000,6283499093,265,902896,0.000412,0.001225,0.001923,0.000007,0.000172,0.001535,0.000008,0.000000,0.008011,0.002213,2.275000,0.005784,0.000000,0.000000,0.000495,0,0
274200000000,274500000000,6283499093,265,902896,0.000380,0.001217,0.001923,0.000004,0.000166,0.001522,0.000001,0.000000,0.001308,0.000143,2.646000,0.007601,0.000000,0.000000,0.000302,0,0
274500000000,274800000000,6283499093,265,902896,0.000376,0.001209,0.001923,0.000004,0.000160,0.001520,0.000000,0.000000,0.005127,0.000000,2.612000,0.007261,0.000000,0.000000,0.000328,0,0
274800000000,275100000000,6283499093,265,902896,0.000330,0.001226,0.001923,0.000004,0.000173,0.001528,0.000001,0.000000,0.004730,0.000143,2.321000,0.006149,0.000000,0.000000,0.000170,0,0
275100000000,275400000000,6283499093,265,902896,0.006699,0.001408,0.001921,0.000014,0.000177,0.001871,0.000021,0.000000,0.079590,0.004356,0.585600,0.000181,0.000000,0.000000,0.000371,0,0
275400000000,275700000000,6283499093,265,902896,0.001019,0.001373,0.001919,0.000029,0.000181,0.001705,0.000005,0.000000,0.061710,0.000714,4.362000,0.014820,0.000000,0.000000,0.000245,0,0
275700000000,276000000000,6283499093,265,902896,0.000706,0.001368,0.001919,0.000029,0.000207,0.001669,0.000002,0.000000,0.018010,0.000215,4.594000,0.015510,0.000000,0.000000,0.000554,0,0
276000000000,276300000000,6283499093,265,902896,0.000558,0.001341,0.001921,0.000027,0.000189,0.001650,0.000002,0.000000,0.009995,0.000143,3.065000,0.008926,0.000000,0.000000,0.000704,0,0
276300000000,276600000000,6283499093,265,902896,0.000399,0.001312,0.001923,0.000027,0.000176,0.001629,0.000001,0.000000,0.005554,0.000143,2.708000,0.007443,0.000000,0.000000,0.000252,0,0
276600000000,276900000000,6283499093,265,902896,0.000360,0.001308,0.001923,0.000027,0.000171,0.001631,0.000000,0.000000,0.005775,0.000072,2.270000,0.005798,0.000000,0.000000,0.000312,0,0
276900000000,277200000000,6283499093,265,902896,0.000358,0.001320,0.001923,0.000027,0.000180,0.001633,0.000001,0.000000,0.005104,0.000143,2.496000,0.006515,0.000000,0.000000,0.000259,0,0
277200000000,277500000000,6283499093,265,902896,0.000421,0.001347,0.001925,0.000027,0.000207,0.001638,0.000004,0.000000,0.011000,0.000215,2.892000,0.008299,0.000000,0.000000,0.000176,0,0
277500000000,277800000000,6283499093,265,902896,0.000400,0.001345,0.001923,0.000027,0.000206,0.001633,0.000003,0.000000,0.005211,0.000072,2.909000,0.008460,0.000000,0.000000,0.000277,0,0
277800000000,278100000000,6283499093,265,902896,0.000400,0.001328,0.001923,0.000030,0.000187,0.001638,0.000074,0.000000,0.005104,0.008713,2.590000,0.006941,0.000000,0.000000,0.000213,0,0
278100000000,278400000000,6283499093,265,902896,0.000349,0.001314,0.001926,0.000075,0.000215,0.001432,0.000003,0.000000,0.005966,0.000143,2.400000,0.006660,0.000000,0.000000,0.000434,0,0
278400000000,278500000000,6283499093,265,902896,0.000421,0.001278,0.001926,0.000077,0.000216,0.001383,0.000269,0.000000,0.005180,0.024080,2.228000,0.005760,0.000000,0.000000,0.000403,0,0
278500000000,278517000000,6283499093,265,902896,0.000084,0.000000,0.000000,0.000000,0.000000,0.000000,0.000033,0.000000,0.001427,0.000571,1.863000,0.004321,0.000000,0.000000,0.000000,0,0
278517000000,278519000000,6283499093,265,902896,0.000000,0.000000,0.000000,0.000000,0.000000,0.000000,0.000000,0.000000,0.000000,0.000000,1.863000,0.004321,0.000000,0.000000,0.000000,0,0
