272494000000,272656000000,6283499093,266,4820314713,0.000000,0.000000,0.000000,0.000000,0.000000,0.000000,0.000000,0.000000,0.000000,0.000000,0.000000,0.000000,0.000000,0.000000,0.000000,0,0
272656000000,272700000000,6283499093,266,4820314713,0.001104,0.000899,0.001917,0.000125,0.000157,0.001125,0.001446,0.000000,0.036930,0.019780,2.722000,0.000000,0.000000,0.000000,0.000175,0,0
272700000000,273000000000,6283499093,266,4820314713,0.000335,0.001133,0.001921,0.000124,0.000330,0.001348,0.000001,0.000000,0.001423,0.000072,3.654000,0.000000,0.000000,0.000000,0.000181,0,0
273000000000,273300000000,6283499093,266,4820314713,0.000513,0.001205,0.001915,0.000127,0.000392,0.001392,0.000029,0.000000,0.007225,0.007072,6.177000,0.000000,0.000000,0.000000,0.000402,0,0
273300000000,273600000000,6283499093,266,4820314713,0.000489,0.001198,0.001915,0.000123,0.000369,0.001402,0.000001,0.000000,0.007477,0.000072,4.306000,0.000000,0.000000,0.000000,0.000358,0,0
273600000000,273900000000,6283499093,266,4820314713,0.000324,0.001156,0.001915,0.000123,0.000322,0.001404,0.000001,0.000000,0.004463,0.000286,5.071000,0.000000,0.000000,0.000000,0.000303,0,0
273900000000,274200000000,6283499093,266,4820314713,0.000280,0.001125,0.001917,0.000123,0.000293,0.001404,0.000001,0.000000,0.011760,0.000215,3.540000,0.000000,0.000000,0.000000,0.000688,0,0
274200000000,274500000000,6283499093,266,4820314713,0.000318,0.001108,0.001917,0.000123,0.000269,0.001411,0.000001,0.000000,0.004890,0.000143,2.654000,0.000000,0.000000,0.000000,0.000167,0,0
274500000000,274800000000,6283499093,266,4820314713,0.000292,0.001074,0.001917,0.000123,0.000231,0.001411,0.000001,0.000000,0.001173,0.000143,4.044000,0.000000,0.000000,0.000000,0.000287,0,0
274800000000,275100000000,6283499093,266,4820314713,0.000260,0.001049,0.001917,0.000123,0.000208,0.001377,0.000000,0.000000,0.005737,0.000072,2.941000,0.000000,0.000000,0.000000,0.000204,0,0
275100000000,275400000000,6283499093,266,4820314713,0.000262,0.001047,0.001915,0.000124,0.000206,0.001289,0.000003,0.000000,0.004967,0.000571,2.577000,0.000000,0.000000,0.000000,0.000062,0,0
275400000000,275700000000,6283499093,266,4820314713,0.000260,0.001019,0.001917,0.000124,0.000178,0.001226,0.000000,0.000000,0.004692,0.000072,2.652000,0.000000,0.000000,0.000000,0.000103,0,0
275700000000,276000000000,6283499093,266,4820314713,0.000264,0.001045,0.001921,0.000124,0.000202,0.001215,0.000002,0.000000,0.004272,0.000571,3.184000,0.000000,0.000000,0.000000,0.000112,0,0
276000000000,276300000000,6283499093,266,4820314713,0.000273,0.000999,0.001926,0.000124,0.000158,0.001198,0.000002,0.000000,0.004288,0.000191,2.673000,0.000000,0.000000,0.000000,0.000316,0,0
276300000000,276600000000,6283499093,266,4820314713,0.000272,0.001005,0.001926,0.000124,0.000166,0.001215,0.000001,0.000000,0.004509,0.000143,2.439000,0.000000,0.000000,0.000000,0.000105,0,0
276600000000,276900000000,6283499093,266,4820314713,0.000282,0.001043,0.001923,0.000124,0.000201,0.001383,0.000000,0.000000,0.004654,0.000072,2.359000,0.000000,0.000000,0.000000,0.000694,0,0
276900000000,277200000000,6283499093,266,4820314713,0.000267,0.001072,0.001921,0.000124,0.000229,0.001413,0.000000,0.000000,0.004356,0.000000,3.743000,0.000000,0.000000,0.000000,0.000658,0,0
277200000000,277500000000,6283499093,266,4820314713,0.000277,0.001148,0.001925,0.000127,0.000305,0.001415,0.000153,0.000000,0.004562,0.022920,2.547000,0.000000,0.000000,0.000000,0.000153,0,0
277500000000,277800000000,6283499093,266,4820314713,0.000267,0.001007,0.001928,0.000150,0.000176,0.001215,0.000014,0.000000,0.004036,0.001715,3.862000,0.000000,0.000000,0.000000,0.000239,0,0
277800000000,278100000000,6283499093,266,4820314713,0.000251,0.000994,0.001928,0.000149,0.000170,0.001074,0.000011,0.000000,0.004044,0.002144,4.616000,0.000000,0.000000,0.000000,0.000076,0,0
278100000000,278400000000,6283499093,266,4820314713,0.000311,0.001131,0.001928,0.000209,0.000346,0.001236,0.000231,0.000000,0.002438,0.021210,2.653000,0.000000,0.000000,0.000000,0.000177,0,0
278400000000,278580000000,6283499093,266,4820314713,0.000342,0.001060,0.001928,0.000249,0.000414,0.001083,0.000225,0.000000,0.003525,0.021000,3.285000,0.000000,0.000000,0.000000,0.000255,0,0
278580000000,278594000000,6283499093,266,4820314713,0.000175,0.000000,0.000000,0.000000,0.000000,0.000000,0.000014,0.000000,0.002453,0.000215,2.885000,0.000000,0.000000,0.000000,0.000000,0,0
278594000000,278596000000,6283499093,266,4820314713,0.000000,0.000000,0.000000,0.000000,0.000000,0.000000,0.000000,0.000000,0.000000,0.000000,2.885000,0.000000,0.000000,0.000000,0.000000,0,0
