272489000000,272566000000,6283499093,267,682454,0.000000,0.000000,0.000000,0.000000,0.000000,0.000000,0.000002,0.000000,0.000000,0.000143,0.000000,0.000000,0.000000,0.000000,0.000000,0,0
272566000000,272700000000,6283499093,267,682454,0.000659,0.001049,0.001923,0.000131,0.000249,0.001440,0.000694,0.000000,0.042480,0.024290,1.665000,0.003451,0.000000,0.000000,0.002125,0,0
272700000000,273000000000,6283499093,267,682454,0.000351,0.001064,0.001923,0.000132,0.000308,0.001331,0.000000,0.000000,0.004074,0.000072,2.170000,0.005526,0.000000,0.000000,0.000280,0,0
273000000000,273300000000,6283499093,267,682454,0.000423,0.001173,0.001926,0.000132,0.000412,0.001347,0.000002,0.000000,0.023280,0.000215,1.803000,0.003879,0.000000,0.000000,0.000320,0,0
273300000000,273600000000,6283499093,267,682454,0.000382,0.001251,0.001928,0.000131,0.000479,0.001350,0.000001,0.000000,0.004837,0.000072,2.425000,0.006727,0.000000,0.000000,0.000225,0,0
273600000000,273900000000,6283499093,267,682454,0.000355,0.001221,0.001928,0.000129,0.000443,0.001352,0.000001,0.000000,0.004395,0.000143,2.697000,0.007960,0.000000,0.000000,0.000229,0,0
273900000000,274200000000,6283499093,267,682454,0.000391,0.001131,0.001926,0.000129,0.000355,0.001354,0.000001,0.000000,0.009445,0.000072,2.487000,0.007039,0.000000,0.000000,0.000590,0,0
274200000000,274500000000,6283499093,267,682454,0.000358,0.001167,0.001926,0.000128,0.000385,0.001358,0.000002,0.000000,0.004852,0.000143,2.218000,0.005802,0.000000,0.000000,0.000088,0,0
274500000000,274800000000,6283499093,267,682454,0.000445,0.001169,0.001925,0.000128,0.000373,0.001369,0.000000,0.000000,0.005310,0.000072,2.595000,0.007615,0.000000,0.000000,0.000201,0,0
274800000000,275100000000,6283499093,267,682454,0.000521,0.001175,0.001925,0.000131,0.000366,0.001400,0.000023,0.000000,0.007355,0.006432,2.675000,0.007950,0.000000,0.000000,0.000312,0,0
275100000000,275400000000,6283499093,267,682454,0.000387,0.001200,0.001925,0.000130,0.000385,0.001390,0.000002,0.000000,0.004662,0.000143,3.001000,0.009235,0.000000,0.000000,0.000370,0,0
275400000000,275700000000,6283499093,267,682454,0.000347,0.001175,0.001925,0.000128,0.000360,0.001390,0.000000,0.000000,0.004288,0.000072,2.579000,0.007269,0.000000,0.000000,0.000160,0,0
275700000000,276000000000,6283499093,267,682454,0.000325,0.001198,0.001926,0.000125,0.000379,0.001394,0.000001,0.000000,0.004517,0.000215,2.278000,0.005812,0.000000,0.000000,0.000112,0,0
276000000000,276300000000,6283499093,267,682454,0.000333,0.001179,0.001926,0.000124,0.000359,0.001390,0.000001,0.000000,0.003609,0.000143,2.467000,0.006505,0.000000,0.000000,0.000263,0,0
276300000000,276600000000,6283499093,267,682454,0.000356,0.001215,0.001926,0.000124,0.000391,0.001394,0.000004,0.000000,0.004486,0.000999,2.571000,0.007208,0.000000,0.000000,0.000258,0,0
276600000000,276900000000,6283499093,267,682454,0.000347,0.001204,0.001926,0.000124,0.000377,0.001396,0.000001,0.000000,0.004990,0.000143,2.406000,0.006533,0.000000,0.000000,0.000296,0,0
276900000000,277200000000,6283499093,267,682454,0.000330,0.001211,0.001926,0.000124,0.000384,0.001396,0.000000,0.000000,0.004707,0.000000,2.243000,0.005849,0.000000,0.000000,0.000629,0,0
277200000000,277500000000,6283499093,267,682454,0.000331,0.001205,0.001926,0.000124,0.000378,0.001398,0.000004,0.000000,0.005226,0.000286,2.227000,0.005765,0.000000,0.000000,0.000067,0,0
277500000000,277800000000,6283499093,267,682454,0.000324,0.001242,0.001930,0.000124,0.000476,0.001398,0.000007,0.000000,0.004570,0.001286,3.260000,0.009635,0.000000,0.000000,0.000162,0,0
277800000000,278100000000,6283499093,267,682454,0.000345,0.001019,0.001932,0.000124,0.000569,0.001030,0.000005,0.000000,0.004478,0.000500,3.387000,0.010310,0.000000,0.000000,0.000181,0,0
278100000000,278400000000,6283499093,267,682454,0.000360,0.001015,0.001932,0.000124,0.000569,0.001028,0.000004,0.000000,0.004898,0.000357,2.881000,0.008377,0.000000,0.000000,0.000835,0,0
278400000000,278700000000,6283499093,267,682454,0.000366,0.001011,0.001932,0.000124,0.000569,0.001024,0.000002,0.000000,0.004959,0.000143,3.045000,0.008691,0.000000,0.000000,0.000620,0,0
278700000000,279000000000,6283499093,267,682454,0.000404,0.001070,0.001932,0.000123,0.000581,0.001118,0.000007,0.000000,0.006783,0.000929,2.828000,0.008064,0.000000,0.000000,0.000391,0,0
279000000000,279300000000,6283499093,267,682454,0.000454,0.001051,0.001932,0.000123,0.000585,0.001064,0.000003,0.000000,0.005234,0.000215,2.893000,0.008448,0.000000,0.000000,0.000737,0,0
279300000000,279600000000,6283499093,267,682454,0.000413,0.001043,0.001932,0.000123,0.000585,0.001059,0.000002,0.000000,0.004929,0.000215,2.887000,0.008513,0.000000,0.000000,0.000595,0,0
279600000000,279900000000,6283499093,267,682454,0.000375,0.001055,0.001932,0.000123,0.000585,0.001062,0.000003,0.000000,0.006073,0.000357,2.627000,0.007764,0.000000,0.000000,0.000313,0,0
279900000000,279979000000,6283499093,267,682454,0.000450,0.001059,0.001932,0.000123,0.000585,0.001068,0.000017,0.000000,0.006447,0.000857,2.637000,0.007926,0.000000,0.000000,0.000409,0,0
279979000000,279991000000,6283499093,267,682454,0.000239,0.000000,0.000000,0.000000,0.000000,0.000000,0.000006,0.000000,0.002869,0.000072,2.612000,0.007908,0.000000,0.000000,0.000000,0,0
279991000000,279992000000,6283499093,267,682454,0.000000,0.000000,0.000000,0.000000,0.000000,0.000000,0.000000,0.000000,0.000000,0.000000,2.612000,0.007908,0.000000,0.000000,0.000000,0,0
