272489000000,272600000000,6283499093,268,3338244020,0.000000,0.000000,0.000000,0.000000,0.000000,0.000000,0.000000,0.000000,0.000000,0.000000,0.000000,0.000000,0.000000,0.000000,0.000000,0,0
272600000000,272700000000,6283499093,268,3338244020,0.000647,0.000904,0.001928,0.000078,0.000122,0.001177,0.000419,0.000000,0.018160,0.010070,2.059000,0.008271,0.000000,0.000000,0.000980,0,0
272700000000,273000000000,6283499093,268,3338244020,0.000281,0.000965,0.001926,0.000078,0.000171,0.001303,0.000000,0.000000,0.005287,0.000000,2.507000,0.010320,0.000000,0.000000,0.000126,0,0
273000000000,273300000000,6283499093,268,3338244020,0.000274,0.001034,0.001928,0.000078,0.000238,0.001320,0.000006,0.000000,0.004456,0.001499,2.034000,0.007855,0.000000,0.000000,0.000215,0,0
273300000000,273600000000,6283499093,268,3338244020,0.000262,0.000930,0.001928,0.000078,0.000133,0.001320,0.000000,0.000000,0.005646,0.000000,2.208000,0.008624,0.000000,0.000000,0.000072,0,0
273600000000,273900000000,6283499093,268,3338244020,0.000278,0.000974,0.001926,0.000078,0.000175,0.001322,0.000002,0.000000,0.004913,0.000215,1.954000,0.007311,0.000000,0.000000,0.000143,0,0
273900000000,274200000000,6283499093,268,3338244020,0.000330,0.001030,0.001926,0.000078,0.000206,0.001348,0.000000,0.000000,0.004898,0.000072,2.087000,0.007910,0.000000,0.000000,0.000104,0,0
274200000000,274500000000,6283499093,268,3338244020,0.000363,0.001028,0.001926,0.000078,0.000199,0.001356,0.000004,0.000000,0.006317,0.000500,2.122000,0.008550,0.000000,0.000000,0.000653,0,0
274500000000,274800000000,6283499093,268,3338244020,0.000337,0.001005,0.001926,0.000078,0.000172,0.001331,0.000001,0.000000,0.005569,0.000143,2.414000,0.009894,0.000000,0.000000,0.000193,0,0
274800000000,275100000000,6283499093,268,3338244020,0.000316,0.001001,0.001926,0.000078,0.000167,0.001301,0.000000,0.000000,0.005280,0.000072,1.739000,0.005518,0.000000,0.000000,0.001747,0,0
275100000000,275400000000,6283499093,268,3338244020,0.000303,0.000999,0.001926,0.000078,0.000165,0.001308,0.000002,0.000000,0.004517,0.000215,1.941000,0.006816,0.000000,0.000000,0.000155,0,0
275400000000,275700000000,6283499093,268,3338244020,0.000293,0.001003,0.001926,0.000078,0.000168,0.001307,0.000000,0.000000,0.004501,0.000072,2.015000,0.007425,0.000000,0.000000,0.000092,0,0
275700000000,276000000000,6283499093,268,3338244020,0.000277,0.000997,0.001926,0.000078,0.000165,0.001308,0.000001,0.000000,0.005394,0.000143,2.195000,0.008387,0.000000,0.000000,0.000091,0,0
276000000000,276300000000,6283499093,268,3338244020,0.000330,0.001005,0.001925,0.000080,0.000163,0.001307,0.000026,0.000000,0.011260,0.006073,2.338000,0.009392,0.000000,0.000000,0.000193,0,0
276300000000,276600000000,6283499093,268,3338244020,0.000311,0.000984,0.001926,0.000078,0.000135,0.001213,0.000003,0.000000,0.004951,0.000428,2.082000,0.007447,0.000000,0.000000,0.000161,0,0
276600000000,276900000000,6283499093,268,3338244020,0.000302,0.000968,0.001926,0.000078,0.000107,0.001120,0.000001,0.000000,0.004829,0.000143,2.059000,0.008133,0.000000,0.000000,0.000068,0,0
276900000000,277200000000,6283499093,268,3338244020,0.000313,0.001072,0.001926,0.000078,0.000197,0.001406,0.000001,0.000000,0.005562,0.000072,1.655000,0.005014,0.000000,0.000000,0.000231,0,0
277200000000,277500000000,6283499093,268,3338244020,0.000275,0.001038,0.001926,0.000079,0.000149,0.001402,0.000014,0.000000,0.004524,0.002930,2.264000,0.008818,0.000000,0.000000,0.000130,0,0
277500000000,277800000000,6283499093,268,3338244020,0.000325,0.001101,0.001926,0.000079,0.000201,0.001434,0.000003,0.000000,0.018310,0.000215,2.346000,0.009955,0.000000,0.000000,0.000084,0,0
277800000000,278100000000,6283499093,268,3338244020,0.000363,0.001093,0.001925,0.000077,0.000164,0.001471,0.000010,0.000000,0.004875,0.001072,2.409000,0.010450,0.000000,0.000000,0.000360,0,0
278100000000,278400000000,6283499093,268,3338244020,0.000353,0.001085,0.001925,0.000077,0.000152,0.001471,0.000011,0.000000,0.005074,0.001499,2.086000,0.008166,0.000000,0.000000,0.000247,0,0
278400000000,278700000000,6283499093,268,3338244020,0.000643,0.001204,0.001926,0.000077,0.000253,0.001501,0.000007,0.000000,0.027220,0.000643,1.322000,0.002100,0.000000,0.000000,0.000083,0,0
278700000000,279000000000,6283499093,268,3338244020,0.000650,0.001148,0.001925,0.000077,0.000188,0.001505,0.000006,0.000000,0.016020,0.000714,1.371000,0.002338,0.000000,0.000000,0.000352,0,0
279000000000,279300000000,6283499093,268,3338244020,0.000336,0.001184,0.001925,0.000076,0.000224,0.001499,0.000010,0.000000,0.006332,0.001215,2.269000,0.008782,0.000000,0.000000,0.000083,0,0
279300000000,279600000000,6283499093,268,3338244020,0.000354,0.001204,0.001925,0.000075,0.000263,0.001499,0.000018,0.000000,0.006615,0.001642,1.371000,0.002533,0.000000,0.000000,0.000093,0,0
279600000000,279900000000,6283499093,268,3338244020,0.000510,0.001251,0.001926,0.000081,0.000285,0.001530,0.000014,0.000000,0.029630,0.001715,1.360000,0.002657,0.000000,0.000000,0.000274,0,0
279900000000,280200000000,6283499093,268,3338244020,0.000325,0.001253,0.001926,0.000088,0.000286,0.001522,0.000010,0.000000,0.006310,0.001072,2.065000,0.007741,0.000000,0.000000,0.000128,0,0
280200000000,280500000000,6283499093,268,3338244020,0.000396,0.001272,0.001926,0.000088,0.000312,0.001516,0.000004,0.000000,0.006462,0.000714,1.362000,0.002409,0.000000,0.000000,0.000093,0,0
280500000000,280800000000,6283499093,268,3338244020,0.000300,0.001261,0.001926,0.000088,0.000301,0.001509,0.000014,0.000000,0.005646,0.001785,1.881000,0.006438,0.000000,0.000000,0.000544,0,0
280800000000,281100000000,6283499093,268,3338244020,0.000341,0.001209,0.001926,0.000088,0.000257,0.001503,0.000003,0.000000,0.004501,0.000286,1.927000,0.007102,0.000000,0.000000,0.000069,0,0
281100000000,281359000000,6283499093,268,3338244020,0.003906,0.001396,0.002052,0.000083,0.000384,0.002159,0.000087,0.000000,0.089970,0.013210,1.345000,0.002461,0.000000,0.000000,0.000683,0,0
281359000000,281368000000,6283499093,268,3338244020,0.000307,0.000000,0.000000,0.000000,0.000000,0.000000,0.000000,0.000000,0.002758,0.000000,1.702000,0.004758,0.000000,0.000000,0.000000,0,0
281368000000,281370000000,6283499093,268,3338244020,0.000000,0.000000,0.000000,0.000000,0.000000,0.000000,0.000000,0.000000,0.000000,0.000000,1.702000,0.004758,0.000000,0.000000,0.000000,0,0
