272492000000,272624000000,6283499093,269,717269,0.000000,0.000000,0.000000,0.000000,0.000000,0.000000,0.000000,0.000000,0.000000,0.000000,0.000000,0.000000,0.000000,0.000000,0.000000,0,0
272624000000,272700000000,6283499093,269,717269,0.000686,0.001284,0.001926,0.000189,0.000571,0.001490,0.001972,0.000000,0.017120,0.024290,2.587000,0.007826,0.000000,0.000000,0.000000,0,0
272700000000,273000000000,6283499093,269,717269,0.000288,0.000950,0.001923,0.000198,0.000285,0.001465,0.000001,0.000000,0.004135,0.000072,2.567000,0.007704,0.000000,0.000000,0.000136,0,0
273000000000,273300000000,6283499093,269,717269,0.000350,0.000980,0.001923,0.000198,0.000313,0.001318,0.000010,0.000000,0.016750,0.001642,1.622000,0.003509,0.000000,0.000000,0.000123,0,0
273300000000,273600000000,6283499093,269,717269,0.000438,0.001020,0.001921,0.000198,0.000332,0.001348,0.000003,0.000000,0.008911,0.000571,2.250000,0.006514,0.000000,0.000000,0.000207,0,0
273600000000,273900000000,6283499093,269,717269,0.000579,0.001091,0.001921,0.000197,0.000344,0.001476,0.000016,0.000000,0.047240,0.003216,3.308000,0.011580,0.000000,0.000000,0.000666,0,0
273900000000,274200000000,6283499093,269,717269,0.000472,0.001263,0.001923,0.000188,0.000460,0.001471,0.000000,0.000000,0.004906,0.000072,3.855000,0.014050,0.000000,0.000000,0.000256,0,0
274200000000,274500000000,6283499093,269,717269,0.000399,0.001211,0.001921,0.000170,0.000393,0.001455,0.000001,0.000000,0.004242,0.000072,2.722000,0.008747,0.000000,0.000000,0.000313,0,0
274500000000,274800000000,6283499093,269,717269,0.000331,0.001209,0.001923,0.000170,0.000394,0.001459,0.000000,0.000000,0.008133,0.000072,2.060000,0.005458,0.000000,0.000000,0.000392,0,0
274800000000,275100000000,6283499093,269,717269,0.000320,0.001196,0.001923,0.000170,0.000376,0.001457,0.000004,0.000000,0.004784,0.001215,2.368000,0.007072,0.000000,0.000000,0.000221,0,0
275100000000,275400000000,6283499093,269,717269,0.000371,0.001207,0.001923,0.000170,0.000388,0.001455,0.000009,0.000000,0.009842,0.001572,2.809000,0.008936,0.000000,0.000000,0.000139,0,0
275400000000,275700000000,6283499093,269,717269,0.000301,0.001232,0.001925,0.000170,0.000408,0.001461,0.000001,0.000000,0.004593,0.000143,2.733000,0.008386,0.000000,0.000000,0.000771,0,0
275700000000,276000000000,6283499093,269,717269,0.000330,0.001234,0.001923,0.000170,0.000414,0.001457,0.000000,0.000000,0.004280,0.000072,2.320000,0.006524,0.000000,0.000000,0.000184,0,0
276000000000,276300000000,6283499093,269,717269,0.000316,0.001196,0.001923,0.000170,0.000377,0.001457,0.000003,0.000000,0.006729,0.000643,2.410000,0.006883,0.000000,0.000000,0.000095,0,0
276300000000,276600000000,6283499093,269,717269,0.000335,0.001192,0.001925,0.000170,0.000377,0.001451,0.000004,0.000000,0.005051,0.000786,2.373000,0.006692,0.000000,0.000000,0.000915,0,0
276600000000,276900000000,6283499093,269,717269,0.000320,0.001245,0.001923,0.000171,0.000430,0.001461,0.000000,0.000000,0.004822,0.000072,3.097000,0.009689,0.000000,0.000000,0.000085,0,0
276900000000,277200000000,6283499093,269,717269,0.000323,0.001230,0.001923,0.000171,0.000408,0.001461,0.000000,0.000000,0.005127,0.000000,2.793000,0.008774,0.000000,0.000000,0.000179,0,0
277200000000,277459000000,6283499093,269,717269,0.001129,0.000971,0.001923,0.000173,0.000359,0.001657,0.000018,0.000000,0.059390,0.001215,2.865000,0.008722,0.000000,0.000000,0.000283,0,0
277459000000,277476000000,6283499093,269,717269,0.000164,0.000002,0.000000,0.000012,0.000012,0.000040,0.000143,0.000000,0.002792,0.002430,2.871000,0.008639,0.000000,0.000000,0.000000,0,0
277476000000,277477000000,6283499093,269,717269,0.000000,0.000000,0.000000,0.000000,0.000000,0.000000,0.000000,0.000000,0.000000,0.000000,2.871000,0.008639,0.000000,0.000000,0.000000,0,0
