272494000000,272603000000,6283499093,27,16914012,0.000000,0.000000,0.000000,0.000000,0.000000,0.000000,0.000000,0.000000,0.000000,0.000000,0.000000,0.000000,0.000000,0.000000,0.000000,0,0
272603000000,272700000000,6283499093,27,16914012,0.000812,0.001593,0.001932,0.000364,0.000790,0.001696,0.002518,0.000000,0.040220,0.060850,3.246000,0.011050,0.000000,0.000000,0.000193,0,0
272700000000,273000000000,6283499093,27,16914012,0.000417,0.001032,0.001932,0.000371,0.000814,0.001518,0.000000,0.000000,0.004402,0.000000,3.144000,0.009994,0.000000,0.000000,0.000464,0,0
273000000000,273300000000,6283499093,27,16914012,0.000408,0.000946,0.001932,0.000371,0.000814,0.000958,0.000000,0.000000,0.004433,0.000143,2.889000,0.009133,0.000000,0.000000,0.000139,0,0
273300000000,273600000000,6283499093,27,16914012,0.012890,0.001289,0.002209,0.000207,0.000569,0.001881,0.000029,0.000000,0.096800,0.001785,0.557600,0.000156,0.000000,0.000000,0.000274,0,0
273600000000,273900000000,6283499093,27,16914012,0.008057,0.001404,0.001930,0.000011,0.000221,0.001534,0.000013,0.000000,0.071660,0.001286,0.970300,0.000289,0.000000,0.000000,0.001207,0,0
273900000000,274200000000,6283499093,27,16914012,0.011520,0.001581,0.002323,0.000020,0.000194,0.002312,0.000033,0.000000,0.093990,0.005287,0.551100,0.000133,0.000000,0.000000,0.000349,0,0
274200000000,274500000000,6283499093,27,16914012,0.012020,0.001570,0.001928,0.000031,0.000161,0.001657,0.000021,0.000001,0.083010,0.002785,0.642900,0.000240,0.000000,0.000000,0.031310,0,0
274500000000,274800000000,6283499093,27,16914012,0.013850,0.001598,0.002113,0.000040,0.000151,0.002186,0.000031,0.000001,0.086180,0.003071,0.572300,0.000159,0.000000,0.000000,0.039550,0,0
274800000000,275100000000,6283499093,27,16914012,0.002148,0.001556,0.001940,0.000017,0.000102,0.001616,0.000016,0.000001,0.070310,0.001215,0.624400,0.000394,0.000000,0.000000,0.034240,0,0
275100000000,275400000000,6283499093,27,16914012,0.005478,0.001558,0.001940,0.000023,0.000108,0.001629,0.000009,0.000001,0.075200,0.000857,0.583300,0.000246,0.000000,0.000000,0.000570,0,0
275400000000,275700000000,6283499093,27,16914012,0.000336,0.001490,0.001942,0.000036,0.000121,0.001518,0.000000,0.000001,0.003929,0.000072,1.923000,0.005003,0.000000,0.000000,0.000415,0,0
275700000000,276000000000,6283499093,27,16914012,0.002335,0.001562,0.001940,0.000020,0.000105,0.001629,0.000009,0.000001,0.071410,0.000857,0.852300,0.001207,0.000000,0.000000,0.000085,0,0
276000000000,276300000000,6283499093,27,16914012,0.002472,0.001551,0.001940,0.000032,0.000120,0.001629,0.000032,0.000001,0.069340,0.007431,0.622500,0.000397,0.000000,0.000000,0.000370,0,0
276300000000,276600000000,6283499093,27,16914012,0.001015,0.001514,0.001938,0.000153,0.000290,0.001839,0.000405,0.000001,0.071170,0.038020,0.673700,0.000452,0.000000,0.000000,0.000204,0,0
276600000000,276900000000,6283499093,27,16914012,0.000411,0.001381,0.001940,0.000180,0.000328,0.001390,0.000001,0.000001,0.004799,0.000215,2.860000,0.008818,0.000000,0.000000,0.000455,0,0
276900000000,277200000000,6283499093,27,16914012,0.000365,0.001379,0.001940,0.000180,0.000328,0.001381,0.000000,0.000001,0.006378,0.000000,2.672000,0.007974,0.000000,0.000000,0.006378,0,0
277200000000,277500000000,6283499093,27,16914012,0.000349,0.001389,0.001940,0.000174,0.000322,0.001400,0.000002,0.000001,0.005486,0.000143,2.900000,0.008658,0.000000,0.000000,0.000504,0,0
277500000000,277800000000,6283499093,27,16914012,0.000346,0.001385,0.001940,0.000173,0.000321,0.001387,0.000005,0.000001,0.004509,0.000571,2.508000,0.007036,0.000000,0.000000,0.000119,0,0
277800000000,278100000000,6283499093,27,16914012,0.000412,0.001408,0.001940,0.000191,0.000343,0.001450,0.000018,0.000002,0.013200,0.002571,2.940000,0.008983,0.000000,0.000000,0.000289,0,0
278100000000,278400000000,6283499093,27,16914012,0.000395,0.001364,0.001940,0.000199,0.000353,0.001383,0.000004,0.000002,0.005013,0.000143,2.717000,0.008240,0.000000,0.000000,0.000262,0,0
278400000000,278700000000,6283499093,27,16914012,0.000407,0.001369,0.001940,0.000199,0.000353,0.001377,0.000010,0.000002,0.006699,0.001143,2.568000,0.007405,0.000000,0.000000,0.000275,0,0
278700000000,279000000000,6283499093,27,16914012,0.000378,0.001366,0.001940,0.000199,0.000353,0.001379,0.000003,0.000002,0.001728,0.000215,2.682000,0.007706,0.000000,0.000000,0.000389,0,0
279000000000,279300000000,6283499093,27,16914012,0.000395,0.001392,0.001940,0.000217,0.000375,0.001434,0.000055,0.000002,0.007256,0.014790,2.487000,0.007113,0.000000,0.000000,0.000153,0,0
279300000000,279600000000,6283499093,27,16914012,0.000360,0.001358,0.001940,0.000225,0.000383,0.001368,0.000005,0.000002,0.005196,0.000714,2.675000,0.007808,0.000000,0.000000,0.000502,0,0
279600000000,279900000000,6283499093,27,16914012,0.000365,0.001360,0.001940,0.000225,0.000383,0.001392,0.000005,0.000002,0.004478,0.000428,2.716000,0.008046,0.000000,0.000000,0.000196,0,0
279900000000,280200000000,6283499093,27,16914012,0.000385,0.001358,0.001940,0.000226,0.000384,0.001387,0.000004,0.000002,0.006721,0.000286,2.415000,0.006566,0.000000,0.000000,0.000618,0,0
280200000000,280500000000,6283499093,27,16914012,0.000387,0.001354,0.001940,0.000226,0.000384,0.001387,0.000000,0.000002,0.005211,0.000143,2.581000,0.007537,0.000000,0.000000,0.000124,0,0
280500000000,280790000000,6283499093,27,16914012,0.000838,0.001362,0.001940,0.000227,0.000385,0.001493,0.000182,0.000002,0.066410,0.028080,2.452000,0.007076,0.000000,0.000000,0.000247,0,0
280790000000,280800000000,6283499093,27,16914012,0.000278,0.000000,0.000000,0.000000,0.000000,0.000000,0.000057,0.000002,0.002777,0.000500,2.217000,0.006295,0.000000,0.000000,0.000000,0,0
280800000000,280803000000,6283499093,27,16914012,0.000000,0.000000,0.000000,0.000000,0.000000,0.000000,0.000000,0.000002,0.000000,0.000000,2.217000,0.006295,0.000000,0.000000,0.000000,0,0
280803000000,280804000000,6283499093,27,16914012,0.000000,0.000000,0.000000,0.000000,0.000000,0.000000,0.000000,0.000002,0.000000,0.000000,2.217000,0.006295,0.000000,0.000000,0.000000,0,0
