272506000000,272686000000,6283499093,270,850524433,0.000000,0.000000,0.000000,0.000000,0.000000,0.000000,0.000000,0.000000,0.000000,0.000000,0.000000,0.000000,0.000000,0.000000,0.000000,0,0
272686000000,272700000000,6283499093,270,850524433,0.002666,0.000305,0.001934,0.000093,0.000138,0.000921,0.003834,0.000000,0.011490,0.011990,0.000000,0.000000,0.000000,0.000000,0.003014,0,0
272700000000,273000000000,6283499093,270,850524433,0.000272,0.001036,0.001925,0.000120,0.000263,0.001417,0.000019,0.000000,0.002903,0.003429,4.365000,0.015800,0.000000,0.000000,0.000194,0,0
273000000000,273300000000,6283499093,270,850524433,0.001568,0.001078,0.001980,0.000119,0.000247,0.002663,0.000005,0.000000,0.035030,0.000999,4.453000,0.015810,0.000000,0.000000,0.000272,0,0
273300000000,273600000000,6283499093,270,850524433,0.002285,0.001518,0.002365,0.000106,0.000268,0.002689,0.000010,0.000000,0.042850,0.000786,0.593300,0.000327,0.000000,0.000000,0.000270,0,0
273600000000,273900000000,6283499093,270,850524433,0.000247,0.001287,0.001926,0.000106,0.000267,0.001575,0.000000,0.000000,0.004692,0.000143,10.150000,0.041640,0.000000,0.000000,0.000328,0,0
273900000000,274200000000,6283499093,270,850524433,0.000237,0.001253,0.001926,0.000085,0.000229,0.001564,0.000001,0.000000,0.006439,0.000143,6.424000,0.023860,0.000000,0.000000,0.000133,0,0
274200000000,274500000000,6283499093,270,850524433,0.000265,0.001301,0.001926,0.000085,0.000289,0.001553,0.000003,0.000000,0.004410,0.000857,6.399000,0.024560,0.000000,0.000000,0.000217,0,0
274500000000,274800000000,6283499093,270,850524433,0.000213,0.001293,0.001926,0.000085,0.000285,0.001541,0.000004,0.000000,0.005997,0.000643,24.470000,0.106600,0.000000,0.000000,0.000152,0,0
274800000000,275100000000,6283499093,270,850524433,0.001720,0.001350,0.001923,0.000085,0.000284,0.001814,0.000047,0.000000,0.022920,0.008636,1.537000,0.003677,0.000000,0.000000,0.001472,0,0
275100000000,275400000000,6283499093,270,850524433,0.000343,0.001287,0.001925,0.000083,0.000264,0.001577,0.000004,0.000000,0.003506,0.000428,10.900000,0.044550,0.000000,0.000000,0.000112,0,0
275400000000,275700000000,6283499093,270,850524433,0.000256,0.001287,0.001925,0.000083,0.000261,0.001577,0.000000,0.000000,0.001373,0.000000,6.632000,0.025780,0.000000,0.000000,0.000163,0,0
275700000000,276000000000,6283499093,270,850524433,0.000273,0.001301,0.001925,0.000083,0.000273,0.001581,0.000001,0.000000,0.004799,0.000215,5.878000,0.022490,0.000000,0.000000,0.000134,0,0
276000000000,276300000000,6283499093,270,850524433,0.000207,0.001301,0.001925,0.000083,0.000275,0.001575,0.000001,0.000000,0.002285,0.000143,9.374000,0.037530,0.000000,0.000000,0.000206,0,0
276300000000,276600000000,6283499093,270,850524433,0.000383,0.001318,0.001925,0.000084,0.000283,0.001595,0.000016,0.000000,0.016330,0.003643,2.797000,0.008490,0.000000,0.000000,0.000616,0,0
276600000000,276900000000,6283499093,270,850524433,0.000357,0.001278,0.001925,0.000083,0.000242,0.001583,0.000001,0.000000,0.005295,0.000215,5.594000,0.021260,0.000000,0.000000,0.000237,0,0
276900000000,277200000000,6283499093,270,850524433,0.000278,0.001303,0.001925,0.000084,0.000265,0.001589,0.000000,0.000000,0.007919,0.000072,3.988000,0.013860,0.000000,0.000000,0.000100,0,0
277200000000,277500000000,6283499093,270,850524433,0.000269,0.001312,0.001925,0.000084,0.000273,0.001596,0.000010,0.000000,0.004997,0.001572,7.534000,0.029690,0.000000,0.000000,0.000515,0,0
277500000000,277800000000,6283499093,270,850524433,0.000281,0.001362,0.001925,0.000084,0.000330,0.001596,0.000005,0.000000,0.002197,0.000428,5.521000,0.021050,0.000000,0.000000,0.000231,0,0
277800000000,278100000000,6283499093,270,850524433,0.000250,0.001369,0.001926,0.000084,0.000340,0.001583,0.000012,0.000000,0.001625,0.001429,8.993000,0.036330,0.000000,0.000000,0.000166,0,0
278100000000,278400000000,6283499093,270,850524433,0.000223,0.001316,0.001932,0.000083,0.000549,0.001577,0.000007,0.000000,0.002613,0.000571,5.086000,0.018560,0.000000,0.000000,0.000143,0,0
278400000000,278700000000,6283499093,270,850524433,0.000276,0.001219,0.001932,0.000083,0.000550,0.001245,0.000005,0.000000,0.003151,0.000786,2.649000,0.008014,0.000000,0.000000,0.000187,0,0
278700000000,279000000000,6283499093,270,850524433,0.000280,0.001204,0.001932,0.000083,0.000550,0.001225,0.000010,0.000000,0.006210,0.001072,3.721000,0.013100,0.000000,0.000000,0.000175,0,0
279000000000,279300000000,6283499093,270,850524433,0.000247,0.001202,0.001932,0.000083,0.000550,0.001217,0.000007,0.000000,0.004585,0.000786,11.470000,0.049180,0.000000,0.000000,0.000084,0,0
279300000000,279430000000,6283499093,270,850524433,0.000334,0.001215,0.001932,0.000088,0.000553,0.001236,0.000023,0.000000,0.003330,0.002144,2.179000,0.006302,0.000000,0.000000,0.000160,0,0
279430000000,279444000000,6283499093,270,850524433,0.000249,0.000000,0.000000,0.000000,0.000000,0.000000,0.000005,0.000000,0.003479,0.000072,1.934000,0.005102,0.000000,0.000000,0.000000,0,0
279444000000,279446000000,6283499093,270,850524433,0.000000,0.000000,0.000000,0.000000,0.000000,0.000000,0.000000,0.000000,0.000000,0.000000,1.541000,0.003501,0.000000,0.000000,0.000000,0,0
