272507000000,272687000000,6283499093,271,4820429618,0.000000,0.000000,0.000000,0.000000,0.000000,0.000000,0.000000,0.000000,0.000000,0.000000,0.000000,0.000000,0.000000,0.000000,0.000000,0,0
272687000000,272700000000,6283499093,271,4820429618,0.004456,0.000691,0.001932,0.000278,0.000506,0.001728,0.023380,0.000000,0.034360,0.046630,1.291000,0.000000,0.000000,0.000000,0.001778,0,0
272700000000,273000000000,6283499093,271,4820429618,0.000655,0.001331,0.001928,0.000372,0.000822,0.001738,0.000041,0.000000,0.015960,0.003143,2.965000,0.000000,0.000000,0.000000,0.000189,0,0
273000000000,273300000000,6283499093,271,4820429618,0.000570,0.001049,0.001928,0.000373,0.000824,0.001085,0.000001,0.000000,0.004387,0.000072,4.185000,0.000000,0.000000,0.000000,0.000610,0,0
273300000000,273600000000,6283499093,271,4820429618,0.000475,0.001051,0.001928,0.000371,0.000823,0.001059,0.000001,0.000000,0.005890,0.000143,3.492000,0.000000,0.000000,0.000000,0.000466,0,0
273600000000,273900000000,6283499093,271,4820429618,0.000416,0.001049,0.001930,0.000371,0.000823,0.001062,0.000000,0.000000,0.001953,0.000072,3.827000,0.000000,0.000000,0.000000,0.000307,0,0
273900000000,274200000000,6283499093,271,4820429618,0.000410,0.001043,0.001930,0.000371,0.000820,0.001060,0.000001,0.000000,0.004646,0.000143,3.559000,0.000000,0.000000,0.000000,0.000177,0,0
274200000000,274500000000,6283499093,271,4820429618,0.000347,0.001034,0.001930,0.000371,0.000816,0.001047,0.000002,0.000000,0.004524,0.000500,3.734000,0.000000,0.000000,0.000000,0.000157,0,0
274500000000,274800000000,6283499093,271,4820429618,0.000318,0.001034,0.001930,0.000371,0.000816,0.001040,0.000001,0.000000,0.005569,0.000143,3.170000,0.000000,0.000000,0.000000,0.000147,0,0
274800000000,275100000000,6283499093,271,4820429618,0.000320,0.001026,0.001930,0.000371,0.000816,0.001028,0.000001,0.000000,0.004494,0.000072,2.761000,0.000000,0.000000,0.000000,0.000173,0,0
275100000000,275400000000,6283499093,271,4820429618,0.000324,0.001034,0.001930,0.000371,0.000816,0.001045,0.000001,0.000000,0.004097,0.000072,2.243000,0.000000,0.000000,0.000000,0.000254,0,0
275400000000,275700000000,6283499093,271,4820429618,0.000326,0.001019,0.001930,0.000371,0.000816,0.001020,0.000000,0.000000,0.004189,0.000035,2.744000,0.000000,0.000000,0.000000,0.001341,0,0
275700000000,276000000000,6283499093,271,4820429618,0.000315,0.001024,0.001930,0.000371,0.000816,0.001032,0.000001,0.000000,0.004799,0.000143,2.980000,0.000000,0.000000,0.000000,0.000278,0,0
276000000000,276300000000,6283499093,271,4820429618,0.000328,0.001026,0.001930,0.000371,0.000816,0.001041,0.000002,0.000000,0.004280,0.000143,2.841000,0.000000,0.000000,0.000000,0.000122,0,0
276300000000,276600000000,6283499093,271,4820429618,0.000339,0.001030,0.001930,0.000371,0.000816,0.001041,0.000001,0.000000,0.004654,0.000143,3.261000,0.000000,0.000000,0.000000,0.000144,0,0
276600000000,276900000000,6283499093,271,4820429618,0.000355,0.001030,0.001930,0.000371,0.000816,0.001038,0.000001,0.000000,0.006340,0.000143,2.492000,0.000000,0.000000,0.000000,0.000468,0,0
276900000000,277200000000,6283499093,271,4820429618,0.000362,0.001034,0.001930,0.000371,0.000816,0.001040,0.000000,0.000000,0.007156,0.000072,3.103000,0.000000,0.000000,0.000000,0.000217,0,0
277200000000,277500000000,6283499093,271,4820429618,0.000362,0.001028,0.001930,0.000366,0.000812,0.001038,0.000003,0.000000,0.009384,0.000143,2.832000,0.000000,0.000000,0.000000,0.000108,0,0
277500000000,277800000000,6283499093,271,4820429618,0.000337,0.001030,0.001930,0.000365,0.000811,0.001041,0.000005,0.000000,0.004868,0.000357,2.970000,0.000000,0.000000,0.000000,0.000217,0,0
277800000000,278049000000,6283499093,271,4820429618,0.000360,0.001026,0.001930,0.000365,0.000811,0.001051,0.000013,0.000000,0.006447,0.001928,2.909000,0.000000,0.000000,0.000000,0.000463,0,0
278049000000,278061000000,6283499093,271,4820429618,0.000337,0.000000,0.000000,0.000000,0.000000,0.000000,0.000006,0.000000,0.004036,0.000072,2.762000,0.000000,0.000000,0.000000,0.000000,0,0
278061000000,278063000000,6283499093,271,4820429618,0.000000,0.000000,0.000000,0.000000,0.000000,0.000000,0.000000,0.000000,0.000000,0.000000,2.762000,0.000000,0.000000,0.000000,0.000000,0,0
