272504000000,272604000000,6283499093,272,1270130,0.000000,0.000000,0.000000,0.000000,0.000000,0.000000,0.000000,0.000000,0.000000,0.000000,0.000000,0.000000,0.000000,0.000000,0.000000,0,0
272604000000,272700000000,6283499093,272,1270130,0.000717,0.001444,0.001932,0.000244,0.000664,0.001549,0.001791,0.000000,0.022190,0.057500,2.485000,0.007137,0.000000,0.000000,0.000691,0,0
272700000000,273000000000,6283499093,272,1270130,0.000332,0.000970,0.001934,0.000242,0.000685,0.001350,0.000000,0.000000,0.004532,0.000000,2.684000,0.007758,0.000000,0.000000,0.000122,0,0
273000000000,273300000000,6283499093,272,1270130,0.000364,0.000921,0.001932,0.000242,0.000685,0.000956,0.000001,0.000000,0.002098,0.000215,2.790000,0.008439,0.000000,0.000000,0.000128,0,0
273300000000,273600000000,6283499093,272,1270130,0.000743,0.000984,0.001930,0.000242,0.000688,0.001287,0.000020,0.000000,0.038510,0.005142,3.124000,0.010090,0.000000,0.000000,0.000307,0,0
273600000000,273900000000,6283499093,272,1270130,0.004974,0.001301,0.002186,0.000197,0.000647,0.001457,0.000013,0.000000,0.078610,0.000714,0.614600,0.000235,0.000000,0.000000,0.034120,0,0
273900000000,274200000000,6283499093,272,1270130,0.002068,0.001307,0.001926,0.000138,0.000601,0.001425,0.000031,0.000001,0.068360,0.005211,2.107000,0.005502,0.000000,0.000000,0.000573,0,0
274200000000,274500000000,6283499093,272,1270130,0.000451,0.001234,0.001930,0.000134,0.000600,0.001236,0.000001,0.000001,0.006897,0.000143,3.333000,0.010690,0.000000,0.000000,0.000738,0,0
274500000000,274800000000,6283499093,272,1270130,0.000374,0.001244,0.001930,0.000134,0.000600,0.001251,0.000000,0.000001,0.004654,0.000072,2.973000,0.009101,0.000000,0.000000,0.000061,0,0
274800000000,275100000000,6283499093,272,1270130,0.000368,0.001234,0.001932,0.000134,0.000600,0.001244,0.000000,0.000001,0.005356,0.000072,2.544000,0.007296,0.000000,0.000000,0.000360,0,0
275100000000,275400000000,6283499093,272,1270130,0.000344,0.001228,0.001932,0.000133,0.000600,0.001236,0.000002,0.000001,0.004761,0.000143,2.459000,0.007050,0.000000,0.000000,0.000175,0,0
275400000000,275700000000,6283499093,272,1270130,0.000336,0.001230,0.001932,0.000134,0.000600,0.001244,0.000001,0.000001,0.005493,0.000143,2.654000,0.007707,0.000000,0.000000,0.000149,0,0
275700000000,276000000000,6283499093,272,1270130,0.000404,0.001245,0.001930,0.000134,0.000600,0.001249,0.000006,0.000001,0.007507,0.001429,2.554000,0.007444,0.000000,0.000000,0.000446,0,0
276000000000,276300000000,6283499093,272,1270130,0.000509,0.001263,0.001930,0.000136,0.000602,0.001282,0.000019,0.000001,0.012340,0.005074,2.611000,0.007722,0.000000,0.000000,0.000625,0,0
276300000000,276600000000,6283499093,272,1270130,0.000438,0.001245,0.001930,0.000134,0.000601,0.001255,0.000001,0.000001,0.005295,0.000072,2.846000,0.008638,0.000000,0.000000,0.000595,0,0
276600000000,276900000000,6283499093,272,1270130,0.000365,0.001242,0.001932,0.000134,0.000600,0.001249,0.000000,0.000001,0.005165,0.000072,2.536000,0.007351,0.000000,0.000000,0.000372,0,0
276900000000,277200000000,6283499093,272,1270130,0.000370,0.001245,0.001932,0.000134,0.000600,0.001259,0.000000,0.000001,0.001543,0.000072,2.318000,0.006295,0.000000,0.000000,0.000212,0,0
277200000000,277500000000,6283499093,272,1270130,0.000404,0.001245,0.001930,0.000134,0.000601,0.001263,0.000002,0.000001,0.001839,0.000143,2.620000,0.007658,0.000000,0.000000,0.000132,0,0
277500000000,277800000000,6283499093,272,1270130,0.000419,0.001261,0.001930,0.000134,0.000601,0.001266,0.000004,0.000001,0.006203,0.000286,2.618000,0.007624,0.000000,0.000000,0.000314,0,0
277800000000,278100000000,6283499093,272,1270130,0.000411,0.001265,0.001930,0.000133,0.000601,0.001280,0.000005,0.000001,0.005180,0.000357,2.693000,0.008092,0.000000,0.000000,0.000535,0,0
278100000000,278400000000,6283499093,272,1270130,0.000360,0.001245,0.001932,0.000133,0.000601,0.001263,0.000003,0.000001,0.005676,0.000143,2.513000,0.007200,0.000000,0.000000,0.000223,0,0
278400000000,278679000000,6283499093,272,1270130,0.000367,0.001247,0.001932,0.000133,0.000601,0.001263,0.000019,0.000001,0.005455,0.002571,3.014000,0.009229,0.000000,0.000000,0.000645,0,0
278679000000,278695000000,6283499093,272,1270130,0.000159,0.000000,0.000000,0.000000,0.000000,0.000000,0.000000,0.000001,0.002548,0.000000,4.394000,0.014550,0.000000,0.000000,0.000000,0,0
278695000000,278697000000,6283499093,272,1270130,0.000000,0.000000,0.000000,0.000000,0.000000,0.000000,0.000000,0.000001,0.000000,0.000000,4.394000,0.014550,0.000000,0.000000,0.000000,0,0
278697000000,278700000000,6283499093,272,1270130,0.000000,0.000000,0.000000,0.000000,0.000000,0.000000,0.000000,0.000001,0.000000,0.000000,0.000000,0.000000,0.000000,0.000000,0.000000,0,0
