272491000000,272662000000,6283499093,273,4820157300,0.000000,0.000000,0.000000,0.000000,0.000000,0.000000,0.000000,0.000000,0.000000,0.000000,0.000000,0.000000,0.000000,0.000000,0.000000,0,0
272662000000,272700000000,6283499093,273,4820157300,0.001661,0.001106,0.001923,0.000300,0.000616,0.001736,0.009460,0.000000,0.025730,0.063720,1.344000,0.000000,0.000000,0.000000,0.000564,0,0
272700000000,273000000000,6283499093,273,4820157300,0.000486,0.001255,0.001921,0.000365,0.000809,0.001745,0.000003,0.000000,0.006508,0.000215,1.587000,0.000000,0.000000,0.000000,0.000072,0,0
273000000000,273300000000,6283499093,273,4820157300,0.000463,0.001026,0.001921,0.000364,0.000808,0.001038,0.000001,0.000000,0.005013,0.000215,3.950000,0.000000,0.000000,0.000000,0.000291,0,0
273300000000,273600000000,6283499093,273,4820157300,0.000399,0.001028,0.001921,0.000363,0.000808,0.001040,0.000001,0.000000,0.009735,0.000072,3.321000,0.000000,0.000000,0.000000,0.000189,0,0
273600000000,273900000000,6283499093,273,4820157300,0.000347,0.001024,0.001921,0.000363,0.000808,0.001047,0.000000,0.000000,0.002960,0.000143,3.581000,0.000000,0.000000,0.000000,0.000255,0,0
273900000000,274200000000,6283499093,273,4820157300,0.000398,0.001049,0.001921,0.000365,0.000810,0.001053,0.000001,0.000000,0.006676,0.000143,3.138000,0.000000,0.000000,0.000000,0.000213,0,0
274200000000,274500000000,6283499093,273,4820157300,0.000402,0.001028,0.001921,0.000365,0.000811,0.001043,0.000005,0.000000,0.005577,0.000536,3.329000,0.000000,0.000000,0.000000,0.000127,0,0
274500000000,274800000000,6283499093,273,4820157300,0.000428,0.001057,0.001921,0.000367,0.000812,0.001106,0.000024,0.000000,0.010480,0.004425,3.819000,0.000000,0.000000,0.000000,0.000232,0,0
274800000000,275100000000,6283499093,273,4820157300,0.000370,0.001062,0.001921,0.000364,0.000811,0.001099,0.000002,0.000000,0.005203,0.000571,3.251000,0.000000,0.000000,0.000000,0.000169,0,0
275100000000,275400000000,6283499093,273,4820157300,0.000373,0.001060,0.001921,0.000364,0.000811,0.001076,0.000002,0.000000,0.020020,0.000143,2.921000,0.000000,0.000000,0.000000,0.000244,0,0
275400000000,275700000000,6283499093,273,4820157300,0.000326,0.001057,0.001921,0.000364,0.000811,0.001074,0.000000,0.000000,0.004982,0.000072,2.705000,0.000000,0.000000,0.000000,0.000133,0,0
275700000000,276000000000,6283499093,273,4820157300,0.000353,0.001066,0.001921,0.000364,0.000811,0.001078,0.000001,0.000000,0.006264,0.000072,2.367000,0.000000,0.000000,0.000000,0.000219,0,0
276000000000,276300000000,6283499093,273,4820157300,0.000351,0.001066,0.001921,0.000364,0.000811,0.001078,0.000001,0.000000,0.005112,0.000095,3.565000,0.000000,0.000000,0.000000,0.000567,0,0
276300000000,276600000000,6283499093,273,4820157300,0.000339,0.001066,0.001921,0.000365,0.000811,0.001078,0.000002,0.000000,0.004761,0.000143,3.094000,0.000000,0.000000,0.000000,0.000201,0,0
276600000000,276900000000,6283499093,273,4820157300,0.000318,0.001060,0.001921,0.000365,0.000811,0.001076,0.000000,0.000000,0.004669,0.000072,3.076000,0.000000,0.000000,0.000000,0.000112,0,0
276900000000,277200000000,6283499093,273,4820157300,0.000416,0.001085,0.001921,0.000365,0.000811,0.001095,0.000001,0.000000,0.005890,0.000143,2.168000,0.000000,0.000000,0.000000,0.000048,0,0
277200000000,277500000000,6283499093,273,4820157300,0.000388,0.001080,0.001921,0.000365,0.000811,0.001095,0.000006,0.000000,0.004715,0.000571,3.402000,0.000000,0.000000,0.000000,0.000135,0,0
277500000000,277800000000,6283499093,273,4820157300,0.000372,0.001118,0.001917,0.000365,0.000709,0.001457,0.000004,0.000000,0.009094,0.000215,3.096000,0.000000,0.000000,0.000000,0.000227,0,0
277800000000,278100000000,6283499093,273,4820157300,0.000360,0.001190,0.001921,0.000365,0.000803,0.001450,0.000004,0.000000,0.004448,0.000143,2.844000,0.000000,0.000000,0.000000,0.000154,0,0
278100000000,278400000000,6283499093,273,4820157300,0.000407,0.001114,0.001921,0.000360,0.000812,0.001169,0.000010,0.000000,0.006638,0.001785,3.319000,0.000000,0.000000,0.000000,0.000110,0,0
278400000000,278700000000,6283499093,273,4820157300,0.000403,0.001106,0.001921,0.000353,0.000812,0.001148,0.000005,0.000000,0.005234,0.000500,2.999000,0.000000,0.000000,0.000000,0.000340,0,0
278700000000,279000000000,6283499093,273,4820157300,0.000370,0.001104,0.001921,0.000353,0.000812,0.001116,0.000005,0.000000,0.004776,0.000714,2.738000,0.000000,0.000000,0.000000,0.000269,0,0
279000000000,279159000000,6283499093,273,4820157300,0.000382,0.001068,0.001921,0.000353,0.000813,0.001122,0.000010,0.000000,0.005196,0.000643,2.630000,0.000000,0.000000,0.000000,0.000363,0,0
279159000000,279177000000,6283499093,273,4820157300,0.000337,0.000000,0.000000,0.000046,0.000046,0.000000,0.000028,0.000000,0.003025,0.000393,2.127000,0.000000,0.000000,0.000000,0.000000,0,0
279177000000,279179000000,6283499093,273,4820157300,0.000000,0.000000,0.000000,0.000000,0.000000,0.000000,0.000000,0.000000,0.000000,0.000000,2.001000,0.000000,0.000000,0.000000,0.000000,0,0
