272503000000,272635000000,6283499093,274,3583149260,0.000000,0.000000,0.000000,0.000000,0.000000,0.000000,0.000000,0.000000,0.000000,0.000000,0.000000,0.000000,0.000000,0.000000,0.000000,0,0
272635000000,272700000000,6283499093,274,3583149260,0.001057,0.001427,0.001926,0.000295,0.000607,0.001646,0.002899,0.000000,0.040770,0.050840,2.990000,0.009220,0.000000,0.000000,0.005058,0,0
272700000000,273000000000,6283499093,274,3583149260,0.000383,0.001318,0.001928,0.000291,0.000671,0.001623,0.000004,0.000000,0.005135,0.000857,2.774000,0.008127,0.000000,0.000000,0.000207,0,0
273000000000,273300000000,6283499093,274,3583149260,0.000383,0.001225,0.001926,0.000280,0.000594,0.001356,0.000007,0.000000,0.004868,0.001143,3.111000,0.009514,0.000000,0.000000,0.000355,0,0
273300000000,273600000000,6283499093,274,3583149260,0.000336,0.001184,0.001925,0.000280,0.000554,0.001358,0.000000,0.000000,0.001221,0.000000,2.756000,0.007947,0.000000,0.000000,0.000665,0,0
273600000000,273900000000,6283499093,274,3583149260,0.000327,0.001188,0.001925,0.000280,0.000551,0.001366,0.000001,0.000000,0.003872,0.000143,2.718000,0.007591,0.000000,0.000000,0.000150,0,0
273900000000,274200000000,6283499093,274,3583149260,0.000361,0.001234,0.001926,0.000280,0.000588,0.001371,0.000001,0.000000,0.004211,0.000143,2.590000,0.007277,0.000000,0.000000,0.000328,0,0
274200000000,274500000000,6283499093,274,3583149260,0.000350,0.001244,0.001926,0.000280,0.000598,0.001371,0.000003,0.000000,0.001692,0.000286,2.905000,0.008568,0.000000,0.000000,0.000325,0,0
274500000000,274800000000,6283499093,274,3583149260,0.000327,0.001274,0.001928,0.000280,0.000629,0.001375,0.000000,0.000000,0.005684,0.000072,2.796000,0.008011,0.000000,0.000000,0.000261,0,0
274800000000,275100000000,6283499093,274,3583149260,0.000320,0.001038,0.001923,0.000280,0.000388,0.001375,0.000000,0.000000,0.004631,0.000072,2.505000,0.007025,0.000000,0.000000,0.000358,0,0
275100000000,275400000000,6283499093,274,3583149260,0.000336,0.001040,0.001921,0.000280,0.000390,0.001373,0.000002,0.000000,0.008011,0.000428,3.266000,0.010080,0.000000,0.000000,0.000530,0,0
275400000000,275700000000,6283499093,274,3583149260,0.000312,0.001114,0.001923,0.000280,0.000463,0.001375,0.000000,0.000000,0.004852,0.000072,2.739000,0.007856,0.000000,0.000000,0.000175,0,0
275700000000,276000000000,6283499093,274,3583149260,0.000406,0.001055,0.001923,0.000280,0.000400,0.001377,0.000002,0.000000,0.008270,0.000286,2.807000,0.007975,0.000000,0.000000,0.000201,0,0
276000000000,276300000000,6283499093,274,3583149260,0.000412,0.001198,0.001926,0.000280,0.000542,0.001392,0.000002,0.000000,0.005043,0.000143,2.608000,0.007187,0.000000,0.000000,0.000206,0,0
276300000000,276600000000,6283499093,274,3583149260,0.000377,0.001215,0.001925,0.000280,0.000545,0.001398,0.000001,0.000000,0.005272,0.000072,3.041000,0.008960,0.000000,0.000000,0.000285,0,0
276600000000,276900000000,6283499093,274,3583149260,0.000358,0.001127,0.001923,0.000280,0.000455,0.001396,0.000001,0.000000,0.004532,0.000143,2.954000,0.008574,0.000000,0.000000,0.000326,0,0
276900000000,277200000000,6283499093,274,3583149260,0.003300,0.001223,0.001919,0.000278,0.000382,0.001640,0.000093,0.000000,0.072880,0.017060,0.694200,0.000559,0.000000,0.000000,0.000254,0,0
277200000000,277500000000,6283499093,274,3583149260,0.000420,0.001179,0.001921,0.000275,0.000367,0.001551,0.000003,0.000000,0.005173,0.000215,3.176000,0.009728,0.000000,0.000000,0.000351,0,0
277500000000,277800000000,6283499093,274,3583149260,0.000347,0.001194,0.001921,0.000275,0.000382,0.001551,0.000003,0.000000,0.005341,0.000215,3.144000,0.009300,0.000000,0.000000,0.000081,0,0
277800000000,278100000000,6283499093,274,3583149260,0.000397,0.001169,0.001921,0.000280,0.000352,0.001553,0.000138,0.000000,0.009735,0.013640,2.519000,0.006514,0.000000,0.000000,0.000434,0,0
278100000000,278400000000,6283499093,274,3583149260,0.000469,0.001179,0.001921,0.000283,0.000348,0.001308,0.000024,0.000000,0.018160,0.005142,2.482000,0.006632,0.000000,0.000000,0.000137,0,0
278400000000,278700000000,6283499093,274,3583149260,0.000437,0.001190,0.001921,0.000297,0.000363,0.001337,0.000082,0.000000,0.010240,0.023710,3.252000,0.009690,0.000000,0.000000,0.000303,0,0
278700000000,279000000000,6283499093,274,3583149260,0.000447,0.001183,0.001921,0.000308,0.000378,0.001314,0.000012,0.000000,0.007713,0.003071,1.825000,0.003725,0.000000,0.000000,0.000110,0,0
279000000000,279300000000,6283499093,274,3583149260,0.000420,0.001215,0.001923,0.000318,0.000412,0.001343,0.000082,0.000000,0.005630,0.021150,2.578000,0.006981,0.000000,0.000000,0.000487,0,0
279300000000,279600000000,6283499093,274,3583149260,0.000397,0.001207,0.001923,0.000323,0.000416,0.001339,0.000002,0.000000,0.001814,0.000143,2.786000,0.007816,0.000000,0.000000,0.000135,0,0
279600000000,279740000000,6283499093,274,3583149260,0.000498,0.001247,0.001925,0.000322,0.000459,0.001350,0.000237,0.000000,0.005249,0.019930,2.603000,0.007179,0.000000,0.000000,0.000163,0,0
279740000000,279754000000,6283499093,274,3583149260,0.000116,0.000000,0.000000,0.000000,0.000000,0.000000,0.000061,0.000000,0.001635,0.000857,2.624000,0.007247,0.000000,0.000000,0.000000,0,0
279754000000,279755000000,6283499093,274,3583149260,0.000000,0.000000,0.000000,0.000000,0.000000,0.000000,0.000000,0.000000,0.000000,0.000000,2.624000,0.007247,0.000000,0.000000,0.000000,0,0
