272603000000,272700000000,6283499093,275,3813269027,0.000000,0.000000,0.000000,0.000000,0.000000,0.000000,0.000000,0.000000,0.000000,0.000000,0.000000,0.000000,0.000000,0.000000,0.000000,0,0
272700000000,272927000000,6283499093,275,3813269027,0.000000,0.000000,0.000000,0.000000,0.000000,0.000000,0.000000,0.000000,0.000000,0.000000,0.000000,0.000000,0.000000,0.000000,0.000000,0,0
272927000000,273000000000,6283499093,275,3813269027,0.000550,0.000806,0.001925,0.000285,0.000522,0.001699,0.004654,0.000000,0.047060,0.014280,1.222000,0.001908,0.000000,0.000000,0.002872,0,0
273000000000,273300000000,6283499093,275,3813269027,0.000318,0.001171,0.001921,0.000380,0.000824,0.001696,0.000004,0.000000,0.004189,0.000286,1.966000,0.005034,0.000000,0.000000,0.000346,0,0
273300000000,273600000000,6283499093,275,3813269027,0.000318,0.000947,0.001921,0.000380,0.000823,0.000954,0.000000,0.000000,0.005020,0.000072,2.150000,0.005744,0.000000,0.000000,0.000071,0,0
273600000000,273900000000,6283499093,275,3813269027,0.000357,0.000984,0.001921,0.000380,0.000824,0.001003,0.000001,0.000000,0.004303,0.000072,2.101000,0.005447,0.000000,0.000000,0.000164,0,0
273900000000,274200000000,6283499093,275,3813269027,0.000332,0.000984,0.001921,0.000380,0.000824,0.000996,0.000001,0.000000,0.003841,0.000072,2.595000,0.007561,0.000000,0.000000,0.000172,0,0
274200000000,274500000000,6283499093,275,3813269027,0.000336,0.000984,0.001921,0.000380,0.000824,0.000994,0.000001,0.000000,0.004021,0.000072,2.246000,0.006255,0.000000,0.000000,0.000131,0,0
274500000000,274800000000,6283499093,275,3813269027,0.000320,0.000990,0.001921,0.000380,0.000824,0.000999,0.000001,0.000000,0.004120,0.000072,2.302000,0.006415,0.000000,0.000000,0.000073,0,0
274800000000,275100000000,6283499093,275,3813269027,0.000320,0.000984,0.001921,0.000380,0.000824,0.000999,0.000001,0.000000,0.004967,0.000072,2.112000,0.005639,0.000000,0.000000,0.000133,0,0
275100000000,275400000000,6283499093,275,3813269027,0.000307,0.000990,0.001921,0.000380,0.000824,0.001001,0.000001,0.000000,0.003944,0.000143,2.171000,0.005936,0.000000,0.000000,0.000166,0,0
275400000000,275700000000,6283499093,275,3813269027,0.000301,0.000980,0.001921,0.000380,0.000824,0.000996,0.000001,0.000000,0.004715,0.000072,2.039000,0.005227,0.000000,0.000000,0.000097,0,0
275700000000,276000000000,6283499093,275,3813269027,0.000302,0.000990,0.001921,0.000380,0.000824,0.000999,0.000003,0.000000,0.004364,0.000571,1.968000,0.004950,0.000000,0.000000,0.000367,0,0
276000000000,276300000000,6283499093,275,3813269027,0.000473,0.001057,0.001919,0.000374,0.000827,0.001163,0.000032,0.000000,0.016110,0.004570,2.118000,0.005702,0.000000,0.000000,0.000244,0,0
276300000000,276600000000,6283499093,275,3813269027,0.000442,0.001099,0.001917,0.000362,0.000827,0.001156,0.000001,0.000000,0.004303,0.000072,2.495000,0.007243,0.000000,0.000000,0.000301,0,0
276600000000,276900000000,6283499093,275,3813269027,0.000404,0.001083,0.001919,0.000362,0.000827,0.001099,0.000000,0.000000,0.004799,0.000000,2.875000,0.008763,0.000000,0.000000,0.000279,0,0
276900000000,277200000000,6283499093,275,3813269027,0.000340,0.001097,0.001919,0.000362,0.000827,0.001104,0.000000,0.000000,0.004868,0.000000,2.454000,0.007141,0.000000,0.000000,0.000220,0,0
277200000000,277500000000,6283499093,275,3813269027,0.000337,0.001093,0.001919,0.000361,0.000827,0.001101,0.000002,0.000000,0.004570,0.000072,2.272000,0.006260,0.000000,0.000000,0.000255,0,0
277500000000,277800000000,6283499093,275,3813269027,0.000334,0.001095,0.001919,0.000361,0.000827,0.001114,0.000003,0.000000,0.004562,0.000143,2.453000,0.007016,0.000000,0.000000,0.000556,0,0
277800000000,278100000000,6283499093,275,3813269027,0.000318,0.001097,0.001919,0.000362,0.000827,0.001114,0.000004,0.000000,0.005211,0.000072,2.419000,0.006789,0.000000,0.000000,0.000278,0,0
278100000000,278400000000,6283499093,275,3813269027,0.000309,0.001089,0.001919,0.000362,0.000827,0.001095,0.000003,0.000000,0.004623,0.000143,2.116000,0.005635,0.000000,0.000000,0.000639,0,0
278400000000,278700000000,6283499093,275,3813269027,0.000314,0.001101,0.001919,0.000360,0.000828,0.001131,0.000002,0.000000,0.004578,0.000143,2.096000,0.005461,0.000000,0.000000,0.000329,0,0
278700000000,278729000000,6283499093,275,3813269027,0.000295,0.000784,0.001917,0.000360,0.000828,0.000896,0.000003,0.000000,0.001068,0.000072,2.172000,0.005899,0.000000,0.000000,0.000175,0,0
278729000000,278748000000,6283499093,275,3813269027,0.000133,0.000000,0.000000,0.000000,0.000000,0.000000,0.000037,0.000000,0.002525,0.000714,1.582000,0.003492,0.000000,0.000000,0.000000,0,0
278748000000,278750000000,6283499093,275,3813269027,0.000000,0.000000,0.000000,0.000000,0.000000,0.000000,0.000000,0.000000,0.000000,0.000000,1.542000,0.003328,0.000000,0.000000,0.000000,0,0
