272492000000,272593000000,6283499093,276,2851852,0.000000,0.000000,0.000000,0.000000,0.000000,0.000000,0.000000,0.000000,0.000000,0.000000,0.000000,0.000000,0.000000,0.000000,0.000000,0,0
272593000000,272700000000,6283499093,276,2851852,0.000681,0.001417,0.001928,0.000260,0.000664,0.001610,0.001495,0.000000,0.030850,0.030640,1.304000,0.001837,0.000000,0.000000,0.000419,0,0
272700000000,273000000000,6283499093,276,2851852,0.000400,0.001011,0.001928,0.000278,0.000720,0.001410,0.000000,0.000000,0.004951,0.000000,2.836000,0.008752,0.000000,0.000000,0.000265,0,0
273000000000,273300000000,6283499093,276,2851852,0.000432,0.000970,0.001928,0.000278,0.000722,0.000984,0.000015,0.000000,0.005539,0.001928,2.959000,0.009386,0.000000,0.000000,0.000191,0,0
273300000000,273600000000,6283499093,276,2851852,0.000392,0.000968,0.001928,0.000281,0.000726,0.000980,0.000000,0.000000,0.004799,0.000143,2.844000,0.008857,0.000000,0.000000,0.000427,0,0
273600000000,273900000000,6283499093,276,2851852,0.000358,0.000963,0.001930,0.000281,0.000726,0.000978,0.000001,0.000000,0.005089,0.000072,3.026000,0.009503,0.000000,0.000000,0.000273,0,0
273900000000,274200000000,6283499093,276,2851852,0.000327,0.000962,0.001930,0.000281,0.000726,0.000980,0.000000,0.000000,0.005005,0.000072,2.367000,0.006599,0.000000,0.000000,0.000533,0,0
274200000000,274500000000,6283499093,276,2851852,0.000337,0.000973,0.001930,0.000281,0.000726,0.000994,0.000002,0.000000,0.001688,0.000357,2.776000,0.008245,0.000000,0.000000,0.000789,0,0
274500000000,274800000000,6283499093,276,2851852,0.000341,0.000971,0.001930,0.000280,0.000726,0.000980,0.000000,0.000000,0.003937,0.000143,2.614000,0.007622,0.000000,0.000000,0.000379,0,0
274800000000,275100000000,6283499093,276,2851852,0.000347,0.000978,0.001930,0.000280,0.000725,0.000988,0.000001,0.000000,0.004456,0.000143,2.168000,0.005833,0.000000,0.000000,0.000335,0,0
275100000000,275400000000,6283499093,276,2851852,0.000335,0.000972,0.001930,0.000280,0.000725,0.000986,0.000001,0.000000,0.004128,0.000072,2.480000,0.007311,0.000000,0.000000,0.000251,0,0
275400000000,275700000000,6283499093,276,2851852,0.000421,0.000994,0.001928,0.000277,0.000722,0.001043,0.000022,0.000000,0.023650,0.002357,2.575000,0.007748,0.000000,0.000000,0.000153,0,0
275700000000,276000000000,6283499093,276,2851852,0.000385,0.001001,0.001928,0.000269,0.000714,0.001036,0.000001,0.000000,0.005096,0.000143,2.659000,0.008094,0.000000,0.000000,0.004700,0,0
276000000000,276300000000,6283499093,276,2851852,0.000416,0.001009,0.001928,0.000263,0.000709,0.001028,0.000001,0.000000,0.004227,0.000072,2.690000,0.008221,0.000000,0.000000,0.000349,0,0
276300000000,276600000000,6283499093,276,2851852,0.000473,0.001026,0.001928,0.000262,0.000709,0.001045,0.000001,0.000000,0.010120,0.000072,2.641000,0.008022,0.000000,0.000000,0.000184,0,0
276600000000,276900000000,6283499093,276,2851852,0.000471,0.001026,0.001928,0.000262,0.000709,0.001045,0.000000,0.000000,0.004929,0.000072,3.690000,0.012470,0.000000,0.000000,0.000489,0,0
276900000000,277200000000,6283499093,276,2851852,0.000488,0.001034,0.001928,0.000268,0.000713,0.001062,0.000021,0.000000,0.022800,0.005928,3.502000,0.011740,0.000000,0.000000,0.000594,0,0
277200000000,277500000000,6283499093,276,2851852,0.000353,0.001013,0.001928,0.000268,0.000714,0.001034,0.000002,0.000000,0.004829,0.000072,2.675000,0.007944,0.000000,0.000000,0.000641,0,0
277500000000,277800000000,6283499093,276,2851852,0.000356,0.001024,0.001928,0.000264,0.000711,0.001087,0.000023,0.000000,0.004997,0.005859,2.459000,0.006917,0.000000,0.000000,0.000552,0,0
277800000000,278100000000,6283499093,276,2851852,0.000421,0.001083,0.001926,0.000259,0.000719,0.001116,0.000006,0.000000,0.005737,0.000357,2.525000,0.007398,0.000000,0.000000,0.000534,0,0
278100000000,278400000000,6283499093,276,2851852,0.000415,0.001057,0.001926,0.000261,0.000721,0.001070,0.000003,0.000000,0.004570,0.000072,3.036000,0.009810,0.000000,0.000000,0.000255,0,0
278400000000,278700000000,6283499093,276,2851852,0.000382,0.001060,0.001928,0.000261,0.000721,0.001074,0.000002,0.000000,0.004585,0.000072,2.668000,0.008013,0.000000,0.000000,0.000153,0,0
278700000000,279000000000,6283499093,276,2851852,0.000541,0.001095,0.001926,0.000262,0.000721,0.001112,0.000005,0.000000,0.010040,0.000643,1.794000,0.004008,0.000000,0.000000,0.000326,0,0
279000000000,279300000000,6283499093,276,2851852,0.000426,0.001106,0.001926,0.000262,0.000724,0.001131,0.000014,0.000000,0.005127,0.003357,3.171000,0.010590,0.000000,0.000000,0.000330,0,0
279300000000,279600000000,6283499093,276,2851852,0.000372,0.001087,0.001928,0.000262,0.000724,0.001093,0.000002,0.000000,0.004707,0.000072,2.703000,0.008589,0.000000,0.000000,0.000326,0,0
279600000000,279900000000,6283499093,276,2851852,0.000348,0.001102,0.001928,0.000263,0.000724,0.001139,0.000005,0.000000,0.005089,0.000643,2.371000,0.006813,0.000000,0.000000,0.000543,0,0
279900000000,280189000000,6283499093,276,2851852,0.000369,0.001093,0.001928,0.000262,0.000724,0.001114,0.000011,0.000000,0.006767,0.002213,2.669000,0.008135,0.000000,0.000000,0.000443,0,0
280189000000,280200000000,6283499093,276,2851852,0.000279,0.000000,0.000000,0.000000,0.000000,0.000000,0.000097,0.000000,0.003071,0.001072,2.535000,0.007615,0.000000,0.000000,0.000000,0,0
280200000000,280204000000,6283499093,276,2851852,0.000000,0.000000,0.000000,0.000000,0.000000,0.000000,0.000000,0.000000,0.000000,0.000000,2.535000,0.007615,0.000000,0.000000,0.000000,0,0
280204000000,280205000000,6283499093,276,2851852,0.000000,0.000000,0.000000,0.000000,0.000000,0.000000,0.000000,0.000000,0.000000,0.000000,2.535000,0.007615,0.000000,0.000000,0.000000,0,0
