272508000000,272630000000,6283499093,277,4881207024,0.000000,0.000000,0.000000,0.000000,0.000000,0.000000,0.000000,0.000000,0.000000,0.000000,0.000000,0.000000,0.000000,0.000000,0.000000,0,0
272630000000,272700000000,6283499093,277,4881207024,0.000984,0.001579,0.001919,0.000360,0.000779,0.001728,0.003166,0.000000,0.014070,0.054810,5.462000,0.000000,0.000000,0.000000,0.000095,0,0
272700000000,273000000000,6283499093,277,4881207024,0.000389,0.001133,0.001923,0.000365,0.000808,0.001677,0.000001,0.000000,0.004250,0.000072,3.374000,0.000000,0.000000,0.000000,0.000371,0,0
273000000000,273300000000,6283499093,277,4881207024,0.000405,0.000986,0.001926,0.000364,0.000808,0.001032,0.000003,0.000000,0.004372,0.000643,3.348000,0.000000,0.000000,0.000000,0.000887,0,0
273300000000,273600000000,6283499093,277,4881207024,0.000784,0.001045,0.001961,0.000362,0.000806,0.001343,0.000003,0.000000,0.064820,0.000571,3.336000,0.000000,0.000000,0.000000,0.001923,0,0
273600000000,273900000000,6283499093,277,4881207024,0.004814,0.001341,0.002022,0.000165,0.000613,0.001415,0.000009,0.000000,0.076900,0.000428,0.742800,0.000000,0.000000,0.000000,0.000286,0,0
273900000000,274200000000,6283499093,277,4881207024,0.002232,0.001312,0.002060,0.000133,0.000593,0.001448,0.000075,0.000000,0.069700,0.011290,3.401000,0.000000,0.000000,0.000000,0.000663,0,0
274200000000,274500000000,6283499093,277,4881207024,0.000429,0.001236,0.001926,0.000114,0.000579,0.001245,0.000007,0.000000,0.005104,0.000786,3.360000,0.000000,0.000000,0.000000,0.000324,0,0
274500000000,274800000000,6283499093,277,4881207024,0.000361,0.001225,0.001928,0.000114,0.000579,0.001230,0.000000,0.000000,0.005341,0.000072,2.739000,0.000000,0.000000,0.000000,0.000177,0,0
274800000000,275100000000,6283499093,277,4881207024,0.000318,0.001221,0.001928,0.000113,0.000579,0.001232,0.000001,0.000000,0.004845,0.000286,2.566000,0.000000,0.000000,0.000000,0.000157,0,0
275100000000,275400000000,6283499093,277,4881207024,0.000324,0.001215,0.001930,0.000114,0.000580,0.001226,0.000003,0.000000,0.004990,0.000500,2.477000,0.000000,0.000000,0.000000,0.000238,0,0
275400000000,275700000000,6283499093,277,4881207024,0.000394,0.001232,0.001928,0.000114,0.000580,0.001245,0.000001,0.000000,0.009216,0.000143,2.195000,0.000000,0.000000,0.000000,0.000229,0,0
275700000000,276000000000,6283499093,277,4881207024,0.000400,0.001221,0.001928,0.000114,0.000580,0.001232,0.000001,0.000000,0.006706,0.000143,3.195000,0.000000,0.000000,0.000000,0.000105,0,0
276000000000,276300000000,6283499093,277,4881207024,0.000358,0.001211,0.001928,0.000113,0.000579,0.001225,0.000002,0.000000,0.004814,0.000286,3.109000,0.000000,0.000000,0.000000,0.000740,0,0
276300000000,276600000000,6283499093,277,4881207024,0.000316,0.001219,0.001930,0.000113,0.000579,0.001228,0.000001,0.000000,0.004768,0.000072,2.440000,0.000000,0.000000,0.000000,0.000682,0,0
276600000000,276900000000,6283499093,277,4881207024,0.000374,0.001219,0.001928,0.000113,0.000579,0.001236,0.000001,0.000000,0.005363,0.000286,2.069000,0.000000,0.000000,0.000000,0.000492,0,0
276900000000,277200000000,6283499093,277,4881207024,0.001183,0.001263,0.001926,0.000116,0.000582,0.001326,0.000026,0.000000,0.052550,0.003784,2.059000,0.000000,0.000000,0.000000,0.000318,0,0
277200000000,277500000000,6283499093,277,4881207024,0.000426,0.001221,0.001928,0.000113,0.000579,0.001234,0.000009,0.000000,0.004486,0.001143,3.446000,0.000000,0.000000,0.000000,0.000337,0,0
277500000000,277573000000,6283499093,277,4881207024,0.000481,0.001228,0.001928,0.000113,0.000580,0.001232,0.000013,0.000000,0.004768,0.000786,3.563000,0.000000,0.000000,0.000000,0.000569,0,0
277573000000,277578000000,6283499093,277,4881207024,0.000247,0.001232,0.001928,0.000114,0.000580,0.001232,0.001442,0.000000,0.000409,0.007217,4.582000,0.000000,0.000000,0.000000,0.000235,0,0
277578000000,277590000000,6283499093,277,4881207024,0.000280,0.000206,0.000000,0.000000,0.000000,0.001234,0.000060,0.000000,0.001961,0.000786,4.582000,0.000000,0.000000,0.000000,0.000000,1,0
277590000000,277594000000,6283499093,277,4881207024,0.000000,0.000000,0.000000,0.000000,0.000000,0.000000,0.000000,0.000000,0.000000,0.000000,4.582000,0.000000,0.000000,0.000000,0.000000,0,0
277603000000,277709000000,6283499093,277,257408789,0.000308,0.000631,0.001928,0.000034,0.000294,0.000807,0.000136,0.000000,0.020940,0.012790,1.238000,0.001336,0.000000,0.000000,0.000094,0,0
277709000000,277726000000,6283499093,277,257408789,0.000131,0.000000,0.000000,0.000000,0.000000,0.000000,0.000042,0.000000,0.002220,0.000643,32.070000,0.131700,0.000000,0.000000,0.000000,0,0
277726000000,277727000000,6283499093,277,257408789,0.000000,0.000000,0.000000,0.000000,0.000000,0.000000,0.000000,0.000000,0.000000,0.000000,32.070000,0.131700,0.000000,0.000000,0.000000,0,0
