272491000000,272654000000,6283499093,278,4820251792,0.000000,0.000000,0.000000,0.000000,0.000000,0.000000,0.000000,0.000000,0.000000,0.000000,0.000000,0.000000,0.000000,0.000000,0.000000,0,0
272654000000,272700000000,6283499093,278,4820251792,0.001354,0.001331,0.001928,0.000332,0.000711,0.001753,0.007462,0.000000,0.030490,0.051210,2.290000,0.000000,0.000000,0.000000,0.000207,0,0
272700000000,273000000000,6283499093,278,4820251792,0.000604,0.001265,0.001926,0.000385,0.000830,0.001753,0.000013,0.000000,0.010880,0.002499,2.807000,0.000000,0.000000,0.000000,0.001511,0,0
273000000000,273300000000,6283499093,278,4820251792,0.000526,0.001034,0.001926,0.000382,0.000826,0.001041,0.000001,0.000000,0.005295,0.000143,3.780000,0.000000,0.000000,0.000000,0.000387,0,0
273300000000,273600000000,6283499093,278,4820251792,0.000386,0.001038,0.001930,0.000372,0.000817,0.001049,0.000000,0.000000,0.004463,0.000000,2.809000,0.000000,0.000000,0.000000,0.000310,0,0
273600000000,273900000000,6283499093,278,4820251792,0.000318,0.001028,0.001930,0.000363,0.000809,0.001032,0.000000,0.000000,0.005074,0.000143,2.657000,0.000000,0.000000,0.000000,0.000306,0,0
273900000000,274200000000,6283499093,278,4820251792,0.000330,0.001040,0.001930,0.000363,0.000809,0.001055,0.000001,0.000000,0.005272,0.000072,2.472000,0.000000,0.000000,0.000000,0.000138,0,0
274200000000,274500000000,6283499093,278,4820251792,0.000328,0.001040,0.001930,0.000363,0.000809,0.001055,0.000002,0.000000,0.004387,0.000143,2.524000,0.000000,0.000000,0.000000,0.000237,0,0
274500000000,274800000000,6283499093,278,4820251792,0.000321,0.001059,0.001930,0.000362,0.000808,0.001068,0.000000,0.000000,0.004234,0.000000,2.746000,0.000000,0.000000,0.000000,0.000163,0,0
274800000000,275100000000,6283499093,278,4820251792,0.000316,0.001049,0.001930,0.000362,0.000808,0.001064,0.000000,0.000000,0.004929,0.000072,2.844000,0.000000,0.000000,0.000000,0.000312,0,0
275100000000,275400000000,6283499093,278,4820251792,0.000318,0.001059,0.001930,0.000362,0.000808,0.001072,0.000002,0.000000,0.004402,0.000215,2.636000,0.000000,0.000000,0.000000,0.000617,0,0
275400000000,275700000000,6283499093,278,4820251792,0.000292,0.001045,0.001930,0.000362,0.000809,0.001047,0.000000,0.000000,0.003952,0.000072,2.482000,0.000000,0.000000,0.000000,0.000108,0,0
275700000000,276000000000,6283499093,278,4820251792,0.000302,0.001068,0.001930,0.000362,0.000809,0.001078,0.000001,0.000000,0.004173,0.000072,1.898000,0.000000,0.000000,0.000000,0.000099,0,0
276000000000,276300000000,6283499093,278,4820251792,0.000301,0.001064,0.001930,0.000362,0.000809,0.001080,0.000001,0.000000,0.004448,0.000143,2.371000,0.000000,0.000000,0.000000,0.000212,0,0
276300000000,276600000000,6283499093,278,4820251792,0.000304,0.001074,0.001930,0.000363,0.000809,0.001081,0.000001,0.000000,0.003983,0.000143,2.598000,0.000000,0.000000,0.000000,0.000133,0,0
276600000000,276900000000,6283499093,278,4820251792,0.000298,0.001060,0.001930,0.000363,0.000809,0.001076,0.000000,0.000000,0.002048,0.000072,2.781000,0.000000,0.000000,0.000000,0.000160,0,0
276900000000,277200000000,6283499093,278,4820251792,0.000291,0.001064,0.001930,0.000363,0.000809,0.001076,0.000000,0.000000,0.004829,0.000000,2.573000,0.000000,0.000000,0.000000,0.000266,0,0
277200000000,277500000000,6283499093,278,4820251792,0.009171,0.001341,0.002045,0.000093,0.000354,0.001797,0.000031,0.000000,0.122900,0.003429,0.708300,0.000000,0.000000,0.000000,0.077880,0,0
277500000000,277800000000,6283499093,278,4820251792,0.000366,0.001268,0.001930,0.000011,0.000215,0.001295,0.000003,0.000000,0.004387,0.000072,2.747000,0.000000,0.000000,0.000000,0.000193,0,0
277800000000,278100000000,6283499093,278,4820251792,0.000320,0.001249,0.001930,0.000010,0.000215,0.001259,0.000004,0.000000,0.004448,0.000143,2.613000,0.000000,0.000000,0.000000,0.000182,0,0
278100000000,278400000000,6283499093,278,4820251792,0.002476,0.001293,0.001928,0.000017,0.000221,0.001436,0.000029,0.000000,0.067380,0.006783,2.631000,0.000000,0.000000,0.000000,0.000123,0,0
278400000000,278470000000,6283499093,278,4820251792,0.002075,0.001291,0.001925,0.000071,0.000290,0.001482,0.002117,0.000000,0.059880,0.036620,2.876000,0.000000,0.000000,0.000000,0.000107,0,0
278470000000,278484000000,6283499093,278,4820251792,0.000268,0.000000,0.000000,0.000000,0.000000,0.000000,0.000107,0.000000,0.003754,0.001572,2.918000,0.000000,0.000000,0.000000,0.000000,0,0
278484000000,278487000000,6283499093,278,4820251792,0.000000,0.000000,0.000000,0.000000,0.000000,0.000000,0.000000,0.000000,0.000000,0.000000,2.918000,0.000000,0.000000,0.000000,0.000000,0,0
