272509000000,272609000000,6283499093,279,376858341,0.000000,0.000000,0.000000,0.000000,0.000000,0.000000,0.000000,0.000000,0.000000,0.000000,0.000000,0.000000,0.000000,0.000000,0.000000,0,0
272609000000,272700000000,6283499093,279,376858341,0.000886,0.001440,0.001925,0.000379,0.000631,0.001732,0.002518,0.000000,0.042600,0.050050,2.593000,0.007149,0.000000,0.000000,0.000194,0,0
272700000000,273000000000,6283499093,279,376858341,0.000377,0.001108,0.001925,0.000382,0.000575,0.001549,0.000000,0.000000,0.050290,0.000000,2.547000,0.006996,0.000000,0.000000,0.000145,0,0
273000000000,273300000000,6283499093,279,376858341,0.000372,0.001062,0.001925,0.000380,0.000545,0.001343,0.000003,0.000000,0.004372,0.000500,2.619000,0.007209,0.000000,0.000000,0.000197,0,0
273300000000,273600000000,6283499093,279,376858341,0.000340,0.001062,0.001925,0.000380,0.000524,0.001366,0.000000,0.000000,0.015010,0.000072,1.737000,0.003422,0.000000,0.000000,0.000212,0,0
273600000000,273900000000,6283499093,279,376858341,0.000306,0.001011,0.001923,0.000380,0.000473,0.001360,0.000000,0.000000,0.004463,0.000143,2.216000,0.005475,0.000000,0.000000,0.000217,0,0
273900000000,274200000000,6283499093,279,376858341,0.000318,0.000970,0.001925,0.000380,0.000433,0.001232,0.000001,0.000000,0.006790,0.000072,2.031000,0.004836,0.000000,0.000000,0.000200,0,0
274200000000,274500000000,6283499093,279,376858341,0.000333,0.000945,0.001926,0.000380,0.000408,0.001093,0.000001,0.000000,0.005074,0.000143,2.612000,0.006964,0.000000,0.000000,0.000237,0,0
274500000000,274800000000,6283499093,279,376858341,0.000343,0.000939,0.001926,0.000369,0.000398,0.001078,0.000000,0.000000,0.004410,0.000072,2.579000,0.006736,0.000000,0.000000,0.000369,0,0
274800000000,275100000000,6283499093,279,376858341,0.000357,0.000963,0.001926,0.000365,0.000421,0.001242,0.000000,0.000000,0.005135,0.000072,2.857000,0.008137,0.000000,0.000000,0.001017,0,0
275100000000,275400000000,6283499093,279,376858341,0.000312,0.001015,0.001925,0.000365,0.000472,0.001352,0.000003,0.000000,0.001640,0.000714,2.177000,0.005393,0.000000,0.000000,0.000144,0,0
275400000000,275700000000,6283499093,279,376858341,0.000342,0.001072,0.001925,0.000365,0.000525,0.001381,0.000031,0.000000,0.007812,0.009140,2.518000,0.006441,0.000000,0.000000,0.000100,0,0
275700000000,276000000000,6283499093,279,376858341,0.000355,0.001139,0.001925,0.000371,0.000583,0.001375,0.000007,0.000000,0.007919,0.001358,2.247000,0.005580,0.000000,0.000000,0.000123,0,0
276000000000,276300000000,6283499093,279,376858341,0.000382,0.001198,0.001925,0.000365,0.000629,0.001387,0.000003,0.000000,0.004623,0.000428,2.410000,0.006442,0.000000,0.000000,0.000239,0,0
276300000000,276600000000,6283499093,279,376858341,0.000345,0.001257,0.001928,0.000364,0.000680,0.001387,0.000000,0.000000,0.002304,0.000072,2.679000,0.007110,0.000000,0.000000,0.000074,0,0
276600000000,276900000000,6283499093,279,376858341,0.000336,0.001282,0.001928,0.000364,0.000706,0.001387,0.000001,0.000000,0.004509,0.000215,2.412000,0.006163,0.000000,0.000000,0.000155,0,0
276900000000,277200000000,6283499093,279,376858341,0.000314,0.001312,0.001930,0.000364,0.000743,0.001387,0.000000,0.000000,0.004745,0.000143,2.098000,0.004953,0.000000,0.000000,0.000067,0,0
277200000000,277500000000,6283499093,279,376858341,0.000303,0.001350,0.001928,0.000364,0.000778,0.001383,0.000006,0.000000,0.004250,0.000714,2.105000,0.005014,0.000000,0.000000,0.000208,0,0
277500000000,277800000000,6283499093,279,376858341,0.000295,0.001177,0.001928,0.000366,0.000604,0.001383,0.000043,0.000000,0.004616,0.006714,2.199000,0.005469,0.000000,0.000000,0.000585,0,0
277800000000,278100000000,6283499093,279,376858341,0.000280,0.001053,0.001930,0.000374,0.000504,0.001186,0.000134,0.000000,0.004234,0.011350,1.990000,0.004657,0.000000,0.000000,0.000090,0,0
278100000000,278400000000,6283499093,279,376858341,0.000302,0.001007,0.001932,0.000389,0.000554,0.001030,0.000071,0.000000,0.004562,0.017850,2.075000,0.004990,0.000000,0.000000,0.000237,0,0
278400000000,278700000000,6283499093,279,376858341,0.000302,0.000999,0.001932,0.000390,0.000555,0.001017,0.000006,0.000000,0.003281,0.000428,2.312000,0.005923,0.000000,0.000000,0.000510,0,0
278700000000,279000000000,6283499093,279,376858341,0.000301,0.000999,0.001932,0.000390,0.000555,0.001017,0.000006,0.000000,0.004807,0.000999,2.106000,0.005188,0.000000,0.000000,0.000245,0,0
279000000000,279140000000,6283499093,279,376858341,0.000385,0.001003,0.001932,0.000400,0.000570,0.001125,0.000571,0.000000,0.004639,0.036870,2.120000,0.005364,0.000000,0.000000,0.000485,0,0
279140000000,279150000000,6283499093,279,376858341,0.000162,0.000000,0.000000,0.000000,0.000000,0.000000,0.000135,0.000000,0.001623,0.000929,2.028000,0.005088,0.000000,0.000000,0.000000,0,0
279150000000,279151000000,6283499093,279,376858341,0.000000,0.000000,0.000000,0.000000,0.000000,0.000000,0.000000,0.000000,0.000000,0.000000,2.028000,0.005088,0.000000,0.000000,0.000000,0,0
