272506000000,272668000000,6283499093,28,854675755,0.000000,0.000000,0.000000,0.000000,0.000000,0.000000,0.000000,0.000000,0.000000,0.000000,0.000000,0.000000,0.000000,0.000000,0.000000,0,0
272668000000,272700000000,6283499093,28,854675755,0.001667,0.000960,0.001936,0.000318,0.000612,0.001705,0.006355,0.000000,0.020290,0.023130,1.570000,0.002653,0.000000,0.000000,0.005562,0,0
272700000000,273000000000,6283499093,28,854675755,0.000443,0.001240,0.001932,0.000398,0.000840,0.001720,0.000008,0.000000,0.004761,0.000929,2.000000,0.004714,0.000000,0.000000,0.000177,0,0
273000000000,273300000000,6283499093,28,854675755,0.000439,0.000988,0.001932,0.000392,0.000835,0.001009,0.000001,0.000000,0.005363,0.000215,3.390000,0.011160,0.000000,0.000000,0.000270,0,0
273300000000,273600000000,6283499093,28,854675755,0.000344,0.000996,0.001932,0.000389,0.000834,0.001011,0.000000,0.000000,0.004425,0.000000,3.836000,0.013390,0.000000,0.000000,0.000242,0,0
273600000000,273900000000,6283499093,28,854675755,0.000324,0.000996,0.001934,0.000389,0.000834,0.001005,0.000000,0.000000,0.004112,0.000072,2.953000,0.009023,0.000000,0.000000,0.000141,0,0
273900000000,274200000000,6283499093,28,854675755,0.000361,0.000996,0.001934,0.000390,0.000835,0.001036,0.000019,0.000000,0.010410,0.002930,3.061000,0.009219,0.000000,0.000000,0.000353,0,0
274200000000,274500000000,6283499093,28,854675755,0.000387,0.001036,0.001932,0.000394,0.000839,0.001064,0.000002,0.000000,0.005226,0.000215,3.835000,0.012850,0.000000,0.000000,0.000213,0,0
274500000000,274800000000,6283499093,28,854675755,0.000358,0.001015,0.001932,0.000391,0.000835,0.001028,0.000002,0.000000,0.004601,0.000428,3.301000,0.010850,0.000000,0.000000,0.000195,0,0
274800000000,275100000000,6283499093,28,854675755,0.000336,0.001038,0.001932,0.000391,0.000835,0.001047,0.000001,0.000000,0.005096,0.000143,2.609000,0.007490,0.000000,0.000000,0.000714,0,0
275100000000,275400000000,6283499093,28,854675755,0.000313,0.001040,0.001932,0.000391,0.000836,0.001053,0.000000,0.000000,0.007103,0.000072,2.959000,0.008969,0.000000,0.000000,0.000152,0,0
275400000000,275700000000,6283499093,28,854675755,0.000345,0.001047,0.001932,0.000391,0.000836,0.001060,0.000000,0.000000,0.004532,0.000072,3.124000,0.010080,0.000000,0.000000,0.000149,0,0
275700000000,276000000000,6283499093,28,854675755,0.000320,0.001047,0.001932,0.000391,0.000836,0.001060,0.000001,0.000000,0.004654,0.000143,3.156000,0.010630,0.000000,0.000000,0.000483,0,0
276000000000,276300000000,6283499093,28,854675755,0.000275,0.001047,0.001932,0.000390,0.000836,0.001062,0.000002,0.000000,0.004585,0.000215,2.922000,0.009135,0.000000,0.000000,0.000237,0,0
276300000000,276600000000,6283499093,28,854675755,0.000278,0.001064,0.001932,0.000390,0.000836,0.001078,0.000000,0.000000,0.026610,0.000072,3.358000,0.010610,0.000000,0.000000,0.000453,0,0
276600000000,276900000000,6283499093,28,854675755,0.000279,0.001059,0.001932,0.000390,0.000835,0.001068,0.000001,0.000000,0.004517,0.000143,2.524000,0.007269,0.000000,0.000000,0.000663,0,0
276900000000,277200000000,6283499093,28,854675755,0.000340,0.001072,0.001932,0.000390,0.000835,0.001083,0.000001,0.000000,0.011750,0.000072,2.407000,0.006625,0.000000,0.000000,0.000302,0,0
277200000000,277500000000,6283499093,28,854675755,0.000673,0.001122,0.002060,0.000377,0.000824,0.001247,0.000007,0.000000,0.052060,0.000857,2.671000,0.008080,0.000000,0.000000,0.000288,0,0
277500000000,277800000000,6283499093,28,854675755,0.000690,0.001186,0.002060,0.000348,0.000797,0.001232,0.000007,0.000000,0.050780,0.000428,1.057000,0.002063,0.000000,0.000000,0.000252,0,0
277800000000,277889000000,6283499093,28,854675755,0.002277,0.001205,0.002350,0.000342,0.000788,0.001299,0.000050,0.000000,0.042360,0.001642,4.269000,0.014250,0.000000,0.000000,0.000146,0,0
277889000000,277904000000,6283499093,28,854675755,0.000297,0.000000,0.000000,0.000000,0.000000,0.000000,0.000048,0.000000,0.004448,0.000714,4.324000,0.014390,0.000000,0.000000,0.000000,0,0
277904000000,277905000000,6283499093,28,854675755,0.000000,0.000000,0.000000,0.000000,0.000000,0.000000,0.000000,0.000000,0.000000,0.000000,4.324000,0.014390,0.000000,0.000000,0.000000,0,0
