272507000000,272700000000,6283499093,280,3914505044,0.000000,0.000000,0.000000,0.000000,0.000000,0.000000,0.000000,0.000000,0.000000,0.000000,0.000000,0.000000,0.000000,0.000000,0.000000,0,0
272700000000,272846000000,6283499093,280,3914505044,0.000000,0.000000,0.000000,0.000000,0.000000,0.000000,0.000000,0.000000,0.000000,0.000000,0.000000,0.000000,0.000000,0.000000,0.000000,0,0
272846000000,273000000000,6283499093,280,3914505044,0.000413,0.000973,0.001926,0.000165,0.000329,0.001488,0.000485,0.000000,0.022860,0.009644,1.814000,0.004669,0.000000,0.000000,0.000441,0,0
273000000000,273300000000,6283499093,280,3914505044,0.000232,0.000893,0.001925,0.000177,0.000209,0.001015,0.000001,0.000000,0.004181,0.000215,7.480000,0.030320,0.000000,0.000000,0.000203,0,0
273300000000,273600000000,6283499093,280,3914505044,0.000358,0.000936,0.001923,0.000175,0.000234,0.001060,0.000006,0.000000,0.007149,0.001429,2.912000,0.009222,0.000000,0.000000,0.000251,0,0
273600000000,273900000000,6283499093,280,3914505044,0.000324,0.000958,0.001925,0.000174,0.000245,0.001184,0.000000,0.000000,0.004631,0.000072,5.300000,0.020510,0.000000,0.000000,0.000192,0,0
273900000000,274200000000,6283499093,280,3914505044,0.000298,0.001022,0.001923,0.000174,0.000308,0.001335,0.000005,0.000000,0.005264,0.001215,4.096000,0.014770,0.000000,0.000000,0.000229,0,0
274200000000,274500000000,6283499093,280,3914505044,0.000240,0.001060,0.001925,0.000174,0.000343,0.001335,0.000000,0.000000,0.002548,0.000000,3.286000,0.010720,0.000000,0.000000,0.000190,0,0
274500000000,274800000000,6283499093,280,3914505044,0.000366,0.001104,0.001923,0.000177,0.000368,0.001375,0.000033,0.000000,0.010300,0.008362,3.660000,0.012310,0.000000,0.000000,0.000065,0,0
274800000000,275100000000,6283499093,280,3914505044,0.000406,0.001137,0.001921,0.000179,0.000364,0.001411,0.000006,0.000000,0.003105,0.001572,4.057000,0.014510,0.000000,0.000000,0.000776,0,0
275100000000,275400000000,6283499093,280,3914505044,0.000352,0.001118,0.001923,0.000179,0.000330,0.001413,0.000003,0.000000,0.004341,0.000500,4.364000,0.016020,0.000000,0.000000,0.000402,0,0
275400000000,275700000000,6283499093,280,3914505044,0.003380,0.001194,0.002258,0.000165,0.000258,0.002369,0.000089,0.000000,0.068240,0.012070,0.606400,0.000354,0.000000,0.000000,0.000353,0,0
275700000000,276000000000,6283499093,280,3914505044,0.000944,0.001371,0.001991,0.000061,0.000242,0.001957,0.000171,0.000000,0.042240,0.019290,0.575900,0.000223,0.000000,0.000000,0.000342,0,0
276000000000,276300000000,6283499093,280,3914505044,0.000466,0.001240,0.001925,0.000061,0.000227,0.001476,0.000004,0.000000,0.014850,0.000714,4.386000,0.016330,0.000000,0.000000,0.000165,0,0
276300000000,276600000000,6283499093,280,3914505044,0.000410,0.001257,0.001925,0.000059,0.000244,0.001476,0.000013,0.000000,0.021510,0.002144,5.617000,0.021470,0.000000,0.000000,0.000477,0,0
276600000000,276900000000,6283499093,280,3914505044,0.000395,0.001278,0.001923,0.000063,0.000256,0.001507,0.000046,0.000000,0.009232,0.006500,3.955000,0.013440,0.000000,0.000000,0.000191,0,0
276900000000,277200000000,6283499093,280,3914505044,0.000325,0.001259,0.001923,0.000066,0.000246,0.001482,0.000001,0.000000,0.004738,0.000215,4.492000,0.016250,0.000000,0.000000,0.000179,0,0
277200000000,277500000000,6283499093,280,3914505044,0.000303,0.001247,0.001925,0.000061,0.000239,0.001476,0.000007,0.000000,0.012080,0.000571,5.678000,0.021680,0.000000,0.000000,0.000186,0,0
277500000000,277800000000,6283499093,280,3914505044,0.000268,0.001245,0.001925,0.000059,0.000235,0.001472,0.000017,0.000000,0.001060,0.003071,4.781000,0.017800,0.000000,0.000000,0.000162,0,0
277800000000,278100000000,6283499093,280,3914505044,0.000253,0.001272,0.001926,0.000074,0.000234,0.001471,0.000340,0.000000,0.000915,0.037170,7.229000,0.028310,0.000000,0.000000,0.000148,0,0
278100000000,278400000000,6283499093,280,3914505044,0.000248,0.001146,0.001926,0.000102,0.000163,0.001268,0.000007,0.000000,0.001598,0.000857,4.065000,0.013950,0.000000,0.000000,0.000164,0,0
278400000000,278700000000,6283499093,280,3914505044,0.000392,0.001160,0.001925,0.000100,0.000170,0.001232,0.000009,0.000000,0.017760,0.001499,4.776000,0.017490,0.000000,0.000000,0.000106,0,0
278700000000,279000000000,6283499093,280,3914505044,0.000341,0.001163,0.001926,0.000100,0.000175,0.001225,0.000008,0.000000,0.001392,0.000714,3.100000,0.010150,0.000000,0.000000,0.000380,0,0
279000000000,279300000000,6283499093,280,3914505044,0.000265,0.001158,0.001928,0.000100,0.000171,0.001219,0.000010,0.000000,0.001602,0.001715,7.952000,0.032060,0.000000,0.000000,0.000303,0,0
279300000000,279600000000,6283499093,280,3914505044,0.000241,0.001158,0.001926,0.000100,0.000162,0.001240,0.000014,0.000000,0.001822,0.002213,4.827000,0.018150,0.000000,0.000000,0.000175,0,0
279600000000,279900000000,6283499093,280,3914505044,0.000224,0.001148,0.001930,0.000100,0.000161,0.001223,0.000004,0.000000,0.005058,0.000999,6.316000,0.024170,0.000000,0.000000,0.000116,0,0
279900000000,279930000000,6283499093,280,3914505044,0.000476,0.001162,0.001930,0.000102,0.000237,0.001226,0.000019,0.000000,0.006714,0.000500,7.900000,0.030750,0.000000,0.000000,0.000360,0,0
279930000000,279944000000,6283499093,280,3914505044,0.000138,0.000000,0.000000,0.000000,0.000000,0.000000,0.000199,0.000000,0.001934,0.001785,7.900000,0.030750,0.000000,0.000000,0.000000,0,0
279944000000,279945000000,6283499093,280,3914505044,0.000000,0.000000,0.000000,0.000000,0.000000,0.000000,0.000000,0.000000,0.000000,0.000000,7.900000,0.030750,0.000000,0.000000,0.000000,0,0
