272503000000,272615000000,6283499093,281,717260,0.000000,0.000000,0.000000,0.000000,0.000000,0.000000,0.000000,0.000000,0.000000,0.000000,0.000000,0.000000,0.000000,0.000000,0.000000,0,0
272615000000,272700000000,6283499093,281,717260,0.000931,0.001469,0.001930,0.000262,0.000676,0.001587,0.002281,0.000000,0.050350,0.049990,3.102000,0.009865,0.000000,0.000000,0.001291,0,0
272700000000,273000000000,6283499093,281,717260,0.000461,0.001015,0.001932,0.000263,0.000705,0.001453,0.000000,0.000000,0.004974,0.000072,3.170000,0.010040,0.000000,0.000000,0.000515,0,0
273000000000,273300000000,6283499093,281,717260,0.000600,0.000978,0.001930,0.000264,0.000709,0.001011,0.000021,0.000000,0.034360,0.004570,3.805000,0.012540,0.000000,0.000000,0.001116,0,0
273300000000,273600000000,6283499093,281,717260,0.000500,0.000967,0.001932,0.000262,0.000707,0.001005,0.000000,0.000000,0.033810,0.000072,3.035000,0.009416,0.000000,0.000000,0.000106,0,0
273600000000,273900000000,6283499093,281,717260,0.000483,0.001011,0.001932,0.000261,0.000706,0.001015,0.000002,0.000000,0.012820,0.000072,1.592000,0.002883,0.000000,0.000000,0.000349,0,0
273900000000,274200000000,6283499093,281,717260,0.000419,0.001005,0.001932,0.000261,0.000706,0.001015,0.000000,0.000000,0.004402,0.000072,3.097000,0.009534,0.000000,0.000000,0.000258,0,0
274200000000,274500000000,6283499093,281,717260,0.000366,0.001001,0.001932,0.000261,0.000706,0.001009,0.000001,0.000000,0.004433,0.000143,2.540000,0.007010,0.000000,0.000000,0.000176,0,0
274500000000,274800000000,6283499093,281,717260,0.000349,0.001005,0.001932,0.000261,0.000706,0.001017,0.000000,0.000000,0.004417,0.000000,2.421000,0.006494,0.000000,0.000000,0.000120,0,0
274800000000,275100000000,6283499093,281,717260,0.000403,0.001017,0.001932,0.000261,0.000707,0.001024,0.000001,0.000000,0.006454,0.000143,2.466000,0.006527,0.000000,0.000000,0.000177,0,0
275100000000,275400000000,6283499093,281,717260,0.000467,0.001022,0.001932,0.000262,0.000708,0.001049,0.000019,0.000000,0.015150,0.004997,2.084000,0.005147,0.000000,0.000000,0.000280,0,0
275400000000,275700000000,6283499093,281,717260,0.000505,0.001043,0.001930,0.000264,0.000709,0.001060,0.000001,0.000000,0.006767,0.000072,2.992000,0.009165,0.000000,0.000000,0.000362,0,0
275700000000,276000000000,6283499093,281,717260,0.000506,0.001038,0.001930,0.000261,0.000707,0.001043,0.000005,0.000000,0.009949,0.001358,2.497000,0.006902,0.000000,0.000000,0.000327,0,0
276000000000,276300000000,6283499093,281,717260,0.000424,0.001026,0.001932,0.000261,0.000707,0.001043,0.000001,0.000000,0.004799,0.000072,3.152000,0.009693,0.000000,0.000000,0.000334,0,0
276300000000,276600000000,6283499093,281,717260,0.000360,0.001024,0.001932,0.000261,0.000707,0.001041,0.000001,0.000000,0.005127,0.000072,2.449000,0.006801,0.000000,0.000000,0.000564,0,0
276600000000,276900000000,6283499093,281,717260,0.000352,0.001036,0.001932,0.000261,0.000707,0.001040,0.000000,0.000000,0.006149,0.000072,2.347000,0.006346,0.000000,0.000000,0.000865,0,0
276900000000,277200000000,6283499093,281,717260,0.000360,0.000811,0.001932,0.000261,0.000707,0.001038,0.000001,0.000000,0.013380,0.000072,2.516000,0.007125,0.000000,0.000000,0.000207,0,0
277200000000,277419000000,6283499093,281,717260,0.000320,0.000585,0.001932,0.000261,0.000707,0.000589,0.000012,0.000000,0.004547,0.001999,2.469000,0.006705,0.000000,0.000000,0.000145,0,0
277419000000,277435000000,6283499093,281,717260,0.000191,0.000000,0.000000,0.000000,0.000000,0.000000,0.000018,0.000000,0.003056,0.000215,2.503000,0.006582,0.000000,0.000000,0.000000,0,0
277435000000,277436000000,6283499093,281,717260,0.000000,0.000000,0.000000,0.000000,0.000000,0.000000,0.000000,0.000000,0.000000,0.000000,2.503000,0.006582,0.000000,0.000000,0.000000,0,0
