272493000000,272625000000,6283499093,282,317488506,0.000000,0.000000,0.000000,0.000000,0.000000,0.000000,0.000000,0.000000,0.000000,0.000000,0.000000,0.000000,0.000000,0.000000,0.000000,0,0
272625000000,272700000000,6283499093,282,317488506,0.000901,0.001623,0.001932,0.000367,0.000790,0.001726,0.003323,0.000000,0.014530,0.062190,2.461000,0.006465,0.000000,0.000000,0.000322,0,0
272700000000,273000000000,6283499093,282,317488506,0.000415,0.001120,0.001932,0.000369,0.000812,0.001665,0.000002,0.000000,0.006226,0.000500,3.027000,0.008962,0.000000,0.000000,0.000501,0,0
273000000000,273300000000,6283499093,282,317488506,0.000400,0.000980,0.001932,0.000369,0.000812,0.000999,0.000001,0.000000,0.005859,0.000143,3.057000,0.009089,0.000000,0.000000,0.000093,0,0
273300000000,273600000000,6283499093,282,317488506,0.000360,0.000986,0.001934,0.000368,0.000812,0.000996,0.000000,0.000000,0.005142,0.000000,2.678000,0.007612,0.000000,0.000000,0.000300,0,0
273600000000,273900000000,6283499093,282,317488506,0.000354,0.000976,0.001934,0.000368,0.000812,0.000980,0.000000,0.000000,0.005104,0.000143,2.911000,0.008393,0.000000,0.000000,0.000201,0,0
273900000000,274200000000,6283499093,282,317488506,0.000356,0.000988,0.001934,0.000368,0.000812,0.000999,0.000001,0.000000,0.005928,0.000286,2.055000,0.004871,0.000000,0.000000,0.000186,0,0
274200000000,274500000000,6283499093,282,317488506,0.000384,0.000999,0.001934,0.000368,0.000812,0.001007,0.000001,0.000000,0.003929,0.000143,2.360000,0.006166,0.000000,0.000000,0.000722,0,0
274500000000,274800000000,6283499093,282,317488506,0.000388,0.001003,0.001934,0.000368,0.000812,0.001015,0.000000,0.000000,0.005302,0.000072,3.438000,0.010790,0.000000,0.000000,0.000608,0,0
274800000000,275100000000,6283499093,282,317488506,0.000380,0.001011,0.001934,0.000368,0.000812,0.001019,0.000004,0.000000,0.004753,0.001143,2.883000,0.008336,0.000000,0.000000,0.000124,0,0
275100000000,275400000000,6283499093,282,317488506,0.000380,0.001017,0.001934,0.000367,0.000812,0.001020,0.000001,0.000000,0.005371,0.000072,2.725000,0.007881,0.000000,0.000000,0.000643,0,0
275400000000,275700000000,6283499093,282,317488506,0.000382,0.001007,0.001934,0.000368,0.000812,0.001015,0.000005,0.000000,0.004486,0.000643,2.733000,0.007707,0.000000,0.000000,0.000132,0,0
275700000000,276000000000,6283499093,282,317488506,0.000378,0.001017,0.001934,0.000368,0.000812,0.001028,0.000000,0.000000,0.013550,0.000072,2.151000,0.005251,0.000000,0.000000,0.000347,0,0
276000000000,276300000000,6283499093,282,317488506,0.000350,0.001011,0.001934,0.000368,0.000812,0.001013,0.000001,0.000000,0.004822,0.000215,2.866000,0.008182,0.000000,0.000000,0.000133,0,0
276300000000,276600000000,6283499093,282,317488506,0.000391,0.001017,0.001934,0.000368,0.000812,0.001030,0.000000,0.000000,0.008377,0.000072,2.775000,0.007714,0.000000,0.000000,0.000193,0,0
276600000000,276900000000,6283499093,282,317488506,0.000725,0.001118,0.001930,0.000361,0.000818,0.001211,0.000044,0.000000,0.062870,0.009216,3.361000,0.010520,0.000000,0.000000,0.000379,0,0
276900000000,277200000000,6283499093,282,317488506,0.000511,0.001127,0.001930,0.000351,0.000815,0.001139,0.000000,0.000000,0.005508,0.000000,3.994000,0.012990,0.000000,0.000000,0.000568,0,0
277200000000,277500000000,6283499093,282,317488506,0.000443,0.001135,0.001930,0.000351,0.000815,0.001150,0.000007,0.000000,0.009644,0.001358,3.331000,0.010250,0.000000,0.000000,0.000228,0,0
277500000000,277800000000,6283499093,282,317488506,0.000419,0.001141,0.001932,0.000351,0.000816,0.001152,0.000002,0.000000,0.004944,0.000215,2.856000,0.008295,0.000000,0.000000,0.000547,0,0
277800000000,278100000000,6283499093,282,317488506,0.000403,0.001141,0.001932,0.000351,0.000816,0.001152,0.000005,0.000000,0.006310,0.000714,3.211000,0.009931,0.000000,0.000000,0.000252,0,0
278100000000,278260000000,6283499093,282,317488506,0.002831,0.001198,0.002171,0.000293,0.000755,0.001347,0.000043,0.000000,0.068120,0.005859,0.617700,0.000294,0.000000,0.000000,0.000274,0,0
278260000000,278275000000,6283499093,282,317488506,0.000085,0.000000,0.000000,0.000000,0.000000,0.000000,0.000172,0.000000,0.001278,0.002144,7.729000,0.028470,0.000000,0.000000,0.000000,0,0
278275000000,278277000000,6283499093,282,317488506,0.000000,0.000000,0.000000,0.000000,0.000000,0.000000,0.000000,0.000000,0.000000,0.000000,7.729000,0.028470,0.000000,0.000000,0.000000,0,0
