272494000000,272603000000,6283499093,283,4469376741,0.000000,0.000000,0.000000,0.000000,0.000000,0.000000,0.000000,0.000000,0.000000,0.000000,0.000000,0.000000,0.000000,0.000000,0.000000,0,0
272603000000,272700000000,6283499093,283,4469376741,0.000654,0.000976,0.001881,0.000124,0.000169,0.001263,0.001165,0.000000,0.018310,0.014790,2.560000,0.007284,0.000000,0.000000,0.000329,0,0
272700000000,273000000000,6283499093,283,4469376741,0.000330,0.000965,0.001884,0.000128,0.000175,0.001148,0.000000,0.000000,0.004456,0.000143,2.348000,0.006259,0.000000,0.000000,0.000125,0,0
273000000000,273300000000,6283499093,283,4469376741,0.000331,0.000962,0.001888,0.000123,0.000165,0.001133,0.000001,0.000000,0.003868,0.000072,2.829000,0.007968,0.000000,0.000000,0.000063,0,0
273300000000,273600000000,6283499093,283,4469376741,0.000302,0.000964,0.001888,0.000123,0.000163,0.001123,0.000000,0.000000,0.004066,0.000000,2.282000,0.005731,0.000000,0.000000,0.000051,0,0
273600000000,273900000000,6283499093,283,4469376741,0.000320,0.001009,0.001890,0.000122,0.000205,0.001371,0.000001,0.000000,0.004044,0.000072,2.265000,0.005759,0.000000,0.000000,0.000086,0,0
273900000000,274200000000,6283499093,283,4469376741,0.000340,0.001106,0.001890,0.000118,0.000296,0.001377,0.000000,0.000000,0.004295,0.000072,3.154000,0.009043,0.000000,0.000000,0.000200,0,0
274200000000,274500000000,6283499093,283,4469376741,0.000383,0.001102,0.001890,0.000115,0.000280,0.001390,0.000001,0.000000,0.004356,0.000072,2.631000,0.007334,0.000000,0.000000,0.000169,0,0
274500000000,274800000000,6283499093,283,4469376741,0.000358,0.001110,0.001892,0.000115,0.000280,0.001390,0.000000,0.000000,0.004784,0.000000,2.784000,0.008037,0.000000,0.000000,0.000148,0,0
274800000000,275100000000,6283499093,283,4469376741,0.000358,0.001072,0.001917,0.000115,0.000254,0.001379,0.000001,0.000000,0.004623,0.000072,2.456000,0.006628,0.000000,0.000000,0.000303,0,0
275100000000,275400000000,6283499093,283,4469376741,0.000348,0.001072,0.001919,0.000114,0.000251,0.001379,0.000001,0.000000,0.004433,0.000072,2.497000,0.006882,0.000000,0.000000,0.000576,0,0
275400000000,275700000000,6283499093,283,4469376741,0.000627,0.001076,0.001919,0.000115,0.000251,0.001482,0.000001,0.000000,0.059140,0.000143,2.699000,0.007440,0.000000,0.000000,0.000509,0,0
275700000000,276000000000,6283499093,283,4469376741,0.000717,0.001183,0.001913,0.000121,0.000240,0.001535,0.000019,0.000000,0.028810,0.004784,1.302000,0.002670,0.000000,0.000000,0.000255,0,0
276000000000,276300000000,6283499093,283,4469376741,0.000529,0.001242,0.001917,0.000121,0.000293,0.001537,0.000002,0.000000,0.004486,0.000072,3.273000,0.010250,0.000000,0.000000,0.000171,0,0
276300000000,276600000000,6283499093,283,4469376741,0.000423,0.001253,0.001917,0.000121,0.000305,0.001537,0.000002,0.000000,0.005226,0.000143,2.444000,0.006621,0.000000,0.000000,0.000370,0,0
276600000000,276900000000,6283499093,283,4469376741,0.000364,0.001295,0.001919,0.000121,0.000347,0.001535,0.000000,0.000000,0.004723,0.000143,2.579000,0.006964,0.000000,0.000000,0.000102,0,0
276900000000,277200000000,6283499093,283,4469376741,0.000330,0.001186,0.001919,0.000121,0.000239,0.001534,0.000000,0.000000,0.005005,0.000072,2.382000,0.006263,0.000000,0.000000,0.000262,0,0
277200000000,277429000000,6283499093,283,4469376741,0.000366,0.001148,0.001917,0.000121,0.000206,0.001537,0.000002,0.000000,0.004524,0.000072,2.613000,0.007159,0.000000,0.000000,0.000092,0,0
277429000000,277445000000,6283499093,283,4469376741,0.000193,0.000000,0.000000,0.000000,0.000000,0.000000,0.000049,0.000000,0.003082,0.000786,2.147000,0.005153,0.000000,0.000000,0.000000,0,0
277445000000,277446000000,6283499093,283,4469376741,0.000000,0.000000,0.000000,0.000000,0.000000,0.000000,0.000000,0.000000,0.000000,0.000000,2.147000,0.005153,0.000000,0.000000,0.000000,0,0
