272499000000,272573000000,6283499093,284,682246,0.000000,0.000000,0.000000,0.000000,0.000000,0.000000,0.000000,0.000000,0.000000,0.000000,0.000000,0.000000,0.000000,0.000000,0.000000,0,0
272573000000,272700000000,6283499093,284,682246,0.000994,0.001080,0.001816,0.000064,0.000235,0.001455,0.000542,0.000000,0.019530,0.008148,1.561000,0.002513,0.000000,0.000000,0.016420,0,0
272700000000,273000000000,6283499093,284,682246,0.000545,0.001129,0.001816,0.000067,0.000247,0.001396,0.000000,0.000000,0.004723,0.000072,3.988000,0.012910,0.000000,0.000000,0.000567,0,0
273000000000,273300000000,6283499093,284,682246,0.000537,0.001127,0.001816,0.000067,0.000237,0.001413,0.000005,0.000000,0.011470,0.000714,3.032000,0.008841,0.000000,0.000000,0.000352,0,0
273300000000,273600000000,6283499093,284,682246,0.000387,0.001110,0.001816,0.000065,0.000196,0.001425,0.000000,0.000000,0.005112,0.000072,2.906000,0.008126,0.000000,0.000000,0.000504,0,0
273600000000,273900000000,6283499093,284,682246,0.000415,0.001085,0.001816,0.000064,0.000173,0.001425,0.000001,0.000000,0.005234,0.000286,2.706000,0.007185,0.000000,0.000000,0.000891,0,0
273900000000,274200000000,6283499093,284,682246,0.000344,0.001080,0.001816,0.000064,0.000166,0.001421,0.000000,0.000000,0.004478,0.000072,2.798000,0.007184,0.000000,0.000000,0.000371,0,0
274200000000,274500000000,6283499093,284,682246,0.000354,0.001057,0.001816,0.000063,0.000141,0.001413,0.000002,0.000000,0.005295,0.000286,2.455000,0.006073,0.000000,0.000000,0.000185,0,0
274500000000,274800000000,6283499093,284,682246,0.000314,0.001019,0.001818,0.000063,0.000098,0.001257,0.000000,0.000000,0.004166,0.000000,2.353000,0.005528,0.000000,0.000000,0.000225,0,0
274800000000,275100000000,6283499093,284,682246,0.000332,0.001133,0.001818,0.000063,0.000214,0.001431,0.000000,0.000000,0.004433,0.000072,2.085000,0.004580,0.000000,0.000000,0.000307,0,0
275100000000,275400000000,6283499093,284,682246,0.000332,0.001135,0.001818,0.000063,0.000215,0.001429,0.000001,0.000000,0.005730,0.000143,2.461000,0.005894,0.000000,0.000000,0.000179,0,0
275400000000,275700000000,6283499093,284,682246,0.000338,0.001158,0.001820,0.000062,0.000238,0.001429,0.000001,0.000000,0.005280,0.000072,2.355000,0.005719,0.000000,0.000000,0.000155,0,0
275700000000,276000000000,6283499093,284,682246,0.000346,0.001148,0.001818,0.000062,0.000228,0.001434,0.000001,0.000000,0.004883,0.000215,2.131000,0.004854,0.000000,0.000000,0.000302,0,0
276000000000,276300000000,6283499093,284,682246,0.000443,0.001165,0.001818,0.000062,0.000221,0.001453,0.000002,0.000000,0.006172,0.000143,1.297000,0.001543,0.000000,0.000000,0.000262,0,0
276300000000,276600000000,6283499093,284,682246,0.000365,0.001190,0.001818,0.000062,0.000245,0.001453,0.000001,0.000000,0.005066,0.000072,2.561000,0.006604,0.000000,0.000000,0.000185,0,0
276600000000,276900000000,6283499093,284,682246,0.000348,0.001133,0.001818,0.000062,0.000190,0.001451,0.000000,0.000000,0.004417,0.000072,2.476000,0.006327,0.000000,0.000000,0.000106,0,0
276900000000,277200000000,6283499093,284,682246,0.000343,0.001060,0.001818,0.000062,0.000114,0.001270,0.000000,0.000000,0.016110,0.000000,2.370000,0.006026,0.000000,0.000000,0.000151,0,0
277200000000,277359000000,6283499093,284,682246,0.000331,0.000803,0.001818,0.000061,0.000120,0.001259,0.000031,0.000000,0.004326,0.004288,2.311000,0.005597,0.000000,0.000000,0.000206,0,0
277359000000,277378000000,6283499093,284,682246,0.000154,0.000000,0.000000,0.000000,0.000000,0.000000,0.000056,0.000000,0.002930,0.000643,2.214000,0.005274,0.000000,0.000000,0.000000,0,0
277378000000,277379000000,6283499093,284,682246,0.000000,0.000000,0.000000,0.000000,0.000000,0.000000,0.000000,0.000000,0.000000,0.000000,2.214000,0.005274,0.000000,0.000000,0.000000,0,0
