272493000000,272569000000,6283499093,285,431035547,0.000000,0.000000,0.000000,0.000000,0.000000,0.000000,0.000000,0.000000,0.000000,0.000000,0.000000,0.000000,0.000000,0.000000,0.000000,0,0
272569000000,272700000000,6283499093,285,431035547,0.000590,0.001247,0.001925,0.000178,0.000439,0.001522,0.000790,0.000000,0.016360,0.022800,2.473000,0.007079,0.000000,0.000000,0.000239,0,0
272700000000,273000000000,6283499093,285,431035547,0.000324,0.001112,0.001923,0.000181,0.000391,0.001345,0.000000,0.000000,0.004761,0.000000,2.928000,0.008726,0.000000,0.000000,0.000132,0,0
273000000000,273300000000,6283499093,285,431035547,0.000362,0.001011,0.001919,0.000181,0.000277,0.001358,0.000006,0.000000,0.004097,0.001429,2.181000,0.005790,0.000000,0.000000,0.000131,0,0
273300000000,273600000000,6283499093,285,431035547,0.000344,0.001080,0.001921,0.000181,0.000340,0.001369,0.000000,0.000000,0.004089,0.000000,2.493000,0.006949,0.000000,0.000000,0.000084,0,0
273600000000,273900000000,6283499093,285,431035547,0.000320,0.001122,0.001921,0.000181,0.000378,0.001369,0.000000,0.000000,0.003868,0.000143,2.732000,0.008019,0.000000,0.000000,0.000152,0,0
273900000000,274200000000,6283499093,285,431035547,0.000310,0.001152,0.001923,0.000181,0.000410,0.001368,0.000001,0.000000,0.003784,0.000143,2.270000,0.006084,0.000000,0.000000,0.000342,0,0
274200000000,274500000000,6283499093,285,431035547,0.000304,0.001184,0.001923,0.000181,0.000444,0.001366,0.000001,0.000000,0.004471,0.000215,2.158000,0.005579,0.000000,0.000000,0.000241,0,0
274500000000,274800000000,6283499093,285,431035547,0.000295,0.001221,0.001925,0.000181,0.000480,0.001368,0.000000,0.000000,0.004257,0.000000,2.246000,0.005832,0.000000,0.000000,0.000200,0,0
274800000000,275100000000,6283499093,285,431035547,0.000296,0.001251,0.001926,0.000181,0.000510,0.001368,0.000000,0.000000,0.003136,0.000072,2.170000,0.005407,0.000000,0.000000,0.000645,0,0
275100000000,275181000000,6283499093,285,431035547,0.000300,0.001266,0.001925,0.000181,0.000525,0.001368,0.000002,0.000000,0.003666,0.000072,2.125000,0.005147,0.000000,0.000000,0.000074,0,0
275181000000,275183000000,6283499093,285,431035547,0.000144,0.001038,0.001926,0.000217,0.000441,0.001102,0.006393,0.000000,0.000312,0.012790,2.092000,0.005010,0.000000,0.000000,0.000177,0,0
275183000000,275198000000,6283499093,285,431035547,0.001337,0.000063,0.000000,0.000040,0.000040,0.000474,0.000048,0.000000,0.020050,0.000571,1.348000,0.001669,0.000000,0.000000,0.000000,1,0
275198000000,275200000000,6283499093,285,431035547,0.000000,0.000000,0.000000,0.000000,0.000000,0.000000,0.000000,0.000000,0.000000,0.000000,1.133000,0.000706,0.000000,0.000000,0.000000,0,0
275962000000,275984000000,6283499093,285,4478584312,0.000000,0.000000,0.000000,0.000000,0.000000,0.000000,0.000007,0.000000,0.000000,0.000072,0.000000,0.000000,0.000000,0.000000,0.000000,2,0
275984000000,275985000000,6283499093,285,4478584312,0.000000,0.000000,0.000000,0.000000,0.000000,0.000000,0.000000,0.000000,0.000000,0.000000,0.000000,0.000000,0.000000,0.000000,0.000000,0,0
275985000000,276000000000,6283499093,285,4478584312,0.000000,0.000000,0.000000,0.000000,0.000000,0.000000,0.000000,0.000000,0.000000,0.000000,0.000000,0.000000,0.000000,0.000000,0.000000,0,0
276001000000,276300000000,6283499093,285,4478584312,0.000471,0.000891,0.001919,0.000020,0.000037,0.001003,0.000021,0.000000,0.030790,0.003784,2.857000,0.008171,0.000000,0.000000,0.000129,0,0
276300000000,276600000000,6283499093,285,4478584312,0.001013,0.001116,0.001915,0.000023,0.000168,0.001528,0.000049,0.000000,0.045350,0.007713,3.966000,0.012990,0.000000,0.000000,0.000941,0,0
276600000000,276900000000,6283499093,285,4478584312,0.000794,0.001165,0.001913,0.000022,0.000152,0.001513,0.000001,0.000000,0.012240,0.000072,5.107000,0.017940,0.000000,0.000000,0.000594,0,0
276900000000,277200000000,6283499093,285,4478584312,0.000594,0.001181,0.001915,0.000020,0.000154,0.001514,0.000000,0.000000,0.005455,0.000000,4.447000,0.014990,0.000000,0.000000,0.000475,0,0
277200000000,277500000000,6283499093,285,4478584312,0.000362,0.001207,0.001919,0.000020,0.000189,0.001513,0.000003,0.000000,0.020230,0.000072,2.433000,0.006250,0.000000,0.000000,0.000076,0,0
277500000000,277509000000,6283499093,285,4478584312,0.000342,0.000946,0.001921,0.000020,0.000160,0.001143,0.000175,0.000000,0.001093,0.001572,2.424000,0.006211,0.000000,0.000000,0.000197,0,0
277509000000,277523000000,6283499093,285,4478584312,0.000214,0.000000,0.000000,0.000000,0.000000,0.000000,0.000046,0.000000,0.002991,0.000643,2.424000,0.006211,0.000000,0.000000,0.000000,0,0
277523000000,277524000000,6283499093,285,4478584312,0.000000,0.000000,0.000000,0.000000,0.000000,0.000000,0.000000,0.000000,0.000000,0.000000,2.424000,0.006211,0.000000,0.000000,0.000000,0,0
