272499000000,272611000000,6283499093,286,3625290109,0.000000,0.000000,0.000000,0.000000,0.000000,0.000000,0.000000,0.000000,0.000000,0.000000,0.000000,0.000000,0.000000,0.000000,0.000000,0,0
272611000000,272700000000,6283499093,286,3625290109,0.000804,0.000960,0.001923,0.000125,0.000158,0.001171,0.000975,0.000000,0.016170,0.020720,1.280000,0.001863,0.000000,0.000000,0.000657,0,0
272700000000,273000000000,6283499093,286,3625290109,0.000372,0.000909,0.001925,0.000110,0.000126,0.001263,0.000000,0.000000,0.004150,0.000143,2.650000,0.007613,0.000000,0.000000,0.000140,0,0
273000000000,273300000000,6283499093,286,3625290109,0.000390,0.001053,0.001923,0.000108,0.000260,0.001347,0.000001,0.000000,0.008011,0.000143,2.303000,0.006178,0.000000,0.000000,0.000218,0,0
273300000000,273600000000,6283499093,286,3625290109,0.000331,0.001078,0.001925,0.000108,0.000282,0.001348,0.000000,0.000000,0.004082,0.000000,2.603000,0.007556,0.000000,0.000000,0.000205,0,0
273600000000,273900000000,6283499093,286,3625290109,0.000328,0.001116,0.001925,0.000108,0.000318,0.001348,0.000001,0.000000,0.004951,0.000143,2.400000,0.006561,0.000000,0.000000,0.000095,0,0
273900000000,274200000000,6283499093,286,3625290109,0.000373,0.001160,0.001926,0.000108,0.000361,0.001354,0.000001,0.000000,0.002666,0.000072,2.386000,0.006597,0.000000,0.000000,0.000210,0,0
274200000000,274500000000,6283499093,286,3625290109,0.000438,0.001184,0.001925,0.000107,0.000380,0.001362,0.000002,0.000000,0.007347,0.000215,2.609000,0.007416,0.000000,0.000000,0.000161,0,0
274500000000,274800000000,6283499093,286,3625290109,0.000463,0.001156,0.001925,0.000106,0.000342,0.001369,0.000000,0.000000,0.002304,0.000072,3.037000,0.009380,0.000000,0.000000,0.000527,0,0
274800000000,275100000000,6283499093,286,3625290109,0.000400,0.001162,0.001925,0.000106,0.000343,0.001373,0.000000,0.000000,0.005577,0.000072,2.771000,0.008021,0.000000,0.000000,0.000186,0,0
275100000000,275400000000,6283499093,286,3625290109,0.000366,0.001158,0.001925,0.000106,0.000336,0.001371,0.000001,0.000000,0.005363,0.000143,2.876000,0.008477,0.000000,0.000000,0.000127,0,0
275400000000,275700000000,6283499093,286,3625290109,0.000340,0.001015,0.001925,0.000106,0.000196,0.001369,0.000002,0.000000,0.004593,0.000571,2.647000,0.007519,0.000000,0.000000,0.000287,0,0
275700000000,276000000000,6283499093,286,3625290109,0.000316,0.000971,0.001923,0.000106,0.000152,0.001184,0.000000,0.000000,0.004654,0.000072,2.654000,0.007401,0.000000,0.000000,0.000133,0,0
276000000000,276300000000,6283499093,286,3625290109,0.000423,0.001024,0.001921,0.000108,0.000188,0.001413,0.000028,0.000000,0.039550,0.007141,2.569000,0.007118,0.000000,0.000000,0.000369,0,0
276300000000,276600000000,6283499093,286,3625290109,0.000417,0.001055,0.001921,0.000107,0.000181,0.001411,0.000004,0.000000,0.005600,0.001143,3.159000,0.009796,0.000000,0.000000,0.000223,0,0
276600000000,276900000000,6283499093,286,3625290109,0.000384,0.001015,0.001923,0.000106,0.000141,0.001419,0.000001,0.000000,0.004478,0.000143,2.778000,0.008058,0.000000,0.000000,0.000585,0,0
276900000000,277200000000,6283499093,286,3625290109,0.000323,0.001045,0.001923,0.000106,0.000167,0.001419,0.000000,0.000000,0.004417,0.000000,2.487000,0.006810,0.000000,0.000000,0.000407,0,0
277200000000,277500000000,6283499093,286,3625290109,0.000369,0.001225,0.001926,0.000106,0.000337,0.001450,0.000003,0.000000,0.004356,0.000143,2.848000,0.008388,0.000000,0.000000,0.000184,0,0
277500000000,277800000000,6283499093,286,3625290109,0.003410,0.001356,0.002052,0.000040,0.000251,0.001938,0.000031,0.000000,0.092770,0.004356,0.986200,0.001711,0.000000,0.000000,0.000300,0,0
277800000000,278100000000,6283499093,286,3625290109,0.000450,0.001329,0.001923,0.000016,0.000213,0.001583,0.000005,0.000000,0.005119,0.000357,3.433000,0.011320,0.000000,0.000000,0.000241,0,0
278100000000,278400000000,6283499093,286,3625290109,0.000399,0.001312,0.001925,0.000016,0.000200,0.001581,0.000003,0.000000,0.005394,0.000215,2.848000,0.008520,0.000000,0.000000,0.000351,0,0
278400000000,278689000000,6283499093,286,3625290109,0.001671,0.001286,0.001923,0.000018,0.000167,0.001633,0.000069,0.000000,0.072270,0.010640,1.751000,0.004310,0.000000,0.000000,0.000067,0,0
278689000000,278699000000,6283499093,286,3625290109,0.000335,0.000000,0.000000,0.000000,0.000000,0.000000,0.000086,0.000000,0.003353,0.000857,0.853700,0.000993,0.000000,0.000000,0.000000,0,0
278699000000,278700000000,6283499093,286,3625290109,0.000000,0.000000,0.000000,0.000000,0.000000,0.000000,0.000000,0.000000,0.000000,0.000000,0.853700,0.000993,0.000000,0.000000,0.000000,0,0
