272495000000,272524000000,6283499093,287,3938879895,0.000000,0.000000,0.000000,0.000000,0.000000,0.000000,0.000000,0.000000,0.000000,0.000000,0.000000,0.000000,0.000000,0.000000,0.000000,0,0
272524000000,272700000000,6283499093,287,3938879895,0.000589,0.001062,0.001921,0.000179,0.000314,0.001482,0.000559,0.000000,0.041930,0.025360,1.417000,0.002546,0.000000,0.000000,0.000210,0,0
272700000000,273000000000,6283499093,287,3938879895,0.000372,0.001059,0.001921,0.000179,0.000370,0.001314,0.000000,0.000000,0.004486,0.000072,2.791000,0.008141,0.000000,0.000000,0.000137,0,0
273000000000,273300000000,6283499093,287,3938879895,0.000339,0.001101,0.001921,0.000179,0.000404,0.001326,0.000001,0.000000,0.012160,0.000143,2.917000,0.008282,0.000000,0.000000,0.000167,0,0
273300000000,273600000000,6283499093,287,3938879895,0.000323,0.000994,0.001923,0.000178,0.000290,0.001326,0.000000,0.000000,0.008194,0.000000,2.405000,0.006209,0.000000,0.000000,0.000101,0,0
273600000000,273900000000,6283499093,287,3938879895,0.000329,0.000948,0.001921,0.000178,0.000245,0.001310,0.000001,0.000000,0.004616,0.000143,2.524000,0.006833,0.000000,0.000000,0.000170,0,0
273900000000,274200000000,6283499093,287,3938879895,0.000342,0.000951,0.001921,0.000178,0.000244,0.001324,0.000000,0.000000,0.004509,0.000072,2.616000,0.007169,0.000000,0.000000,0.000090,0,0
274200000000,274500000000,6283499093,287,3938879895,0.000337,0.001017,0.001921,0.000178,0.000308,0.001331,0.000002,0.000000,0.005707,0.000357,2.872000,0.008285,0.000000,0.000000,0.000247,0,0
274500000000,274800000000,6283499093,287,3938879895,0.000311,0.001095,0.001923,0.000178,0.000386,0.001333,0.000000,0.000000,0.001682,0.000000,2.356000,0.006364,0.000000,0.000000,0.000548,0,0
274800000000,275100000000,6283499093,287,3938879895,0.000323,0.001120,0.001925,0.000178,0.000408,0.001335,0.000000,0.000000,0.004463,0.000072,2.424000,0.006489,0.000000,0.000000,0.000566,0,0
275100000000,275400000000,6283499093,287,3938879895,0.000321,0.001144,0.001925,0.000178,0.000432,0.001337,0.000002,0.000000,0.004059,0.000143,2.505000,0.006676,0.000000,0.000000,0.000167,0,0
275400000000,275700000000,6283499093,287,3938879895,0.000305,0.001213,0.001928,0.000178,0.000500,0.001337,0.000000,0.000000,0.004646,0.000072,2.381000,0.006292,0.000000,0.000000,0.000196,0,0
275700000000,276000000000,6283499093,287,3938879895,0.000360,0.000971,0.001925,0.000178,0.000266,0.001337,0.000000,0.000000,0.004791,0.000072,2.613000,0.007086,0.000000,0.000000,0.000790,0,0
276000000000,276300000000,6283499093,287,3938879895,0.000344,0.000966,0.001923,0.000178,0.000247,0.001341,0.000001,0.000000,0.005219,0.000143,2.781000,0.008057,0.000000,0.000000,0.000303,0,0
276300000000,276600000000,6283499093,287,3938879895,0.000346,0.000958,0.001923,0.000178,0.000227,0.001163,0.000001,0.000000,0.004509,0.000143,3.047000,0.009038,0.000000,0.000000,0.000195,0,0
276600000000,276900000000,6283499093,287,3938879895,0.000314,0.000956,0.001925,0.000179,0.000222,0.001207,0.000002,0.000000,0.004662,0.000571,2.320000,0.005937,0.000000,0.000000,0.000492,0,0
276900000000,277200000000,6283499093,287,3938879895,0.000304,0.001020,0.001923,0.000179,0.000287,0.001356,0.000000,0.000000,0.004326,0.000000,2.271000,0.005727,0.000000,0.000000,0.000129,0,0
277200000000,277500000000,6283499093,287,3938879895,0.000361,0.001097,0.001923,0.000176,0.000337,0.001413,0.000008,0.000000,0.007416,0.001358,2.494000,0.006666,0.000000,0.000000,0.000045,0,0
277500000000,277800000000,6283499093,287,3938879895,0.000354,0.001093,0.001923,0.000175,0.000323,0.001377,0.000010,0.000000,0.004707,0.001429,2.541000,0.007028,0.000000,0.000000,0.000200,0,0
277800000000,277909000000,6283499093,287,3938879895,0.000644,0.001122,0.001925,0.000175,0.000349,0.001440,0.000105,0.000000,0.032590,0.007072,2.555000,0.007204,0.000000,0.000000,0.000644,0,0
277909000000,277921000000,6283499093,287,3938879895,0.000261,0.000000,0.000000,0.000000,0.000000,0.000000,0.000059,0.000000,0.003132,0.000714,2.545000,0.006923,0.000000,0.000000,0.000000,0,0
277921000000,277922000000,6283499093,287,3938879895,0.000000,0.000000,0.000000,0.000000,0.000000,0.000000,0.000000,0.000000,0.000000,0.000000,2.545000,0.006923,0.000000,0.000000,0.000000,0,0
