272496000000,272535000000,6283499093,288,3498074162,0.000000,0.000000,0.000000,0.000000,0.000000,0.000000,0.000077,0.000000,0.000000,0.002071,0.000000,0.000000,0.000000,0.000000,0.000000,0,0
272535000000,272700000000,6283499093,288,3498074162,0.000650,0.000986,0.001925,0.000010,0.000116,0.001331,0.000025,0.000000,0.027160,0.002785,2.648000,0.007800,0.000000,0.000000,0.000426,0,0
272700000000,273000000000,6283499093,288,3498074162,0.000476,0.001001,0.001925,0.000009,0.000098,0.001341,0.000009,0.000000,0.024440,0.001286,2.255000,0.006196,0.000000,0.000000,0.000329,0,0
273000000000,273300000000,6283499093,288,3498074162,0.000427,0.001015,0.001925,0.000009,0.000107,0.001293,0.000001,0.000000,0.004463,0.000143,2.976000,0.009476,0.000000,0.000000,0.000236,0,0
273300000000,273600000000,6283499093,288,3498074162,0.000323,0.001007,0.001926,0.000009,0.000098,0.001232,0.000000,0.000000,0.004166,0.000000,2.422000,0.006837,0.000000,0.000000,0.000128,0,0
273600000000,273900000000,6283499093,288,3498074162,0.000300,0.000994,0.001926,0.000009,0.000085,0.001179,0.000002,0.000000,0.005135,0.000571,2.485000,0.007014,0.000000,0.000000,0.000079,0,0
273900000000,274200000000,6283499093,288,3498074162,0.000309,0.000982,0.001925,0.000009,0.000072,0.001135,0.000001,0.000000,0.001253,0.000357,2.252000,0.005968,0.000000,0.000000,0.000088,0,0
274200000000,274500000000,6283499093,288,3498074162,0.000290,0.000969,0.001926,0.000009,0.000058,0.001106,0.000007,0.000000,0.004738,0.001429,2.626000,0.007380,0.000000,0.000000,0.000643,0,0
274500000000,274800000000,6283499093,288,3498074162,0.000310,0.000955,0.001926,0.000009,0.000043,0.001066,0.000000,0.000000,0.004608,0.000072,2.168000,0.005569,0.000000,0.000000,0.000195,0,0
274800000000,275100000000,6283499093,288,3498074162,0.000326,0.000940,0.001926,0.000010,0.000028,0.001007,0.000004,0.000000,0.004211,0.001072,2.336000,0.006239,0.000000,0.000000,0.000256,0,0
275100000000,275400000000,6283499093,288,3498074162,0.000340,0.000943,0.001925,0.000010,0.000028,0.000982,0.000006,0.000000,0.003815,0.001072,2.887000,0.008604,0.000000,0.000000,0.000278,0,0
275400000000,275700000000,6283499093,288,3498074162,0.000522,0.001122,0.001923,0.000014,0.000158,0.001482,0.000047,0.000000,0.012410,0.012070,3.096000,0.009799,0.000000,0.000000,0.000754,0,0
275700000000,276000000000,6283499093,288,3498074162,0.000443,0.001169,0.001923,0.000014,0.000190,0.001463,0.000004,0.000000,0.004448,0.001143,3.325000,0.011010,0.000000,0.000000,0.000585,0,0
276000000000,276300000000,6283499093,288,3498074162,0.000437,0.001228,0.001921,0.000014,0.000239,0.001471,0.000011,0.000000,0.005920,0.002644,3.209000,0.010320,0.000000,0.000000,0.000235,0,0
276300000000,276600000000,6283499093,288,3498074162,0.000399,0.001268,0.001925,0.000013,0.000277,0.001474,0.000005,0.000000,0.005562,0.000786,2.965000,0.009090,0.000000,0.000000,0.000556,0,0
276600000000,276900000000,6283499093,288,3498074162,0.000346,0.001171,0.001925,0.000013,0.000180,0.001471,0.000009,0.000000,0.005875,0.001642,2.984000,0.009024,0.000000,0.000000,0.000208,0,0
276900000000,277200000000,6283499093,288,3498074162,0.000323,0.001217,0.001921,0.000013,0.000223,0.001471,0.000000,0.000000,0.007347,0.000000,2.562000,0.007187,0.000000,0.000000,0.000191,0,0
277200000000,277500000000,6283499093,288,3498074162,0.000355,0.001169,0.001923,0.000013,0.000163,0.001488,0.000013,0.000000,0.006561,0.002285,2.453000,0.006836,0.000000,0.000000,0.000110,0,0
277500000000,277800000000,6283499093,288,3498074162,0.000351,0.001106,0.001923,0.000013,0.000113,0.001467,0.000021,0.000000,0.004730,0.002930,2.547000,0.007243,0.000000,0.000000,0.000106,0,0
277800000000,278100000000,6283499093,288,3498074162,0.000351,0.001200,0.001923,0.000013,0.000201,0.001482,0.000031,0.000000,0.004936,0.004356,2.333000,0.006475,0.000000,0.000000,0.000153,0,0
278100000000,278400000000,6283499093,288,3498074162,0.000341,0.001131,0.001925,0.000013,0.000133,0.001480,0.000025,0.000000,0.004745,0.002857,2.434000,0.006704,0.000000,0.000000,0.000660,0,0
278400000000,278700000000,6283499093,288,3498074162,0.000382,0.001255,0.001923,0.000015,0.000240,0.001488,0.000040,0.000000,0.007263,0.010070,2.377000,0.006757,0.000000,0.000000,0.000213,0,0
278700000000,279000000000,6283499093,288,3498074162,0.000375,0.001183,0.001923,0.000023,0.000170,0.001482,0.000014,0.000000,0.005486,0.001286,2.569000,0.007735,0.000000,0.000000,0.000531,0,0
279000000000,279300000000,6283499093,288,3498074162,0.000355,0.001177,0.001923,0.000023,0.000164,0.001482,0.000010,0.000000,0.004326,0.001572,2.417000,0.006605,0.000000,0.000000,0.000165,0,0
279300000000,279600000000,6283499093,288,3498074162,0.000331,0.001116,0.001925,0.000023,0.000104,0.001469,0.000019,0.000000,0.005013,0.002499,2.405000,0.006636,0.000000,0.000000,0.000088,0,0
279600000000,279900000000,6283499093,288,3498074162,0.000344,0.001240,0.001926,0.000023,0.000229,0.001480,0.000047,0.000000,0.005135,0.009933,2.214000,0.006051,0.000000,0.000000,0.005135,0,0
279900000000,280129000000,6283499093,288,3498074162,0.001154,0.001240,0.001925,0.000044,0.000196,0.001465,0.000133,0.000000,0.039860,0.019070,1.546000,0.003543,0.000000,0.000000,0.000559,0,0
280129000000,280143000000,6283499093,288,3498074162,0.000228,0.000000,0.000000,0.000000,0.000000,0.000000,0.000153,0.000000,0.003193,0.002144,0.732300,0.000749,0.000000,0.000000,0.000000,0,0
280143000000,280144000000,6283499093,288,3498074162,0.000000,0.000000,0.000000,0.000000,0.000000,0.000000,0.000000,0.000000,0.000000,0.000000,0.732300,0.000749,0.000000,0.000000,0.000000,0,0
