272495000000,272545000000,6283499093,289,778700158,0.000000,0.000000,0.000000,0.000000,0.000000,0.000000,0.000000,0.000000,0.000000,0.000000,0.000000,0.000000,0.000000,0.000000,0.000000,1,0
272545000000,272546000000,6283499093,289,778700158,0.000000,0.000000,0.000000,0.000000,0.000000,0.000000,0.000000,0.000000,0.000000,0.000000,0.000000,0.000000,0.000000,0.000000,0.000000,0,0
273086000000,273102000000,6283499093,289,317483691,0.000000,0.000000,0.000000,0.000000,0.000000,0.000000,0.000000,0.000000,0.000000,0.000000,0.000000,0.000000,0.000000,0.000000,0.000000,2,0
273102000000,273103000000,6283499093,289,317483691,0.000000,0.000000,0.000000,0.000000,0.000000,0.000000,0.000000,0.000000,0.000000,0.000000,0.000000,0.000000,0.000000,0.000000,0.000000,0,0
273118000000,273300000000,6283499093,289,317483691,0.000512,0.001087,0.001921,0.000004,0.000207,0.001339,0.000038,0.000000,0.020200,0.004570,3.217000,0.010970,0.000000,0.000000,0.000210,0,0
273300000000,273600000000,6283499093,289,317483691,0.000331,0.001127,0.001921,0.000001,0.000236,0.001335,0.000000,0.000000,0.004097,0.000000,2.650000,0.008297,0.000000,0.000000,0.000093,0,0
273600000000,273900000000,6283499093,289,317483691,0.000391,0.001192,0.001923,0.000001,0.000284,0.001356,0.000003,0.000000,0.004654,0.000643,2.524000,0.007643,0.000000,0.000000,0.000197,0,0
273900000000,274200000000,6283499093,289,317483691,0.000344,0.001251,0.001925,0.000001,0.000337,0.001360,0.000001,0.000000,0.004845,0.000143,2.501000,0.007774,0.000000,0.000000,0.004845,0,0
274200000000,274500000000,6283499093,289,317483691,0.000349,0.001314,0.001926,0.000001,0.000397,0.001366,0.000001,0.000000,0.004654,0.000143,2.269000,0.006132,0.000000,0.000000,0.000436,0,0
274500000000,274800000000,6283499093,289,317483691,0.000332,0.000978,0.001919,0.000001,0.000058,0.001366,0.000000,0.000000,0.004662,0.000000,3.043000,0.009697,0.000000,0.000000,0.000270,0,0
274800000000,275100000000,6283499093,289,317483691,0.000359,0.001055,0.001919,0.000001,0.000133,0.001366,0.000003,0.000000,0.007347,0.000571,2.781000,0.008707,0.000000,0.000000,0.000534,0,0
275100000000,275400000000,6283499093,289,317483691,0.000359,0.001122,0.001923,0.000001,0.000200,0.001368,0.000003,0.000000,0.004066,0.000500,2.767000,0.008505,0.000000,0.000000,0.000579,0,0
275400000000,275700000000,6283499093,289,317483691,0.000333,0.001055,0.001923,0.000001,0.000133,0.001368,0.000000,0.000000,0.004807,0.000072,2.738000,0.008360,0.000000,0.000000,0.000084,0,0
275700000000,276000000000,6283499093,289,317483691,0.000318,0.001165,0.001923,0.000001,0.000242,0.001371,0.000006,0.000000,0.004822,0.001143,2.161000,0.005698,0.000000,0.000000,0.000230,0,0
276000000000,276300000000,6283499093,289,317483691,0.000383,0.001270,0.001925,0.000001,0.000330,0.001392,0.000001,0.000000,0.005722,0.000143,2.968000,0.009600,0.000000,0.000000,0.000160,0,0
276300000000,276600000000,6283499093,289,317483691,0.000352,0.001049,0.001919,0.000001,0.000102,0.001390,0.000001,0.000000,0.004456,0.000072,3.042000,0.009676,0.000000,0.000000,0.000191,0,0
276600000000,276900000000,6283499093,289,317483691,0.000338,0.001181,0.001921,0.000002,0.000234,0.001398,0.000001,0.000000,0.004730,0.000143,2.568000,0.007504,0.000000,0.000000,0.000282,0,0
276900000000,277200000000,6283499093,289,317483691,0.000498,0.001326,0.001925,0.000003,0.000334,0.001465,0.000012,0.000000,0.055850,0.001310,2.497000,0.007360,0.000000,0.000000,0.000428,0,0
277200000000,277500000000,6283499093,289,317483691,0.000379,0.001188,0.001923,0.000033,0.000195,0.001446,0.000350,0.000000,0.005653,0.040650,2.797000,0.009054,0.000000,0.000000,0.000539,0,0
277500000000,277800000000,6283499093,289,317483691,0.000345,0.001062,0.001925,0.000125,0.000175,0.001158,0.000194,0.000000,0.005890,0.022800,2.674000,0.008354,0.000000,0.000000,0.000240,0,0
277800000000,278100000000,6283499093,289,317483691,0.000362,0.001066,0.001928,0.000130,0.000205,0.001078,0.000031,0.000000,0.010120,0.006287,2.747000,0.008695,0.000000,0.000000,0.000650,0,0
278100000000,278400000000,6283499093,289,317483691,0.000373,0.001062,0.001928,0.000137,0.000216,0.001074,0.000022,0.000000,0.005180,0.004860,2.905000,0.009458,0.000000,0.000000,0.000173,0,0
278400000000,278700000000,6283499093,289,317483691,0.000428,0.001143,0.001928,0.000203,0.000325,0.001240,0.000254,0.000000,0.011440,0.038330,2.431000,0.007316,0.000000,0.000000,0.000148,0,0
278700000000,279000000000,6283499093,289,317483691,0.001390,0.000938,0.001925,0.000231,0.000375,0.001472,0.000102,0.000000,0.062260,0.014070,0.651800,0.000450,0.000000,0.000000,0.000274,0,0
279000000000,279080000000,6283499093,289,317483691,0.000487,0.000732,0.001926,0.000235,0.000382,0.000791,0.000551,0.000000,0.002514,0.023350,3.792000,0.014160,0.000000,0.000000,0.000375,0,0
279080000000,279095000000,6283499093,289,317483691,0.000166,0.000000,0.000000,0.000000,0.000000,0.000000,0.000133,0.000000,0.002495,0.001358,6.362000,0.025630,0.000000,0.000000,0.000000,0,0
279095000000,279096000000,6283499093,289,317483691,0.000000,0.000000,0.000000,0.000000,0.000000,0.000000,0.000000,0.000000,0.000000,0.000000,6.362000,0.025630,0.000000,0.000000,0.000000,0,0
