272499000000,272610000000,6283499093,29,38698948,0.000000,0.000000,0.000000,0.000000,0.000000,0.000000,0.000000,0.000000,0.000000,0.000000,0.000000,0.000000,0.000000,0.000000,0.000000,0,0
272610000000,272700000000,6283499093,29,38698948,0.000618,0.001518,0.001812,0.000283,0.000700,0.001631,0.002499,0.000000,0.018650,0.055240,1.933000,0.005114,0.000000,0.000000,0.000320,0,0
272700000000,273000000000,6283499093,29,38698948,0.000284,0.001038,0.001814,0.000297,0.000740,0.001463,0.000012,0.000000,0.004440,0.003571,2.348000,0.006525,0.000000,0.000000,0.000547,0,0
273000000000,273300000000,6283499093,29,38698948,0.000281,0.000959,0.001814,0.000292,0.000735,0.000972,0.000007,0.000000,0.004066,0.001499,1.851000,0.004592,0.000000,0.000000,0.000632,0,0
273300000000,273600000000,6283499093,29,38698948,0.000260,0.000958,0.001814,0.000291,0.000735,0.000971,0.000000,0.000000,0.004128,0.000000,1.844000,0.004404,0.000000,0.000000,0.000070,0,0
273600000000,273900000000,6283499093,29,38698948,0.000263,0.000958,0.001814,0.000289,0.000733,0.000968,0.000000,0.000000,0.005852,0.000072,1.753000,0.004057,0.000000,0.000000,0.000053,0,0
273900000000,274200000000,6283499093,29,38698948,0.000254,0.000959,0.001814,0.000289,0.000733,0.000975,0.000000,0.000000,0.003452,0.000000,1.833000,0.004316,0.000000,0.000000,0.000142,0,0
274200000000,274500000000,6283499093,29,38698948,0.000287,0.000966,0.001814,0.000289,0.000733,0.000977,0.000003,0.000000,0.003716,0.000215,1.849000,0.004697,0.000000,0.000000,0.000152,0,0
274500000000,274800000000,6283499093,29,38698948,0.000454,0.000986,0.001814,0.000289,0.000733,0.001051,0.000006,0.000000,0.017700,0.001143,1.679000,0.003884,0.000000,0.000000,0.000070,0,0
274800000000,275100000000,6283499093,29,38698948,0.000306,0.001007,0.001814,0.000289,0.000733,0.001020,0.000000,0.000000,0.004005,0.000072,2.387000,0.007109,0.000000,0.000000,0.000130,0,0
275100000000,275400000000,6283499093,29,38698948,0.000298,0.000996,0.001814,0.000289,0.000733,0.000997,0.000000,0.000000,0.003647,0.000000,2.258000,0.006545,0.000000,0.000000,0.000095,0,0
275400000000,275700000000,6283499093,29,38698948,0.000287,0.001003,0.001814,0.000289,0.000733,0.001017,0.000000,0.000000,0.001295,0.000072,2.042000,0.005565,0.000000,0.000000,0.000271,0,0
275700000000,276000000000,6283499093,29,38698948,0.000305,0.000999,0.001814,0.000289,0.000733,0.001020,0.000000,0.000000,0.004135,0.000072,2.183000,0.006103,0.000000,0.000000,0.000528,0,0
276000000000,276300000000,6283499093,29,38698948,0.000290,0.001011,0.001814,0.000289,0.000733,0.001022,0.000007,0.000000,0.004082,0.001072,1.811000,0.004600,0.000000,0.000000,0.000171,0,0
276300000000,276600000000,6283499093,29,38698948,0.000361,0.001020,0.001814,0.000289,0.000733,0.001055,0.000006,0.000000,0.003899,0.000714,1.603000,0.003538,0.000000,0.000000,0.000117,0,0
276600000000,276900000000,6283499093,29,38698948,0.001213,0.001102,0.002064,0.000280,0.000730,0.001305,0.000091,0.000000,0.063230,0.007568,2.148000,0.006298,0.000000,0.000000,0.000126,0,0
276900000000,277200000000,6283499093,29,38698948,0.000376,0.001160,0.001810,0.000241,0.000706,0.001221,0.000001,0.000000,0.009659,0.000072,2.331000,0.006774,0.000000,0.000000,0.000192,0,0
277200000000,277500000000,6283499093,29,38698948,0.000341,0.001131,0.001812,0.000241,0.000706,0.001139,0.000002,0.000000,0.005150,0.000072,2.320000,0.006686,0.000000,0.000000,0.000186,0,0
277500000000,277800000000,6283499093,29,38698948,0.000342,0.001287,0.001810,0.000313,0.000583,0.001497,0.000419,0.000000,0.005051,0.042850,1.790000,0.004315,0.000000,0.000000,0.000289,0,0
277800000000,278019000000,6283499093,29,38698948,0.000362,0.001213,0.001806,0.000274,0.000439,0.001364,0.000125,0.000000,0.015610,0.014360,2.032000,0.005190,0.000000,0.000000,0.000472,0,0
278019000000,278035000000,6283499093,29,38698948,0.000157,0.000000,0.000000,0.000000,0.000000,0.000000,0.000188,0.000000,0.002514,0.002857,1.387000,0.002348,0.000000,0.000000,0.000000,0,0
278035000000,278037000000,6283499093,29,38698948,0.000000,0.000000,0.000000,0.000000,0.000000,0.000000,0.000000,0.000000,0.000000,0.000000,1.387000,0.002348,0.000000,0.000000,0.000000,0,0
