272506000000,272627000000,6283499093,290,351634534,0.000000,0.000000,0.000000,0.000000,0.000000,0.000000,0.000000,0.000000,0.000000,0.000000,0.000000,0.000000,0.000000,0.000000,0.000000,0,0
272627000000,272700000000,6283499093,290,351634534,0.000822,0.001553,0.001932,0.000369,0.000770,0.001745,0.003902,0.000000,0.015230,0.046140,4.160000,0.014600,0.000000,0.000000,0.000297,0,0
272700000000,273000000000,6283499093,290,351634534,0.000317,0.001116,0.001934,0.000385,0.000827,0.001709,0.000000,0.000000,0.004410,0.000072,2.639000,0.008295,0.000000,0.000000,0.000124,0,0
273000000000,273300000000,6283499093,290,351634534,0.000392,0.000994,0.001932,0.000382,0.000825,0.001003,0.000003,0.000000,0.004829,0.000643,2.840000,0.009315,0.000000,0.000000,0.000883,0,0
273300000000,273600000000,6283499093,290,351634534,0.000357,0.000982,0.001932,0.000380,0.000825,0.000996,0.000000,0.000000,0.004112,0.000000,2.706000,0.008794,0.000000,0.000000,0.000236,0,0
273600000000,273900000000,6283499093,290,351634534,0.000337,0.000990,0.001934,0.000380,0.000825,0.001001,0.000002,0.000000,0.004822,0.000643,2.530000,0.007854,0.000000,0.000000,0.000156,0,0
273900000000,274200000000,6283499093,290,351634534,0.000337,0.000996,0.001934,0.000380,0.000825,0.001005,0.000000,0.000000,0.004074,0.000072,2.533000,0.007776,0.000000,0.000000,0.000236,0,0
274200000000,274500000000,6283499093,290,351634534,0.000344,0.000992,0.001934,0.000380,0.000825,0.001028,0.000002,0.000000,0.005608,0.000286,2.635000,0.008159,0.000000,0.000000,0.000093,0,0
274500000000,274800000000,6283499093,290,351634534,0.000377,0.001024,0.001932,0.000380,0.000825,0.001032,0.000000,0.000000,0.004822,0.000072,3.134000,0.010470,0.000000,0.000000,0.000172,0,0
274800000000,275100000000,6283499093,290,351634534,0.000360,0.001009,0.001932,0.000380,0.000825,0.001013,0.000000,0.000000,0.005196,0.000072,3.136000,0.010410,0.000000,0.000000,0.000164,0,0
275100000000,275400000000,6283499093,290,351634534,0.000304,0.001013,0.001934,0.000380,0.000826,0.001015,0.000004,0.000000,0.004074,0.000857,2.889000,0.009170,0.000000,0.000000,0.000336,0,0
275400000000,275700000000,6283499093,290,351634534,0.000338,0.001034,0.001934,0.000380,0.000826,0.001045,0.000003,0.000000,0.024660,0.000643,2.706000,0.008075,0.000000,0.000000,0.000082,0,0
275700000000,276000000000,6283499093,290,351634534,0.001173,0.001186,0.002186,0.000341,0.000799,0.001263,0.000039,0.000000,0.043820,0.005569,1.096000,0.002299,0.000000,0.000000,0.000184,0,0
276000000000,276300000000,6283499093,290,351634534,0.000489,0.001165,0.001930,0.000318,0.000783,0.001181,0.000003,0.000000,0.004807,0.000571,3.425000,0.012150,0.000000,0.000000,0.000242,0,0
276300000000,276600000000,6283499093,290,351634534,0.000410,0.001160,0.001930,0.000315,0.000780,0.001169,0.000001,0.000000,0.005035,0.000072,3.662000,0.012790,0.000000,0.000000,0.000581,0,0
276600000000,276900000000,6283499093,290,351634534,0.000346,0.001173,0.001932,0.000315,0.000780,0.001179,0.000000,0.000000,0.005798,0.000072,2.876000,0.009164,0.000000,0.000000,0.000382,0,0
276900000000,277200000000,6283499093,290,351634534,0.000438,0.000924,0.001930,0.000314,0.000780,0.001181,0.000004,0.000000,0.005722,0.000999,3.942000,0.014110,0.000000,0.000000,0.000591,0,0
277200000000,277459000000,6283499093,290,351634534,0.000436,0.000735,0.001930,0.000316,0.000780,0.000754,0.000010,0.000000,0.004532,0.001215,4.322000,0.016180,0.000000,0.000000,0.000399,0,0
277459000000,277470000000,6283499093,290,351634534,0.000262,0.000000,0.000000,0.000000,0.000000,0.000000,0.000030,0.000000,0.002888,0.000286,3.583000,0.012670,0.000000,0.000000,0.000000,0,0
277470000000,277472000000,6283499093,290,351634534,0.000000,0.000000,0.000000,0.000000,0.000000,0.000000,0.000000,0.000000,0.000000,0.000000,3.583000,0.012670,0.000000,0.000000,0.000000,0,0
