272507000000,272638000000,6283499093,291,1274066,0.000000,0.000000,0.000000,0.000000,0.000000,0.000000,0.000000,0.000000,0.000000,0.000000,0.000000,0.000000,0.000000,0.000000,0.000000,0,0
272638000000,272700000000,6283499093,291,1274066,0.000980,0.001610,0.001928,0.000377,0.000791,0.001736,0.004112,0.000000,0.012660,0.067020,1.986000,0.004865,0.000000,0.000000,0.000636,0,0
272700000000,273000000000,6283499093,291,1274066,0.000360,0.001116,0.001930,0.000368,0.000811,0.001726,0.000000,0.000000,0.004295,0.000072,2.730000,0.008029,0.000000,0.000000,0.000400,0,0
273000000000,273300000000,6283499093,291,1274066,0.000354,0.000956,0.001930,0.000365,0.000808,0.000960,0.000001,0.000000,0.005020,0.000072,2.811000,0.008511,0.000000,0.000000,0.000248,0,0
273300000000,273600000000,6283499093,291,1274066,0.000322,0.000958,0.001930,0.000364,0.000808,0.000961,0.000000,0.000000,0.004669,0.000000,2.520000,0.007090,0.000000,0.000000,0.000258,0,0
273600000000,273900000000,6283499093,291,1274066,0.000320,0.000956,0.001930,0.000364,0.000808,0.000959,0.000000,0.000000,0.004639,0.000072,2.516000,0.007111,0.000000,0.000000,0.000107,0,0
273900000000,274200000000,6283499093,291,1274066,0.000343,0.000978,0.001932,0.000364,0.000808,0.000994,0.000000,0.000000,0.002899,0.000072,2.517000,0.007149,0.000000,0.000000,0.000263,0,0
274200000000,274500000000,6283499093,291,1274066,0.000346,0.000978,0.001932,0.000364,0.000808,0.000988,0.000005,0.000000,0.004395,0.001143,2.667000,0.007875,0.000000,0.000000,0.000682,0,0
274500000000,274800000000,6283499093,291,1274066,0.000339,0.000971,0.001932,0.000364,0.000808,0.000974,0.000000,0.000000,0.003674,0.000072,2.525000,0.007172,0.000000,0.000000,0.000195,0,0
274800000000,275100000000,6283499093,291,1274066,0.000321,0.000972,0.001932,0.000363,0.000808,0.000986,0.000000,0.000000,0.004112,0.000072,2.472000,0.006865,0.000000,0.000000,0.000419,0,0
275100000000,275400000000,6283499093,291,1274066,0.000340,0.000977,0.001932,0.000364,0.000808,0.000988,0.000001,0.000000,0.001545,0.000072,2.567000,0.007301,0.000000,0.000000,0.000195,0,0
275400000000,275700000000,6283499093,291,1274066,0.000341,0.000970,0.001932,0.000364,0.000808,0.000986,0.000001,0.000000,0.004539,0.000143,2.922000,0.008650,0.000000,0.000000,0.000137,0,0
275700000000,276000000000,6283499093,291,1274066,0.000354,0.000978,0.001934,0.000364,0.000808,0.000988,0.000004,0.000000,0.004410,0.000857,2.589000,0.007390,0.000000,0.000000,0.000268,0,0
276000000000,276300000000,6283499093,291,1274066,0.000349,0.000976,0.001934,0.000364,0.000808,0.000988,0.000001,0.000000,0.004265,0.000072,2.572000,0.007340,0.000000,0.000000,0.000135,0,0
276300000000,276600000000,6283499093,291,1274066,0.000314,0.000970,0.001934,0.000364,0.000809,0.000976,0.000002,0.000000,0.002876,0.000428,2.554000,0.007335,0.000000,0.000000,0.000252,0,0
276600000000,276900000000,6283499093,291,1274066,0.000347,0.000972,0.001934,0.000364,0.000809,0.001001,0.000003,0.000000,0.019680,0.000571,2.392000,0.006913,0.000000,0.000000,0.000141,0,0
276900000000,277200000000,6283499093,291,1274066,0.000354,0.000986,0.001934,0.000364,0.000809,0.001001,0.000000,0.000000,0.004539,0.000000,2.946000,0.009342,0.000000,0.000000,0.000534,0,0
277200000000,277500000000,6283499093,291,1274066,0.000348,0.000978,0.001934,0.000364,0.000809,0.000984,0.000007,0.000000,0.004387,0.000786,2.881000,0.008920,0.000000,0.000000,0.000431,0,0
277500000000,277800000000,6283499093,291,1274066,0.000310,0.000982,0.001934,0.000364,0.000809,0.000986,0.000010,0.000000,0.003967,0.000857,2.526000,0.007201,0.000000,0.000000,0.000187,0,0
277800000000,278100000000,6283499093,291,1274066,0.000317,0.000994,0.001934,0.000364,0.000809,0.001003,0.000005,0.000000,0.004349,0.000571,2.550000,0.007239,0.000000,0.000000,0.000185,0,0
278100000000,278400000000,6283499093,291,1274066,0.000390,0.001055,0.001930,0.000353,0.000811,0.001099,0.000014,0.000000,0.005852,0.001215,2.560000,0.007631,0.000000,0.000000,0.000106,0,0
278400000000,278589000000,6283499093,291,1274066,0.000782,0.001028,0.001930,0.000354,0.000811,0.001135,0.000010,0.000000,0.063960,0.000571,2.603000,0.007786,0.000000,0.000000,0.001043,0,0
278589000000,278613000000,6283499093,291,1274066,0.000115,0.000000,0.000000,0.000000,0.000000,0.000000,0.000069,0.000000,0.002762,0.001572,3.089000,0.009815,0.000000,0.000000,0.000000,0,0
278613000000,278614000000,6283499093,291,1274066,0.000000,0.000000,0.000000,0.000000,0.000000,0.000000,0.000000,0.000000,0.000000,0.000000,4.590000,0.016300,0.000000,0.000000,0.000000,0,0
