272507000000,272608000000,6283499093,292,1335149,0.000000,0.000000,0.000000,0.000000,0.000000,0.000000,0.000000,0.000000,0.000000,0.000000,0.000000,0.000000,0.000000,0.000000,0.000000,0,0
272608000000,272700000000,6283499093,292,1335149,0.000704,0.000942,0.001846,0.000105,0.000122,0.001062,0.000743,0.000000,0.014510,0.021420,1.225000,0.001768,0.000000,0.000000,0.000300,0,0
272700000000,273000000000,6283499093,292,1335149,0.000357,0.001127,0.001846,0.000113,0.000343,0.001368,0.000000,0.000000,0.004837,0.000000,2.526000,0.007885,0.000000,0.000000,0.000218,0,0
273000000000,273300000000,6283499093,292,1335149,0.000349,0.000920,0.001844,0.000113,0.000137,0.001085,0.000010,0.000000,0.004623,0.002144,2.424000,0.007345,0.000000,0.000000,0.000691,0,0
273300000000,273600000000,6283499093,292,1335149,0.000377,0.000962,0.001844,0.000115,0.000166,0.001171,0.000000,0.000000,0.004494,0.000072,2.586000,0.008024,0.000000,0.000000,0.000315,0,0
273600000000,273900000000,6283499093,292,1335149,0.000348,0.000965,0.001844,0.000115,0.000160,0.001146,0.000000,0.000000,0.003872,0.000143,2.568000,0.008088,0.000000,0.000000,0.000201,0,0
273900000000,274200000000,6283499093,292,1335149,0.000358,0.000977,0.001844,0.000115,0.000175,0.001234,0.000002,0.000000,0.004333,0.000215,1.904000,0.004979,0.000000,0.000000,0.000126,0,0
274200000000,274500000000,6283499093,292,1335149,0.000426,0.001019,0.001842,0.000113,0.000197,0.001392,0.000026,0.000000,0.005981,0.004143,1.621000,0.003971,0.000000,0.000000,0.000243,0,0
274500000000,274800000000,6283499093,292,1335149,0.000388,0.001009,0.001842,0.000112,0.000171,0.001301,0.000001,0.000000,0.004280,0.000143,2.830000,0.009493,0.000000,0.000000,0.000390,0,0
274800000000,275100000000,6283499093,292,1335149,0.000361,0.000976,0.001844,0.000108,0.000133,0.001156,0.000001,0.000000,0.003883,0.000143,2.382000,0.007166,0.000000,0.000000,0.000238,0,0
275100000000,275400000000,6283499093,292,1335149,0.000342,0.001328,0.001848,0.000109,0.000478,0.001404,0.000004,0.000000,0.004387,0.000714,2.336000,0.007050,0.000000,0.000000,0.000258,0,0
275400000000,275700000000,6283499093,292,1335149,0.000334,0.001350,0.001850,0.000108,0.000501,0.001404,0.000000,0.000000,0.004112,0.000072,2.360000,0.006994,0.000000,0.000000,0.000120,0,0
275700000000,276000000000,6283499093,292,1335149,0.000341,0.001308,0.001848,0.000108,0.000460,0.001406,0.000001,0.000000,0.004303,0.000143,2.127000,0.005547,0.000000,0.000000,0.000539,0,0
276000000000,276300000000,6283499093,292,1335149,0.000519,0.001278,0.001846,0.000110,0.000416,0.001530,0.000092,0.000000,0.024440,0.014430,2.115000,0.005611,0.000000,0.000000,0.004478,0,0
276300000000,276600000000,6283499093,292,1335149,0.000525,0.001257,0.001841,0.000124,0.000347,0.001530,0.000002,0.000000,0.005798,0.000215,3.675000,0.013010,0.000000,0.000000,0.000953,0,0
276600000000,276900000000,6283499093,292,1335149,0.000630,0.001259,0.001842,0.000124,0.000349,0.001509,0.000002,0.000000,0.005951,0.000215,2.173000,0.006149,0.000000,0.000000,0.000730,0,0
276900000000,277200000000,6283499093,292,1335149,0.000518,0.001251,0.001842,0.000124,0.000331,0.001511,0.000000,0.000000,0.004608,0.000072,3.401000,0.011940,0.000000,0.000000,0.000303,0,0
277200000000,277400000000,6283499093,292,1335149,0.000451,0.000860,0.001842,0.000118,0.000342,0.001303,0.000071,0.000000,0.001598,0.012860,3.574000,0.012200,0.000000,0.000000,0.000413,0,0
277400000000,277421000000,6283499093,292,1335149,0.000075,0.000000,0.000000,0.000000,0.000000,0.000000,0.000191,0.000000,0.001583,0.002930,3.208000,0.009972,0.000000,0.000000,0.000000,0,0
277421000000,277422000000,6283499093,292,1335149,0.000000,0.000000,0.000000,0.000000,0.000000,0.000000,0.000000,0.000000,0.000000,0.000000,3.208000,0.009972,0.000000,0.000000,0.000000,0,0
