272497000000,272608000000,6283499093,293,1921913216,0.000000,0.000000,0.000000,0.000000,0.000000,0.000000,0.000000,0.000000,0.000000,0.000000,0.000000,0.000000,0.000000,0.000000,0.000000,0,0
272608000000,272700000000,6283499093,293,1921913216,0.000833,0.001513,0.001930,0.000368,0.000787,0.001671,0.003223,0.000000,0.012470,0.048770,4.700000,0.015940,0.000000,0.000000,0.001326,0,0
272700000000,273000000000,6283499093,293,1921913216,0.000357,0.001003,0.001930,0.000370,0.000812,0.001465,0.000000,0.000000,0.004936,0.000143,2.924000,0.009202,0.000000,0.000000,0.000244,0,0
273000000000,273300000000,6283499093,293,1921913216,0.000356,0.000914,0.001930,0.000365,0.000810,0.000931,0.000001,0.000000,0.004784,0.000143,2.638000,0.007922,0.000000,0.000000,0.000237,0,0
273300000000,273600000000,6283499093,293,1921913216,0.000314,0.000912,0.001930,0.000365,0.000810,0.000927,0.000000,0.000000,0.005066,0.000072,2.601000,0.007516,0.000000,0.000000,0.000273,0,0
273600000000,273900000000,6283499093,293,1921913216,0.000426,0.000935,0.001930,0.000365,0.000810,0.000955,0.000000,0.000000,0.007378,0.000143,2.862000,0.008908,0.000000,0.000000,0.000140,0,0
273900000000,274200000000,6283499093,293,1921913216,0.000458,0.000951,0.001928,0.000365,0.000810,0.000960,0.000001,0.000000,0.007439,0.000215,3.232000,0.010630,0.000000,0.000000,0.000229,0,0
274200000000,274500000000,6283499093,293,1921913216,0.000395,0.000942,0.001930,0.000365,0.000810,0.000961,0.000005,0.000000,0.004135,0.001072,2.934000,0.009097,0.000000,0.000000,0.000186,0,0
274500000000,274800000000,6283499093,293,1921913216,0.000444,0.000988,0.001928,0.000367,0.000812,0.001022,0.000014,0.000000,0.011520,0.003716,2.897000,0.009010,0.000000,0.000000,0.000195,0,0
274800000000,275100000000,6283499093,293,1921913216,0.000392,0.000975,0.001928,0.000369,0.000814,0.000997,0.000000,0.000000,0.005379,0.000072,2.698000,0.008205,0.000000,0.000000,0.000553,0,0
275100000000,275400000000,6283499093,293,1921913216,0.000349,0.000982,0.001928,0.000367,0.000813,0.000997,0.000003,0.000000,0.002022,0.000428,2.498000,0.007363,0.000000,0.000000,0.000115,0,0
275400000000,275700000000,6283499093,293,1921913216,0.000334,0.000978,0.001930,0.000364,0.000811,0.000990,0.000002,0.000000,0.004196,0.000357,2.478000,0.007260,0.000000,0.000000,0.000117,0,0
275700000000,276000000000,6283499093,293,1921913216,0.000334,0.000980,0.001930,0.000364,0.000811,0.000992,0.000000,0.000000,0.004646,0.000072,2.476000,0.007262,0.000000,0.000000,0.000218,0,0
276000000000,276300000000,6283499093,293,1921913216,0.000338,0.000984,0.001930,0.000364,0.000811,0.000996,0.000005,0.000000,0.004692,0.000999,2.735000,0.008268,0.000000,0.000000,0.000161,0,0
276300000000,276600000000,6283499093,293,1921913216,0.000347,0.000990,0.001930,0.000364,0.000811,0.000996,0.000001,0.000000,0.003445,0.000072,2.429000,0.006950,0.000000,0.000000,0.000215,0,0
276600000000,276900000000,6283499093,293,1921913216,0.000335,0.000977,0.001930,0.000365,0.000811,0.000990,0.000000,0.000000,0.004692,0.000072,2.407000,0.006991,0.000000,0.000000,0.000450,0,0
276900000000,277200000000,6283499093,293,1921913216,0.000320,0.000975,0.001930,0.000365,0.000811,0.000977,0.000000,0.000000,0.004761,0.000000,2.425000,0.006906,0.000000,0.000000,0.000158,0,0
277200000000,277500000000,6283499093,293,1921913216,0.000318,0.000984,0.001930,0.000365,0.000811,0.000999,0.000006,0.000000,0.004349,0.000500,2.244000,0.006283,0.000000,0.000000,0.000267,0,0
277500000000,277800000000,6283499093,293,1921913216,0.000309,0.000980,0.001930,0.000365,0.000811,0.000986,0.000003,0.000000,0.004395,0.000143,2.221000,0.006127,0.000000,0.000000,0.000526,0,0
277800000000,278100000000,6283499093,293,1921913216,0.000332,0.000990,0.001930,0.000365,0.000811,0.001003,0.000010,0.000000,0.005623,0.002213,2.266000,0.006269,0.000000,0.000000,0.000173,0,0
278100000000,278400000000,6283499093,293,1921913216,0.000333,0.000978,0.001930,0.000365,0.000811,0.000980,0.000006,0.000000,0.004745,0.000428,2.386000,0.006829,0.000000,0.000000,0.000249,0,0
278400000000,278700000000,6283499093,293,1921913216,0.000325,0.000988,0.001930,0.000365,0.000811,0.000999,0.000010,0.000000,0.004074,0.001999,2.576000,0.007568,0.000000,0.000000,0.000564,0,0
278700000000,279000000000,6283499093,293,1921913216,0.000328,0.000988,0.001930,0.000365,0.000811,0.000999,0.000003,0.000000,0.005714,0.000215,2.370000,0.006689,0.000000,0.000000,0.000628,0,0
279000000000,279300000000,6283499093,293,1921913216,0.000327,0.000992,0.001930,0.000364,0.000811,0.000999,0.000008,0.000000,0.004547,0.001072,2.412000,0.007095,0.000000,0.000000,0.000131,0,0
279300000000,279600000000,6283499093,293,1921913216,0.000322,0.000980,0.001930,0.000363,0.000811,0.000984,0.000004,0.000000,0.005386,0.000286,2.403000,0.006911,0.000000,0.000000,0.000128,0,0
279600000000,279900000000,6283499093,293,1921913216,0.000476,0.001062,0.001928,0.000359,0.000812,0.001125,0.000012,0.000000,0.014050,0.001499,2.400000,0.007086,0.000000,0.000000,0.000107,0,0
279900000000,280200000000,6283499093,293,1921913216,0.000406,0.001060,0.001928,0.000352,0.000813,0.001106,0.000005,0.000000,0.004944,0.000357,2.743000,0.008701,0.000000,0.000000,0.000209,0,0
280200000000,280500000000,6283499093,293,1921913216,0.000366,0.001053,0.001928,0.000352,0.000813,0.001076,0.000001,0.000000,0.005928,0.000143,2.530000,0.007626,0.000000,0.000000,0.000572,0,0
280500000000,280739000000,6283499093,293,1921913216,0.000336,0.000709,0.001928,0.000354,0.000813,0.001051,0.000006,0.000000,0.004761,0.000786,2.267000,0.006334,0.000000,0.000000,0.000089,0,0
280739000000,280749000000,6283499093,293,1921913216,0.000289,0.000000,0.000000,0.000000,0.000000,0.000000,0.000121,0.000000,0.002888,0.001215,2.297000,0.006390,0.000000,0.000000,0.000000,0,0
280749000000,280750000000,6283499093,293,1921913216,0.000000,0.000000,0.000000,0.000000,0.000000,0.000000,0.000000,0.000000,0.000000,0.000000,2.297000,0.006390,0.000000,0.000000,0.000000,0,0
