272499000000,272611000000,6283499093,294,82771193,0.000000,0.000000,0.000000,0.000000,0.000000,0.000000,0.000000,0.000000,0.000000,0.000000,0.000000,0.000000,0.000000,0.000000,0.000000,0,0
272611000000,272700000000,6283499093,294,82771193,0.000738,0.001520,0.001909,0.000371,0.000769,0.001688,0.002949,0.000000,0.017610,0.057130,4.333000,0.016070,0.000000,0.000000,0.000618,0,0
272700000000,273000000000,6283499093,294,82771193,0.000377,0.001045,0.001913,0.000382,0.000812,0.001520,0.000000,0.000000,0.004112,0.000143,2.681000,0.008829,0.000000,0.000000,0.000623,0,0
273000000000,273300000000,6283499093,294,82771193,0.000371,0.000947,0.001917,0.000382,0.000812,0.000956,0.000001,0.000000,0.004730,0.000143,2.593000,0.008496,0.000000,0.000000,0.000793,0,0
273300000000,273600000000,6283499093,294,82771193,0.000314,0.000950,0.001919,0.000380,0.000810,0.000962,0.000000,0.000000,0.004211,0.000000,2.219000,0.006386,0.000000,0.000000,0.000080,0,0
273600000000,273900000000,6283499093,294,82771193,0.000340,0.000952,0.001921,0.000380,0.000810,0.000972,0.000001,0.000000,0.006310,0.000072,2.084000,0.005702,0.000000,0.000000,0.000379,0,0
273900000000,274200000000,6283499093,294,82771193,0.000325,0.000960,0.001921,0.000380,0.000810,0.000975,0.000010,0.000000,0.004440,0.002785,2.442000,0.007665,0.000000,0.000000,0.000152,0,0
274200000000,274500000000,6283499093,294,82771193,0.000331,0.000964,0.001923,0.000380,0.000810,0.000973,0.000008,0.000000,0.003784,0.001785,2.397000,0.007281,0.000000,0.000000,0.000138,0,0
274500000000,274800000000,6283499093,294,82771193,0.000309,0.000960,0.001923,0.000380,0.000810,0.000974,0.000000,0.000000,0.001139,0.000000,2.080000,0.005802,0.000000,0.000000,0.000118,0,0
274800000000,275100000000,6283499093,294,82771193,0.000382,0.000977,0.001928,0.000380,0.000810,0.000997,0.000004,0.000000,0.008728,0.000857,2.099000,0.005817,0.000000,0.000000,0.000156,0,0
275100000000,275400000000,6283499093,294,82771193,0.000364,0.000978,0.001928,0.000380,0.000811,0.000996,0.000001,0.000000,0.004272,0.000072,2.506000,0.007758,0.000000,0.000000,0.000350,0,0
275400000000,275700000000,6283499093,294,82771193,0.000391,0.001005,0.001928,0.000384,0.000815,0.001034,0.000020,0.000000,0.014560,0.005211,2.641000,0.008204,0.000000,0.000000,0.000489,0,0
275700000000,276000000000,6283499093,294,82771193,0.000335,0.000988,0.001928,0.000385,0.000817,0.001011,0.000001,0.000000,0.004860,0.000072,2.490000,0.007414,0.000000,0.000000,0.000251,0,0
276000000000,276300000000,6283499093,294,82771193,0.000329,0.001009,0.001928,0.000385,0.000817,0.001020,0.000006,0.000000,0.004662,0.001286,2.474000,0.007356,0.000000,0.000000,0.000673,0,0
276300000000,276600000000,6283499093,294,82771193,0.000341,0.001019,0.001928,0.000385,0.000817,0.001026,0.000001,0.000000,0.007446,0.000072,1.974000,0.005116,0.000000,0.000000,0.000138,0,0
276600000000,276900000000,6283499093,294,82771193,0.002529,0.001062,0.002056,0.000364,0.000797,0.001570,0.000013,0.000000,0.092040,0.001286,2.239000,0.006466,0.000000,0.000000,0.000055,0,0
276900000000,277200000000,6283499093,294,82771193,0.001104,0.001165,0.001926,0.000144,0.000580,0.001257,0.000008,0.000000,0.053770,0.000714,0.589700,0.000273,0.000000,0.000000,0.000136,0,0
277200000000,277500000000,6283499093,294,82771193,0.000363,0.001131,0.001928,0.000141,0.000577,0.001144,0.000011,0.000000,0.006187,0.000929,3.377000,0.012400,0.000000,0.000000,0.000678,0,0
277500000000,277800000000,6283499093,294,82771193,0.000285,0.001196,0.001925,0.000172,0.000380,0.001501,0.000244,0.000000,0.003010,0.023990,2.796000,0.009232,0.000000,0.000000,0.000196,0,0
277800000000,278100000000,6283499093,294,82771193,0.000305,0.001144,0.001928,0.000256,0.000345,0.001181,0.000065,0.000000,0.004684,0.013000,2.723000,0.008890,0.000000,0.000000,0.000567,0,0
278100000000,278400000000,6283499093,294,82771193,0.000284,0.001129,0.001928,0.000264,0.000366,0.001154,0.000020,0.000000,0.004753,0.002857,2.804000,0.008833,0.000000,0.000000,0.000126,0,0
278400000000,278630000000,6283499093,294,82771193,0.002918,0.001238,0.002094,0.000235,0.000340,0.001762,0.000303,0.000000,0.094970,0.022580,1.008000,0.001894,0.000000,0.000000,0.000079,0,0
278630000000,278643000000,6283499093,294,82771193,0.000196,0.000000,0.000000,0.000000,0.000000,0.000000,0.000143,0.000000,0.002537,0.001642,0.701500,0.000680,0.000000,0.000000,0.000000,0,0
278643000000,278645000000,6283499093,294,82771193,0.000000,0.000000,0.000000,0.000000,0.000000,0.000000,0.000000,0.000000,0.000000,0.000000,0.701500,0.000680,0.000000,0.000000,0.000000,0,0
