272503000000,272578000000,6283499093,295,257502163,0.000000,0.000000,0.000000,0.000000,0.000000,0.000000,0.000000,0.000000,0.000000,0.000000,0.000000,0.000000,0.000000,0.000000,0.000000,0,0
272578000000,272700000000,6283499093,295,257502163,0.000634,0.001516,0.001925,0.000365,0.000746,0.001701,0.001642,0.000000,0.014880,0.066890,2.455000,0.007390,0.000000,0.000000,0.000000,0,0
272700000000,273000000000,6283499093,295,257502163,0.000409,0.001247,0.001923,0.000368,0.000713,0.001364,0.000001,0.000000,0.004646,0.000143,2.299000,0.006439,0.000000,0.000000,0.000147,0,0
273000000000,273300000000,6283499093,295,257502163,0.000406,0.001223,0.001921,0.000367,0.000643,0.001402,0.000001,0.000000,0.007057,0.000143,2.845000,0.008876,0.000000,0.000000,0.000168,0,0
273300000000,273600000000,6283499093,295,257502163,0.003265,0.001350,0.002159,0.000228,0.000417,0.001820,0.000010,0.000000,0.076900,0.000999,0.624100,0.000330,0.000000,0.000000,0.000225,0,0
273600000000,273900000000,6283499093,295,257502163,0.003014,0.001373,0.002045,0.000162,0.000363,0.001875,0.000086,0.000000,0.081790,0.020200,2.291000,0.006538,0.000000,0.000000,0.000470,0,0
273900000000,274200000000,6283499093,295,257502163,0.000549,0.001360,0.001917,0.000105,0.000292,0.001667,0.000004,0.000000,0.004700,0.000929,3.649000,0.013060,0.000000,0.000000,0.000409,0,0
274200000000,274500000000,6283499093,295,257502163,0.000491,0.001383,0.001919,0.000102,0.000321,0.001629,0.000001,0.000000,0.005249,0.000286,3.591000,0.012720,0.000000,0.000000,0.000633,0,0
274500000000,274800000000,6283499093,295,257502163,0.000359,0.001358,0.001921,0.000102,0.000296,0.001644,0.000000,0.000000,0.004562,0.000143,2.332000,0.006610,0.000000,0.000000,0.000430,0,0
274800000000,275100000000,6283499093,295,257502163,0.003586,0.001497,0.001968,0.000064,0.000278,0.001923,0.000005,0.000000,0.100600,0.000286,0.582200,0.000204,0.000000,0.000000,0.000568,0,0
275100000000,275400000000,6283499093,295,257502163,0.000440,0.001488,0.001930,0.000006,0.000208,0.001757,0.000002,0.000001,0.005127,0.000215,3.041000,0.009915,0.000000,0.000000,0.000408,0,0
275400000000,275700000000,6283499093,295,257502163,0.000410,0.001474,0.001930,0.000003,0.000204,0.001743,0.000004,0.000001,0.004814,0.000643,3.186000,0.010700,0.000000,0.000000,0.000711,0,0
275700000000,276000000000,6283499093,295,257502163,0.001530,0.001490,0.001932,0.000005,0.000214,0.001902,0.000002,0.000001,0.070310,0.000215,2.381000,0.006933,0.000000,0.000000,0.000125,0,0
276000000000,276300000000,6283499093,295,257502163,0.000668,0.001482,0.001930,0.000010,0.000207,0.001793,0.000022,0.000001,0.062870,0.005432,1.113000,0.002329,0.000000,0.000000,0.000287,0,0
276300000000,276600000000,6283499093,295,257502163,0.000485,0.001474,0.001930,0.000007,0.000216,0.001736,0.000001,0.000001,0.004814,0.000072,2.375000,0.006878,0.000000,0.000000,0.000287,0,0
276600000000,276900000000,6283499093,295,257502163,0.000402,0.001440,0.001930,0.000006,0.000196,0.001717,0.000000,0.000001,0.004456,0.000072,2.123000,0.005536,0.000000,0.000000,0.000179,0,0
276900000000,277200000000,6283499093,295,257502163,0.000380,0.001472,0.001930,0.000006,0.000226,0.001720,0.000000,0.000001,0.015080,0.000072,2.607000,0.007891,0.000000,0.000000,0.000360,0,0
277200000000,277500000000,6283499093,295,257502163,0.000434,0.001459,0.001930,0.000007,0.000215,0.001722,0.000029,0.000001,0.011990,0.007858,2.178000,0.005799,0.000000,0.000000,0.000320,0,0
277500000000,277800000000,6283499093,295,257502163,0.000434,0.001320,0.001932,0.000065,0.000140,0.001541,0.000176,0.000001,0.005989,0.028780,2.882000,0.008998,0.000000,0.000000,0.000317,0,0
277800000000,278079000000,6283499093,295,257502163,0.000505,0.001312,0.001932,0.000120,0.000201,0.001402,0.000293,0.000001,0.017760,0.039980,3.423000,0.011380,0.000000,0.000000,0.000100,0,0
278079000000,278090000000,6283499093,295,257502163,0.000252,0.000000,0.000000,0.000000,0.000000,0.000000,0.000019,0.000001,0.002769,0.000143,2.530000,0.007678,0.000000,0.000000,0.000000,0,0
278090000000,278091000000,6283499093,295,257502163,0.000000,0.000000,0.000000,0.000000,0.000000,0.000000,0.000000,0.000001,0.000000,0.000000,2.530000,0.007678,0.000000,0.000000,0.000000,0,0
278091000000,278100000000,6283499093,295,257502163,0.000000,0.000000,0.000000,0.000000,0.000000,0.000000,0.000000,0.000001,0.000000,0.000000,0.000000,0.000000,0.000000,0.000000,0.000000,0,0
