272505000000,272616000000,6283499093,296,317477914,0.000000,0.000000,0.000000,0.000000,0.000000,0.000000,0.000000,0.000000,0.000000,0.000000,0.000000,0.000000,0.000000,0.000000,0.000000,0,0
272616000000,272700000000,6283499093,296,317477914,0.000750,0.001486,0.001932,0.000289,0.000705,0.001589,0.001528,0.000000,0.016970,0.037230,4.377000,0.014100,0.000000,0.000000,0.000189,0,0
272700000000,273000000000,6283499093,296,317477914,0.000308,0.000999,0.001934,0.000292,0.000734,0.001432,0.000000,0.000000,0.011610,0.000072,3.571000,0.010960,0.000000,0.000000,0.000586,0,0
273000000000,273300000000,6283499093,296,317477914,0.000327,0.000925,0.001934,0.000283,0.000727,0.000953,0.000014,0.000000,0.005989,0.002644,3.154000,0.009270,0.000000,0.000000,0.000714,0,0
273300000000,273600000000,6283499093,296,317477914,0.000298,0.000929,0.001934,0.000280,0.000725,0.000947,0.000000,0.000000,0.001150,0.000000,3.729000,0.011210,0.000000,0.000000,0.000129,0,0
273600000000,273900000000,6283499093,296,317477914,0.000322,0.000938,0.001934,0.000280,0.000725,0.000950,0.000003,0.000000,0.005692,0.000643,2.780000,0.007835,0.000000,0.000000,0.000310,0,0
273900000000,274200000000,6283499093,296,317477914,0.000380,0.000945,0.001934,0.000280,0.000724,0.000965,0.000005,0.000000,0.004677,0.001286,3.429000,0.010400,0.000000,0.000000,0.000235,0,0
274200000000,274500000000,6283499093,296,317477914,0.003693,0.001125,0.002186,0.000248,0.000698,0.001600,0.000066,0.000000,0.074220,0.011350,0.909200,0.001045,0.000000,0.000000,0.000606,0,0
274500000000,274800000000,6283499093,296,317477914,0.013520,0.001472,0.002041,0.000017,0.000360,0.001736,0.000021,0.000000,0.109600,0.002499,0.853300,0.000358,0.000000,0.000000,0.000839,0,0
274800000000,275100000000,6283499093,296,317477914,0.003613,0.001438,0.001926,0.000011,0.000339,0.001526,0.000012,0.000000,0.058590,0.001072,1.058000,0.000389,0.000000,0.000000,0.000143,0,0
275100000000,275400000000,6283499093,296,317477914,0.006004,0.001423,0.001928,0.000008,0.000335,0.001482,0.000021,0.000000,0.061220,0.003216,1.246000,0.000296,0.000000,0.000000,0.000368,0,0
275400000000,275700000000,6283499093,296,317477914,0.001171,0.001406,0.001930,0.000011,0.000340,0.001467,0.000006,0.000000,0.058170,0.000428,0.949100,0.001422,0.000000,0.000000,0.000259,0,0
275700000000,276000000000,6283499093,296,317477914,0.009964,0.001469,0.001991,0.000012,0.000336,0.002274,0.000028,0.000000,0.071170,0.001429,0.973900,0.000239,0.000000,0.000000,0.056640,0,0
276000000000,276300000000,6283499093,296,317477914,0.012830,0.001837,0.002533,0.000017,0.000207,0.003014,0.000037,0.000000,0.087040,0.005501,0.736300,0.000251,0.000000,0.000000,0.015500,0,0
276300000000,276600000000,6283499093,296,317477914,0.002827,0.001511,0.001930,0.000028,0.000213,0.001720,0.000010,0.000000,0.054320,0.001072,0.621300,0.000323,0.000000,0.000000,0.000456,0,0
276600000000,276900000000,6283499093,296,317477914,0.005928,0.001543,0.001928,0.000024,0.000210,0.001753,0.000017,0.000000,0.088260,0.001286,0.638900,0.000258,0.000000,0.000000,0.022000,0,0
276900000000,277200000000,6283499093,296,317477914,0.005074,0.001532,0.001928,0.000019,0.000205,0.001585,0.000016,0.000001,0.057560,0.002213,1.015000,0.000445,0.000000,0.000000,0.000822,0,0
277200000000,277500000000,6283499093,296,317477914,0.013440,0.001575,0.001925,0.000020,0.000206,0.001673,0.000037,0.000001,0.089480,0.002930,1.044000,0.000324,0.000000,0.000000,0.048160,0,0
277500000000,277800000000,6283499093,296,317477914,0.010480,0.001543,0.001926,0.000023,0.000209,0.001785,0.000020,0.000001,0.094850,0.001072,0.908700,0.000253,0.000000,0.000000,0.000152,0,0
277800000000,278100000000,6283499093,296,317477914,0.000335,0.001474,0.001932,0.000032,0.000219,0.001514,0.000048,0.000001,0.006248,0.012500,3.120000,0.008973,0.000000,0.000000,0.000751,0,0
278100000000,278400000000,6283499093,296,317477914,0.002552,0.001486,0.001925,0.000031,0.000104,0.001709,0.000019,0.000001,0.062320,0.001215,0.698900,0.000568,0.000000,0.000000,0.000818,0,0
278400000000,278700000000,6283499093,296,317477914,0.001009,0.001472,0.001925,0.000030,0.000111,0.001593,0.000011,0.000001,0.058410,0.001215,1.076000,0.001750,0.000000,0.000000,0.000268,0,0
278700000000,279000000000,6283499093,296,317477914,0.000340,0.001451,0.001925,0.000029,0.000112,0.001560,0.000005,0.000001,0.007103,0.000500,3.156000,0.009278,0.000000,0.000000,0.000679,0,0
279000000000,279300000000,6283499093,296,317477914,0.001814,0.001459,0.001926,0.000030,0.000108,0.001705,0.000013,0.000001,0.072140,0.001215,2.083000,0.004935,0.000000,0.000000,0.000722,0,0
279300000000,279389000000,6283499093,296,317477914,0.001568,0.001497,0.001926,0.000039,0.000118,0.001623,0.000010,0.000001,0.052370,0.000428,0.736600,0.000613,0.000000,0.000000,0.000453,0,0
279389000000,279400000000,6283499093,296,317477914,0.000337,0.000000,0.000000,0.000000,0.000000,0.000000,0.000195,0.000001,0.003700,0.001642,1.261000,0.002007,0.000000,0.000000,0.000000,0,0
279400000000,279401000000,6283499093,296,317477914,0.000000,0.000000,0.000000,0.000000,0.000000,0.000000,0.000000,0.000001,0.000000,0.000000,2.050000,0.004031,0.000000,0.000000,0.000000,0,0
