272502000000,272634000000,6283499093,297,400946071,0.000000,0.000000,0.000000,0.000000,0.000000,0.000000,0.000000,0.000000,0.000000,0.000000,0.000000,0.000000,0.000000,0.000000,0.000000,0,0
272634000000,272700000000,6283499093,297,400946071,0.000874,0.001534,0.001928,0.000363,0.000766,0.001703,0.003944,0.000000,0.012160,0.043880,2.442000,0.007626,0.000000,0.000000,0.000157,0,0
272700000000,273000000000,6283499093,297,400946071,0.000390,0.001101,0.001928,0.000382,0.000825,0.001701,0.000001,0.000000,0.003899,0.000072,2.406000,0.007460,0.000000,0.000000,0.000213,0,0
273000000000,273300000000,6283499093,297,400946071,0.000402,0.000950,0.001928,0.000382,0.000825,0.000963,0.000001,0.000000,0.004677,0.000072,2.938000,0.009954,0.000000,0.000000,0.000178,0,0
273300000000,273600000000,6283499093,297,400946071,0.000350,0.000953,0.001930,0.000380,0.000825,0.000958,0.000000,0.000000,0.004639,0.000072,2.616000,0.008345,0.000000,0.000000,0.000351,0,0
273600000000,273875000000,6283499093,297,400946071,0.000331,0.000950,0.001930,0.000380,0.000825,0.000967,0.000000,0.000000,0.004379,0.000000,2.541000,0.007761,0.000000,0.000000,0.000232,0,0
273875000000,273877000000,6283499093,297,400946071,0.000175,0.000966,0.001930,0.000643,0.000865,0.000966,0.009033,0.000000,0.000584,0.017910,3.855000,0.013380,0.000000,0.000000,0.000584,0,0
273877000000,273891000000,6283499093,297,400946071,0.001036,0.000000,0.000000,0.000000,0.000000,0.000000,0.000056,0.000000,0.014500,0.000643,3.855000,0.013380,0.000000,0.000000,0.000000,1,0
273891000000,273892000000,6283499093,297,400946071,0.000000,0.000000,0.000000,0.000000,0.000000,0.000000,0.000000,0.000000,0.000000,0.000000,3.855000,0.013380,0.000000,0.000000,0.000000,0,0
275176000000,275302000000,6283499093,297,431035687,0.000000,0.000000,0.000000,0.000000,0.000000,0.000000,0.000000,0.000000,0.000000,0.000000,0.000000,0.000000,0.000000,0.000000,0.000000,1,0
275302000000,275400000000,6283499093,297,431035687,0.000637,0.000965,0.001833,0.000003,0.000076,0.001371,0.000089,0.000000,0.014970,0.002857,2.575000,0.007087,0.000000,0.000000,0.000000,0,0
275400000000,275700000000,6283499093,297,431035687,0.000350,0.001001,0.001892,0.000004,0.000028,0.001152,0.000001,0.000000,0.004532,0.000072,2.037000,0.004979,0.000000,0.000000,0.000332,0,0
275700000000,276000000000,6283499093,297,431035687,0.000347,0.001009,0.001915,0.000002,0.000031,0.001146,0.000001,0.000000,0.004333,0.000143,2.474000,0.006798,0.000000,0.000000,0.000204,0,0
276000000000,276300000000,6283499093,297,431035687,0.000370,0.001022,0.001917,0.000001,0.000045,0.001423,0.000001,0.000000,0.009705,0.000143,2.609000,0.007180,0.000000,0.000000,0.000641,0,0
276300000000,276600000000,6283499093,297,431035687,0.000355,0.001242,0.001919,0.000001,0.000262,0.001427,0.000005,0.000000,0.004265,0.000714,2.557000,0.007317,0.000000,0.000000,0.000363,0,0
276600000000,276900000000,6283499093,297,431035687,0.000359,0.001194,0.001919,0.000001,0.000215,0.001425,0.000001,0.000000,0.007637,0.000072,2.180000,0.005547,0.000000,0.000000,0.000119,0,0
276900000000,277200000000,6283499093,297,431035687,0.000349,0.001175,0.001919,0.000001,0.000200,0.001421,0.000002,0.000000,0.005280,0.000072,2.485000,0.007011,0.000000,0.000000,0.000216,0,0
277200000000,277500000000,6283499093,297,431035687,0.000328,0.001192,0.001919,0.000001,0.000217,0.001421,0.000002,0.000000,0.004387,0.000072,2.378000,0.006390,0.000000,0.000000,0.000347,0,0
277500000000,277800000000,6283499093,297,431035687,0.000334,0.001232,0.001921,0.000001,0.000258,0.001423,0.000003,0.000000,0.004654,0.000143,2.622000,0.007356,0.000000,0.000000,0.000273,0,0
277800000000,278100000000,6283499093,297,431035687,0.000346,0.001194,0.001919,0.000001,0.000215,0.001425,0.000004,0.000000,0.004631,0.000143,2.431000,0.006839,0.000000,0.000000,0.003975,0,0
278100000000,278400000000,6283499093,297,431035687,0.000332,0.001205,0.001921,0.000001,0.000226,0.001425,0.000007,0.000000,0.004822,0.001072,2.569000,0.007110,0.000000,0.000000,0.001270,0,0
278400000000,278700000000,6283499093,297,431035687,0.000403,0.001215,0.001919,0.000002,0.000203,0.001482,0.000004,0.000000,0.005508,0.000286,2.700000,0.007541,0.000000,0.000000,0.000123,0,0
278700000000,279000000000,6283499093,297,431035687,0.000406,0.001217,0.001917,0.000002,0.000197,0.001480,0.000003,0.000000,0.005577,0.000286,2.971000,0.009223,0.000000,0.000000,0.000303,0,0
279000000000,279300000000,6283499093,297,431035687,0.000382,0.001125,0.001917,0.000002,0.000104,0.001482,0.000003,0.000000,0.005142,0.000357,2.637000,0.007774,0.000000,0.000000,0.000323,0,0
279300000000,279600000000,6283499093,297,431035687,0.000382,0.001139,0.001917,0.000002,0.000114,0.001488,0.000005,0.000000,0.005394,0.000357,2.522000,0.006925,0.000000,0.000000,0.000637,0,0
279600000000,279900000000,6283499093,297,431035687,0.000368,0.001198,0.001919,0.000004,0.000175,0.001488,0.000002,0.000000,0.008057,0.000357,2.617000,0.007223,0.000000,0.000000,0.000085,0,0
279900000000,280160000000,6283499093,297,431035687,0.000375,0.001322,0.001923,0.000007,0.000342,0.001490,0.000134,0.000000,0.005836,0.025940,2.805000,0.008091,0.000000,0.000000,0.000138,0,0
280160000000,280174000000,6283499093,297,431035687,0.000087,0.000000,0.000000,0.000000,0.000000,0.000000,0.000031,0.000000,0.001219,0.000357,2.438000,0.006828,0.000000,0.000000,0.000000,0,0
280174000000,280175000000,6283499093,297,431035687,0.000000,0.000000,0.000000,0.000000,0.000000,0.000000,0.000000,0.000000,0.000000,0.000000,2.438000,0.006828,0.000000,0.000000,0.000000,0,0
