272501000000,272654000000,6283499093,298,4820310876,0.000000,0.000000,0.000000,0.000000,0.000000,0.000000,0.000000,0.000000,0.000000,0.000000,0.000000,0.000000,0.000000,0.000000,0.000000,0,0
272654000000,272700000000,6283499093,298,4820310876,0.001076,0.001541,0.001930,0.000361,0.000758,0.001743,0.006218,0.000000,0.044920,0.048400,0.000000,0.000000,0.000000,0.000000,0.000092,0,0
272700000000,273000000000,6283499093,298,4820310876,0.000315,0.001179,0.001930,0.000375,0.000816,0.001741,0.000001,0.000000,0.004013,0.000143,3.410000,0.000000,0.000000,0.000000,0.000258,0,0
273000000000,273300000000,6283499093,298,4820310876,0.000347,0.000982,0.001930,0.000387,0.000831,0.001028,0.000002,0.000000,0.007011,0.000215,3.029000,0.000000,0.000000,0.000000,0.000270,0,0
273300000000,273600000000,6283499093,298,4820310876,0.000334,0.001009,0.001930,0.000402,0.000845,0.001030,0.000001,0.000000,0.003906,0.000143,2.973000,0.000000,0.000000,0.000000,0.000261,0,0
273600000000,273900000000,6283499093,298,4820310876,0.000346,0.001026,0.001932,0.000410,0.000855,0.001055,0.000003,0.000000,0.004440,0.000643,2.767000,0.000000,0.000000,0.000000,0.000244,0,0
273900000000,274200000000,6283499093,298,4820310876,0.000346,0.001013,0.001930,0.000410,0.000855,0.001024,0.000001,0.000000,0.002880,0.000072,2.823000,0.000000,0.000000,0.000000,0.000211,0,0
274200000000,274500000000,6283499093,298,4820310876,0.000334,0.001017,0.001932,0.000410,0.000855,0.001022,0.000002,0.000000,0.004120,0.000143,3.147000,0.000000,0.000000,0.000000,0.000156,0,0
274500000000,274800000000,6283499093,298,4820310876,0.000326,0.001009,0.001932,0.000410,0.000855,0.001022,0.000000,0.000000,0.005524,0.000072,3.057000,0.000000,0.000000,0.000000,0.000214,0,0
274800000000,275100000000,6283499093,298,4820310876,0.000300,0.001005,0.001930,0.000412,0.000856,0.001020,0.000000,0.000000,0.004684,0.000072,3.015000,0.000000,0.000000,0.000000,0.000396,0,0
275100000000,275400000000,6283499093,298,4820310876,0.000318,0.001019,0.001932,0.000415,0.000859,0.001032,0.000001,0.000000,0.004974,0.000143,2.026000,0.000000,0.000000,0.000000,0.000554,0,0
275400000000,275700000000,6283499093,298,4820310876,0.000292,0.001009,0.001932,0.000415,0.000859,0.001011,0.000000,0.000000,0.004120,0.000072,2.836000,0.000000,0.000000,0.000000,0.000357,0,0
275700000000,276000000000,6283499093,298,4820310876,0.000284,0.001011,0.001932,0.000415,0.000859,0.001022,0.000001,0.000000,0.001211,0.000143,3.136000,0.000000,0.000000,0.000000,0.000099,0,0
276000000000,276300000000,6283499093,298,4820310876,0.000326,0.001028,0.001930,0.000421,0.000865,0.001043,0.000002,0.000000,0.004715,0.000215,2.695000,0.000000,0.000000,0.000000,0.000059,0,0
276300000000,276600000000,6283499093,298,4820310876,0.000361,0.001028,0.001932,0.000421,0.000866,0.001041,0.000001,0.000000,0.004738,0.000072,2.891000,0.000000,0.000000,0.000000,0.000569,0,0
276600000000,276900000000,6283499093,298,4820310876,0.000333,0.001024,0.001930,0.000421,0.000866,0.001041,0.000000,0.000000,0.003212,0.000072,2.995000,0.000000,0.000000,0.000000,0.000300,0,0
276900000000,277200000000,6283499093,298,4820310876,0.001987,0.001097,0.002056,0.000382,0.000828,0.001328,0.000005,0.000000,0.063480,0.000571,4.058000,0.000000,0.000000,0.000000,0.000065,0,0
277200000000,277470000000,6283499093,298,4820310876,0.000889,0.000918,0.001926,0.000291,0.000750,0.001236,0.000075,0.000000,0.052670,0.007355,0.865500,0.000000,0.000000,0.000000,0.000217,0,0
277470000000,277486000000,6283499093,298,4820310876,0.000183,0.000000,0.000000,0.000000,0.000000,0.000000,0.000005,0.000000,0.001467,0.000035,5.873000,0.000000,0.000000,0.000000,0.000000,0,0
277486000000,277487000000,6283499093,298,4820310876,0.000000,0.000000,0.000000,0.000000,0.000000,0.000000,0.000000,0.000000,0.000000,0.000000,5.873000,0.000000,0.000000,0.000000,0.000000,0,0
277487000000,277500000000,6283499093,298,4820310876,0.000000,0.000000,0.000000,0.000000,0.000000,0.000000,0.000000,0.000000,0.000000,0.000000,0.000000,0.000000,0.000000,0.000000,0.000000,0,0
