272502000000,272601000000,6283499093,299,351662746,0.000000,0.000000,0.000000,0.000000,0.000000,0.000000,0.000000,0.000000,0.000000,0.000000,0.000000,0.000000,0.000000,0.000000,0.000000,0,0
272601000000,272700000000,6283499093,299,351662746,0.000736,0.001051,0.001921,0.000149,0.000180,0.001265,0.000892,0.000000,0.018100,0.029630,2.838000,0.008759,0.000000,0.000000,0.000738,0,0
272700000000,273000000000,6283499093,299,351662746,0.000374,0.001049,0.001921,0.000150,0.000239,0.001398,0.000001,0.000000,0.004387,0.000143,2.658000,0.007828,0.000000,0.000000,0.000235,0,0
273000000000,273300000000,6283499093,299,351662746,0.000386,0.001114,0.001921,0.000151,0.000306,0.001415,0.000004,0.000000,0.004494,0.000500,2.457000,0.006899,0.000000,0.000000,0.000277,0,0
273300000000,273600000000,6283499093,299,351662746,0.000423,0.001207,0.001923,0.000152,0.000385,0.001421,0.000000,0.000000,0.013430,0.000072,1.907000,0.004530,0.000000,0.000000,0.000952,0,0
273600000000,273900000000,6283499093,299,351662746,0.000574,0.001287,0.001923,0.000156,0.000449,0.001453,0.000023,0.000000,0.007378,0.006218,2.916000,0.009167,0.000000,0.000000,0.000130,0,0
273900000000,274200000000,6283499093,299,351662746,0.000535,0.001333,0.001925,0.000155,0.000482,0.001482,0.000002,0.000000,0.020810,0.000357,2.069000,0.005296,0.000000,0.000000,0.000295,0,0
274200000000,274500000000,6283499093,299,351662746,0.000428,0.001366,0.001926,0.000154,0.000478,0.001493,0.000002,0.000000,0.004288,0.000500,4.028000,0.013540,0.000000,0.000000,0.000302,0,0
274500000000,274800000000,6283499093,299,351662746,0.000384,0.001352,0.001926,0.000154,0.000461,0.001493,0.000000,0.000000,0.004372,0.000000,3.151000,0.009492,0.000000,0.000000,0.000342,0,0
274800000000,275100000000,6283499093,299,351662746,0.000349,0.001358,0.001926,0.000154,0.000464,0.001495,0.000000,0.000000,0.005318,0.000072,2.506000,0.006715,0.000000,0.000000,0.000342,0,0
275100000000,275400000000,6283499093,299,351662746,0.000360,0.001368,0.001926,0.000153,0.000465,0.001511,0.000004,0.000000,0.001711,0.000643,2.629000,0.007395,0.000000,0.000000,0.000154,0,0
275400000000,275700000000,6283499093,299,351662746,0.000350,0.001360,0.001926,0.000154,0.000463,0.001497,0.000001,0.000000,0.005432,0.000215,2.902000,0.008421,0.000000,0.000000,0.004852,0,0
275700000000,276000000000,6283499093,299,351662746,0.000326,0.001360,0.001926,0.000153,0.000463,0.001509,0.000000,0.000000,0.005539,0.000143,2.552000,0.007000,0.000000,0.000000,0.000564,0,0
276000000000,276300000000,6283499093,299,351662746,0.000314,0.001364,0.001926,0.000153,0.000462,0.001511,0.000003,0.000000,0.004761,0.000643,2.505000,0.006864,0.000000,0.000000,0.000303,0,0
276300000000,276600000000,6283499093,299,351662746,0.000336,0.001362,0.001926,0.000154,0.000458,0.001516,0.000001,0.000000,0.005547,0.000072,2.782000,0.007868,0.000000,0.000000,0.000205,0,0
276600000000,276900000000,6283499093,299,351662746,0.000339,0.001373,0.001926,0.000154,0.000469,0.001514,0.000000,0.000000,0.001717,0.000072,2.820000,0.008175,0.000000,0.000000,0.000141,0,0
276900000000,277200000000,6283499093,299,351662746,0.000348,0.001381,0.001926,0.000154,0.000482,0.001511,0.000000,0.000000,0.005081,0.000000,2.329000,0.006036,0.000000,0.000000,0.000175,0,0
277200000000,277500000000,6283499093,299,351662746,0.000351,0.001389,0.001928,0.000154,0.000494,0.001507,0.000007,0.000000,0.005226,0.001499,2.537000,0.007208,0.000000,0.000000,0.000237,0,0
277500000000,277800000000,6283499093,299,351662746,0.000350,0.001398,0.001928,0.000154,0.000503,0.001507,0.000003,0.000000,0.005013,0.000143,2.452000,0.006836,0.000000,0.000000,0.000145,0,0
277800000000,278100000000,6283499093,299,351662746,0.000432,0.001291,0.001923,0.000156,0.000378,0.001543,0.000039,0.000000,0.005371,0.007782,3.029000,0.009417,0.000000,0.000000,0.001240,0,0
278100000000,278400000000,6283499093,299,351662746,0.000452,0.001305,0.001923,0.000156,0.000400,0.001522,0.000003,0.000000,0.005165,0.000500,2.935000,0.008822,0.000000,0.000000,0.000483,0,0
278400000000,278469000000,6283499093,299,351662746,0.006485,0.001492,0.002483,0.000150,0.000421,0.001822,0.000235,0.000000,0.091550,0.006432,0.730800,0.000607,0.000000,0.000000,0.000181,0,0
278469000000,278485000000,6283499093,299,351662746,0.000225,0.000000,0.000000,0.000000,0.000000,0.000000,0.000031,0.000000,0.003597,0.000500,0.655200,0.000359,0.000000,0.000000,0.000000,0,0
278485000000,278486000000,6283499093,299,351662746,0.000000,0.000000,0.000000,0.000000,0.000000,0.000000,0.000000,0.000000,0.000000,0.000000,0.655200,0.000359,0.000000,0.000000,0.000000,0,0
