272495000000,272657000000,6283499093,3,38709565,0.000000,0.000000,0.000000,0.000000,0.000000,0.000000,0.000000,0.000000,0.000000,0.000000,0.000000,0.000000,0.000000,0.000000,0.000000,0,0
272657000000,272700000000,6283499093,3,38709565,0.000901,0.000656,0.001925,0.000114,0.000190,0.001223,0.002083,0.000000,0.013530,0.013430,5.661000,0.023130,0.000000,0.000000,0.001356,0,0
272700000000,273000000000,6283499093,3,38709565,0.000264,0.000966,0.001921,0.000137,0.000212,0.001167,0.000010,0.000000,0.001419,0.002213,2.459000,0.007747,0.000000,0.000000,0.000168,0,0
273000000000,273300000000,6283499093,3,38709565,0.000300,0.000958,0.001921,0.000136,0.000218,0.001307,0.000000,0.000000,0.004227,0.000072,3.978000,0.014700,0.000000,0.000000,0.000272,0,0
273300000000,273600000000,6283499093,3,38709565,0.000338,0.001013,0.001919,0.000136,0.000254,0.001333,0.000001,0.000000,0.003578,0.000072,2.375000,0.006797,0.000000,0.000000,0.000232,0,0
273600000000,273900000000,6283499093,3,38709565,0.000270,0.001024,0.001919,0.000136,0.000265,0.001339,0.000000,0.000000,0.000941,0.000072,6.209000,0.024990,0.000000,0.000000,0.000112,0,0
273900000000,274200000000,6283499093,3,38709565,0.000320,0.001045,0.001919,0.000138,0.000269,0.001377,0.000022,0.000000,0.011750,0.003143,3.417000,0.011930,0.000000,0.000000,0.000136,0,0
274200000000,274500000000,6283499093,3,38709565,0.000267,0.001032,0.001921,0.000140,0.000239,0.001369,0.000003,0.000000,0.004677,0.000571,4.080000,0.014780,0.000000,0.000000,0.000262,0,0
274500000000,274800000000,6283499093,3,38709565,0.000245,0.001057,0.001921,0.000135,0.000251,0.001377,0.000000,0.000000,0.004463,0.000072,4.456000,0.016830,0.000000,0.000000,0.000191,0,0
274800000000,275100000000,6283499093,3,38709565,0.000209,0.001045,0.001921,0.000135,0.000240,0.001368,0.000000,0.000000,0.003952,0.000072,3.151000,0.010760,0.000000,0.000000,0.000118,0,0
275100000000,275400000000,6283499093,3,38709565,0.000186,0.001047,0.001923,0.000135,0.000242,0.001364,0.000000,0.000000,0.000826,0.000000,2.375000,0.006868,0.000000,0.000000,0.000078,0,0
275400000000,275700000000,6283499093,3,38709565,0.000205,0.001036,0.001921,0.000135,0.000228,0.001350,0.000000,0.000000,0.003998,0.000000,3.141000,0.010160,0.000000,0.000000,0.000093,0,0
275700000000,276000000000,6283499093,3,38709565,0.000198,0.001034,0.001921,0.000134,0.000221,0.001266,0.000001,0.000000,0.001751,0.000072,3.418000,0.010910,0.000000,0.000000,0.000212,0,0
276000000000,276300000000,6283499093,3,38709565,0.000198,0.001007,0.001921,0.000134,0.000196,0.001175,0.000008,0.000000,0.004883,0.001286,2.978000,0.009318,0.000000,0.000000,0.000064,0,0
276300000000,276600000000,6283499093,3,38709565,0.000250,0.000971,0.001923,0.000134,0.000166,0.001102,0.000000,0.000000,0.002968,0.000072,2.179000,0.005721,0.000000,0.000000,0.000204,0,0
276600000000,276900000000,6283499093,3,38709565,0.000247,0.001146,0.001923,0.000134,0.000340,0.001387,0.000005,0.000000,0.004486,0.001143,2.205000,0.006455,0.000000,0.000000,0.000203,0,0
276900000000,277200000000,6283499093,3,38709565,0.000278,0.001226,0.001923,0.000134,0.000416,0.001389,0.000004,0.000000,0.004028,0.001143,3.583000,0.011700,0.000000,0.000000,0.000111,0,0
277200000000,277500000000,6283499093,3,38709565,0.000282,0.001175,0.001923,0.000134,0.000361,0.001389,0.000010,0.000000,0.005096,0.000786,2.686000,0.008330,0.000000,0.000000,0.000329,0,0
277500000000,277800000000,6283499093,3,38709565,0.000262,0.001173,0.001923,0.000134,0.000361,0.001389,0.000025,0.000000,0.005508,0.001642,2.599000,0.008106,0.000000,0.000000,0.000182,0,0
277800000000,278100000000,6283499093,3,38709565,0.000244,0.001165,0.001921,0.000134,0.000354,0.001389,0.000034,0.000000,0.005524,0.002213,2.594000,0.008040,0.000000,0.000000,0.000093,0,0
278100000000,278400000000,6283499093,3,38709565,0.000229,0.001181,0.001923,0.000135,0.000369,0.001390,0.000012,0.000000,0.003998,0.001358,3.569000,0.011760,0.000000,0.000000,0.000099,0,0
278400000000,278700000000,6283499093,3,38709565,0.000213,0.001173,0.001923,0.000136,0.000362,0.001390,0.000008,0.000000,0.004356,0.001358,2.894000,0.009523,0.000000,0.000000,0.000092,0,0
278700000000,279000000000,6283499093,3,38709565,0.000219,0.001116,0.001923,0.000136,0.000302,0.001392,0.000021,0.000000,0.004341,0.002857,2.745000,0.008964,0.000000,0.000000,0.000108,0,0
279000000000,279300000000,6283499093,3,38709565,0.000225,0.001135,0.001923,0.000135,0.000322,0.001392,0.000012,0.000000,0.001352,0.002144,2.836000,0.009449,0.000000,0.000000,0.000089,0,0
279300000000,279600000000,6283499093,3,38709565,0.000219,0.001177,0.001923,0.000133,0.000359,0.001396,0.000011,0.000000,0.003952,0.000786,2.218000,0.006614,0.000000,0.000000,0.000275,0,0
279600000000,279809000000,6283499093,3,38709565,0.000219,0.001204,0.001923,0.000133,0.000389,0.001394,0.000023,0.000000,0.012500,0.002285,2.320000,0.007391,0.000000,0.000000,0.000231,0,0
279809000000,279822000000,6283499093,3,38709565,0.000187,0.000000,0.000000,0.000000,0.000000,0.000000,0.000133,0.000000,0.002430,0.001858,2.146000,0.006601,0.000000,0.000000,0.000000,0,0
279822000000,279824000000,6283499093,3,38709565,0.000000,0.000000,0.000000,0.000000,0.000000,0.000000,0.000000,0.000000,0.000000,0.000000,2.146000,0.006601,0.000000,0.000000,0.000000,0,0
