272509000000,272618000000,6283499093,30,6564906,0.000000,0.000000,0.000000,0.000000,0.000000,0.000000,0.000000,0.000000,0.000000,0.000000,0.000000,0.000000,0.000000,0.000000,0.000000,0,0
272618000000,272700000000,6283499093,30,6564906,0.000750,0.001589,0.001806,0.000355,0.000770,0.001715,0.003544,0.000000,0.014050,0.057130,2.493000,0.007337,0.000000,0.000000,0.000100,0,0
272700000000,273000000000,6283499093,30,6564906,0.000342,0.001080,0.001808,0.000367,0.000809,0.001612,0.000003,0.000000,0.004539,0.000643,2.428000,0.007005,0.000000,0.000000,0.000116,0,0
273000000000,273300000000,6283499093,30,6564906,0.000342,0.000963,0.001808,0.000364,0.000808,0.000977,0.000000,0.000000,0.003651,0.000072,2.386000,0.006880,0.000000,0.000000,0.000158,0,0
273300000000,273600000000,6283499093,30,6564906,0.000325,0.000969,0.001808,0.000363,0.000808,0.000982,0.000000,0.000000,0.004112,0.000000,2.303000,0.006429,0.000000,0.000000,0.000196,0,0
273600000000,273900000000,6283499093,30,6564906,0.000328,0.000970,0.001808,0.000364,0.000808,0.000980,0.000000,0.000000,0.004059,0.000072,2.636000,0.007763,0.000000,0.000000,0.000269,0,0
273900000000,274200000000,6283499093,30,6564906,0.000318,0.000963,0.001808,0.000364,0.000808,0.000966,0.000000,0.000000,0.004662,0.000000,2.311000,0.006364,0.000000,0.000000,0.001266,0,0
274200000000,274500000000,6283499093,30,6564906,0.000326,0.000963,0.001808,0.000364,0.000808,0.000982,0.000001,0.000000,0.004372,0.000072,2.356000,0.006564,0.000000,0.000000,0.000711,0,0
274500000000,274800000000,6283499093,30,6564906,0.000326,0.000984,0.001808,0.000364,0.000809,0.000996,0.000000,0.000000,0.004578,0.000072,2.323000,0.006386,0.000000,0.000000,0.000599,0,0
274800000000,275100000000,6283499093,30,6564906,0.000318,0.000977,0.001808,0.000364,0.000809,0.000994,0.000000,0.000000,0.004028,0.000072,2.296000,0.006321,0.000000,0.000000,0.000068,0,0
275100000000,275400000000,6283499093,30,6564906,0.000322,0.000986,0.001808,0.000364,0.000809,0.001005,0.000000,0.000000,0.003708,0.000072,2.005000,0.005134,0.000000,0.000000,0.000089,0,0
275400000000,275700000000,6283499093,30,6564906,0.000322,0.000984,0.001808,0.000364,0.000809,0.001001,0.000002,0.000000,0.003788,0.000571,2.323000,0.006385,0.000000,0.000000,0.000101,0,0
275700000000,276000000000,6283499093,30,6564906,0.000502,0.001038,0.001806,0.000369,0.000814,0.001072,0.000024,0.000000,0.007370,0.006714,2.919000,0.009260,0.000000,0.000000,0.000194,0,0
276000000000,276300000000,6283499093,30,6564906,0.000472,0.001020,0.001806,0.000372,0.000817,0.001036,0.000002,0.000000,0.004570,0.000072,3.457000,0.011500,0.000000,0.000000,0.000417,0,0
276300000000,276600000000,6283499093,30,6564906,0.000473,0.001064,0.001936,0.000335,0.000781,0.001091,0.000000,0.000000,0.014250,0.000072,2.730000,0.008324,0.000000,0.000000,0.000224,0,0
276600000000,276900000000,6283499093,30,6564906,0.000328,0.001066,0.001808,0.000330,0.000775,0.001072,0.000003,0.000000,0.002426,0.000428,2.312000,0.006299,0.000000,0.000000,0.000195,0,0
276900000000,277200000000,6283499093,30,6564906,0.000320,0.001051,0.001808,0.000330,0.000775,0.001053,0.000000,0.000000,0.004257,0.000072,2.425000,0.006718,0.000000,0.000000,0.000339,0,0
277200000000,277500000000,6283499093,30,6564906,0.000317,0.001051,0.001808,0.000330,0.000775,0.001055,0.000004,0.000000,0.004829,0.000357,2.366000,0.006537,0.000000,0.000000,0.000569,0,0
277500000000,277800000000,6283499093,30,6564906,0.000404,0.001068,0.001806,0.000328,0.000773,0.001074,0.000004,0.000000,0.012970,0.000143,2.452000,0.007131,0.000000,0.000000,0.000189,0,0
277800000000,277914000000,6283499093,30,6564906,0.000406,0.001053,0.001806,0.000323,0.000769,0.001059,0.000003,0.000000,0.004768,0.000072,3.032000,0.009473,0.000000,0.000000,0.000700,0,0
277914000000,277918000000,6283499093,30,6564906,0.001287,0.001064,0.002289,0.000338,0.000784,0.001076,0.005318,0.000000,0.010390,0.017210,2.844000,0.008725,0.000000,0.000000,0.000220,0,0
277918000000,277933000000,6283499093,30,6564906,0.000841,0.000074,0.000000,0.000000,0.000000,0.001122,0.000170,0.000000,0.012620,0.001499,2.844000,0.008725,0.000000,0.000000,0.000066,1,0
277933000000,277937000000,6283499093,30,6564906,0.000000,0.000000,0.000000,0.000000,0.000000,0.000000,0.000000,0.000000,0.000000,0.000000,2.844000,0.008725,0.000000,0.000000,0.000000,0,0
277967000000,278069000000,6283499093,30,381365,0.000349,0.000784,0.001926,0.000119,0.000473,0.000884,0.001635,0.000000,0.014510,0.058780,2.328000,0.007364,0.000000,0.000000,0.000040,0,0
278069000000,278086000000,6283499093,30,381365,0.000099,0.000000,0.000000,0.000000,0.000000,0.000000,0.000004,0.000000,0.001694,0.000072,2.259000,0.007208,0.000000,0.000000,0.000000,0,0
278086000000,278087000000,6283499093,30,381365,0.000000,0.000000,0.000000,0.000000,0.000000,0.000000,0.000000,0.000000,0.000000,0.000000,2.259000,0.007208,0.000000,0.000000,0.000000,0,0
278087000000,278100000000,6283499093,30,381365,0.000000,0.000000,0.000000,0.000000,0.000000,0.000000,0.000000,0.000000,0.000000,0.000000,0.000000,0.000000,0.000000,0.000000,0.000000,0,0
