272497000000,272650000000,6283499093,300,4820095917,0.000000,0.000000,0.000000,0.000000,0.000000,0.000000,0.000000,0.000000,0.000000,0.000000,0.000000,0.000000,0.000000,0.000000,0.000000,0,0
272650000000,272700000000,6283499093,300,4820095917,0.001495,0.001129,0.001926,0.000175,0.000504,0.001537,0.002831,0.000000,0.030910,0.020360,2.867000,0.000000,0.000000,0.000000,0.000143,0,0
272700000000,273000000000,6283499093,300,4820095917,0.000392,0.001102,0.001921,0.000199,0.000366,0.001539,0.000001,0.000000,0.017490,0.000143,4.165000,0.000000,0.000000,0.000000,0.000382,0,0
273000000000,273300000000,6283499093,300,4820095917,0.000411,0.000947,0.001919,0.000193,0.000231,0.001122,0.000001,0.000000,0.004265,0.000143,3.750000,0.000000,0.000000,0.000000,0.000436,0,0
273300000000,273600000000,6283499093,300,4820095917,0.000349,0.000977,0.001919,0.000192,0.000259,0.001272,0.000000,0.000000,0.007706,0.000000,3.323000,0.000000,0.000000,0.000000,0.000140,0,0
273600000000,273900000000,6283499093,300,4820095917,0.000368,0.001009,0.001917,0.000192,0.000289,0.001358,0.000001,0.000000,0.008392,0.000143,2.478000,0.000000,0.000000,0.000000,0.000202,0,0
273900000000,274200000000,6283499093,300,4820095917,0.000364,0.001074,0.001917,0.000191,0.000307,0.001400,0.000000,0.000000,0.004791,0.000072,1.693000,0.000000,0.000000,0.000000,0.000099,0,0
274200000000,274500000000,6283499093,300,4820095917,0.000361,0.001045,0.001917,0.000187,0.000277,0.001387,0.000003,0.000000,0.005966,0.000571,3.001000,0.000000,0.000000,0.000000,0.000469,0,0
274500000000,274800000000,6283499093,300,4820095917,0.000331,0.001020,0.001917,0.000187,0.000258,0.001335,0.000000,0.000000,0.005081,0.000000,3.246000,0.000000,0.000000,0.000000,0.000152,0,0
274800000000,275100000000,6283499093,300,4820095917,0.000335,0.000994,0.001919,0.000187,0.000237,0.001175,0.000003,0.000000,0.004440,0.000571,3.016000,0.000000,0.000000,0.000000,0.000199,0,0
275100000000,275400000000,6283499093,300,4820095917,0.000313,0.000961,0.001923,0.000187,0.000208,0.001114,0.000000,0.000000,0.002068,0.000000,3.649000,0.000000,0.000000,0.000000,0.000424,0,0
275400000000,275700000000,6283499093,300,4820095917,0.000325,0.001293,0.001925,0.000187,0.000536,0.001389,0.000001,0.000000,0.004456,0.000143,2.755000,0.000000,0.000000,0.000000,0.000147,0,0
275700000000,276000000000,6283499093,300,4820095917,0.000314,0.001345,0.001925,0.000187,0.000589,0.001390,0.000001,0.000000,0.005241,0.000143,2.740000,0.000000,0.000000,0.000000,0.000253,0,0
276000000000,276300000000,6283499093,300,4820095917,0.000302,0.001228,0.001923,0.000183,0.000468,0.001390,0.000004,0.000000,0.004120,0.000929,2.552000,0.000000,0.000000,0.000000,0.000202,0,0
276300000000,276600000000,6283499093,300,4820095917,0.000296,0.001181,0.001921,0.000179,0.000417,0.001389,0.000004,0.000000,0.004105,0.000786,2.651000,0.000000,0.000000,0.000000,0.000529,0,0
276600000000,276900000000,6283499093,300,4820095917,0.000403,0.001265,0.001921,0.000181,0.000486,0.001417,0.000010,0.000000,0.008621,0.002716,2.766000,0.000000,0.000000,0.000000,0.000378,0,0
276900000000,277200000000,6283499093,300,4820095917,0.000417,0.001194,0.001919,0.000179,0.000404,0.001417,0.000001,0.000000,0.004585,0.000072,2.723000,0.000000,0.000000,0.000000,0.000360,0,0
277200000000,277500000000,6283499093,300,4820095917,0.000395,0.001213,0.001921,0.000179,0.000417,0.001419,0.000003,0.000000,0.004845,0.000143,3.190000,0.000000,0.000000,0.000000,0.000174,0,0
277500000000,277800000000,6283499093,300,4820095917,0.000353,0.001118,0.001930,0.000179,0.000625,0.001419,0.000001,0.000000,0.004295,0.000072,3.303000,0.000000,0.000000,0.000000,0.000161,0,0
277800000000,278100000000,6283499093,300,4820095917,0.000370,0.001038,0.001930,0.000179,0.000625,0.001059,0.000004,0.000000,0.020200,0.000428,2.615000,0.000000,0.000000,0.000000,0.000191,0,0
278100000000,278400000000,6283499093,300,4820095917,0.000340,0.001047,0.001930,0.000180,0.000627,0.001060,0.000010,0.000000,0.006210,0.002716,3.349000,0.000000,0.000000,0.000000,0.000168,0,0
278400000000,278700000000,6283499093,300,4820095917,0.000352,0.001043,0.001930,0.000181,0.000627,0.001060,0.000014,0.000000,0.006065,0.002930,2.733000,0.000000,0.000000,0.000000,0.000528,0,0
278700000000,279000000000,6283499093,300,4820095917,0.000342,0.001053,0.001930,0.000181,0.000628,0.001059,0.000001,0.000000,0.005745,0.000072,2.935000,0.000000,0.000000,0.000000,0.000226,0,0
279000000000,279300000000,6283499093,300,4820095917,0.000340,0.001038,0.001930,0.000181,0.000628,0.001051,0.000019,0.000000,0.004387,0.003071,2.643000,0.000000,0.000000,0.000000,0.000168,0,0
279300000000,279600000000,6283499093,300,4820095917,0.000305,0.001043,0.001930,0.000184,0.000631,0.001055,0.000008,0.000000,0.006683,0.000929,2.749000,0.000000,0.000000,0.000000,0.000229,0,0
279600000000,279900000000,6283499093,300,4820095917,0.000340,0.001049,0.001930,0.000186,0.000635,0.001137,0.000063,0.000000,0.007370,0.014920,2.713000,0.000000,0.000000,0.000000,0.000148,0,0
279900000000,279971000000,6283499093,300,4820095917,0.000425,0.001118,0.001928,0.000210,0.000658,0.001156,0.000068,0.000000,0.003563,0.001547,2.419000,0.000000,0.000000,0.000000,0.000224,0,0
279971000000,279989000000,6283499093,300,4820095917,0.000340,0.000000,0.000000,0.000000,0.000000,0.000000,0.000015,0.000000,0.003052,0.000143,2.274000,0.000000,0.000000,0.000000,0.000000,0,0
279989000000,279994000000,6283499093,300,4820095917,0.000000,0.000000,0.000000,0.000000,0.000000,0.000000,0.000000,0.000000,0.000000,0.000000,2.274000,0.000000,0.000000,0.000000,0.000000,0,0
