272495000000,272554000000,6283499093,301,317330980,0.000000,0.000000,0.000000,0.000000,0.000000,0.000000,0.000000,0.000000,0.000000,0.000000,0.000000,0.000000,0.000000,0.000000,0.000000,0,0
272554000000,272700000000,6283499093,301,317330980,0.000596,0.001247,0.001925,0.000203,0.000417,0.001589,0.000732,0.000000,0.044250,0.039310,1.491000,0.003780,0.000000,0.000000,0.000169,0,0
273111000000,273116000000,6283499093,301,317330980,0.000000,0.000000,0.000000,0.000000,0.000000,0.000000,0.000000,0.000000,0.000000,0.000000,0.000000,0.000000,0.000000,0.000000,0.000000,1,0
273892000000,273900000000,6283499093,301,16928907,0.000000,0.000000,0.000000,0.000000,0.000000,0.000000,0.000000,0.000000,0.000000,0.000000,0.000000,0.000000,0.000000,0.000000,0.000000,2,0
273900000000,273907000000,6283499093,301,16928907,0.000000,0.000000,0.000000,0.000000,0.000000,0.000000,0.000000,0.000000,0.000000,0.000000,0.000000,0.000000,0.000000,0.000000,0.000000,0,0
273907000000,274200000000,6283499093,301,16928907,0.000585,0.000964,0.001911,0.000032,0.000078,0.001139,0.000035,0.000000,0.032530,0.005211,2.730000,0.008447,0.000000,0.000000,0.000141,0,0
274200000000,274500000000,6283499093,301,16928907,0.000423,0.000984,0.001911,0.000024,0.000093,0.001261,0.000001,0.000000,0.004738,0.000286,3.048000,0.009701,0.000000,0.000000,0.000567,0,0
274500000000,274800000000,6283499093,301,16928907,0.000369,0.001011,0.001913,0.000024,0.000118,0.001356,0.000001,0.000000,0.004517,0.000215,2.814000,0.008489,0.000000,0.000000,0.000222,0,0
274800000000,275100000000,6283499093,301,16928907,0.000335,0.001055,0.001915,0.000024,0.000163,0.001362,0.000000,0.000000,0.004463,0.000072,2.456000,0.006992,0.000000,0.000000,0.000179,0,0
275100000000,275400000000,6283499093,301,16928907,0.000340,0.001104,0.001917,0.000024,0.000212,0.001368,0.000000,0.000000,0.004814,0.000072,2.595000,0.007331,0.000000,0.000000,0.000421,0,0
275400000000,275700000000,6283499093,301,16928907,0.000322,0.001158,0.001919,0.000024,0.000264,0.001368,0.000000,0.000000,0.004120,0.000072,2.448000,0.006714,0.000000,0.000000,0.000091,0,0
275700000000,276000000000,6283499093,301,16928907,0.000386,0.001226,0.001921,0.000019,0.000316,0.001377,0.000003,0.000000,0.006020,0.000286,2.142000,0.005678,0.000000,0.000000,0.000599,0,0
276000000000,276300000000,6283499093,301,16928907,0.000356,0.001272,0.001925,0.000015,0.000362,0.001371,0.000001,0.000000,0.002468,0.000143,2.558000,0.007630,0.000000,0.000000,0.000127,0,0
276300000000,276600000000,6283499093,301,16928907,0.000361,0.001236,0.001925,0.000015,0.000327,0.001371,0.000001,0.000000,0.009140,0.000143,2.177000,0.005612,0.000000,0.000000,0.000626,0,0
276600000000,276900000000,6283499093,301,16928907,0.000412,0.001032,0.001919,0.000018,0.000114,0.001402,0.000022,0.000000,0.015930,0.005356,2.655000,0.007841,0.000000,0.000000,0.000655,0,0
276900000000,277200000000,6283499093,301,16928907,0.000413,0.001120,0.001919,0.000019,0.000186,0.001400,0.000005,0.000000,0.002106,0.000786,2.869000,0.008753,0.000000,0.000000,0.000320,0,0
277200000000,277500000000,6283499093,301,16928907,0.000462,0.001165,0.001919,0.000016,0.000227,0.001421,0.000004,0.000000,0.007584,0.000357,2.947000,0.008598,0.000000,0.000000,0.000462,0,0
277500000000,277800000000,6283499093,301,16928907,0.000467,0.001236,0.001923,0.000016,0.000285,0.001415,0.000008,0.000000,0.006378,0.000857,2.070000,0.005404,0.000000,0.000000,0.000260,0,0
277800000000,278100000000,6283499093,301,16928907,0.000423,0.001213,0.001923,0.000016,0.000261,0.001347,0.000006,0.000000,0.004776,0.000714,3.049000,0.009886,0.000000,0.000000,0.000721,0,0
278100000000,278400000000,6283499093,301,16928907,0.000356,0.001156,0.001921,0.000016,0.000205,0.001347,0.000005,0.000000,0.004776,0.000786,2.507000,0.007393,0.000000,0.000000,0.000757,0,0
278400000000,278700000000,6283499093,301,16928907,0.000321,0.001171,0.001921,0.000016,0.000221,0.001345,0.000009,0.000000,0.005081,0.001928,2.212000,0.005968,0.000000,0.000000,0.000128,0,0
278700000000,279000000000,6283499093,301,16928907,0.000346,0.001179,0.001923,0.000017,0.000218,0.001356,0.000001,0.000000,0.004776,0.000143,2.320000,0.006471,0.000000,0.000000,0.000210,0,0
279000000000,279300000000,6283499093,301,16928907,0.000325,0.001179,0.001923,0.000017,0.000217,0.001356,0.000006,0.000000,0.004929,0.000929,2.283000,0.006375,0.000000,0.000000,0.000105,0,0
279300000000,279600000000,6283499093,301,16928907,0.000349,0.001204,0.001919,0.000017,0.000225,0.001396,0.000004,0.000000,0.004478,0.000286,2.340000,0.006783,0.000000,0.000000,0.000217,0,0
279600000000,279889000000,6283499093,301,16928907,0.001009,0.001101,0.001919,0.000024,0.000239,0.001511,0.000071,0.000000,0.072390,0.010500,2.563000,0.007781,0.000000,0.000000,0.000376,0,0
279889000000,279900000000,6283499093,301,16928907,0.000273,0.000000,0.000000,0.000000,0.000000,0.000000,0.000097,0.000000,0.002998,0.001072,1.903000,0.005064,0.000000,0.000000,0.000000,0,0
279900000000,279903000000,6283499093,301,16928907,0.000000,0.000000,0.000000,0.000000,0.000000,0.000000,0.000000,0.000000,0.000000,0.000000,1.646000,0.004000,0.000000,0.000000,0.000000,0,0
279903000000,279905000000,6283499093,301,16928907,0.000000,0.000000,0.000000,0.000000,0.000000,0.000000,0.000000,0.000000,0.000000,0.000000,1.646000,0.004000,0.000000,0.000000,0.000000,0,0
