272508000000,272628000000,6283499093,302,2006627462,0.000000,0.000000,0.000000,0.000000,0.000000,0.000000,0.000003,0.000000,0.000000,0.000357,0.000000,0.000000,0.000000,0.000000,0.000000,0,0
272628000000,272700000000,6283499093,302,2006627462,0.000820,0.000918,0.001926,0.000167,0.000241,0.001200,0.001526,0.000000,0.014400,0.015930,0.892200,0.000914,0.000000,0.000000,0.000330,0,0
272700000000,273000000000,6283499093,302,2006627462,0.000295,0.000928,0.001925,0.000180,0.000240,0.001141,0.000000,0.000000,0.004562,0.000072,4.096000,0.013550,0.000000,0.000000,0.000254,0,0
273000000000,273300000000,6283499093,302,2006627462,0.000312,0.000937,0.001925,0.000180,0.000256,0.001118,0.000001,0.000000,0.002098,0.000143,3.874000,0.012390,0.000000,0.000000,0.000165,0,0
273300000000,273600000000,6283499093,302,2006627462,0.000269,0.000976,0.001923,0.000180,0.000289,0.001221,0.000000,0.000000,0.004250,0.000072,3.337000,0.010290,0.000000,0.000000,0.000158,0,0
273600000000,273900000000,6283499093,302,2006627462,0.000298,0.000984,0.001923,0.000179,0.000291,0.001238,0.000001,0.000000,0.004585,0.000215,3.281000,0.010000,0.000000,0.000000,0.000355,0,0
273900000000,274200000000,6283499093,302,2006627462,0.000290,0.001005,0.001923,0.000178,0.000306,0.001316,0.000009,0.000000,0.002243,0.002716,3.379000,0.010560,0.000000,0.000000,0.000331,0,0
274200000000,274500000000,6283499093,302,2006627462,0.000282,0.001041,0.001925,0.000179,0.000339,0.001329,0.000006,0.000000,0.002369,0.000643,4.370000,0.014260,0.000000,0.000000,0.000275,0,0
274500000000,274800000000,6283499093,302,2006627462,0.000268,0.001093,0.001925,0.000179,0.000386,0.001331,0.000000,0.000000,0.001675,0.000000,3.053000,0.009222,0.000000,0.000000,0.000108,0,0
274800000000,275100000000,6283499093,302,2006627462,0.000248,0.001158,0.001926,0.000179,0.000449,0.001331,0.000000,0.000000,0.000892,0.000072,2.955000,0.008501,0.000000,0.000000,0.000175,0,0
275100000000,275400000000,6283499093,302,2006627462,0.000267,0.001213,0.001928,0.000178,0.000504,0.001333,0.000000,0.000000,0.004539,0.000000,2.777000,0.007661,0.000000,0.000000,0.000224,0,0
275400000000,275700000000,6283499093,302,2006627462,0.000289,0.001139,0.001926,0.000176,0.000424,0.001352,0.000000,0.000000,0.014770,0.000072,5.435000,0.019250,0.000000,0.000000,0.000330,0,0
275700000000,276000000000,6283499093,302,2006627462,0.000277,0.001123,0.001925,0.000176,0.000403,0.001343,0.000000,0.000000,0.004951,0.000072,3.535000,0.011450,0.000000,0.000000,0.000070,0,0
276000000000,276300000000,6283499093,302,2006627462,0.000250,0.001137,0.001926,0.000176,0.000412,0.001348,0.000004,0.000000,0.001635,0.000643,2.998000,0.008960,0.000000,0.000000,0.000203,0,0
276300000000,276600000000,6283499093,302,2006627462,0.000234,0.001129,0.001926,0.000176,0.000400,0.001352,0.000005,0.000000,0.003025,0.000714,4.616000,0.015000,0.000000,0.000000,0.000179,0,0
276600000000,276900000000,6283499093,302,2006627462,0.000749,0.001318,0.001925,0.000176,0.000493,0.001492,0.000039,0.000000,0.024380,0.009293,0.799100,0.001049,0.000000,0.000000,0.000133,0,0
276900000000,277200000000,6283499093,302,2006627462,0.000398,0.001322,0.001925,0.000173,0.000493,0.001469,0.000000,0.000000,0.001780,0.000072,5.051000,0.017480,0.000000,0.000000,0.000278,0,0
277200000000,277500000000,6283499093,302,2006627462,0.003254,0.001387,0.002048,0.000162,0.000459,0.002460,0.000040,0.000000,0.062070,0.003071,0.681100,0.000605,0.000000,0.000000,0.000197,0,0
277500000000,277800000000,6283499093,302,2006627462,0.004845,0.001534,0.001961,0.000015,0.000237,0.002106,0.000038,0.000000,0.097900,0.006569,0.594300,0.000254,0.000000,0.000000,0.000321,0,0
277800000000,277819000000,6283499093,302,2006627462,0.008102,0.001469,0.001919,0.000036,0.000260,0.001791,0.000259,0.000000,0.045040,0.003216,0.579400,0.000178,0.000000,0.000000,0.003345,0,0
277819000000,277837000000,6283499093,302,2006627462,0.000184,0.000000,0.000000,0.000000,0.000000,0.000000,0.000158,0.000000,0.003304,0.002857,0.579400,0.000178,0.000000,0.000000,0.000000,0,0
277837000000,277838000000,6283499093,302,2006627462,0.000000,0.000000,0.000000,0.000000,0.000000,0.000000,0.000000,0.000000,0.000000,0.000000,0.579400,0.000178,0.000000,0.000000,0.000000,0,0
