272491000000,272613000000,6283499093,303,4802864268,0.000000,0.000000,0.000000,0.000000,0.000000,0.000000,0.000000,0.000000,0.000000,0.000000,0.000000,0.000000,0.000000,0.000000,0.000000,0,0
272613000000,272700000000,6283499093,303,4802864268,0.000912,0.000769,0.001928,0.000026,0.000046,0.001072,0.000268,0.000000,0.041690,0.005569,1.382000,0.000000,0.000000,0.000000,0.000236,0,0
272700000000,273000000000,6283499093,303,4802864268,0.000353,0.000889,0.001928,0.000025,0.000031,0.000972,0.000000,0.000000,0.004532,0.000000,2.639000,0.000000,0.000000,0.000000,0.000137,0,0
273000000000,273300000000,6283499093,303,4802864268,0.000362,0.000890,0.001926,0.000025,0.000032,0.000941,0.000001,0.000000,0.004539,0.000072,3.569000,0.000000,0.000000,0.000000,0.000313,0,0
273300000000,273600000000,6283499093,303,4802864268,0.000296,0.000897,0.001928,0.000024,0.000038,0.001057,0.000000,0.000000,0.004105,0.000072,2.542000,0.000000,0.000000,0.000000,0.000176,0,0
273600000000,273900000000,6283499093,303,4802864268,0.000369,0.000915,0.001926,0.000024,0.000046,0.001102,0.000001,0.000000,0.004738,0.000143,2.941000,0.000000,0.000000,0.000000,0.000186,0,0
273900000000,274200000000,6283499093,303,4802864268,0.000338,0.000906,0.001928,0.000022,0.000033,0.001030,0.000000,0.000000,0.004654,0.000072,3.128000,0.000000,0.000000,0.000000,0.000425,0,0
274200000000,274500000000,6283499093,303,4802864268,0.000312,0.000915,0.001928,0.000022,0.000042,0.001089,0.000001,0.000000,0.004150,0.000072,2.874000,0.000000,0.000000,0.000000,0.000135,0,0
274500000000,274800000000,6283499093,303,4802864268,0.000286,0.000929,0.001928,0.000022,0.000054,0.001131,0.000000,0.000000,0.004715,0.000000,2.734000,0.000000,0.000000,0.000000,0.000098,0,0
274800000000,275100000000,6283499093,303,4802864268,0.000317,0.000958,0.001928,0.000022,0.000081,0.001326,0.000000,0.000000,0.004135,0.000072,1.932000,0.000000,0.000000,0.000000,0.000218,0,0
275100000000,275400000000,6283499093,303,4802864268,0.000302,0.000942,0.001926,0.000022,0.000057,0.001282,0.000000,0.000000,0.004501,0.000000,2.855000,0.000000,0.000000,0.000000,0.000074,0,0
275400000000,275700000000,6283499093,303,4802864268,0.000314,0.000990,0.001926,0.000022,0.000103,0.001354,0.000000,0.000000,0.003841,0.000072,2.475000,0.000000,0.000000,0.000000,0.000125,0,0
275700000000,276000000000,6283499093,303,4802864268,0.000290,0.000978,0.001928,0.000022,0.000093,0.001352,0.000000,0.000000,0.004036,0.000072,2.595000,0.000000,0.000000,0.000000,0.000160,0,0
276000000000,276300000000,6283499093,303,4802864268,0.000493,0.000953,0.001926,0.000022,0.000036,0.001217,0.000010,0.000000,0.015000,0.001215,2.420000,0.000000,0.000000,0.000000,0.000483,0,0
276300000000,276600000000,6283499093,303,4802864268,0.000416,0.000990,0.001926,0.000022,0.000053,0.001192,0.000001,0.000000,0.007607,0.000072,3.578000,0.000000,0.000000,0.000000,0.000262,0,0
276600000000,276900000000,6283499093,303,4802864268,0.000373,0.001003,0.001926,0.000022,0.000059,0.001268,0.000002,0.000000,0.004494,0.000357,3.323000,0.000000,0.000000,0.000000,0.000978,0,0
276900000000,277200000000,6283499093,303,4802864268,0.000303,0.001009,0.001926,0.000022,0.000064,0.001282,0.000000,0.000000,0.003441,0.000072,2.683000,0.000000,0.000000,0.000000,0.000164,0,0
277200000000,277449000000,6283499093,303,4802864268,0.000329,0.000711,0.001928,0.000022,0.000043,0.001163,0.000003,0.000000,0.007164,0.000215,2.818000,0.000000,0.000000,0.000000,0.000249,0,0
277449000000,277466000000,6283499093,303,4802864268,0.000196,0.000000,0.000000,0.000000,0.000000,0.000000,0.000051,0.000000,0.003326,0.000929,2.729000,0.000000,0.000000,0.000000,0.000000,0,0
277466000000,277469000000,6283499093,303,4802864268,0.000000,0.000000,0.000000,0.000000,0.000000,0.000000,0.000000,0.000000,0.000000,0.000000,2.729000,0.000000,0.000000,0.000000,0.000000,0,0
