272492000000,272551000000,6283499093,304,2424196705,0.000000,0.000000,0.000000,0.000000,0.000000,0.000000,0.000001,0.000000,0.000000,0.000072,0.000000,0.000000,0.000000,0.000000,0.000000,0,0
272551000000,272700000000,6283499093,304,2424196705,0.000696,0.001169,0.001925,0.000198,0.000352,0.001564,0.000713,0.000000,0.031190,0.026920,1.698000,0.004115,0.000000,0.000000,0.000234,0,0
272700000000,273000000000,6283499093,304,2424196705,0.000472,0.001053,0.001926,0.000187,0.000305,0.001406,0.000001,0.000000,0.004166,0.000072,2.551000,0.007309,0.000000,0.000000,0.000259,0,0
273000000000,273300000000,6283499093,304,2424196705,0.000432,0.001345,0.001928,0.000186,0.000559,0.001425,0.000001,0.000000,0.007683,0.000072,3.209000,0.009895,0.000000,0.000000,0.000404,0,0
273300000000,273600000000,6283499093,304,2424196705,0.000499,0.001253,0.001925,0.000189,0.000463,0.001431,0.000020,0.000000,0.018890,0.005501,1.354000,0.002039,0.000000,0.000000,0.000515,0,0
273600000000,273900000000,6283499093,304,2424196705,0.000424,0.001144,0.001921,0.000189,0.000356,0.001425,0.000001,0.000000,0.004852,0.000072,3.242000,0.010050,0.000000,0.000000,0.000315,0,0
273900000000,274200000000,6283499093,304,2424196705,0.000391,0.001066,0.001923,0.000186,0.000274,0.001427,0.000000,0.000000,0.005043,0.000072,2.759000,0.007965,0.000000,0.000000,0.000668,0,0
274200000000,274500000000,6283499093,304,2424196705,0.000361,0.001350,0.001928,0.000186,0.000556,0.001427,0.000002,0.000000,0.005798,0.000143,2.808000,0.007966,0.000000,0.000000,0.000687,0,0
274500000000,274800000000,6283499093,304,2424196705,0.000385,0.001247,0.001925,0.000186,0.000446,0.001446,0.000000,0.000000,0.005371,0.000072,2.220000,0.005328,0.000000,0.000000,0.000750,0,0
274800000000,275100000000,6283499093,304,2424196705,0.000347,0.001146,0.001921,0.000186,0.000340,0.001444,0.000000,0.000000,0.004387,0.000072,2.532000,0.007019,0.000000,0.000000,0.000154,0,0
275100000000,275400000000,6283499093,304,2424196705,0.000335,0.001040,0.001923,0.000186,0.000233,0.001438,0.000001,0.000000,0.005089,0.000143,2.558000,0.007030,0.000000,0.000000,0.000108,0,0
275400000000,275700000000,6283499093,304,2424196705,0.000315,0.001434,0.001928,0.000186,0.000628,0.001440,0.000002,0.000000,0.004303,0.000571,2.223000,0.005630,0.000000,0.000000,0.000115,0,0
275700000000,276000000000,6283499093,304,2424196705,0.000315,0.001432,0.001928,0.000186,0.000628,0.001436,0.000000,0.000000,0.004578,0.000143,2.397000,0.006236,0.000000,0.000000,0.000211,0,0
276000000000,276300000000,6283499093,304,2424196705,0.000343,0.001434,0.001928,0.000186,0.000629,0.001440,0.000001,0.000000,0.003857,0.000143,2.443000,0.006993,0.000000,0.000000,0.000078,0,0
276300000000,276600000000,6283499093,304,2424196705,0.000360,0.001434,0.001928,0.000186,0.000629,0.001438,0.000001,0.000000,0.004669,0.000072,2.466000,0.007279,0.000000,0.000000,0.000520,0,0
276600000000,276900000000,6283499093,304,2424196705,0.000373,0.001432,0.001926,0.000186,0.000629,0.001436,0.000001,0.000000,0.001638,0.000072,3.184000,0.010430,0.000000,0.000000,0.000330,0,0
276900000000,277200000000,6283499093,304,2424196705,0.000414,0.001436,0.001928,0.000186,0.000629,0.001459,0.000001,0.000000,0.008835,0.000072,1.755000,0.003872,0.000000,0.000000,0.000113,0,0
277200000000,277380000000,6283499093,304,2424196705,0.000693,0.001436,0.001928,0.000186,0.000619,0.001507,0.000017,0.000000,0.064090,0.001928,1.482000,0.002696,0.000000,0.000000,0.000175,0,0
277380000000,277398000000,6283499093,304,2424196705,0.000102,0.000000,0.000000,0.000000,0.000000,0.000000,0.000099,0.000000,0.001829,0.001715,2.303000,0.006449,0.000000,0.000000,0.000000,0,0
277398000000,277399000000,6283499093,304,2424196705,0.000000,0.000000,0.000000,0.000000,0.000000,0.000000,0.000000,0.000000,0.000000,0.000000,2.303000,0.006449,0.000000,0.000000,0.000000,0,0
