272507000000,272700000000,6283499093,305,2157964271,0.000000,0.000000,0.000000,0.000000,0.000000,0.000000,0.000000,0.000000,0.000000,0.000000,0.000000,0.000000,0.000000,0.000000,0.000000,0,0
272700000000,272773000000,6283499093,305,2157964271,0.000000,0.000000,0.000000,0.000000,0.000000,0.000000,0.000000,0.000000,0.000000,0.000000,0.000000,0.000000,0.000000,0.000000,0.000000,0,0
272773000000,273000000000,6283499093,305,2157964271,0.000647,0.001268,0.001932,0.000366,0.000775,0.001724,0.000990,0.000000,0.010030,0.016510,3.505000,0.012580,0.000000,0.000000,0.000418,0,0
273000000000,273300000000,6283499093,305,2157964271,0.000394,0.000956,0.001930,0.000382,0.000827,0.000969,0.000004,0.000000,0.001654,0.000857,5.822000,0.022590,0.000000,0.000000,0.000399,0,0
273300000000,273600000000,6283499093,305,2157964271,0.000382,0.000972,0.001932,0.000371,0.000815,0.000978,0.000004,0.000000,0.004265,0.000999,4.596000,0.016310,0.000000,0.000000,0.000310,0,0
273600000000,273900000000,6283499093,305,2157964271,0.000364,0.000961,0.001932,0.000364,0.000810,0.000984,0.000001,0.000000,0.004883,0.000072,3.388000,0.010980,0.000000,0.000000,0.000234,0,0
273900000000,274200000000,6283499093,305,2157964271,0.000360,0.000974,0.001932,0.000364,0.000810,0.000986,0.000002,0.000000,0.001434,0.000643,3.276000,0.010500,0.000000,0.000000,0.000642,0,0
274200000000,274500000000,6283499093,305,2157964271,0.000328,0.000975,0.001932,0.000364,0.000810,0.000984,0.000000,0.000000,0.005310,0.000000,3.571000,0.011550,0.000000,0.000000,0.000601,0,0
274500000000,274800000000,6283499093,305,2157964271,0.000291,0.000975,0.001932,0.000364,0.000810,0.000992,0.000006,0.000000,0.003246,0.000500,3.199000,0.009784,0.000000,0.000000,0.000373,0,0
274800000000,275100000000,6283499093,305,2157964271,0.000258,0.000975,0.001932,0.000364,0.000810,0.000986,0.000000,0.000000,0.004944,0.000000,2.858000,0.008404,0.000000,0.000000,0.000309,0,0
275100000000,275400000000,6283499093,305,2157964271,0.000322,0.000988,0.001932,0.000364,0.000810,0.001003,0.000004,0.000000,0.009720,0.001215,2.503000,0.006789,0.000000,0.000000,0.000206,0,0
275400000000,275700000000,6283499093,305,2157964271,0.000417,0.000999,0.001932,0.000365,0.000811,0.001074,0.000025,0.000000,0.008316,0.005211,4.648000,0.015960,0.000000,0.000000,0.000104,0,0
275700000000,276000000000,6283499093,305,2157964271,0.000901,0.001060,0.002014,0.000360,0.000807,0.001316,0.000008,0.000000,0.032960,0.001715,4.409000,0.015370,0.000000,0.000000,0.000711,0,0
276000000000,276300000000,6283499093,305,2157964271,0.002117,0.001278,0.002167,0.000147,0.000607,0.001537,0.000097,0.000000,0.030910,0.005928,1.262000,0.002987,0.000000,0.000000,0.015660,0,0
276300000000,276600000000,6283499093,305,2157964271,0.000445,0.001188,0.001928,0.000120,0.000585,0.001196,0.000001,0.000000,0.003204,0.000143,7.283000,0.028030,0.000000,0.000000,0.000195,0,0
276600000000,276900000000,6283499093,305,2157964271,0.000291,0.001188,0.001932,0.000111,0.000575,0.001198,0.000003,0.000000,0.001322,0.000714,6.866000,0.026250,0.000000,0.000000,0.000475,0,0
276900000000,277200000000,6283499093,305,2157964271,0.000386,0.001202,0.001930,0.000110,0.000575,0.001219,0.000006,0.000000,0.012510,0.001572,2.894000,0.008440,0.000000,0.000000,0.000483,0,0
277200000000,277500000000,6283499093,305,2157964271,0.000310,0.001196,0.001932,0.000110,0.000575,0.001202,0.000008,0.000000,0.005638,0.001499,5.427000,0.019480,0.000000,0.000000,0.000786,0,0
277500000000,277800000000,6283499093,305,2157964271,0.000338,0.001190,0.001932,0.000110,0.000575,0.001204,0.000005,0.000000,0.002045,0.000786,4.431000,0.014780,0.000000,0.000000,0.000445,0,0
277800000000,278100000000,6283499093,305,2157964271,0.000300,0.001183,0.001932,0.000110,0.000575,0.001192,0.000007,0.000000,0.002777,0.000428,3.376000,0.010500,0.000000,0.000000,0.000238,0,0
278100000000,278400000000,6283499093,305,2157964271,0.000334,0.001188,0.001932,0.000110,0.000575,0.001205,0.000014,0.000000,0.005371,0.002285,3.077000,0.009381,0.000000,0.000000,0.000458,0,0
278400000000,278700000000,6283499093,305,2157964271,0.000392,0.001207,0.001932,0.000110,0.000575,0.001215,0.000002,0.000000,0.002251,0.000072,3.239000,0.010280,0.000000,0.000000,0.000269,0,0
278700000000,279000000000,6283499093,305,2157964271,0.000400,0.001188,0.001930,0.000110,0.000576,0.001196,0.000001,0.000000,0.004784,0.000143,3.137000,0.009854,0.000000,0.000000,0.000393,0,0
279000000000,279300000000,6283499093,305,2157964271,0.000346,0.001202,0.001932,0.000110,0.000576,0.001209,0.000005,0.000000,0.006271,0.000428,2.978000,0.008935,0.000000,0.000000,0.000209,0,0
279300000000,279600000000,6283499093,305,2157964271,0.000315,0.001202,0.001932,0.000115,0.000583,0.001211,0.000030,0.000000,0.005127,0.008148,3.527000,0.011160,0.000000,0.000000,0.000532,0,0
279600000000,279900000000,6283499093,305,2157964271,0.000691,0.001196,0.001932,0.000116,0.000585,0.001345,0.000001,0.000000,0.047850,0.000072,2.537000,0.007357,0.000000,0.000000,0.000321,0,0
279900000000,279980000000,6283499093,305,2157964271,0.000835,0.001209,0.001928,0.000127,0.000590,0.001305,0.000153,0.000000,0.040280,0.006218,3.064000,0.009472,0.000000,0.000000,0.000642,0,0
279980000000,279997000000,6283499093,305,2157964271,0.000270,0.000000,0.000000,0.000000,0.000000,0.000000,0.000059,0.000000,0.004585,0.001072,1.956000,0.005031,0.000000,0.000000,0.000000,0,0
279997000000,279999000000,6283499093,305,2157964271,0.000000,0.000000,0.000000,0.000000,0.000000,0.000000,0.000000,0.000000,0.000000,0.000000,1.689000,0.003976,0.000000,0.000000,0.000000,0,0
