272494000000,272603000000,6283499093,306,1807149354,0.000000,0.000000,0.000000,0.000000,0.000000,0.000000,0.000000,0.000000,0.000000,0.000000,0.000000,0.000000,0.000000,0.000000,0.000000,0,0
272603000000,272700000000,6283499093,306,1807149354,0.000671,0.001478,0.001923,0.000258,0.000677,0.001587,0.001976,0.000000,0.015210,0.057620,2.449000,0.007361,0.000000,0.000000,0.000469,0,0
272700000000,273000000000,6283499093,306,1807149354,0.000334,0.000986,0.001923,0.000261,0.000703,0.001379,0.000000,0.000000,0.004021,0.000072,2.508000,0.007435,0.000000,0.000000,0.000250,0,0
273000000000,273300000000,6283499093,306,1807149354,0.000324,0.000924,0.001923,0.000261,0.000703,0.000932,0.000013,0.000000,0.004990,0.002430,2.545000,0.007547,0.000000,0.000000,0.000481,0,0
273300000000,273600000000,6283499093,306,1807149354,0.000351,0.000954,0.001923,0.000264,0.000709,0.000969,0.000022,0.000000,0.004883,0.003716,1.945000,0.004827,0.000000,0.000000,0.000113,0,0
273600000000,273900000000,6283499093,306,1807149354,0.000348,0.000958,0.001923,0.000265,0.000709,0.000970,0.000001,0.000000,0.004219,0.000143,2.471000,0.007373,0.000000,0.000000,0.000730,0,0
273900000000,274200000000,6283499093,306,1807149354,0.000344,0.000963,0.001923,0.000265,0.000709,0.000977,0.000000,0.000000,0.004028,0.000072,2.440000,0.007419,0.000000,0.000000,0.000072,0,0
274200000000,274500000000,6283499093,306,1807149354,0.000336,0.000966,0.001923,0.000265,0.000711,0.000976,0.000002,0.000000,0.004044,0.000357,2.236000,0.006200,0.000000,0.000000,0.000089,0,0
274500000000,274800000000,6283499093,306,1807149354,0.000378,0.000980,0.001923,0.000265,0.000711,0.000988,0.000001,0.000000,0.004318,0.000143,2.665000,0.008296,0.000000,0.000000,0.000125,0,0
274800000000,275100000000,6283499093,306,1807149354,0.000408,0.000978,0.001923,0.000265,0.000711,0.000984,0.000000,0.000000,0.005020,0.000072,2.763000,0.008537,0.000000,0.000000,0.000113,0,0
275100000000,275400000000,6283499093,306,1807149354,0.000368,0.000963,0.001923,0.000265,0.000711,0.000966,0.000000,0.000000,0.004021,0.000000,2.604000,0.007531,0.000000,0.000000,0.000147,0,0
275400000000,275700000000,6283499093,306,1807149354,0.000339,0.000966,0.001925,0.000266,0.000711,0.000990,0.000000,0.000000,0.005135,0.000143,2.440000,0.006770,0.000000,0.000000,0.000966,0,0
275700000000,276000000000,6283499093,306,1807149354,0.000353,0.000986,0.001923,0.000266,0.000711,0.000994,0.000001,0.000000,0.004433,0.000143,2.742000,0.008231,0.000000,0.000000,0.000119,0,0
276000000000,276300000000,6283499093,306,1807149354,0.000358,0.000986,0.001923,0.000266,0.000711,0.000999,0.000007,0.000000,0.004578,0.001999,2.478000,0.007248,0.000000,0.000000,0.000082,0,0
276300000000,276600000000,6283499093,306,1807149354,0.000421,0.001045,0.001923,0.000267,0.000712,0.001104,0.000022,0.000000,0.009415,0.005287,2.667000,0.008100,0.000000,0.000000,0.000164,0,0
276600000000,276900000000,6283499093,306,1807149354,0.000383,0.001049,0.001923,0.000265,0.000711,0.001064,0.000005,0.000000,0.004524,0.001072,2.627000,0.007905,0.000000,0.000000,0.000146,0,0
276900000000,277200000000,6283499093,306,1807149354,0.000349,0.001036,0.001923,0.000265,0.000711,0.001038,0.000000,0.000000,0.005081,0.000000,2.655000,0.007844,0.000000,0.000000,0.000201,0,0
277200000000,277500000000,6283499093,306,1807149354,0.000328,0.001045,0.001923,0.000265,0.000711,0.001062,0.000004,0.000000,0.004745,0.000428,2.537000,0.006975,0.000000,0.000000,0.000120,0,0
277500000000,277800000000,6283499093,306,1807149354,0.003944,0.001127,0.002178,0.000238,0.000685,0.001534,0.000032,0.000000,0.080200,0.002357,0.637300,0.000355,0.000000,0.000000,0.000262,0,0
277800000000,278100000000,6283499093,306,1807149354,0.003773,0.001387,0.002048,0.000038,0.000415,0.001787,0.000115,0.000000,0.087650,0.018160,0.696800,0.000551,0.000000,0.000000,0.000749,0,0
278100000000,278400000000,6283499093,306,1807149354,0.000460,0.001314,0.001921,0.000027,0.000385,0.001322,0.000003,0.000000,0.005302,0.000357,2.982000,0.009622,0.000000,0.000000,0.001408,0,0
278400000000,278700000000,6283499093,306,1807149354,0.000377,0.001307,0.001921,0.000027,0.000385,0.001322,0.000003,0.000000,0.005661,0.000143,2.597000,0.007913,0.000000,0.000000,0.000237,0,0
278700000000,279000000000,6283499093,306,1807149354,0.000338,0.001297,0.001923,0.000027,0.000386,0.001318,0.000002,0.000000,0.005981,0.000643,2.248000,0.006417,0.000000,0.000000,0.000148,0,0
279000000000,279300000000,6283499093,306,1807149354,0.002937,0.001507,0.002110,0.000151,0.000326,0.002232,0.000515,0.000001,0.120200,0.050050,0.764500,0.000832,0.000000,0.000000,0.000835,0,0
279300000000,279360000000,6283499093,306,1807149354,0.001249,0.001307,0.001934,0.000244,0.000353,0.001596,0.001108,0.000001,0.064210,0.023280,0.868900,0.001228,0.000000,0.000000,0.001015,0,0
279360000000,279376000000,6283499093,306,1807149354,0.000081,0.000000,0.000000,0.000000,0.000000,0.000000,0.000013,0.000001,0.001295,0.000143,2.843000,0.009078,0.000000,0.000000,0.000000,0,0
279376000000,279377000000,6283499093,306,1807149354,0.000000,0.000000,0.000000,0.000000,0.000000,0.000000,0.000215,0.000001,0.000000,0.000215,2.843000,0.009078,0.000000,0.000000,0.000000,0,0
