272492000000,272592000000,6283499093,307,4089661277,0.000000,0.000000,0.000000,0.000000,0.000000,0.000000,0.000000,0.000000,0.000000,0.000000,0.000000,0.000000,0.000000,0.000000,0.000000,0,0
272592000000,272700000000,6283499093,307,4089661277,0.000769,0.001465,0.001932,0.000281,0.000702,0.001591,0.001778,0.000000,0.035030,0.064450,2.653000,0.007689,0.000000,0.000000,0.000421,0,0
272700000000,273000000000,6283499093,307,4089661277,0.000374,0.000982,0.001932,0.000283,0.000727,0.001347,0.000000,0.000000,0.004730,0.000000,2.635000,0.007562,0.000000,0.000000,0.000230,0,0
273000000000,273300000000,6283499093,307,4089661277,0.000358,0.000918,0.001932,0.000284,0.000727,0.000925,0.000006,0.000000,0.004562,0.001572,2.767000,0.008082,0.000000,0.000000,0.000150,0,0
273300000000,273600000000,6283499093,307,4089661277,0.000338,0.000933,0.001934,0.000286,0.000730,0.000944,0.000004,0.000000,0.004318,0.001215,2.928000,0.008526,0.000000,0.000000,0.000197,0,0
273600000000,273900000000,6283499093,307,4089661277,0.000355,0.000930,0.001932,0.000286,0.000730,0.000954,0.000003,0.000000,0.004303,0.000643,2.305000,0.006037,0.000000,0.000000,0.000416,0,0
273900000000,274200000000,6283499093,307,4089661277,0.000417,0.000961,0.001932,0.000286,0.000730,0.000969,0.000005,0.000000,0.007980,0.000857,2.198000,0.005603,0.000000,0.000000,0.000276,0,0
274200000000,274500000000,6283499093,307,4089661277,0.000448,0.000955,0.001932,0.000286,0.000730,0.000978,0.000004,0.000000,0.005753,0.000571,2.552000,0.007016,0.000000,0.000000,0.000204,0,0
274500000000,274800000000,6283499093,307,4089661277,0.000409,0.000965,0.001932,0.000286,0.000730,0.000976,0.000000,0.000000,0.007271,0.000000,2.902000,0.008453,0.000000,0.000000,0.001219,0,0
274800000000,275100000000,6283499093,307,4089661277,0.000380,0.000950,0.001932,0.000286,0.000730,0.000961,0.000003,0.000000,0.004578,0.000786,3.653000,0.011570,0.000000,0.000000,0.000616,0,0
275100000000,275400000000,6283499093,307,4089661277,0.000492,0.001022,0.001932,0.000288,0.000733,0.001059,0.000054,0.000000,0.013230,0.011430,3.759000,0.012400,0.000000,0.000000,0.000239,0,0
275400000000,275700000000,6283499093,307,4089661277,0.000465,0.001015,0.001932,0.000285,0.000732,0.001150,0.000005,0.000000,0.013210,0.001429,3.509000,0.011530,0.000000,0.000000,0.000128,0,0
275700000000,276000000000,6283499093,307,4089661277,0.006699,0.001301,0.002316,0.000209,0.000659,0.001392,0.000025,0.000000,0.068120,0.001999,0.605500,0.000229,0.000000,0.000000,0.000320,0,0
276000000000,276300000000,6283499093,307,4089661277,0.000872,0.001268,0.001928,0.000184,0.000647,0.001387,0.000071,0.000000,0.029420,0.018160,4.156000,0.014110,0.000000,0.000000,0.000592,0,0
276300000000,276600000000,6283499093,307,4089661277,0.000579,0.001221,0.001928,0.000179,0.000645,0.001228,0.000001,0.000000,0.005821,0.000072,4.416000,0.015390,0.000000,0.000000,0.000446,0,0
276600000000,276900000000,6283499093,307,4089661277,0.000424,0.001221,0.001930,0.000178,0.000643,0.001228,0.000001,0.000000,0.004997,0.000215,3.826000,0.012110,0.000000,0.000000,0.000241,0,0
276900000000,277200000000,6283499093,307,4089661277,0.000463,0.001165,0.001930,0.000177,0.000644,0.001240,0.000008,0.000000,0.007240,0.001642,2.566000,0.006940,0.000000,0.000000,0.000147,0,0
277200000000,277379000000,6283499093,307,4089661277,0.000468,0.000768,0.001930,0.000180,0.000644,0.000789,0.000029,0.000000,0.001619,0.004288,3.189000,0.009967,0.000000,0.000000,0.000485,0,0
277379000000,277399000000,6283499093,307,4089661277,0.000122,0.000000,0.000000,0.000000,0.000000,0.000000,0.000025,0.000000,0.002445,0.000428,3.563000,0.012030,0.000000,0.000000,0.000000,0,0
277399000000,277400000000,6283499093,307,4089661277,0.000000,0.000000,0.000000,0.000000,0.000000,0.000000,0.000000,0.000000,0.000000,0.000000,3.563000,0.012030,0.000000,0.000000,0.000000,0,0
