272491000000,272622000000,6283499093,308,1694845875,0.000000,0.000000,0.000000,0.000000,0.000000,0.000000,0.000000,0.000000,0.000000,0.000000,0.000000,0.000000,0.000000,0.000000,0.000000,0,0
272622000000,272700000000,6283499093,308,1694845875,0.000687,0.000895,0.001926,0.000175,0.000228,0.001307,0.002453,0.000000,0.017360,0.032350,1.384000,0.002450,0.000000,0.000000,0.000969,0,0
272700000000,273000000000,6283499093,308,1694845875,0.000324,0.000954,0.001923,0.000193,0.000255,0.001228,0.000000,0.000000,0.004883,0.000072,2.400000,0.006874,0.000000,0.000000,0.000100,0,0
273000000000,273300000000,6283499093,308,1694845875,0.000370,0.000992,0.001923,0.000192,0.000287,0.001360,0.000004,0.000000,0.004051,0.000643,1.863000,0.004367,0.000000,0.000000,0.000415,0,0
273300000000,273600000000,6283499093,308,1694845875,0.000362,0.001009,0.001923,0.000190,0.000269,0.001360,0.000000,0.000000,0.005890,0.000072,2.346000,0.006545,0.000000,0.000000,0.000282,0,0
273600000000,273900000000,6283499093,308,1694845875,0.000337,0.001026,0.001926,0.000183,0.000274,0.001381,0.000001,0.000000,0.004425,0.000143,2.363000,0.006716,0.000000,0.000000,0.000530,0,0
273900000000,274200000000,6283499093,308,1694845875,0.000344,0.001173,0.001926,0.000183,0.000410,0.001392,0.000000,0.000000,0.004570,0.000072,2.902000,0.008771,0.000000,0.000000,0.000423,0,0
274200000000,274500000000,6283499093,308,1694845875,0.000362,0.001135,0.001925,0.000183,0.000369,0.001392,0.000001,0.000000,0.004410,0.000143,2.545000,0.007351,0.000000,0.000000,0.000290,0,0
274500000000,274800000000,6283499093,308,1694845875,0.000331,0.001137,0.001925,0.000183,0.000371,0.001394,0.000000,0.000000,0.004959,0.000000,2.606000,0.007444,0.000000,0.000000,0.000161,0,0
274800000000,275100000000,6283499093,308,1694845875,0.000320,0.001078,0.001923,0.000183,0.000311,0.001394,0.000000,0.000000,0.004570,0.000072,2.561000,0.007083,0.000000,0.000000,0.000131,0,0
275100000000,275400000000,6283499093,308,1694845875,0.006020,0.001324,0.002052,0.000170,0.000301,0.001881,0.000035,0.000000,0.088380,0.005646,0.601300,0.000274,0.000000,0.000000,0.000777,0,0
275400000000,275700000000,6283499093,308,1694845875,0.000620,0.001314,0.001919,0.000112,0.000259,0.001638,0.000000,0.000000,0.005455,0.000072,4.412000,0.015980,0.000000,0.000000,0.000468,0,0
275700000000,276000000000,6283499093,308,1694845875,0.000462,0.001318,0.001921,0.000112,0.000267,0.001629,0.000001,0.000000,0.004517,0.000215,3.233000,0.011000,0.000000,0.000000,0.000253,0,0
276000000000,276300000000,6283499093,308,1694845875,0.000391,0.001308,0.001923,0.000112,0.000261,0.001627,0.000001,0.000000,0.006027,0.000143,2.489000,0.007172,0.000000,0.000000,0.000612,0,0
276300000000,276600000000,6283499093,308,1694845875,0.000467,0.001284,0.001921,0.000112,0.000236,0.001629,0.000005,0.000000,0.005348,0.001072,2.724000,0.008262,0.000000,0.000000,0.000685,0,0
276600000000,276900000000,6283499093,308,1694845875,0.000423,0.001310,0.001921,0.000112,0.000260,0.001629,0.000002,0.000000,0.005508,0.000143,2.719000,0.008255,0.000000,0.000000,0.000254,0,0
276900000000,277200000000,6283499093,308,1694845875,0.000391,0.001305,0.001923,0.000112,0.000254,0.001629,0.000002,0.000000,0.004822,0.000428,2.552000,0.007506,0.000000,0.000000,0.000258,0,0
277200000000,277500000000,6283499093,308,1694845875,0.000432,0.001287,0.001923,0.000112,0.000234,0.001637,0.000004,0.000000,0.012590,0.000215,2.165000,0.005743,0.000000,0.000000,0.000463,0,0
277500000000,277559000000,6283499093,308,1694845875,0.000450,0.001301,0.001921,0.000112,0.000266,0.001637,0.000068,0.000000,0.003544,0.003571,1.755000,0.003503,0.000000,0.000000,0.000199,0,0
277559000000,277569000000,6283499093,308,1694845875,0.000347,0.000000,0.000000,0.000000,0.000000,0.000000,0.000043,0.000000,0.003468,0.000428,1.983000,0.004331,0.000000,0.000000,0.000000,0,0
277569000000,277570000000,6283499093,308,1694845875,0.000000,0.000000,0.000000,0.000000,0.000000,0.000000,0.000000,0.000000,0.000000,0.000000,1.983000,0.004331,0.000000,0.000000,0.000000,0,0
