272496000000,272594000000,6283499093,309,208981978,0.000000,0.000000,0.000000,0.000000,0.000000,0.000000,0.000000,0.000000,0.000000,0.000000,0.000000,0.000000,0.000000,0.000000,0.000000,0,0
272594000000,272700000000,6283499093,309,208981978,0.000714,0.001608,0.002575,0.000300,0.000727,0.001850,0.003136,0.000000,0.014500,0.064330,2.762000,0.008555,0.000000,0.000000,0.000184,0,0
272700000000,273000000000,6283499093,309,208981978,0.000384,0.000974,0.001862,0.000293,0.000734,0.001287,0.000000,0.000000,0.004486,0.000072,2.747000,0.008667,0.000000,0.000000,0.000145,0,0
273000000000,273300000000,6283499093,309,208981978,0.000379,0.000952,0.001862,0.000292,0.000733,0.000958,0.000006,0.000000,0.001154,0.001572,2.702000,0.008504,0.000000,0.000000,0.000256,0,0
273300000000,273600000000,6283499093,309,208981978,0.000328,0.000956,0.001863,0.000290,0.000732,0.000984,0.000001,0.000000,0.003914,0.000286,2.241000,0.006126,0.000000,0.000000,0.000096,0,0
273600000000,273900000000,6283499093,309,208981978,0.000387,0.000975,0.001862,0.000289,0.000733,0.000986,0.000001,0.000000,0.004074,0.000143,2.869000,0.009200,0.000000,0.000000,0.000390,0,0
273900000000,274200000000,6283499093,309,208981978,0.000370,0.000970,0.001862,0.000289,0.000733,0.000978,0.000000,0.000000,0.004326,0.000072,2.490000,0.007373,0.000000,0.000000,0.000234,0,0
274200000000,274500000000,6283499093,309,208981978,0.000324,0.000961,0.001863,0.000289,0.000733,0.000984,0.000002,0.000000,0.028720,0.000143,2.232000,0.006222,0.000000,0.000000,0.000140,0,0
274500000000,274800000000,6283499093,309,208981978,0.000463,0.001034,0.001863,0.000292,0.000737,0.001066,0.000015,0.000000,0.007683,0.003929,1.802000,0.005063,0.000000,0.000000,0.000300,0,0
274800000000,275100000000,6283499093,309,208981978,0.000400,0.001005,0.001883,0.000292,0.000737,0.001013,0.000001,0.000000,0.004562,0.000143,3.174000,0.010470,0.000000,0.000000,0.000300,0,0
275100000000,275400000000,6283499093,309,208981978,0.000423,0.000994,0.001936,0.000289,0.000735,0.001026,0.000012,0.000000,0.009354,0.003571,1.805000,0.004304,0.000000,0.000000,0.000542,0,0
275400000000,275700000000,6283499093,309,208981978,0.000419,0.001007,0.001938,0.000290,0.000736,0.001041,0.000001,0.000000,0.005234,0.000215,2.769000,0.008654,0.000000,0.000000,0.000708,0,0
275700000000,276000000000,6283499093,309,208981978,0.000393,0.001001,0.001940,0.000288,0.000733,0.001013,0.000000,0.000000,0.004807,0.000072,1.821000,0.004291,0.000000,0.000000,0.000618,0,0
276000000000,276300000000,6283499093,309,208981978,0.000320,0.000999,0.001940,0.000287,0.000732,0.001005,0.000001,0.000000,0.005219,0.000143,2.243000,0.006271,0.000000,0.000000,0.000631,0,0
276300000000,276600000000,6283499093,309,208981978,0.000328,0.001003,0.001940,0.000287,0.000732,0.001013,0.000005,0.000000,0.005142,0.000857,2.228000,0.006063,0.000000,0.000000,0.000090,0,0
276600000000,276900000000,6283499093,309,208981978,0.000334,0.001003,0.001940,0.000287,0.000732,0.001013,0.000001,0.000000,0.003857,0.000143,2.393000,0.006826,0.000000,0.000000,0.000146,0,0
276900000000,277200000000,6283499093,309,208981978,0.000354,0.001009,0.001940,0.000287,0.000732,0.001019,0.000002,0.000000,0.012630,0.000143,2.268000,0.006449,0.000000,0.000000,0.000672,0,0
277200000000,277500000000,6283499093,309,208981978,0.000344,0.001015,0.001940,0.000287,0.000732,0.001022,0.000003,0.000000,0.005524,0.000143,2.142000,0.005726,0.000000,0.000000,0.000146,0,0
277500000000,277800000000,6283499093,309,208981978,0.000354,0.001032,0.001940,0.000284,0.000733,0.001106,0.000005,0.000000,0.004723,0.000571,2.335000,0.006733,0.000000,0.000000,0.000184,0,0
277800000000,278100000000,6283499093,309,208981978,0.000345,0.001053,0.001940,0.000276,0.000735,0.001104,0.000006,0.000000,0.004158,0.000714,2.854000,0.008800,0.000000,0.000000,0.000115,0,0
278100000000,278400000000,6283499093,309,208981978,0.000346,0.001041,0.001940,0.000276,0.000735,0.001051,0.000002,0.000000,0.018770,0.000072,2.233000,0.006195,0.000000,0.000000,0.000364,0,0
278400000000,278529000000,6283499093,309,208981978,0.000395,0.001041,0.001940,0.000276,0.000735,0.001066,0.000022,0.000000,0.007080,0.002357,2.156000,0.005871,0.000000,0.000000,0.000084,0,0
278529000000,278540000000,6283499093,309,208981978,0.000255,0.000000,0.000000,0.000000,0.000000,0.000000,0.000078,0.000000,0.002804,0.000857,1.202000,0.001452,0.000000,0.000000,0.000000,0,0
278540000000,278541000000,6283499093,309,208981978,0.000000,0.000000,0.000000,0.000000,0.000000,0.000000,0.000000,0.000000,0.000000,0.000000,1.163000,0.001272,0.000000,0.000000,0.000000,0,0
