272499000000,272620000000,6283499093,31,854775874,0.000000,0.000000,0.000000,0.000000,0.000000,0.000000,0.000000,0.000000,0.000000,0.000000,0.000000,0.000000,0.000000,0.000000,0.000000,0,0
272620000000,272700000000,6283499093,31,854775874,0.000853,0.001534,0.001915,0.000290,0.000704,0.001642,0.002449,0.000000,0.016360,0.062380,4.124000,0.012610,0.000000,0.000000,0.000997,0,0
272700000000,273000000000,6283499093,31,854775874,0.000382,0.001068,0.001917,0.000296,0.000738,0.001541,0.000000,0.000000,0.004784,0.000000,2.851000,0.008124,0.000000,0.000000,0.000127,0,0
273000000000,273300000000,6283499093,31,854775874,0.000375,0.000967,0.001917,0.000297,0.000740,0.000978,0.000014,0.000000,0.005226,0.003071,2.928000,0.008374,0.000000,0.000000,0.000446,0,0
273300000000,273600000000,6283499093,31,854775874,0.000334,0.000966,0.001917,0.000298,0.000743,0.000971,0.000000,0.000000,0.004730,0.000072,2.416000,0.006349,0.000000,0.000000,0.000597,0,0
273600000000,273900000000,6283499093,31,854775874,0.000337,0.000963,0.001917,0.000298,0.000743,0.000967,0.000002,0.000000,0.002701,0.000571,2.647000,0.007226,0.000000,0.000000,0.000650,0,0
273900000000,274200000000,6283499093,31,854775874,0.000411,0.000996,0.001917,0.000298,0.000743,0.001009,0.000004,0.000000,0.003891,0.001072,2.016000,0.004816,0.000000,0.000000,0.000613,0,0
274200000000,274500000000,6283499093,31,854775874,0.000492,0.001013,0.001917,0.000298,0.000743,0.001026,0.000003,0.000000,0.007416,0.000643,3.414000,0.010900,0.000000,0.000000,0.000227,0,0
274500000000,274800000000,6283499093,31,854775874,0.000463,0.001015,0.001917,0.000298,0.000743,0.001026,0.000000,0.000000,0.004478,0.000072,3.435000,0.010930,0.000000,0.000000,0.000265,0,0
274800000000,275100000000,6283499093,31,854775874,0.000379,0.000999,0.001917,0.000298,0.000743,0.001003,0.000001,0.000000,0.004997,0.000143,2.855000,0.008349,0.000000,0.000000,0.000275,0,0
275100000000,275400000000,6283499093,31,854775874,0.000438,0.001051,0.001917,0.000300,0.000746,0.001085,0.000026,0.000000,0.021510,0.007286,2.303000,0.005794,0.000000,0.000000,0.000645,0,0
275400000000,275700000000,6283499093,31,854775874,0.000376,0.001028,0.001917,0.000298,0.000744,0.001030,0.000000,0.000000,0.005005,0.000072,2.687000,0.007935,0.000000,0.000000,0.000108,0,0
275700000000,276000000000,6283499093,31,854775874,0.000336,0.001036,0.001917,0.000298,0.000744,0.001047,0.000000,0.000000,0.005219,0.000000,2.410000,0.006665,0.000000,0.000000,0.000179,0,0
276000000000,276300000000,6283499093,31,854775874,0.000341,0.001040,0.001917,0.000298,0.000744,0.001053,0.000001,0.000000,0.009125,0.000072,2.667000,0.007136,0.000000,0.000000,0.000101,0,0
276300000000,276600000000,6283499093,31,854775874,0.000393,0.001047,0.001917,0.000298,0.000744,0.001059,0.000000,0.000000,0.007980,0.000072,2.752000,0.007631,0.000000,0.000000,0.002312,0,0
276600000000,276900000000,6283499093,31,854775874,0.000414,0.001053,0.001917,0.000298,0.000744,0.001059,0.000001,0.000000,0.005798,0.000072,2.835000,0.008276,0.000000,0.000000,0.000210,0,0
276900000000,277200000000,6283499093,31,854775874,0.000429,0.001062,0.001917,0.000298,0.000744,0.001062,0.000000,0.000000,0.005424,0.000072,2.529000,0.006842,0.000000,0.000000,0.000160,0,0
277200000000,277500000000,6283499093,31,854775874,0.000435,0.001068,0.001917,0.000298,0.000744,0.001074,0.000002,0.000000,0.005508,0.000072,3.057000,0.009159,0.000000,0.000000,0.000240,0,0
277500000000,277800000000,6283499093,31,854775874,0.000388,0.001059,0.001917,0.000298,0.000744,0.001074,0.000003,0.000000,0.004776,0.000143,3.026000,0.008967,0.000000,0.000000,0.000276,0,0
277800000000,278100000000,6283499093,31,854775874,0.000399,0.001080,0.001917,0.000296,0.000746,0.001160,0.000017,0.000000,0.005043,0.004211,2.669000,0.007160,0.000000,0.000000,0.000224,0,0
278100000000,278400000000,6283499093,31,854775874,0.000388,0.001102,0.001915,0.000290,0.000750,0.001158,0.000007,0.000000,0.005180,0.001429,2.694000,0.007618,0.000000,0.000000,0.000349,0,0
278400000000,278659000000,6283499093,31,854775874,0.000689,0.001108,0.001915,0.000290,0.000750,0.001190,0.000029,0.000000,0.053220,0.003284,3.118000,0.009354,0.000000,0.000000,0.000682,0,0
278659000000,278675000000,6283499093,31,854775874,0.000237,0.000000,0.000000,0.000000,0.000000,0.000000,0.000049,0.000000,0.003777,0.000571,3.014000,0.008753,0.000000,0.000000,0.000000,0,0
278675000000,278676000000,6283499093,31,854775874,0.000000,0.000000,0.000000,0.000000,0.000000,0.000000,0.000000,0.000000,0.000000,0.000000,3.014000,0.008753,0.000000,0.000000,0.000000,0,0
