272498000000,272620000000,6283499093,310,167674627,0.000000,0.000000,0.000000,0.000000,0.000000,0.000000,0.000000,0.000000,0.000000,0.000000,0.000000,0.000000,0.000000,0.000000,0.000000,0,0
272620000000,272700000000,6283499093,310,167674627,0.000831,0.001461,0.001932,0.000298,0.000709,0.001585,0.001839,0.000000,0.017090,0.035160,3.631000,0.012860,0.000000,0.000000,0.000835,0,0
272700000000,273000000000,6283499093,310,167674627,0.000273,0.001011,0.001934,0.000306,0.000749,0.001461,0.000000,0.000000,0.005058,0.000072,3.291000,0.010460,0.000000,0.000000,0.000229,0,0
273000000000,273300000000,6283499093,310,167674627,0.000279,0.000920,0.001934,0.000305,0.000748,0.000939,0.000012,0.000000,0.004402,0.002357,3.251000,0.010280,0.000000,0.000000,0.000077,0,0
273300000000,273600000000,6283499093,310,167674627,0.000268,0.000917,0.001934,0.000306,0.000750,0.000928,0.000000,0.000000,0.005249,0.000000,3.498000,0.011130,0.000000,0.000000,0.000217,0,0
273600000000,273900000000,6283499093,310,167674627,0.000278,0.000925,0.001934,0.000306,0.000750,0.000934,0.000001,0.000000,0.001360,0.000357,2.768000,0.008059,0.000000,0.000000,0.000574,0,0
273900000000,274200000000,6283499093,310,167674627,0.000332,0.000937,0.001934,0.000306,0.000750,0.000960,0.000010,0.000000,0.004349,0.002644,2.852000,0.008486,0.000000,0.000000,0.000237,0,0
274200000000,274500000000,6283499093,310,167674627,0.000336,0.000942,0.001934,0.000307,0.000751,0.000959,0.000002,0.000000,0.005165,0.000357,2.400000,0.006524,0.000000,0.000000,0.000184,0,0
274500000000,274800000000,6283499093,310,167674627,0.000307,0.000944,0.001934,0.000307,0.000751,0.000959,0.000000,0.000000,0.004684,0.000000,3.358000,0.010810,0.000000,0.000000,0.000510,0,0
274800000000,275100000000,6283499093,310,167674627,0.000270,0.000943,0.001934,0.000307,0.000751,0.000952,0.000000,0.000000,0.004196,0.000072,3.144000,0.009718,0.000000,0.000000,0.000354,0,0
275100000000,275400000000,6283499093,310,167674627,0.000279,0.000935,0.001934,0.000307,0.000751,0.000937,0.000000,0.000000,0.004128,0.000000,2.730000,0.007767,0.000000,0.000000,0.000268,0,0
275400000000,275700000000,6283499093,310,167674627,0.000288,0.000944,0.001934,0.000307,0.000751,0.000966,0.000003,0.000000,0.018400,0.000786,3.632000,0.011020,0.000000,0.000000,0.000113,0,0
275700000000,276000000000,6283499093,310,167674627,0.000277,0.000953,0.001934,0.000308,0.000752,0.000965,0.000001,0.000000,0.004250,0.000143,2.836000,0.008234,0.000000,0.000000,0.000252,0,0
276000000000,276300000000,6283499093,310,167674627,0.000310,0.000950,0.001934,0.000308,0.000752,0.000971,0.000006,0.000000,0.005226,0.000643,3.813000,0.012380,0.000000,0.000000,0.000148,0,0
276300000000,276600000000,6283499093,310,167674627,0.000307,0.000964,0.001934,0.000308,0.000752,0.000970,0.000001,0.000000,0.004791,0.000143,2.849000,0.008454,0.000000,0.000000,0.000142,0,0
276600000000,276900000000,6283499093,310,167674627,0.000283,0.000948,0.001934,0.000308,0.000752,0.000963,0.000001,0.000000,0.004807,0.000286,3.696000,0.011830,0.000000,0.000000,0.000193,0,0
276900000000,277200000000,6283499093,310,167674627,0.000586,0.000906,0.001932,0.000306,0.000756,0.001150,0.000026,0.000000,0.060240,0.003784,2.892000,0.008261,0.000000,0.000000,0.000581,0,0
277200000000,277439000000,6283499093,310,167674627,0.000406,0.000646,0.001930,0.000300,0.000764,0.000713,0.000018,0.000000,0.001566,0.002785,3.479000,0.011510,0.000000,0.000000,0.000915,0,0
277439000000,277456000000,6283499093,310,167674627,0.000196,0.000000,0.000000,0.000000,0.000000,0.000000,0.000030,0.000000,0.003323,0.000428,3.322000,0.010900,0.000000,0.000000,0.000000,0,0
277456000000,277457000000,6283499093,310,167674627,0.000000,0.000000,0.000000,0.000000,0.000000,0.000000,0.000000,0.000000,0.000000,0.000000,3.322000,0.010900,0.000000,0.000000,0.000000,0,0
