272508000000,272609000000,6283499093,311,45,0.000000,0.000000,0.000000,0.000000,0.000000,0.000000,0.000000,0.000000,0.000000,0.000000,0.000000,0.000000,0.000000,0.000000,0.000000,0,0
272609000000,272700000000,6283499093,311,45,0.000646,0.001522,0.001928,0.000328,0.000713,0.001631,0.002487,0.000000,0.014790,0.054990,2.394000,0.007318,0.000000,0.000000,0.007401,0,0
272700000000,273000000000,6283499093,311,45,0.000342,0.001053,0.001930,0.000339,0.000742,0.001505,0.000000,0.000000,0.004326,0.000072,2.536000,0.008049,0.000000,0.000000,0.000182,0,0
273000000000,273300000000,6283499093,311,45,0.000349,0.000955,0.001930,0.000341,0.000746,0.000977,0.000018,0.000000,0.003914,0.004288,2.402000,0.007434,0.000000,0.000000,0.000217,0,0
273300000000,273600000000,6283499093,311,45,0.000325,0.000950,0.001930,0.000342,0.000750,0.000969,0.000000,0.000000,0.004349,0.000000,2.282000,0.006699,0.000000,0.000000,0.000123,0,0
273600000000,273900000000,6283499093,311,45,0.000327,0.000960,0.001930,0.000343,0.000750,0.000976,0.000001,0.000000,0.004631,0.000215,2.189000,0.006276,0.000000,0.000000,0.000120,0,0
273900000000,274200000000,6283499093,311,45,0.000327,0.000967,0.001930,0.000344,0.000751,0.000980,0.000009,0.000000,0.004539,0.002499,2.406000,0.007477,0.000000,0.000000,0.000184,0,0
274200000000,274500000000,6283499093,311,45,0.000340,0.000958,0.001930,0.000344,0.000751,0.000969,0.000003,0.000000,0.005196,0.000714,2.743000,0.008300,0.000000,0.000000,0.000177,0,0
274500000000,274800000000,6283499093,311,45,0.000311,0.000956,0.001930,0.000344,0.000751,0.000959,0.000000,0.000000,0.005249,0.000000,2.328000,0.006414,0.000000,0.000000,0.000479,0,0
274800000000,275100000000,6283499093,311,45,0.000330,0.000963,0.001930,0.000344,0.000751,0.000975,0.000000,0.000000,0.004250,0.000072,2.459000,0.007032,0.000000,0.000000,0.000235,0,0
275100000000,275400000000,6283499093,311,45,0.000336,0.000964,0.001930,0.000341,0.000751,0.000972,0.000000,0.000000,0.005104,0.000072,2.329000,0.006530,0.000000,0.000000,0.000668,0,0
275400000000,275700000000,6283499093,311,45,0.000334,0.000980,0.001930,0.000344,0.000751,0.000992,0.000000,0.000000,0.005035,0.000072,2.235000,0.006137,0.000000,0.000000,0.000600,0,0
275700000000,276000000000,6283499093,311,45,0.000318,0.000971,0.001930,0.000343,0.000751,0.000982,0.000003,0.000000,0.005402,0.000786,2.281000,0.006610,0.000000,0.000000,0.000631,0,0
276000000000,276300000000,6283499093,311,45,0.000322,0.000972,0.001930,0.000345,0.000751,0.000984,0.000001,0.000000,0.006538,0.000143,2.688000,0.008119,0.000000,0.000000,0.000087,0,0
276300000000,276600000000,6283499093,311,45,0.000339,0.000984,0.001930,0.000345,0.000751,0.001007,0.000001,0.000000,0.004387,0.000215,2.429000,0.006939,0.000000,0.000000,0.000200,0,0
276600000000,276900000000,6283499093,311,45,0.000327,0.000980,0.001930,0.000344,0.000751,0.000990,0.000001,0.000000,0.004349,0.000215,2.352000,0.006642,0.000000,0.000000,0.000155,0,0
276900000000,277200000000,6283499093,311,45,0.000318,0.000977,0.001930,0.000344,0.000751,0.000988,0.000000,0.000000,0.003819,0.000072,2.194000,0.006259,0.000000,0.000000,0.000093,0,0
277200000000,277419000000,6283499093,311,45,0.000368,0.000984,0.001930,0.000344,0.000751,0.000997,0.000038,0.000000,0.009033,0.007004,2.261000,0.006495,0.000000,0.000000,0.000161,0,0
277419000000,277430000000,6283499093,311,45,0.000241,0.000000,0.000000,0.000000,0.000000,0.000000,0.000042,0.000000,0.002659,0.000500,2.413000,0.007056,0.000000,0.000000,0.000000,0,0
277430000000,277432000000,6283499093,311,45,0.000000,0.000000,0.000000,0.000000,0.000000,0.000000,0.000000,0.000000,0.000000,0.000000,2.413000,0.007056,0.000000,0.000000,0.000000,0,0
