272506000000,272610000000,6283499093,312,6566264,0.000000,0.000000,0.000000,0.000000,0.000000,0.000000,0.000000,0.000000,0.000000,0.000000,0.000000,0.000000,0.000000,0.000000,0.000000,0,0
272610000000,272700000000,6283499093,312,6566264,0.000727,0.001564,0.001932,0.000384,0.000803,0.001713,0.002399,0.000000,0.010560,0.049990,1.253000,0.001972,0.000000,0.000000,0.001265,0,0
272700000000,273000000000,6283499093,312,6566264,0.000345,0.001043,0.001934,0.000386,0.000829,0.001566,0.000000,0.000000,0.004395,0.000072,2.361000,0.006895,0.000000,0.000000,0.000214,0,0
273000000000,273300000000,6283499093,312,6566264,0.000341,0.000941,0.001934,0.000384,0.000828,0.000950,0.000001,0.000000,0.005203,0.000072,2.428000,0.007224,0.000000,0.000000,0.000207,0,0
273300000000,273600000000,6283499093,312,6566264,0.000302,0.000943,0.001934,0.000384,0.000828,0.000954,0.000000,0.000000,0.004189,0.000000,2.175000,0.005966,0.000000,0.000000,0.000620,0,0
273600000000,273900000000,6283499093,312,6566264,0.000317,0.000944,0.001934,0.000384,0.000828,0.000958,0.000018,0.000000,0.003914,0.002857,2.082000,0.005513,0.000000,0.000000,0.000424,0,0
273900000000,274200000000,6283499093,312,6566264,0.000320,0.000960,0.001934,0.000383,0.000828,0.000971,0.000008,0.000000,0.008179,0.002213,2.080000,0.005598,0.000000,0.000000,0.000264,0,0
274200000000,274500000000,6283499093,312,6566264,0.000318,0.000956,0.001934,0.000383,0.000828,0.000969,0.000010,0.000000,0.005104,0.002857,2.260000,0.006551,0.000000,0.000000,0.000175,0,0
274500000000,274800000000,6283499093,312,6566264,0.000313,0.000955,0.001934,0.000383,0.000828,0.000970,0.000000,0.000000,0.004684,0.000000,2.192000,0.006012,0.000000,0.000000,0.000200,0,0
274800000000,275100000000,6283499093,312,6566264,0.000331,0.000972,0.001934,0.000383,0.000828,0.000990,0.000001,0.000000,0.004166,0.000072,2.281000,0.006429,0.000000,0.000000,0.000194,0,0
275100000000,275400000000,6283499093,312,6566264,0.000371,0.000977,0.001932,0.000372,0.000817,0.000986,0.000000,0.000000,0.010270,0.000072,2.019000,0.005223,0.000000,0.000000,0.000664,0,0
275400000000,275700000000,6283499093,312,6566264,0.000383,0.000973,0.001932,0.000365,0.000810,0.001034,0.000001,0.000000,0.009369,0.000072,1.835000,0.004278,0.000000,0.000000,0.000741,0,0
275700000000,276000000000,6283499093,312,6566264,0.002758,0.001205,0.002197,0.000287,0.000735,0.001345,0.000039,0.000000,0.063480,0.002857,0.658400,0.000406,0.000000,0.000000,0.000222,0,0
276000000000,276300000000,6283499093,312,6566264,0.002224,0.001223,0.001930,0.000244,0.000692,0.001287,0.000036,0.000000,0.054080,0.002213,0.632600,0.000395,0.000000,0.000000,0.000097,0,0
276300000000,276600000000,6283499093,312,6566264,0.000694,0.001177,0.001930,0.000240,0.000694,0.001257,0.000063,0.000000,0.030760,0.005714,0.816700,0.000951,0.000000,0.000000,0.000160,0,0
276600000000,276900000000,6283499093,312,6566264,0.000409,0.001175,0.001930,0.000238,0.000704,0.001244,0.000001,0.000000,0.005890,0.000072,3.282000,0.010790,0.000000,0.000000,0.000233,0,0
276900000000,277200000000,6283499093,312,6566264,0.000374,0.001154,0.001930,0.000238,0.000704,0.001167,0.000000,0.000000,0.004791,0.000072,2.650000,0.008041,0.000000,0.000000,0.000102,0,0
277200000000,277500000000,6283499093,312,6566264,0.000329,0.001160,0.001932,0.000233,0.000698,0.001177,0.000024,0.000000,0.005295,0.001858,2.399000,0.006862,0.000000,0.000000,0.000146,0,0
277500000000,277800000000,6283499093,312,6566264,0.000355,0.001173,0.001932,0.000232,0.000697,0.001181,0.000011,0.000000,0.004951,0.001858,2.836000,0.008705,0.000000,0.000000,0.000148,0,0
277800000000,278100000000,6283499093,312,6566264,0.000345,0.001169,0.001932,0.000231,0.000698,0.001194,0.000034,0.000000,0.005371,0.002857,2.556000,0.007285,0.000000,0.000000,0.000554,0,0
278100000000,278400000000,6283499093,312,6566264,0.000352,0.001171,0.001932,0.000231,0.000698,0.001181,0.000009,0.000000,0.005173,0.001999,2.511000,0.007171,0.000000,0.000000,0.000423,0,0
278400000000,278700000000,6283499093,312,6566264,0.000351,0.001156,0.001932,0.000231,0.000698,0.001175,0.000021,0.000000,0.005737,0.002857,2.219000,0.005953,0.000000,0.000000,0.000560,0,0
278700000000,279000000000,6283499093,312,6566264,0.000402,0.001177,0.001930,0.000231,0.000699,0.001183,0.000002,0.000000,0.003155,0.000072,2.473000,0.007092,0.000000,0.000000,0.000831,0,0
279000000000,279300000000,6283499093,312,6566264,0.000364,0.001167,0.001930,0.000232,0.000700,0.001184,0.000046,0.000000,0.005798,0.002998,2.386000,0.006794,0.000000,0.000000,0.000695,0,0
279300000000,279600000000,6283499093,312,6566264,0.000337,0.001158,0.001932,0.000232,0.000701,0.001181,0.000018,0.000000,0.004944,0.002857,2.117000,0.005455,0.000000,0.000000,0.000120,0,0
279600000000,279729000000,6283499093,312,6566264,0.000400,0.001160,0.001932,0.000232,0.000701,0.001184,0.000012,0.000000,0.003784,0.001429,1.753000,0.004066,0.000000,0.000000,0.000074,0,0
279729000000,279742000000,6283499093,312,6566264,0.000204,0.000000,0.000000,0.000000,0.000000,0.000000,0.000215,0.000000,0.002655,0.001858,1.341000,0.002120,0.000000,0.000000,0.000000,0,0
279742000000,279743000000,6283499093,312,6566264,0.000000,0.000000,0.000000,0.000000,0.000000,0.000000,0.000000,0.000000,0.000000,0.000000,1.341000,0.002120,0.000000,0.000000,0.000000,0,0
