272497000000,272639000000,6283499093,313,257338584,0.000000,0.000000,0.000000,0.000000,0.000000,0.000000,0.000000,0.000000,0.000000,0.000000,0.000000,0.000000,0.000000,0.000000,0.000000,0,0
272639000000,272700000000,6283499093,313,257338584,0.000771,0.000908,0.001930,0.000035,0.000231,0.001343,0.000363,0.000000,0.010830,0.006287,7.950000,0.030170,0.000000,0.000000,0.000062,0,0
272700000000,273000000000,6283499093,313,257338584,0.002544,0.001183,0.002052,0.000031,0.000234,0.002148,0.000009,0.000000,0.083010,0.001358,0.685900,0.000360,0.000000,0.000000,0.000177,0,0
273000000000,273300000000,6283499093,313,257338584,0.001318,0.001211,0.001925,0.000007,0.000069,0.001690,0.000011,0.000000,0.065310,0.001215,0.684400,0.000367,0.000000,0.000000,0.000278,0,0
273300000000,273600000000,6283499093,313,257338584,0.001484,0.001177,0.001923,0.000010,0.000052,0.001556,0.000013,0.000000,0.065920,0.002716,0.578100,0.000218,0.000000,0.000000,0.000347,0,0
273600000000,273900000000,6283499093,313,257338584,0.000580,0.001175,0.001923,0.000010,0.000067,0.001545,0.000008,0.000000,0.017700,0.000999,3.423000,0.010910,0.000000,0.000000,0.000392,0,0
273900000000,274200000000,6283499093,313,257338584,0.002796,0.001234,0.001921,0.000016,0.000066,0.001759,0.000026,0.000000,0.060850,0.003143,0.677900,0.000513,0.000000,0.000000,0.001015,0,0
274200000000,274500000000,6283499093,313,257338584,0.000458,0.001192,0.001923,0.000011,0.000069,0.001560,0.000000,0.000000,0.004494,0.000072,4.081000,0.013820,0.000000,0.000000,0.000255,0,0
274500000000,274800000000,6283499093,313,257338584,0.000425,0.001171,0.001925,0.000011,0.000063,0.001554,0.000000,0.000000,0.004852,0.000072,3.367000,0.010610,0.000000,0.000000,0.000308,0,0
274800000000,275100000000,6283499093,313,257338584,0.000405,0.001160,0.001925,0.000011,0.000052,0.001410,0.000001,0.000000,0.005028,0.000286,3.382000,0.010350,0.000000,0.000000,0.000524,0,0
275100000000,275400000000,6283499093,313,257338584,0.003094,0.001202,0.001923,0.000015,0.000045,0.001543,0.000019,0.000000,0.083130,0.002716,0.650500,0.000376,0.000000,0.000000,0.000421,0,0
275400000000,275700000000,6283499093,313,257338584,0.000442,0.001301,0.001923,0.000031,0.000065,0.001616,0.000001,0.000000,0.005486,0.000072,0.679900,0.000498,0.000000,0.000000,0.000361,0,0
275700000000,276000000000,6283499093,313,257338584,0.000413,0.001286,0.001923,0.000025,0.000053,0.001646,0.000001,0.000000,0.001862,0.000072,3.079000,0.009662,0.000000,0.000000,0.000261,0,0
276000000000,276300000000,6283499093,313,257338584,0.002785,0.001341,0.001923,0.000038,0.000073,0.001778,0.000033,0.000001,0.067380,0.003143,0.620800,0.000304,0.000000,0.000000,0.000631,0,0
276300000000,276600000000,6283499093,313,257338584,0.000415,0.001282,0.001923,0.000038,0.000070,0.001663,0.000002,0.000001,0.005096,0.000500,4.179000,0.013750,0.000000,0.000000,0.000354,0,0
276600000000,276900000000,6283499093,313,257338584,0.000344,0.001284,0.001925,0.000038,0.000074,0.001675,0.000002,0.000001,0.005211,0.000500,3.367000,0.010130,0.000000,0.000000,0.000149,0,0
276900000000,277200000000,6283499093,313,257338584,0.000283,0.001291,0.001926,0.000038,0.000091,0.001671,0.000001,0.000001,0.005104,0.000072,3.150000,0.009292,0.000000,0.000000,0.000224,0,0
277200000000,277500000000,6283499093,313,257338584,0.000285,0.001247,0.001925,0.000038,0.000067,0.001656,0.000007,0.000001,0.010210,0.001215,3.488000,0.009982,0.000000,0.000000,0.000118,0,0
277500000000,277800000000,6283499093,313,257338584,0.000285,0.001244,0.001925,0.000038,0.000072,0.001478,0.000015,0.000001,0.005768,0.002357,2.670000,0.007161,0.000000,0.000000,0.000254,0,0
277800000000,278100000000,6283499093,313,257338584,0.000273,0.001234,0.001926,0.000042,0.000064,0.001371,0.000034,0.000001,0.004448,0.004929,3.756000,0.011560,0.000000,0.000000,0.000151,0,0
278100000000,278400000000,6283499093,313,257338584,0.000309,0.001234,0.001926,0.000051,0.000070,0.001339,0.000032,0.000001,0.009811,0.006218,2.460000,0.006818,0.000000,0.000000,0.000657,0,0
278400000000,278700000000,6283499093,313,257338584,0.000336,0.001249,0.001926,0.000051,0.000086,0.001341,0.000004,0.000001,0.007240,0.000286,2.345000,0.006461,0.000000,0.000000,0.000773,0,0
278700000000,279000000000,6283499093,313,257338584,0.000336,0.001255,0.001926,0.000051,0.000096,0.001337,0.000001,0.000001,0.004753,0.000286,2.323000,0.006532,0.000000,0.000000,0.000500,0,0
279000000000,279300000000,6283499093,313,257338584,0.000342,0.001272,0.001926,0.000068,0.000119,0.001375,0.000057,0.000001,0.005890,0.012440,2.443000,0.006993,0.000000,0.000000,0.000149,0,0
279300000000,279600000000,6283499093,313,257338584,0.000364,0.001278,0.001928,0.000091,0.000157,0.001345,0.000005,0.000001,0.004875,0.000786,2.495000,0.007311,0.000000,0.000000,0.000837,0,0
279600000000,279900000000,6283499093,313,257338584,0.000351,0.001322,0.001928,0.000171,0.000224,0.001484,0.000322,0.000001,0.004944,0.029140,2.286000,0.006436,0.000000,0.000000,0.000093,0,0
279900000000,280200000000,6283499093,313,257338584,0.000348,0.001287,0.001932,0.000270,0.000362,0.001312,0.000024,0.000001,0.005791,0.006218,2.441000,0.007213,0.000000,0.000000,0.000180,0,0
280200000000,280500000000,6283499093,313,257338584,0.000331,0.001270,0.001932,0.000273,0.000372,0.001295,0.000001,0.000001,0.005333,0.000072,2.344000,0.006954,0.000000,0.000000,0.000132,0,0
280500000000,280800000000,6283499093,313,257338584,0.000362,0.001274,0.001932,0.000272,0.000374,0.001326,0.000022,0.000001,0.005898,0.005859,2.220000,0.006326,0.000000,0.000000,0.000172,0,0
280800000000,281100000000,6283499093,313,257338584,0.000374,0.001297,0.001932,0.000269,0.000386,0.001333,0.000022,0.000001,0.006111,0.004646,2.732000,0.008530,0.000000,0.000000,0.000183,0,0
281100000000,281310000000,6283499093,313,257338584,0.000426,0.001268,0.001930,0.000278,0.000395,0.001303,0.000203,0.000001,0.005447,0.019500,3.370000,0.011060,0.000000,0.000000,0.000558,0,0
281310000000,281320000000,6283499093,313,257338584,0.000224,0.000000,0.000000,0.000000,0.000000,0.000000,0.000019,0.000001,0.002243,0.000215,2.949000,0.009686,0.000000,0.000000,0.000000,0,0
281320000000,281322000000,6283499093,313,257338584,0.000000,0.000000,0.000000,0.000000,0.000000,0.000000,0.000000,0.000001,0.000000,0.000000,2.949000,0.009686,0.000000,0.000000,0.000000,0,0
