272494000000,272560000000,6283499093,314,2442270687,0.000000,0.000000,0.000000,0.000000,0.000000,0.000000,0.000010,0.000000,0.000000,0.000571,0.000000,0.000000,0.000000,0.000000,0.000000,0,0
272560000000,272700000000,6283499093,314,2442270687,0.000579,0.001240,0.001919,0.000090,0.000453,0.001408,0.000656,0.000000,0.039920,0.018280,3.378000,0.011210,0.000000,0.000000,0.000699,0,0
272700000000,273000000000,6283499093,314,2442270687,0.000349,0.001244,0.001919,0.000089,0.000459,0.001318,0.000000,0.000000,0.005058,0.000000,2.875000,0.009035,0.000000,0.000000,0.000333,0,0
273000000000,273300000000,6283499093,314,2442270687,0.000353,0.001236,0.001919,0.000088,0.000443,0.001329,0.000012,0.000000,0.004730,0.003502,2.216000,0.006201,0.000000,0.000000,0.000302,0,0
273300000000,273600000000,6283499093,314,2442270687,0.000316,0.001265,0.001919,0.000089,0.000470,0.001328,0.000000,0.000000,0.004158,0.000000,2.549000,0.007488,0.000000,0.000000,0.000655,0,0
273600000000,273900000000,6283499093,314,2442270687,0.000364,0.001316,0.001917,0.000089,0.000516,0.001337,0.000004,0.000000,0.004417,0.000857,2.230000,0.006260,0.000000,0.000000,0.000314,0,0
273900000000,274200000000,6283499093,314,2442270687,0.000374,0.000963,0.001915,0.000088,0.000149,0.001347,0.000003,0.000000,0.004082,0.000857,2.484000,0.007638,0.000000,0.000000,0.000174,0,0
274200000000,274500000000,6283499093,314,2442270687,0.000339,0.001055,0.001913,0.000086,0.000238,0.001350,0.000004,0.000000,0.004120,0.001072,2.370000,0.006942,0.000000,0.000000,0.000127,0,0
274500000000,274800000000,6283499093,314,2442270687,0.000314,0.000988,0.001917,0.000082,0.000166,0.001347,0.000000,0.000000,0.002403,0.000000,2.208000,0.006016,0.000000,0.000000,0.000218,0,0
274800000000,275100000000,6283499093,314,2442270687,0.000314,0.000921,0.001915,0.000082,0.000098,0.000992,0.000000,0.000000,0.004410,0.000072,2.225000,0.006060,0.000000,0.000000,0.000507,0,0
275100000000,275400000000,6283499093,314,2442270687,0.000332,0.000922,0.001919,0.000082,0.000097,0.000997,0.000002,0.000000,0.004150,0.000500,2.228000,0.006312,0.000000,0.000000,0.000607,0,0
275400000000,275700000000,6283499093,314,2442270687,0.000320,0.000918,0.001923,0.000082,0.000096,0.000994,0.000000,0.000000,0.004555,0.000072,2.194000,0.005998,0.000000,0.000000,0.000111,0,0
275700000000,276000000000,6283499093,314,2442270687,0.000813,0.001156,0.001921,0.000085,0.000239,0.001518,0.000029,0.000000,0.062010,0.006783,1.829000,0.004369,0.000000,0.000000,0.000329,0,0
276000000000,276300000000,6283499093,314,2442270687,0.000435,0.001209,0.001917,0.000083,0.000248,0.001511,0.000002,0.000000,0.004227,0.000143,2.825000,0.009032,0.000000,0.000000,0.000239,0,0
276300000000,276600000000,6283499093,314,2442270687,0.000387,0.001150,0.001919,0.000083,0.000185,0.001513,0.000008,0.000000,0.004738,0.002144,2.672000,0.008273,0.000000,0.000000,0.000252,0,0
276600000000,276900000000,6283499093,314,2442270687,0.000331,0.001177,0.001921,0.000083,0.000215,0.001513,0.000003,0.000000,0.004967,0.000857,2.469000,0.007075,0.000000,0.000000,0.000622,0,0
276900000000,277200000000,6283499093,314,2442270687,0.000360,0.001257,0.001919,0.000083,0.000291,0.001516,0.000000,0.000000,0.004128,0.000072,2.379000,0.006676,0.000000,0.000000,0.000616,0,0
277200000000,277500000000,6283499093,314,2442270687,0.000409,0.001244,0.001919,0.000085,0.000274,0.001526,0.000011,0.000000,0.005363,0.001715,2.270000,0.006311,0.000000,0.000000,0.000102,0,0
277500000000,277739000000,6283499093,314,2442270687,0.000502,0.001223,0.001917,0.000085,0.000254,0.001526,0.000033,0.000000,0.026610,0.002285,2.825000,0.008680,0.000000,0.000000,0.000291,0,0
277739000000,277751000000,6283499093,314,2442270687,0.000282,0.000000,0.000000,0.000000,0.000000,0.000000,0.000286,0.000000,0.003391,0.003429,3.557000,0.011740,0.000000,0.000000,0.000000,0,0
277751000000,277753000000,6283499093,314,2442270687,0.000000,0.000000,0.000000,0.000000,0.000000,0.000000,0.000000,0.000000,0.000000,0.000000,3.557000,0.011740,0.000000,0.000000,0.000000,0,0
