272491000000,272590000000,6283499093,315,1608934674,0.000000,0.000000,0.000000,0.000000,0.000000,0.000000,0.000000,0.000000,0.000000,0.000000,0.000000,0.000000,0.000000,0.000000,0.000000,0,0
272590000000,272700000000,6283499093,315,1608934674,0.000660,0.001022,0.001925,0.000152,0.000240,0.001450,0.000774,0.000000,0.014470,0.022060,2.198000,0.006191,0.000000,0.000000,0.000146,0,0
272700000000,273000000000,6283499093,315,1608934674,0.000348,0.000869,0.001926,0.000153,0.000162,0.000924,0.000000,0.000000,0.004288,0.000000,2.610000,0.007824,0.000000,0.000000,0.000089,0,0
273000000000,273300000000,6283499093,315,1608934674,0.000361,0.000874,0.001926,0.000154,0.000163,0.000924,0.000003,0.000000,0.005272,0.000357,2.377000,0.006822,0.000000,0.000000,0.000065,0,0
273300000000,273600000000,6283499093,315,1608934674,0.000334,0.000890,0.001925,0.000155,0.000175,0.001087,0.000000,0.000000,0.004387,0.000000,2.385000,0.006772,0.000000,0.000000,0.000220,0,0
273600000000,273900000000,6283499093,315,1608934674,0.000328,0.000950,0.001923,0.000157,0.000236,0.001301,0.000006,0.000000,0.004379,0.001499,2.388000,0.006573,0.000000,0.000000,0.000507,0,0
273900000000,274200000000,6283499093,315,1608934674,0.000311,0.000986,0.001923,0.000157,0.000272,0.001314,0.000001,0.000000,0.003860,0.000143,2.312000,0.006331,0.000000,0.000000,0.000172,0,0
274200000000,274500000000,6283499093,315,1608934674,0.000353,0.001013,0.001923,0.000157,0.000298,0.001316,0.000004,0.000000,0.001623,0.000714,2.570000,0.007115,0.000000,0.000000,0.000762,0,0
274500000000,274800000000,6283499093,315,1608934674,0.000360,0.001040,0.001923,0.000157,0.000323,0.001318,0.000000,0.000000,0.004272,0.000000,2.332000,0.006135,0.000000,0.000000,0.000098,0,0
274800000000,275100000000,6283499093,315,1608934674,0.000347,0.001066,0.001923,0.000157,0.000349,0.001320,0.000000,0.000000,0.005844,0.000072,2.753000,0.007655,0.000000,0.000000,0.000138,0,0
275100000000,275400000000,6283499093,315,1608934674,0.000389,0.001093,0.001925,0.000156,0.000366,0.001337,0.000001,0.000000,0.004044,0.000143,2.606000,0.007296,0.000000,0.000000,0.000120,0,0
275400000000,275700000000,6283499093,315,1608934674,0.000405,0.001118,0.001925,0.000157,0.000385,0.001337,0.000002,0.000000,0.005791,0.000571,2.604000,0.007468,0.000000,0.000000,0.000202,0,0
275700000000,276000000000,6283499093,315,1608934674,0.000382,0.001118,0.001925,0.000156,0.000380,0.001352,0.000001,0.000000,0.009171,0.000143,2.592000,0.007513,0.000000,0.000000,0.000406,0,0
276000000000,276300000000,6283499093,315,1608934674,0.000331,0.001131,0.001925,0.000155,0.000388,0.001352,0.000001,0.000000,0.005470,0.000215,2.834000,0.008327,0.000000,0.000000,0.000158,0,0
276300000000,276531000000,6283499093,315,1608934674,0.000343,0.001150,0.001925,0.000157,0.000412,0.001341,0.000000,0.000000,0.006134,0.000000,2.497000,0.006807,0.000000,0.000000,0.000520,0,0
276531000000,276533000000,6283499093,315,1608934674,0.000763,0.000896,0.001923,0.000178,0.000182,0.000896,0.006569,0.000000,0.008057,0.006569,2.312000,0.006167,0.000000,0.000000,0.008057,0,0
276533000000,276549000000,6283499093,315,1608934674,0.001286,0.000000,0.000000,0.000000,0.000000,0.000000,0.000005,0.000000,0.020570,0.000072,1.440000,0.001862,0.000000,0.000000,0.000000,1,0
276549000000,276551000000,6283499093,315,1608934674,0.000000,0.000000,0.000000,0.000000,0.000000,0.000000,0.000000,0.000000,0.000000,0.000000,1.440000,0.001862,0.000000,0.000000,0.000000,0,0
276703000000,276719000000,6283499093,315,2961001364,0.000000,0.000000,0.000000,0.000000,0.000000,0.000000,0.000000,0.000000,0.000000,0.000000,0.000000,0.000000,0.000000,0.000000,0.000000,2,0
276719000000,276720000000,6283499093,315,2961001364,0.000000,0.000000,0.000000,0.000000,0.000000,0.000000,0.000000,0.000000,0.000000,0.000000,0.000000,0.000000,0.000000,0.000000,0.000000,0,0
276737000000,276900000000,6283499093,315,2961001364,0.000442,0.001154,0.001837,0.000025,0.000264,0.001379,0.000052,0.000000,0.017360,0.007858,2.884000,0.009793,0.000000,0.000000,0.000123,0,0
276900000000,277200000000,6283499093,315,2961001364,0.000287,0.001205,0.001839,0.000025,0.000316,0.001356,0.000000,0.000000,0.003723,0.000000,2.066000,0.005881,0.000000,0.000000,0.000131,0,0
277200000000,277500000000,6283499093,315,2961001364,0.000321,0.001305,0.001841,0.000019,0.000391,0.001394,0.000009,0.000000,0.004494,0.001499,2.216000,0.006514,0.000000,0.000000,0.000093,0,0
277500000000,277800000000,6283499093,315,2961001364,0.000314,0.001120,0.001837,0.000018,0.000194,0.001390,0.000011,0.000000,0.004028,0.002071,2.437000,0.007454,0.000000,0.000000,0.000358,0,0
277800000000,278100000000,6283499093,315,2961001364,0.003136,0.001291,0.001945,0.000011,0.000201,0.001863,0.000082,0.000000,0.080320,0.008072,2.703000,0.008794,0.000000,0.000000,0.000449,0,0
278100000000,278400000000,6283499093,315,2961001364,0.001148,0.001217,0.001932,0.000005,0.000148,0.001587,0.000019,0.000000,0.077390,0.003071,2.409000,0.007556,0.000000,0.000000,0.000536,0,0
278400000000,278579000000,6283499093,315,2961001364,0.007240,0.001396,0.001928,0.000018,0.000126,0.001722,0.000201,0.000000,0.073490,0.018920,0.567900,0.000172,0.000000,0.000000,0.018490,0,0
278579000000,278593000000,6283499093,315,2961001364,0.000237,0.000000,0.000000,0.000000,0.000000,0.000000,0.000010,0.000000,0.003326,0.000143,3.013000,0.010600,0.000000,0.000000,0.000000,0,0
278593000000,278594000000,6283499093,315,2961001364,0.000000,0.000000,0.000000,0.000000,0.000000,0.000000,0.000000,0.000000,0.000000,0.000000,3.013000,0.010600,0.000000,0.000000,0.000000,0,0
