272502000000,272591000000,6283499093,316,2274917864,0.000000,0.000000,0.000000,0.000000,0.000000,0.000000,0.000000,0.000000,0.000000,0.000000,0.000000,0.000000,0.000000,0.000000,0.000000,0,0
272591000000,272700000000,6283499093,316,2274917864,0.000653,0.001110,0.001904,0.000181,0.000271,0.001545,0.000874,0.000000,0.039250,0.014140,1.251000,0.002044,0.000000,0.000000,0.000410,0,0
272700000000,273000000000,6283499093,316,2274917864,0.000359,0.001020,0.001902,0.000182,0.000258,0.001272,0.000004,0.000000,0.004059,0.000999,1.907000,0.005100,0.000000,0.000000,0.000202,0,0
273000000000,273300000000,6283499093,316,2274917864,0.000360,0.001085,0.001902,0.000174,0.000301,0.001402,0.000007,0.000000,0.011640,0.001858,2.111000,0.006169,0.000000,0.000000,0.000335,0,0
273300000000,273600000000,6283499093,316,2274917864,0.000400,0.001116,0.001902,0.000174,0.000314,0.001423,0.000011,0.000000,0.004646,0.002785,2.701000,0.008975,0.000000,0.000000,0.000232,0,0
273600000000,273900000000,6283499093,316,2274917864,0.000398,0.001158,0.001902,0.000177,0.000341,0.001450,0.000031,0.000000,0.027310,0.006218,2.857000,0.009870,0.000000,0.000000,0.000203,0,0
273900000000,274200000000,6283499093,316,2274917864,0.000327,0.001177,0.001902,0.000178,0.000360,0.001442,0.000000,0.000000,0.004211,0.000072,2.913000,0.010120,0.000000,0.000000,0.000135,0,0
274200000000,274500000000,6283499093,316,2274917864,0.003456,0.001322,0.002026,0.000175,0.000351,0.001850,0.000025,0.000000,0.064820,0.001715,0.592900,0.000185,0.000000,0.000000,0.000458,0,0
274500000000,274800000000,6283499093,316,2274917864,0.000327,0.001463,0.001905,0.000169,0.000449,0.001646,0.000000,0.000000,0.009506,0.000072,2.499000,0.007849,0.000000,0.000000,0.000131,0,0
274800000000,275100000000,6283499093,316,2274917864,0.000333,0.001366,0.001905,0.000169,0.000368,0.001616,0.000000,0.000000,0.004311,0.000072,2.465000,0.007922,0.000000,0.000000,0.000216,0,0
275100000000,275400000000,6283499093,316,2274917864,0.000298,0.001364,0.001905,0.000169,0.000368,0.001616,0.000000,0.000000,0.004669,0.000000,3.092000,0.010580,0.000000,0.000000,0.000304,0,0
275400000000,275700000000,6283499093,316,2274917864,0.000268,0.001379,0.001905,0.000169,0.000382,0.001616,0.000010,0.000000,0.004128,0.002571,2.444000,0.007449,0.000000,0.000000,0.001070,0,0
275700000000,276000000000,6283499093,316,2274917864,0.000300,0.001297,0.001905,0.000169,0.000302,0.001614,0.000022,0.000000,0.004059,0.003857,2.136000,0.006091,0.000000,0.000000,0.000544,0,0
276000000000,276300000000,6283499093,316,2274917864,0.000291,0.001453,0.001907,0.000169,0.000459,0.001616,0.000002,0.000000,0.004166,0.000286,2.202000,0.006401,0.000000,0.000000,0.000135,0,0
276300000000,276600000000,6283499093,316,2274917864,0.000310,0.001383,0.001905,0.000169,0.000387,0.001617,0.000001,0.000000,0.003422,0.000072,2.743000,0.008559,0.000000,0.000000,0.000134,0,0
276600000000,276900000000,6283499093,316,2274917864,0.000292,0.001348,0.001905,0.000169,0.000351,0.001616,0.000004,0.000000,0.004181,0.001072,2.313000,0.007020,0.000000,0.000000,0.000105,0,0
276900000000,277200000000,6283499093,316,2274917864,0.001009,0.001261,0.001905,0.000170,0.000402,0.001675,0.000038,0.000000,0.050420,0.002930,0.668100,0.000535,0.000000,0.000000,0.000455,0,0
277200000000,277389000000,6283499093,316,2274917864,0.000359,0.000922,0.001904,0.000164,0.000374,0.001175,0.000003,0.000000,0.003857,0.000072,2.827000,0.009448,0.000000,0.000000,0.000366,0,0
277389000000,277408000000,6283499093,316,2274917864,0.000132,0.000000,0.000000,0.000000,0.000000,0.000000,0.000045,0.000000,0.002502,0.000857,2.520000,0.008079,0.000000,0.000000,0.000000,0,0
277408000000,277409000000,6283499093,316,2274917864,0.000000,0.000000,0.000000,0.000000,0.000000,0.000000,0.000000,0.000000,0.000000,0.000000,2.520000,0.008079,0.000000,0.000000,0.000000,0,0
