272499000000,272641000000,6283499093,317,4820108770,0.000000,0.000000,0.000000,0.000000,0.000000,0.000000,0.000000,0.000000,0.000000,0.000000,0.000000,0.000000,0.000000,0.000000,0.000000,0,0
272641000000,272700000000,6283499093,317,4820108770,0.001125,0.001577,0.001930,0.000361,0.000773,0.001785,0.004372,0.000000,0.048770,0.053890,5.434000,0.000000,0.000000,0.000000,0.000201,0,0
272700000000,273000000000,6283499093,317,4820108770,0.000320,0.001173,0.001930,0.000368,0.000815,0.001760,0.000001,0.000000,0.004311,0.000072,3.099000,0.000000,0.000000,0.000000,0.000515,0,0
273000000000,273300000000,6283499093,317,4820108770,0.000336,0.001001,0.001930,0.000367,0.000812,0.001013,0.000002,0.000000,0.004242,0.000357,2.733000,0.000000,0.000000,0.000000,0.000781,0,0
273300000000,273600000000,6283499093,317,4820108770,0.000320,0.000992,0.001932,0.000365,0.000810,0.001009,0.000000,0.000000,0.003998,0.000000,2.506000,0.000000,0.000000,0.000000,0.000144,0,0
273600000000,273900000000,6283499093,317,4820108770,0.000333,0.001001,0.001930,0.000365,0.000810,0.001011,0.000001,0.000000,0.004173,0.000143,2.204000,0.000000,0.000000,0.000000,0.000284,0,0
273900000000,274200000000,6283499093,317,4820108770,0.000325,0.001005,0.001930,0.000365,0.000810,0.001011,0.000001,0.000000,0.004509,0.000286,2.487000,0.000000,0.000000,0.000000,0.000480,0,0
274200000000,274500000000,6283499093,317,4820108770,0.000335,0.001003,0.001930,0.000365,0.000810,0.001017,0.000002,0.000000,0.003315,0.000143,2.434000,0.000000,0.000000,0.000000,0.000758,0,0
274500000000,274800000000,6283499093,317,4820108770,0.000341,0.001017,0.001930,0.000365,0.000810,0.001022,0.000000,0.000000,0.003849,0.000000,2.871000,0.000000,0.000000,0.000000,0.000138,0,0
274800000000,275100000000,6283499093,317,4820108770,0.000347,0.001003,0.001930,0.000365,0.000810,0.001017,0.000001,0.000000,0.004433,0.000143,2.767000,0.000000,0.000000,0.000000,0.000461,0,0
275100000000,275400000000,6283499093,317,4820108770,0.000343,0.001017,0.001930,0.000365,0.000810,0.001030,0.000000,0.000000,0.005928,0.000000,2.261000,0.000000,0.000000,0.000000,0.000110,0,0
275400000000,275700000000,6283499093,317,4820108770,0.000305,0.001001,0.001930,0.000365,0.000811,0.001011,0.000001,0.000000,0.003887,0.000143,2.329000,0.000000,0.000000,0.000000,0.000067,0,0
275700000000,276000000000,6283499093,317,4820108770,0.000307,0.001024,0.001930,0.000366,0.000811,0.001028,0.000000,0.000000,0.003666,0.000143,2.553000,0.000000,0.000000,0.000000,0.000198,0,0
276000000000,276300000000,6283499093,317,4820108770,0.000383,0.001030,0.001930,0.000369,0.000813,0.001097,0.000026,0.000000,0.007385,0.006859,1.641000,0.000000,0.000000,0.000000,0.000159,0,0
276300000000,276600000000,6283499093,317,4820108770,0.000529,0.001085,0.001926,0.000369,0.000815,0.001104,0.000031,0.000000,0.008011,0.004425,2.448000,0.000000,0.000000,0.000000,0.000175,0,0
276600000000,276900000000,6283499093,317,4820108770,0.000491,0.001078,0.001926,0.000380,0.000825,0.001106,0.000006,0.000000,0.007210,0.000643,3.302000,0.000000,0.000000,0.000000,0.000272,0,0
276900000000,277200000000,6283499093,317,4820108770,0.000418,0.001068,0.001928,0.000382,0.000827,0.001078,0.000000,0.000000,0.004593,0.000000,3.134000,0.000000,0.000000,0.000000,0.000204,0,0
277200000000,277500000000,6283499093,317,4820108770,0.000320,0.001057,0.001930,0.000382,0.000827,0.001060,0.000004,0.000000,0.004425,0.000215,2.611000,0.000000,0.000000,0.000000,0.000558,0,0
277500000000,277800000000,6283499093,317,4820108770,0.000329,0.001066,0.001930,0.000382,0.000827,0.001078,0.000006,0.000000,0.004707,0.001215,2.700000,0.000000,0.000000,0.000000,0.000584,0,0
277800000000,278100000000,6283499093,317,4820108770,0.000338,0.001064,0.001930,0.000382,0.000827,0.001083,0.000004,0.000000,0.004196,0.000215,2.431000,0.000000,0.000000,0.000000,0.000423,0,0
278100000000,278400000000,6283499093,317,4820108770,0.000374,0.001112,0.001928,0.000374,0.000829,0.001156,0.000007,0.000000,0.005913,0.001286,2.373000,0.000000,0.000000,0.000000,0.000246,0,0
278400000000,278700000000,6283499093,317,4820108770,0.000425,0.001099,0.001928,0.000369,0.000829,0.001127,0.000003,0.000000,0.004494,0.000286,2.159000,0.000000,0.000000,0.000000,0.000294,0,0
278700000000,279000000000,6283499093,317,4820108770,0.000374,0.001108,0.001928,0.000369,0.000829,0.001127,0.000001,0.000000,0.004654,0.000072,2.620000,0.000000,0.000000,0.000000,0.000594,0,0
279000000000,279300000000,6283499093,317,4820108770,0.000377,0.001118,0.001928,0.000368,0.000829,0.001165,0.000004,0.000000,0.005699,0.000286,2.539000,0.000000,0.000000,0.000000,0.000517,0,0
279300000000,279600000000,6283499093,317,4820108770,0.000346,0.001120,0.001928,0.000367,0.000829,0.001165,0.000002,0.000000,0.004578,0.000072,2.174000,0.000000,0.000000,0.000000,0.000245,0,0
279600000000,279799000000,6283499093,317,4820108770,0.000391,0.001104,0.001928,0.000370,0.000829,0.001118,0.000002,0.000000,0.011510,0.000143,2.239000,0.000000,0.000000,0.000000,0.000427,0,0
279799000000,279810000000,6283499093,317,4820108770,0.000277,0.000016,0.000000,0.000000,0.000000,0.000174,0.000019,0.000000,0.003040,0.000143,2.072000,0.000000,0.000000,0.000000,0.000000,0,0
279810000000,279812000000,6283499093,317,4820108770,0.000000,0.000000,0.000000,0.000000,0.000000,0.000000,0.000000,0.000000,0.000000,0.000000,2.072000,0.000000,0.000000,0.000000,0.000000,0,0
