272490000000,272590000000,6283499093,318,30787959,0.000000,0.000000,0.000000,0.000000,0.000000,0.000000,0.000000,0.000000,0.000000,0.000000,0.000000,0.000000,0.000000,0.000000,0.000000,0,0
272590000000,272700000000,6283499093,318,30787959,0.000694,0.001574,0.001925,0.000363,0.000788,0.001713,0.002262,0.000000,0.026120,0.055660,4.436000,0.017440,0.000000,0.000000,0.000149,0,0
272700000000,273000000000,6283499093,318,30787959,0.000355,0.001015,0.001926,0.000373,0.000816,0.001459,0.000000,0.000000,0.003983,0.000072,2.534000,0.008258,0.000000,0.000000,0.000178,0,0
273000000000,273300000000,6283499093,318,30787959,0.000521,0.000972,0.001925,0.000367,0.000812,0.001034,0.000018,0.000000,0.009308,0.002571,1.641000,0.003680,0.000000,0.000000,0.000208,0,0
273300000000,273600000000,6283499093,318,30787959,0.000449,0.001013,0.001925,0.000366,0.000812,0.001047,0.000003,0.000000,0.004288,0.000643,3.318000,0.012050,0.000000,0.000000,0.000311,0,0
273600000000,273900000000,6283499093,318,30787959,0.000424,0.000994,0.001925,0.000363,0.000810,0.001022,0.000002,0.000000,0.003841,0.000428,3.012000,0.010530,0.000000,0.000000,0.000255,0,0
273900000000,274200000000,6283499093,318,30787959,0.000312,0.001007,0.001926,0.000363,0.000809,0.001024,0.000001,0.000000,0.004341,0.000357,2.280000,0.006974,0.000000,0.000000,0.000216,0,0
274200000000,274500000000,6283499093,318,30787959,0.000294,0.001005,0.001926,0.000363,0.000809,0.001013,0.000005,0.000000,0.004005,0.001286,2.356000,0.007146,0.000000,0.000000,0.000343,0,0
274500000000,274800000000,6283499093,318,30787959,0.000290,0.001007,0.001926,0.000363,0.000809,0.001013,0.000000,0.000000,0.001022,0.000000,2.249000,0.006546,0.000000,0.000000,0.000198,0,0
274800000000,275100000000,6283499093,318,30787959,0.000281,0.001009,0.001926,0.000363,0.000809,0.001024,0.000002,0.000000,0.003967,0.000500,2.707000,0.008641,0.000000,0.000000,0.000415,0,0
275100000000,275400000000,6283499093,318,30787959,0.000290,0.001001,0.001926,0.000363,0.000809,0.001011,0.000000,0.000000,0.004631,0.000000,2.366000,0.007292,0.000000,0.000000,0.000205,0,0
275400000000,275700000000,6283499093,318,30787959,0.000388,0.001017,0.001925,0.000363,0.000809,0.001030,0.000000,0.000000,0.004280,0.000072,2.430000,0.007707,0.000000,0.000000,0.000225,0,0
275700000000,276000000000,6283499093,318,30787959,0.000904,0.001028,0.002052,0.000363,0.000809,0.001223,0.000010,0.000000,0.061950,0.001215,2.656000,0.008868,0.000000,0.000000,0.000607,0,0
276000000000,276300000000,6283499093,318,30787959,0.000652,0.001177,0.001923,0.000338,0.000800,0.001225,0.000039,0.000000,0.054870,0.003929,3.076000,0.011080,0.000000,0.000000,0.000273,0,0
276300000000,276600000000,6283499093,318,30787959,0.000428,0.001133,0.001923,0.000334,0.000798,0.001144,0.000001,0.000000,0.004295,0.000072,2.926000,0.010220,0.000000,0.000000,0.001450,0,0
276600000000,276900000000,6283499093,318,30787959,0.000366,0.001135,0.001925,0.000330,0.000794,0.001154,0.000001,0.000000,0.004204,0.000072,2.663000,0.008722,0.000000,0.000000,0.001028,0,0
276900000000,277200000000,6283499093,318,30787959,0.000355,0.001137,0.001925,0.000329,0.000794,0.001152,0.000000,0.000000,0.006943,0.000000,2.691000,0.008771,0.000000,0.000000,0.000177,0,0
277200000000,277500000000,6283499093,318,30787959,0.000321,0.001125,0.001925,0.000329,0.000794,0.001129,0.000010,0.000000,0.004509,0.002071,2.441000,0.007621,0.000000,0.000000,0.000123,0,0
277500000000,277800000000,6283499093,318,30787959,0.000321,0.001146,0.001925,0.000328,0.000794,0.001177,0.000010,0.000000,0.004631,0.001429,2.364000,0.007126,0.000000,0.000000,0.000442,0,0
277800000000,278100000000,6283499093,318,30787959,0.000328,0.001141,0.001925,0.000326,0.000794,0.001167,0.000022,0.000000,0.004967,0.001429,2.311000,0.006822,0.000000,0.000000,0.000543,0,0
278100000000,278400000000,6283499093,318,30787959,0.000316,0.001129,0.001925,0.000327,0.000794,0.001143,0.000004,0.000000,0.004776,0.000571,2.282000,0.006787,0.000000,0.000000,0.000311,0,0
278400000000,278700000000,6283499093,318,30787959,0.000350,0.001148,0.001925,0.000327,0.000794,0.001152,0.000012,0.000000,0.004730,0.002785,2.311000,0.006969,0.000000,0.000000,0.000551,0,0
278700000000,279000000000,6283499093,318,30787959,0.000326,0.001131,0.001925,0.000327,0.000794,0.001146,0.000001,0.000000,0.003174,0.000143,2.621000,0.008461,0.000000,0.000000,0.000138,0,0
279000000000,279300000000,6283499093,318,30787959,0.000341,0.001162,0.001925,0.000325,0.000794,0.001186,0.000013,0.000000,0.003788,0.000999,2.666000,0.008572,0.000000,0.000000,0.000539,0,0
279300000000,279600000000,6283499093,318,30787959,0.000337,0.001137,0.001925,0.000325,0.000794,0.001139,0.000011,0.000000,0.004242,0.001572,2.366000,0.007165,0.000000,0.000000,0.000110,0,0
279600000000,279900000000,6283499093,318,30787959,0.000341,0.001165,0.001925,0.000325,0.000794,0.001188,0.000009,0.000000,0.005112,0.000999,2.181000,0.006472,0.000000,0.000000,0.000140,0,0
279900000000,280200000000,6283499093,318,30787959,0.000340,0.001156,0.001925,0.000325,0.000795,0.001188,0.000010,0.000000,0.005363,0.001999,2.202000,0.006606,0.000000,0.000000,0.000571,0,0
280200000000,280500000000,6283499093,318,30787959,0.000326,0.001141,0.001925,0.000325,0.000795,0.001186,0.000001,0.000000,0.004913,0.000215,2.343000,0.007131,0.000000,0.000000,0.000136,0,0
280500000000,280800000000,6283499093,318,30787959,0.000392,0.001165,0.001925,0.000342,0.000812,0.001188,0.000026,0.000000,0.004776,0.002716,2.143000,0.006240,0.000000,0.000000,0.000445,0,0
280800000000,281100000000,6283499093,318,30787959,0.000476,0.001184,0.002182,0.000339,0.000809,0.001257,0.000016,0.000000,0.057980,0.001928,1.922000,0.005511,0.000000,0.000000,0.000112,0,0
281100000000,281301000000,6283499093,318,30787959,0.020110,0.001417,0.002605,0.000155,0.000579,0.001947,0.000385,0.000000,0.121100,0.038880,0.540400,0.000104,0.000000,0.000000,0.066650,0,0
281301000000,281316000000,6283499093,318,30787959,0.000075,0.000000,0.000000,0.000000,0.000000,0.000000,0.000010,0.000001,0.001137,0.000143,0.531900,0.000074,0.000000,0.000000,0.000000,0,0
281316000000,281317000000,6283499093,318,30787959,0.000000,0.000000,0.000000,0.000000,0.000000,0.000000,0.000000,0.000001,0.000000,0.000000,0.531900,0.000074,0.000000,0.000000,0.000000,0,0
