272492000000,272561000000,6283499093,319,3810807041,0.000000,0.000000,0.000000,0.000000,0.000000,0.000000,0.000000,0.000000,0.000000,0.000000,0.000000,0.000000,0.000000,0.000000,0.000000,0,0
272561000000,272700000000,6283499093,319,3810807041,0.000656,0.001537,0.001928,0.000373,0.000808,0.001701,0.001575,0.000000,0.014800,0.074830,2.700000,0.008216,0.000000,0.000000,0.000461,0,0
272700000000,273000000000,6283499093,319,3810807041,0.000375,0.000964,0.001930,0.000365,0.000808,0.001230,0.000000,0.000000,0.004890,0.000000,2.749000,0.008393,0.000000,0.000000,0.000349,0,0
273000000000,273300000000,6283499093,319,3810807041,0.000363,0.000933,0.001930,0.000364,0.000808,0.000940,0.000003,0.000000,0.004601,0.000643,2.856000,0.008829,0.000000,0.000000,0.000113,0,0
273300000000,273600000000,6283499093,319,3810807041,0.000330,0.000932,0.001930,0.000364,0.000808,0.000935,0.000000,0.000000,0.004883,0.000000,2.613000,0.007530,0.000000,0.000000,0.000120,0,0
273600000000,273900000000,6283499093,319,3810807041,0.000346,0.000961,0.001930,0.000364,0.000808,0.000975,0.000001,0.000000,0.005165,0.000143,2.563000,0.007460,0.000000,0.000000,0.000607,0,0
273900000000,274200000000,6283499093,319,3810807041,0.000340,0.000963,0.001930,0.000363,0.000808,0.000978,0.000001,0.000000,0.004654,0.000143,2.801000,0.008554,0.000000,0.000000,0.000135,0,0
274200000000,274500000000,6283499093,319,3810807041,0.000341,0.000958,0.001930,0.000363,0.000808,0.000971,0.000001,0.000000,0.004723,0.000143,2.489000,0.007030,0.000000,0.000000,0.000501,0,0
274500000000,274800000000,6283499093,319,3810807041,0.000331,0.000950,0.001930,0.000363,0.000808,0.000961,0.000000,0.000000,0.004959,0.000000,2.398000,0.006644,0.000000,0.000000,0.000153,0,0
274800000000,275100000000,6283499093,319,3810807041,0.000390,0.000988,0.001930,0.000363,0.000808,0.001011,0.000003,0.000000,0.005493,0.000571,2.893000,0.008932,0.000000,0.000000,0.000625,0,0
275100000000,275400000000,6283499093,319,3810807041,0.000375,0.000986,0.001930,0.000363,0.000808,0.001003,0.000000,0.000000,0.004303,0.000000,2.903000,0.008976,0.000000,0.000000,0.000572,0,0
275400000000,275700000000,6283499093,319,3810807041,0.000348,0.000986,0.001930,0.000363,0.000808,0.000988,0.000000,0.000000,0.004761,0.000072,2.529000,0.007308,0.000000,0.000000,0.000308,0,0
275700000000,276000000000,6283499093,319,3810807041,0.003834,0.001116,0.002052,0.000254,0.000701,0.001513,0.000017,0.000000,0.081180,0.001785,0.668200,0.000478,0.000000,0.000000,0.053160,0,0
276000000000,276300000000,6283499093,319,3810807041,0.000358,0.001184,0.001930,0.000097,0.000547,0.001202,0.000002,0.000000,0.004974,0.000286,2.669000,0.007819,0.000000,0.000000,0.000249,0,0
276300000000,276600000000,6283499093,319,3810807041,0.000914,0.001177,0.001928,0.000099,0.000549,0.001356,0.000066,0.000000,0.048030,0.015990,2.984000,0.009340,0.000000,0.000000,0.001871,0,0
276600000000,276900000000,6283499093,319,3810807041,0.000643,0.001278,0.001925,0.000115,0.000580,0.001345,0.000002,0.000000,0.005135,0.000215,4.524000,0.016890,0.000000,0.000000,0.000725,0,0
276900000000,277200000000,6283499093,319,3810807041,0.004929,0.001261,0.002304,0.000076,0.000526,0.001596,0.000018,0.000000,0.067750,0.000857,0.730200,0.000727,0.000000,0.000000,0.000708,0,0
277200000000,277319000000,6283499093,319,3810807041,0.000419,0.000863,0.001926,0.000048,0.000477,0.000895,0.000155,0.000000,0.004875,0.017640,3.544000,0.012310,0.000000,0.000000,0.000362,0,0
277319000000,277335000000,6283499093,319,3810807041,0.000221,0.000000,0.000000,0.000000,0.000000,0.000000,0.000035,0.000000,0.003536,0.000571,3.179000,0.010630,0.000000,0.000000,0.000000,0,0
277335000000,277337000000,6283499093,319,3810807041,0.000000,0.000000,0.000000,0.000000,0.000000,0.000000,0.000000,0.000000,0.000000,0.000000,3.179000,0.010630,0.000000,0.000000,0.000000,0,0
