272496000000,272571000000,6283499093,32,6565004,0.000000,0.000000,0.000000,0.000000,0.000000,0.000000,0.000000,0.000000,0.000000,0.000000,0.000000,0.000000,0.000000,0.000000,0.000000,0,0
272571000000,272700000000,6283499093,32,6565004,0.000701,0.001633,0.001925,0.000369,0.000801,0.001801,0.001564,0.000000,0.015590,0.064700,2.817000,0.008787,0.000000,0.000000,0.000182,0,0
272700000000,273000000000,6283499093,32,6565004,0.000390,0.001055,0.001928,0.000366,0.000809,0.001392,0.000000,0.000000,0.005356,0.000072,2.880000,0.008853,0.000000,0.000000,0.000184,0,0
273000000000,273300000000,6283499093,32,6565004,0.000443,0.001028,0.001928,0.000365,0.000809,0.001066,0.000000,0.000000,0.004539,0.000072,2.753000,0.008241,0.000000,0.000000,0.001032,0,0
273300000000,273600000000,6283499093,32,6565004,0.002430,0.001448,0.002281,0.000123,0.000397,0.002102,0.000303,0.000000,0.129600,0.041930,0.607000,0.000221,0.000000,0.000000,0.000647,0,0
273600000000,273900000000,6283499093,32,6565004,0.000647,0.001316,0.001926,0.000109,0.000369,0.001324,0.000006,0.000000,0.025700,0.001215,3.946000,0.013740,0.000000,0.000000,0.000539,0,0
273900000000,274200000000,6283499093,32,6565004,0.000446,0.001303,0.001928,0.000109,0.000369,0.001314,0.000000,0.000000,0.005081,0.000072,3.491000,0.011670,0.000000,0.000000,0.000885,0,0
274200000000,274500000000,6283499093,32,6565004,0.000437,0.001307,0.001928,0.000109,0.000369,0.001320,0.000005,0.000000,0.009186,0.000857,2.677000,0.008099,0.000000,0.000000,0.000132,0,0
274500000000,274800000000,6283499093,32,6565004,0.000586,0.001316,0.001928,0.000115,0.000377,0.001337,0.000022,0.000000,0.023500,0.005356,2.461000,0.007106,0.000000,0.000000,0.000462,0,0
274800000000,275100000000,6283499093,32,6565004,0.000494,0.001293,0.001928,0.000111,0.000372,0.001308,0.000000,0.000000,0.005341,0.000072,3.324000,0.010900,0.000000,0.000000,0.000687,0,0
275100000000,275400000000,6283499093,32,6565004,0.000426,0.001322,0.001930,0.000111,0.000371,0.001335,0.000008,0.000000,0.012470,0.001286,2.879000,0.008988,0.000000,0.000000,0.000257,0,0
275400000000,275700000000,6283499093,32,6565004,0.000410,0.001337,0.001930,0.000111,0.000371,0.001348,0.000001,0.000000,0.005325,0.000143,3.308000,0.010630,0.000000,0.000000,0.000141,0,0
275700000000,276000000000,6283499093,32,6565004,0.003696,0.001436,0.001926,0.000114,0.000376,0.001577,0.000013,0.000000,0.067140,0.001785,0.594200,0.000219,0.000000,0.000000,0.000619,0,0
276000000000,276300000000,6283499093,32,6565004,0.003479,0.001572,0.002235,0.000106,0.000305,0.002464,0.000011,0.000000,0.095580,0.001572,0.954300,0.001615,0.000000,0.000000,0.000329,0,0
276300000000,276600000000,6283499093,32,6565004,0.000425,0.001467,0.001930,0.000086,0.000254,0.001474,0.000000,0.000000,0.005936,0.000072,3.255000,0.010460,0.000000,0.000000,0.000450,0,0
276600000000,276900000000,6283499093,32,6565004,0.000385,0.001453,0.001930,0.000084,0.000253,0.001463,0.000001,0.000000,0.005791,0.000215,2.630000,0.007703,0.000000,0.000000,0.000147,0,0
276900000000,277200000000,6283499093,32,6565004,0.002148,0.001457,0.001928,0.000088,0.000257,0.001650,0.000007,0.000000,0.081670,0.000714,0.762000,0.000854,0.000000,0.000000,0.000186,0,0
277200000000,277330000000,6283499093,32,6565004,0.000384,0.001001,0.001928,0.000086,0.000255,0.001221,0.000421,0.000001,0.004387,0.032960,3.292000,0.010670,0.000000,0.000000,0.000202,0,0
277330000000,277359000000,6283499093,32,6565004,0.000125,0.000000,0.000000,0.000000,0.000000,0.000000,0.000030,0.000001,0.003616,0.000786,2.096000,0.005455,0.000000,0.000000,0.000000,0,0
277359000000,277360000000,6283499093,32,6565004,0.000000,0.000000,0.000000,0.000000,0.000000,0.000000,0.000000,0.000001,0.000000,0.000000,1.757000,0.004096,0.000000,0.000000,0.000000,0,0
