272507000000,272607000000,6283499093,320,1436375474,0.000000,0.000000,0.000000,0.000000,0.000000,0.000000,0.000000,0.000000,0.000000,0.000000,0.000000,0.000000,0.000000,0.000000,0.000000,0,0
272607000000,272700000000,6283499093,320,1436375474,0.000754,0.001474,0.001932,0.000294,0.000708,0.001629,0.002724,0.000000,0.026210,0.051940,4.016000,0.012410,0.000000,0.000000,0.000844,0,0
272700000000,273000000000,6283499093,320,1436375474,0.000364,0.001001,0.001934,0.000293,0.000733,0.001436,0.000000,0.000000,0.004822,0.000000,2.663000,0.007588,0.000000,0.000000,0.000165,0,0
273000000000,273300000000,6283499093,320,1436375474,0.000354,0.000930,0.001934,0.000293,0.000734,0.000958,0.000012,0.000000,0.004349,0.001999,2.726000,0.007900,0.000000,0.000000,0.000102,0,0
273300000000,273600000000,6283499093,320,1436375474,0.000461,0.000959,0.001932,0.000294,0.000737,0.000975,0.000000,0.000000,0.006355,0.000072,3.184000,0.009895,0.000000,0.000000,0.000900,0,0
273600000000,273900000000,6283499093,320,1436375474,0.000614,0.001011,0.001930,0.000295,0.000739,0.001038,0.000040,0.000000,0.017490,0.011080,4.184000,0.014370,0.000000,0.000000,0.000679,0,0
273900000000,274200000000,6283499093,320,1436375474,0.000478,0.000997,0.001932,0.000296,0.000741,0.001011,0.000004,0.000000,0.008774,0.001286,3.651000,0.012200,0.000000,0.000000,0.000461,0,0
274200000000,274500000000,6283499093,320,1436375474,0.000363,0.000999,0.001932,0.000296,0.000742,0.001011,0.000004,0.000000,0.005753,0.000929,2.795000,0.008176,0.000000,0.000000,0.000103,0,0
274500000000,274800000000,6283499093,320,1436375474,0.000347,0.000992,0.001932,0.000297,0.000742,0.001001,0.000000,0.000000,0.004929,0.000000,2.665000,0.007475,0.000000,0.000000,0.000588,0,0
274800000000,275100000000,6283499093,320,1436375474,0.000331,0.000997,0.001932,0.000297,0.000742,0.001009,0.000003,0.000000,0.005600,0.000571,3.028000,0.008922,0.000000,0.000000,0.000582,0,0
275100000000,275400000000,6283499093,320,1436375474,0.000368,0.001009,0.001932,0.000297,0.000742,0.001015,0.000001,0.000000,0.001961,0.000143,2.723000,0.007648,0.000000,0.000000,0.000810,0,0
275400000000,275700000000,6283499093,320,1436375474,0.000361,0.001003,0.001932,0.000297,0.000742,0.001015,0.000001,0.000000,0.007729,0.000143,3.072000,0.009266,0.000000,0.000000,0.000590,0,0
275700000000,276000000000,6283499093,320,1436375474,0.000345,0.001017,0.001932,0.000297,0.000742,0.001020,0.000001,0.000000,0.005608,0.000215,2.722000,0.007985,0.000000,0.000000,0.000437,0,0
276000000000,276300000000,6283499093,320,1436375474,0.000369,0.001017,0.001932,0.000297,0.000742,0.001026,0.000003,0.000000,0.001804,0.000571,2.744000,0.008019,0.000000,0.000000,0.000095,0,0
276300000000,276600000000,6283499093,320,1436375474,0.000368,0.001015,0.001932,0.000297,0.000742,0.001019,0.000001,0.000000,0.007622,0.000143,2.789000,0.008277,0.000000,0.000000,0.000316,0,0
276600000000,276900000000,6283499093,320,1436375474,0.000364,0.001022,0.001932,0.000297,0.000742,0.001028,0.000002,0.000000,0.005493,0.000143,2.289000,0.005924,0.000000,0.000000,0.000232,0,0
276900000000,277200000000,6283499093,320,1436375474,0.000350,0.001015,0.001932,0.000297,0.000742,0.001026,0.000000,0.000000,0.008804,0.000000,4.330000,0.014650,0.000000,0.000000,0.000239,0,0
277200000000,277500000000,6283499093,320,1436375474,0.000346,0.001019,0.001932,0.000297,0.000742,0.001034,0.000008,0.000000,0.005486,0.001215,3.041000,0.009334,0.000000,0.000000,0.000106,0,0
277500000000,277769000000,6283499093,320,1436375474,0.000328,0.001015,0.001932,0.000298,0.000742,0.001034,0.000026,0.000000,0.003937,0.004646,3.015000,0.009105,0.000000,0.000000,0.000093,0,0
277769000000,277786000000,6283499093,320,1436375474,0.000186,0.000000,0.000000,0.000000,0.000000,0.000000,0.000051,0.000000,0.003162,0.000857,2.408000,0.006643,0.000000,0.000000,0.000000,0,0
277786000000,277788000000,6283499093,320,1436375474,0.000000,0.000000,0.000000,0.000000,0.000000,0.000000,0.000000,0.000000,0.000000,0.000000,2.408000,0.006643,0.000000,0.000000,0.000000,0,0
277788000000,277800000000,6283499093,320,1436375474,0.000000,0.000000,0.000000,0.000000,0.000000,0.000000,0.000000,0.000000,0.000000,0.000000,0.000000,0.000000,0.000000,0.000000,0.000000,0,0
