272502000000,272645000000,6283499093,321,4820097379,0.000000,0.000000,0.000000,0.000000,0.000000,0.000000,0.000000,0.000000,0.000000,0.000000,0.000000,0.000000,0.000000,0.000000,0.000000,0,0
272645000000,272700000000,6283499093,321,4820097379,0.001026,0.000892,0.001921,0.000183,0.000260,0.001451,0.002415,0.000000,0.017610,0.017060,0.000000,0.000000,0.000000,0.000000,0.000298,0,0
272700000000,273000000000,6283499093,321,4820097379,0.000327,0.000996,0.001919,0.000201,0.000278,0.001438,0.000001,0.000000,0.004585,0.000107,2.895000,0.000000,0.000000,0.000000,0.000625,0,0
273000000000,273300000000,6283499093,321,4820097379,0.000328,0.000982,0.001919,0.000200,0.000278,0.001341,0.000004,0.000000,0.001638,0.000929,2.496000,0.000000,0.000000,0.000000,0.000589,0,0
273300000000,273600000000,6283499093,321,4820097379,0.000351,0.001022,0.001919,0.000200,0.000288,0.001373,0.000000,0.000000,0.007408,0.000072,2.522000,0.000000,0.000000,0.000000,0.000198,0,0
273600000000,273900000000,6283499093,321,4820097379,0.000340,0.001020,0.001919,0.000200,0.000280,0.001383,0.000001,0.000000,0.004738,0.000143,2.950000,0.000000,0.000000,0.000000,0.000354,0,0
273900000000,274200000000,6283499093,321,4820097379,0.000345,0.001131,0.001921,0.000200,0.000375,0.001402,0.000000,0.000000,0.004417,0.000072,2.607000,0.000000,0.000000,0.000000,0.000769,0,0
274200000000,274500000000,6283499093,321,4820097379,0.003998,0.001448,0.002197,0.000154,0.000363,0.002747,0.000010,0.000000,0.154300,0.000643,0.944300,0.000000,0.000000,0.000000,0.000548,0,0
274500000000,274800000000,6283499093,321,4820097379,0.000424,0.001308,0.001921,0.000110,0.000274,0.001608,0.000000,0.000000,0.004059,0.000072,3.242000,0.000000,0.000000,0.000000,0.000347,0,0
274800000000,275100000000,6283499093,321,4820097379,0.000391,0.001345,0.001921,0.000110,0.000335,0.001570,0.000001,0.000000,0.004173,0.000286,3.065000,0.000000,0.000000,0.000000,0.000276,0,0
275100000000,275400000000,6283499093,321,4820097379,0.000341,0.001331,0.001921,0.000110,0.000327,0.001566,0.000000,0.000000,0.004219,0.000072,3.041000,0.000000,0.000000,0.000000,0.000215,0,0
275400000000,275700000000,6283499093,321,4820097379,0.000312,0.001268,0.001923,0.000110,0.000264,0.001562,0.000000,0.000000,0.004135,0.000072,2.654000,0.000000,0.000000,0.000000,0.000104,0,0
275700000000,276000000000,6283499093,321,4820097379,0.000316,0.001259,0.001921,0.000111,0.000260,0.001562,0.000001,0.000000,0.004158,0.000072,2.861000,0.000000,0.000000,0.000000,0.000091,0,0
276000000000,276300000000,6283499093,321,4820097379,0.000307,0.001286,0.001921,0.000111,0.000293,0.001551,0.000001,0.000000,0.005165,0.000143,2.550000,0.000000,0.000000,0.000000,0.000341,0,0
276300000000,276600000000,6283499093,321,4820097379,0.001366,0.001377,0.001917,0.000110,0.000335,0.001720,0.000055,0.000000,0.071900,0.007004,0.777000,0.000000,0.000000,0.000000,0.000664,0,0
276600000000,276900000000,6283499093,321,4820097379,0.000594,0.001303,0.001917,0.000108,0.000265,0.001610,0.000001,0.000000,0.004944,0.000143,4.525000,0.000000,0.000000,0.000000,0.000433,0,0
276900000000,277200000000,6283499093,321,4820097379,0.000402,0.001352,0.001921,0.000108,0.000318,0.001610,0.000000,0.000000,0.003674,0.000000,3.667000,0.000000,0.000000,0.000000,0.000454,0,0
277200000000,277500000000,6283499093,321,4820097379,0.000360,0.001320,0.001921,0.000108,0.000295,0.001606,0.000004,0.000000,0.005005,0.000428,2.299000,0.000000,0.000000,0.000000,0.000482,0,0
277500000000,277800000000,6283499093,321,4820097379,0.000402,0.001337,0.001921,0.000108,0.000315,0.001596,0.000007,0.000000,0.023620,0.000714,2.078000,0.000000,0.000000,0.000000,0.000215,0,0
277800000000,278100000000,6283499093,321,4820097379,0.000379,0.001369,0.001919,0.000108,0.000343,0.001602,0.000004,0.000000,0.005272,0.000143,2.757000,0.000000,0.000000,0.000000,0.000139,0,0
278100000000,278400000000,6283499093,321,4820097379,0.000330,0.001312,0.001923,0.000108,0.000290,0.001596,0.000006,0.000000,0.004745,0.000714,2.935000,0.000000,0.000000,0.000000,0.000318,0,0
278400000000,278700000000,6283499093,321,4820097379,0.000322,0.001307,0.001919,0.000108,0.000286,0.001600,0.000004,0.000000,0.001991,0.000357,2.524000,0.000000,0.000000,0.000000,0.000440,0,0
278700000000,279000000000,6283499093,321,4820097379,0.000321,0.001289,0.001921,0.000113,0.000260,0.001614,0.000271,0.000000,0.004295,0.030790,2.732000,0.000000,0.000000,0.000000,0.000491,0,0
279000000000,279300000000,6283499093,321,4820097379,0.000307,0.001280,0.001930,0.000297,0.000360,0.001377,0.000324,0.000000,0.004906,0.034670,2.368000,0.000000,0.000000,0.000000,0.000187,0,0
279300000000,279600000000,6283499093,321,4820097379,0.000365,0.001253,0.001928,0.000336,0.000448,0.001326,0.000022,0.000000,0.009140,0.005432,2.523000,0.000000,0.000000,0.000000,0.000534,0,0
279600000000,279900000000,6283499093,321,4820097379,0.000346,0.001219,0.001930,0.000336,0.000451,0.001232,0.000005,0.000000,0.004791,0.000500,2.600000,0.000000,0.000000,0.000000,0.000138,0,0
279900000000,280200000000,6283499093,321,4820097379,0.000336,0.001228,0.001930,0.000337,0.000452,0.001242,0.000003,0.000000,0.005272,0.000215,2.412000,0.000000,0.000000,0.000000,0.000572,0,0
280200000000,280230000000,6283499093,321,4820097379,0.000610,0.001175,0.001928,0.000342,0.000458,0.001247,0.001322,0.000000,0.004829,0.021510,2.348000,0.000000,0.000000,0.000000,0.002316,0,0
280230000000,280241000000,6283499093,321,4820097379,0.000303,0.000000,0.000000,0.000000,0.000000,0.000000,0.000184,0.000000,0.003334,0.001858,2.356000,0.000000,0.000000,0.000000,0.000000,0,0
280241000000,280244000000,6283499093,321,4820097379,0.000000,0.000000,0.000000,0.000000,0.000000,0.000000,0.000000,0.000000,0.000000,0.000000,2.356000,0.000000,0.000000,0.000000,0.000000,0,0
