272491000000,272622000000,6283499093,322,317471655,0.000000,0.000000,0.000000,0.000000,0.000000,0.000000,0.000000,0.000000,0.000000,0.000000,0.000000,0.000000,0.000000,0.000000,0.000000,0,0
272622000000,272700000000,6283499093,322,317471655,0.000934,0.001404,0.001932,0.000268,0.000666,0.001577,0.001818,0.000000,0.024600,0.036870,1.812000,0.005203,0.000000,0.000000,0.000159,0,0
272700000000,273000000000,6283499093,322,317471655,0.000374,0.001028,0.001934,0.000288,0.000730,0.001507,0.000004,0.000000,0.005707,0.000786,4.188000,0.014330,0.000000,0.000000,0.000682,0,0
273000000000,273300000000,6283499093,322,317471655,0.000382,0.000924,0.001934,0.000289,0.000732,0.000935,0.000010,0.000000,0.003208,0.001928,4.206000,0.014270,0.000000,0.000000,0.000271,0,0
273300000000,273600000000,6283499093,322,317471655,0.000297,0.000922,0.001934,0.000286,0.000730,0.000934,0.000000,0.000000,0.006676,0.000000,2.789000,0.008114,0.000000,0.000000,0.000584,0,0
273600000000,273900000000,6283499093,322,317471655,0.000312,0.000924,0.001934,0.000283,0.000727,0.000936,0.000001,0.000000,0.001457,0.000286,2.856000,0.008507,0.000000,0.000000,0.000106,0,0
273900000000,274200000000,6283499093,322,317471655,0.000312,0.000923,0.001934,0.000283,0.000727,0.000936,0.000001,0.000000,0.002666,0.000428,3.486000,0.010800,0.000000,0.000000,0.000340,0,0
274200000000,274500000000,6283499093,322,317471655,0.000309,0.000921,0.001934,0.000283,0.000727,0.000938,0.000004,0.000000,0.003262,0.000643,3.004000,0.009163,0.000000,0.000000,0.000326,0,0
274500000000,274800000000,6283499093,322,317471655,0.000358,0.000939,0.001934,0.000283,0.000727,0.000949,0.000000,0.000000,0.006935,0.000072,3.165000,0.009638,0.000000,0.000000,0.000739,0,0
274800000000,275100000000,6283499093,322,317471655,0.000361,0.000928,0.001934,0.000282,0.000727,0.000943,0.000000,0.000000,0.006065,0.000072,4.397000,0.014710,0.000000,0.000000,0.000323,0,0
275100000000,275400000000,6283499093,322,317471655,0.000281,0.000943,0.001934,0.000283,0.000727,0.000956,0.000000,0.000000,0.008011,0.000000,3.348000,0.010430,0.000000,0.000000,0.000181,0,0
275400000000,275700000000,6283499093,322,317471655,0.000283,0.000937,0.001934,0.000284,0.000729,0.000941,0.000007,0.000000,0.006546,0.001785,2.864000,0.008318,0.000000,0.000000,0.000229,0,0
275700000000,276000000000,6283499093,322,317471655,0.000288,0.000942,0.001934,0.000284,0.000729,0.000952,0.000007,0.000000,0.001543,0.001928,3.012000,0.008685,0.000000,0.000000,0.000284,0,0
276000000000,276300000000,6283499093,322,317471655,0.000318,0.000944,0.001934,0.000285,0.000730,0.000959,0.000003,0.000000,0.002033,0.000428,3.212000,0.009575,0.000000,0.000000,0.000492,0,0
276300000000,276600000000,6283499093,322,317471655,0.000415,0.000988,0.001932,0.000291,0.000736,0.001013,0.000022,0.000000,0.008148,0.005569,4.175000,0.013630,0.000000,0.000000,0.000237,0,0
276600000000,276900000000,6283499093,322,317471655,0.000382,0.000968,0.001932,0.000288,0.000733,0.000986,0.000001,0.000000,0.006592,0.000286,4.489000,0.015270,0.000000,0.000000,0.000316,0,0
276900000000,277200000000,6283499093,322,317471655,0.000410,0.000997,0.001932,0.000287,0.000732,0.001011,0.000001,0.000000,0.004906,0.000072,2.018000,0.004631,0.000000,0.000000,0.000261,0,0
277200000000,277500000000,6283499093,322,317471655,0.000338,0.000997,0.001932,0.000286,0.000732,0.001005,0.000007,0.000000,0.005394,0.000500,3.199000,0.009881,0.000000,0.000000,0.000149,0,0
277500000000,277800000000,6283499093,322,317471655,0.000291,0.001003,0.001934,0.000286,0.000732,0.001015,0.000007,0.000000,0.004959,0.001429,3.794000,0.011950,0.000000,0.000000,0.000151,0,0
277800000000,278100000000,6283499093,322,317471655,0.000314,0.001007,0.001934,0.000287,0.000733,0.001030,0.000014,0.000000,0.005196,0.001072,2.729000,0.007614,0.000000,0.000000,0.000121,0,0
278100000000,278400000000,6283499093,322,317471655,0.000351,0.001011,0.001934,0.000288,0.000733,0.001026,0.000010,0.000000,0.022740,0.000929,3.140000,0.009280,0.000000,0.000000,0.001249,0,0
278400000000,278700000000,6283499093,322,317471655,0.000419,0.001019,0.001932,0.000288,0.000733,0.001028,0.000003,0.000000,0.005760,0.000286,4.008000,0.013700,0.000000,0.000000,0.000389,0,0
278700000000,278979000000,6283499093,322,317471655,0.000475,0.001007,0.001932,0.000287,0.000733,0.001034,0.000011,0.000000,0.009918,0.002571,2.950000,0.008920,0.000000,0.000000,0.000526,0,0
278979000000,278999000000,6283499093,322,317471655,0.000166,0.000000,0.000000,0.000000,0.000000,0.000000,0.000100,0.000000,0.003319,0.001572,1.966000,0.004470,0.000000,0.000000,0.000000,0,0
278999000000,279000000000,6283499093,322,317471655,0.000000,0.000000,0.000000,0.000000,0.000000,0.000000,0.000000,0.000000,0.000000,0.000000,1.966000,0.004470,0.000000,0.000000,0.000000,0,0
