272490000000,272567000000,6283499093,323,317497341,0.000000,0.000000,0.000000,0.000000,0.000000,0.000000,0.000000,0.000000,0.000000,0.000000,0.000000,0.000000,0.000000,0.000000,0.000000,0,0
272567000000,272700000000,6283499093,323,317497341,0.000647,0.001513,0.001921,0.000288,0.000717,0.001680,0.001089,0.000000,0.015520,0.059510,2.841000,0.009297,0.000000,0.000000,0.000595,0,0
272700000000,273000000000,6283499093,323,317497341,0.000377,0.001032,0.001921,0.000290,0.000733,0.001244,0.000000,0.000000,0.003105,0.000000,2.705000,0.008639,0.000000,0.000000,0.000117,0,0
273000000000,273300000000,6283499093,323,317497341,0.003006,0.001207,0.002155,0.000171,0.000574,0.002224,0.000031,0.000000,0.104700,0.004074,0.814000,0.001139,0.000000,0.000000,0.000174,0,0
273300000000,273600000000,6283499093,323,317497341,0.000346,0.001144,0.001923,0.000015,0.000349,0.001165,0.000019,0.000000,0.001165,0.005783,2.418000,0.007422,0.000000,0.000000,0.000184,0,0
273600000000,273900000000,6283499093,323,317497341,0.000332,0.001133,0.001923,0.000017,0.000351,0.001137,0.000003,0.000000,0.001175,0.000714,2.589000,0.008189,0.000000,0.000000,0.000224,0,0
273900000000,274200000000,6283499093,323,317497341,0.000320,0.001143,0.001923,0.000020,0.000354,0.001156,0.000015,0.000000,0.002594,0.003643,2.310000,0.006870,0.000000,0.000000,0.000154,0,0
274200000000,274500000000,6283499093,323,317497341,0.000330,0.001120,0.001923,0.000021,0.000356,0.001131,0.000010,0.000000,0.004532,0.001286,2.439000,0.007369,0.000000,0.000000,0.000295,0,0
274500000000,274800000000,6283499093,323,317497341,0.000324,0.001118,0.001923,0.000023,0.000357,0.001131,0.000001,0.000000,0.004524,0.000286,2.462000,0.007508,0.000000,0.000000,0.000217,0,0
274800000000,275100000000,6283499093,323,317497341,0.000334,0.001125,0.001923,0.000023,0.000357,0.001150,0.000001,0.000000,0.005066,0.000357,2.480000,0.007595,0.000000,0.000000,0.000598,0,0
275100000000,275400000000,6283499093,323,317497341,0.000310,0.001143,0.001923,0.000023,0.000358,0.001154,0.000000,0.000000,0.004402,0.000000,2.556000,0.007972,0.000000,0.000000,0.000159,0,0
275400000000,275700000000,6283499093,323,317497341,0.002693,0.001259,0.001921,0.000033,0.000368,0.001423,0.000013,0.000000,0.067990,0.001715,0.595300,0.000251,0.000000,0.000000,0.000539,0,0
275700000000,276000000000,6283499093,323,317497341,0.000781,0.001253,0.001921,0.000037,0.000371,0.001362,0.000002,0.000000,0.039310,0.000286,2.413000,0.007296,0.000000,0.000000,0.000258,0,0
276000000000,276300000000,6283499093,323,317497341,0.000340,0.001242,0.001923,0.000027,0.000361,0.001261,0.000007,0.000000,0.010390,0.001999,2.618000,0.008087,0.000000,0.000000,0.000263,0,0
276300000000,276600000000,6283499093,323,317497341,0.000331,0.001238,0.001923,0.000031,0.000365,0.001259,0.000002,0.000000,0.004951,0.000571,2.665000,0.008134,0.000000,0.000000,0.000159,0,0
276600000000,276900000000,6283499093,323,317497341,0.000344,0.001249,0.001923,0.000031,0.000365,0.001261,0.000010,0.000000,0.003952,0.002071,2.426000,0.007137,0.000000,0.000000,0.000217,0,0
276900000000,277200000000,6283499093,323,317497341,0.003460,0.001282,0.001921,0.000034,0.000368,0.001617,0.000007,0.000000,0.074460,0.000714,0.725500,0.000730,0.000000,0.000000,0.070430,0,0
277200000000,277500000000,6283499093,323,317497341,0.000356,0.001287,0.001921,0.000039,0.000372,0.001305,0.000024,0.000001,0.004318,0.006569,0.658400,0.000478,0.000000,0.000000,0.000250,0,0
277500000000,277800000000,6283499093,323,317497341,0.000364,0.001268,0.001921,0.000043,0.000377,0.001295,0.000002,0.000001,0.001080,0.000143,2.732000,0.008519,0.000000,0.000000,0.000569,0,0
277800000000,278100000000,6283499093,323,317497341,0.000340,0.001272,0.001921,0.000042,0.000377,0.001280,0.000028,0.000001,0.001490,0.002930,2.368000,0.006724,0.000000,0.000000,0.000145,0,0
278100000000,278400000000,6283499093,323,317497341,0.000320,0.001259,0.001921,0.000043,0.000377,0.001261,0.000010,0.000001,0.004272,0.001715,2.204000,0.006390,0.000000,0.000000,0.000128,0,0
278400000000,278700000000,6283499093,323,317497341,0.000310,0.001259,0.001921,0.000044,0.000378,0.001259,0.000016,0.000001,0.004173,0.002930,2.210000,0.006421,0.000000,0.000000,0.000282,0,0
278700000000,279000000000,6283499093,323,317497341,0.000373,0.001328,0.001921,0.000108,0.000472,0.001421,0.000153,0.000001,0.007385,0.039000,2.605000,0.008295,0.000000,0.000000,0.007385,0,0
279000000000,279129000000,6283499093,323,317497341,0.000729,0.001259,0.001919,0.000115,0.000483,0.001303,0.000195,0.000001,0.040590,0.017000,2.590000,0.008098,0.000000,0.000000,0.000441,0,0
279129000000,279137000000,6283499093,323,317497341,0.000423,0.000000,0.000000,0.000000,0.000000,0.000000,0.000143,0.000001,0.003380,0.001286,4.279000,0.015800,0.000000,0.000000,0.000000,0,0
279137000000,279139000000,6283499093,323,317497341,0.000000,0.000000,0.000000,0.000000,0.000000,0.000000,0.000000,0.000001,0.000000,0.000000,4.279000,0.015800,0.000000,0.000000,0.000000,0,0
