272507000000,272535000000,6283499093,324,38643398,0.000000,0.000000,0.000000,0.000000,0.000000,0.000000,0.000000,0.000000,0.000000,0.000000,0.000000,0.000000,0.000000,0.000000,0.000000,0,0
272535000000,272700000000,6283499093,324,38643398,0.000599,0.001101,0.001780,0.000023,0.000152,0.001436,0.000051,0.000000,0.029940,0.006500,3.114000,0.009939,0.000000,0.000000,0.000521,0,0
272700000000,273000000000,6283499093,324,38643398,0.000395,0.001131,0.001780,0.000023,0.000176,0.001429,0.000000,0.000000,0.020260,0.000072,2.975000,0.009058,0.000000,0.000000,0.000189,0,0
273000000000,273300000000,6283499093,324,38643398,0.000375,0.001133,0.001780,0.000023,0.000171,0.001432,0.000002,0.000000,0.004761,0.000286,2.857000,0.008596,0.000000,0.000000,0.000114,0,0
273300000000,273600000000,6283499093,324,38643398,0.000342,0.001133,0.001780,0.000023,0.000164,0.001444,0.000000,0.000000,0.004379,0.000000,2.396000,0.006626,0.000000,0.000000,0.000140,0,0
273600000000,273900000000,6283499093,324,38643398,0.000329,0.001156,0.001781,0.000023,0.000191,0.001434,0.000001,0.000000,0.004555,0.000072,2.636000,0.007589,0.000000,0.000000,0.000628,0,0
273900000000,274200000000,6283499093,324,38643398,0.000424,0.001059,0.001780,0.000017,0.000078,0.001436,0.000002,0.000000,0.005646,0.000072,2.446000,0.006964,0.000000,0.000000,0.000193,0,0
274200000000,274500000000,6283499093,324,38643398,0.000380,0.001074,0.001780,0.000016,0.000086,0.001436,0.000007,0.000000,0.004776,0.001642,3.368000,0.010790,0.000000,0.000000,0.000626,0,0
274500000000,274800000000,6283499093,324,38643398,0.000329,0.001125,0.001780,0.000016,0.000134,0.001457,0.000000,0.000000,0.001345,0.000072,2.418000,0.006832,0.000000,0.000000,0.000728,0,0
274800000000,275100000000,6283499093,324,38643398,0.000313,0.001143,0.001780,0.000016,0.000158,0.001446,0.000000,0.000000,0.004662,0.000072,2.426000,0.006465,0.000000,0.000000,0.000121,0,0
275100000000,275400000000,6283499093,324,38643398,0.000314,0.001183,0.001781,0.000016,0.000199,0.001444,0.000000,0.000000,0.003983,0.000072,2.289000,0.006081,0.000000,0.000000,0.000174,0,0
275400000000,275700000000,6283499093,324,38643398,0.000396,0.001181,0.001781,0.000016,0.000193,0.001465,0.000004,0.000000,0.009872,0.000714,2.403000,0.006556,0.000000,0.000000,0.000427,0,0
275700000000,276000000000,6283499093,324,38643398,0.000370,0.001165,0.001780,0.000017,0.000165,0.001465,0.000001,0.000000,0.004837,0.000072,3.044000,0.009400,0.000000,0.000000,0.000298,0,0
276000000000,276300000000,6283499093,324,38643398,0.000368,0.001181,0.001780,0.000016,0.000177,0.001465,0.000002,0.000000,0.005363,0.000072,3.040000,0.009350,0.000000,0.000000,0.000216,0,0
276300000000,276600000000,6283499093,324,38643398,0.000328,0.001167,0.001780,0.000017,0.000160,0.001476,0.000001,0.000000,0.006500,0.000143,2.324000,0.006173,0.000000,0.000000,0.000348,0,0
276600000000,276900000000,6283499093,324,38643398,0.000339,0.001160,0.001780,0.000016,0.000148,0.001480,0.000001,0.000000,0.004791,0.000215,2.399000,0.006601,0.000000,0.000000,0.000586,0,0
276900000000,277200000000,6283499093,324,38643398,0.000323,0.001141,0.001780,0.000017,0.000133,0.001480,0.000000,0.000000,0.004776,0.000072,2.547000,0.007130,0.000000,0.000000,0.000208,0,0
277200000000,277500000000,6283499093,324,38643398,0.000357,0.001133,0.001780,0.000017,0.000111,0.001513,0.000004,0.000000,0.005226,0.000215,2.475000,0.006895,0.000000,0.000000,0.003914,0,0
277500000000,277800000000,6283499093,324,38643398,0.000362,0.001184,0.001780,0.000017,0.000145,0.001522,0.000003,0.000000,0.005013,0.000072,2.919000,0.008881,0.000000,0.000000,0.000543,0,0
277800000000,278100000000,6283499093,324,38643398,0.000346,0.001186,0.001778,0.000017,0.000150,0.001513,0.000007,0.000000,0.004692,0.000929,2.512000,0.007136,0.000000,0.000000,0.000125,0,0
278100000000,278400000000,6283499093,324,38643398,0.000360,0.001144,0.001778,0.000017,0.000107,0.001514,0.000001,0.000000,0.002701,0.000072,2.638000,0.007716,0.000000,0.000000,0.000266,0,0
278400000000,278700000000,6283499093,324,38643398,0.000420,0.001183,0.001778,0.000017,0.000134,0.001532,0.000005,0.000000,0.006355,0.000215,2.613000,0.007707,0.000000,0.000000,0.000529,0,0
278700000000,279000000000,6283499093,324,38643398,0.000411,0.001183,0.001778,0.000017,0.000132,0.001530,0.000001,0.000000,0.004692,0.000072,3.474000,0.011550,0.000000,0.000000,0.000247,0,0
279000000000,279089000000,6283499093,324,38643398,0.000672,0.001110,0.001780,0.000017,0.000057,0.001287,0.000006,0.000000,0.047120,0.000143,2.265000,0.005910,0.000000,0.000000,0.000379,0,0
279089000000,279103000000,6283499093,324,38643398,0.000235,0.000000,0.000000,0.000000,0.000000,0.000000,0.000112,0.000000,0.003277,0.001499,1.865000,0.004300,0.000000,0.000000,0.000000,0,0
279103000000,279104000000,6283499093,324,38643398,0.000000,0.000000,0.000000,0.000000,0.000000,0.000000,0.000000,0.000000,0.000000,0.000000,1.865000,0.004300,0.000000,0.000000,0.000000,0,0
