272493000000,272634000000,6283499093,325,308511014,0.000000,0.000000,0.000000,0.000000,0.000000,0.000000,0.000000,0.000000,0.000000,0.000000,0.000000,0.000000,0.000000,0.000000,0.000000,0,0
272634000000,272700000000,6283499093,325,308511014,0.000840,0.000929,0.001925,0.000079,0.000266,0.001400,0.001127,0.000000,0.021300,0.011430,2.837000,0.008119,0.000000,0.000000,0.000277,0,0
272700000000,273000000000,6283499093,325,308511014,0.000360,0.001053,0.001926,0.000087,0.000258,0.001396,0.000000,0.000000,0.001774,0.000072,3.830000,0.012270,0.000000,0.000000,0.000149,0,0
273000000000,273300000000,6283499093,325,308511014,0.000391,0.000917,0.001925,0.000087,0.000114,0.001171,0.000001,0.000000,0.023620,0.000143,3.152000,0.009493,0.000000,0.000000,0.000287,0,0
273300000000,273600000000,6283499093,325,308511014,0.000325,0.000988,0.001923,0.000086,0.000176,0.001329,0.000000,0.000000,0.001524,0.000000,3.640000,0.011550,0.000000,0.000000,0.000237,0,0
273600000000,273900000000,6283499093,325,308511014,0.000300,0.001040,0.001923,0.000086,0.000227,0.001341,0.000001,0.000000,0.005821,0.000143,2.989000,0.008454,0.000000,0.000000,0.000300,0,0
273900000000,274200000000,6283499093,325,308511014,0.000300,0.001074,0.001925,0.000086,0.000259,0.001347,0.000000,0.000000,0.004707,0.000072,3.250000,0.009326,0.000000,0.000000,0.000215,0,0
274200000000,274500000000,6283499093,325,308511014,0.000308,0.001129,0.001925,0.000086,0.000314,0.001348,0.000002,0.000000,0.001190,0.000215,2.757000,0.007481,0.000000,0.000000,0.000072,0,0
274500000000,274800000000,6283499093,325,308511014,0.000317,0.001205,0.001926,0.000086,0.000375,0.001373,0.000000,0.000000,0.007950,0.000072,2.559000,0.006575,0.000000,0.000000,0.000128,0,0
274800000000,275100000000,6283499093,325,308511014,0.003567,0.001413,0.002216,0.000076,0.000275,0.002502,0.000194,0.000000,0.077030,0.030910,0.836400,0.001120,0.000000,0.000000,0.000681,0,0
275100000000,275400000000,6283499093,325,308511014,0.000436,0.001169,0.001925,0.000051,0.000082,0.001280,0.000000,0.000000,0.005180,0.000000,3.993000,0.013010,0.000000,0.000000,0.000361,0,0
275400000000,275700000000,6283499093,325,308511014,0.001762,0.001289,0.001923,0.000063,0.000112,0.001642,0.000163,0.000000,0.081180,0.026000,0.779800,0.000832,0.000000,0.000000,0.000376,0,0
275700000000,276000000000,6283499093,325,308511014,0.008575,0.001410,0.001921,0.000078,0.000143,0.001675,0.000011,0.000000,0.120700,0.000428,0.944600,0.000211,0.000000,0.000000,0.035710,0,0
276000000000,276300000000,6283499093,325,308511014,0.000421,0.001329,0.001923,0.000070,0.000140,0.001465,0.000002,0.000000,0.001801,0.000286,0.723500,0.000810,0.000000,0.000000,0.000371,0,0
276300000000,276600000000,6283499093,325,308511014,0.010620,0.001503,0.002052,0.000050,0.000120,0.001863,0.000029,0.000001,0.085450,0.000857,0.608900,0.000205,0.000000,0.000000,0.000179,0,0
276600000000,276900000000,6283499093,325,308511014,0.007301,0.001509,0.001923,0.000028,0.000093,0.001860,0.000011,0.000001,0.073970,0.000786,0.698900,0.000183,0.000000,0.000000,0.000355,0,0
276900000000,277200000000,6283499093,325,308511014,0.004875,0.001558,0.001923,0.000031,0.000093,0.001806,0.000010,0.000001,0.081910,0.000428,0.695200,0.000561,0.000000,0.000000,0.050900,0,0
277200000000,277500000000,6283499093,325,308511014,0.000814,0.001598,0.001925,0.000022,0.000102,0.001738,0.000011,0.000002,0.053340,0.001429,0.894900,0.001313,0.000000,0.000000,0.000322,0,0
277500000000,277800000000,6283499093,325,308511014,0.000784,0.001591,0.001925,0.000021,0.000110,0.001717,0.000006,0.000002,0.027470,0.000286,0.790400,0.000898,0.000000,0.000000,0.000309,0,0
277800000000,278021000000,6283499093,325,308511014,0.009140,0.001656,0.002064,0.000030,0.000078,0.001945,0.000260,0.000002,0.110100,0.025850,0.579000,0.000163,0.000000,0.000000,0.000166,0,0
278021000000,278039000000,6283499093,325,308511014,0.000154,0.000000,0.000000,0.000000,0.000000,0.000000,0.000092,0.000002,0.002789,0.001572,0.584100,0.000185,0.000000,0.000000,0.000000,0,0
278039000000,278040000000,6283499093,325,308511014,0.000000,0.000000,0.000000,0.000000,0.000000,0.000000,0.000000,0.000002,0.000000,0.000000,0.584100,0.000185,0.000000,0.000000,0.000000,0,0
