272497000000,272609000000,6283499093,326,227418192,0.000000,0.000000,0.000000,0.000000,0.000000,0.000000,0.000000,0.000000,0.000000,0.000000,0.000000,0.000000,0.000000,0.000000,0.000000,0,0
272609000000,272700000000,6283499093,326,227418192,0.000714,0.001190,0.001926,0.000185,0.000448,0.001509,0.001810,0.000000,0.014050,0.027440,2.407000,0.006368,0.000000,0.000000,0.000153,0,0
272700000000,273000000000,6283499093,326,227418192,0.000343,0.001169,0.001926,0.000197,0.000493,0.001419,0.000003,0.000000,0.004807,0.000999,2.495000,0.006528,0.000000,0.000000,0.000086,0,0
273000000000,273300000000,6283499093,326,227418192,0.000335,0.001171,0.001926,0.000192,0.000493,0.001324,0.000001,0.000000,0.003998,0.000143,2.075000,0.005103,0.000000,0.000000,0.000225,0,0
273300000000,273600000000,6283499093,326,227418192,0.000305,0.001200,0.001928,0.000190,0.000510,0.001326,0.000000,0.000000,0.004295,0.000000,2.087000,0.004959,0.000000,0.000000,0.000202,0,0
273600000000,273900000000,6283499093,326,227418192,0.000379,0.001238,0.001928,0.000190,0.000526,0.001364,0.000001,0.000000,0.005173,0.000143,2.147000,0.005109,0.000000,0.000000,0.000227,0,0
273900000000,274200000000,6283499093,326,227418192,0.000349,0.001225,0.001926,0.000190,0.000496,0.001364,0.000000,0.000000,0.004578,0.000072,2.571000,0.006769,0.000000,0.000000,0.000229,0,0
274200000000,274500000000,6283499093,326,227418192,0.000361,0.001228,0.001926,0.000190,0.000489,0.001373,0.000003,0.000000,0.004425,0.000500,2.207000,0.005459,0.000000,0.000000,0.000479,0,0
274500000000,274800000000,6283499093,326,227418192,0.000327,0.001209,0.001926,0.000190,0.000470,0.001375,0.000000,0.000000,0.004364,0.000000,2.480000,0.006472,0.000000,0.000000,0.000217,0,0
274800000000,275100000000,6283499093,326,227418192,0.000313,0.001190,0.001925,0.000190,0.000451,0.001375,0.000000,0.000000,0.004120,0.000072,2.274000,0.005615,0.000000,0.000000,0.000532,0,0
275100000000,275400000000,6283499093,326,227418192,0.000309,0.001169,0.001925,0.000190,0.000426,0.001385,0.000000,0.000000,0.004089,0.000000,2.173000,0.005235,0.000000,0.000000,0.000153,0,0
275400000000,275700000000,6283499093,326,227418192,0.000317,0.001165,0.001925,0.000190,0.000414,0.001394,0.000001,0.000000,0.005615,0.000072,2.056000,0.004838,0.000000,0.000000,0.000051,0,0
275700000000,276000000000,6283499093,326,227418192,0.004066,0.001396,0.001976,0.000032,0.000208,0.001944,0.000081,0.000000,0.094120,0.014650,0.601100,0.000210,0.000000,0.000000,0.000171,0,0
276000000000,276300000000,6283499093,326,227418192,0.000531,0.001369,0.001930,0.000024,0.000239,0.001648,0.000005,0.000000,0.004692,0.000714,0.758200,0.000808,0.000000,0.000000,0.000323,0,0
276300000000,276600000000,6283499093,326,227418192,0.000493,0.001328,0.001930,0.000024,0.000213,0.001606,0.000001,0.000000,0.004715,0.000072,2.855000,0.008308,0.000000,0.000000,0.000352,0,0
276600000000,276900000000,6283499093,326,227418192,0.000384,0.001335,0.001932,0.000023,0.000217,0.001614,0.000001,0.000000,0.004753,0.000143,2.639000,0.007154,0.000000,0.000000,0.000242,0,0
276900000000,277200000000,6283499093,326,227418192,0.000364,0.001345,0.001932,0.000022,0.000222,0.001614,0.000001,0.000000,0.004929,0.000143,2.322000,0.005791,0.000000,0.000000,0.000133,0,0
277200000000,277500000000,6283499093,326,227418192,0.000358,0.001354,0.001934,0.000036,0.000237,0.001612,0.000096,0.000000,0.005219,0.014280,2.652000,0.007068,0.000000,0.000000,0.000388,0,0
277500000000,277800000000,6283499093,326,227418192,0.000372,0.001240,0.001940,0.000085,0.000335,0.001322,0.000029,0.000000,0.006203,0.007713,2.543000,0.006904,0.000000,0.000000,0.000612,0,0
277800000000,277889000000,6283499093,326,227418192,0.000822,0.001232,0.001938,0.000087,0.000315,0.001419,0.000125,0.000000,0.056460,0.007935,2.754000,0.007748,0.000000,0.000000,0.000953,0,0
277889000000,277907000000,6283499093,326,227418192,0.000170,0.000000,0.000000,0.000000,0.000000,0.000000,0.000068,0.000000,0.003056,0.000714,2.086000,0.005378,0.000000,0.000000,0.000000,0,0
277907000000,277908000000,6283499093,326,227418192,0.000000,0.000000,0.000000,0.000000,0.000000,0.000000,0.000000,0.000000,0.000000,0.000000,2.086000,0.005378,0.000000,0.000000,0.000000,0,0
