272498000000,272699000000,6283499093,327,4469913217,0.000000,0.000000,0.000000,0.000000,0.000000,0.000000,0.000000,0.000000,0.000000,0.000000,0.000000,0.000000,0.000000,0.000000,0.000000,0,0
272699000000,272700000000,6283499093,327,4469913217,0.001698,0.000059,0.001928,0.000014,0.000014,0.000059,0.001143,0.000000,0.001698,0.001143,0.000000,0.000000,0.000000,0.000000,0.000912,0,0
272700000000,273000000000,6283499093,327,4469913217,0.000536,0.000986,0.001915,0.000133,0.000219,0.001455,0.000355,0.000000,0.013820,0.018800,2.492000,0.006709,0.000000,0.000000,0.000198,0,0
273000000000,273300000000,6283499093,327,4469913217,0.000398,0.000986,0.001913,0.000133,0.000225,0.001337,0.000000,0.000000,0.004303,0.000072,2.774000,0.007979,0.000000,0.000000,0.000140,0,0
273300000000,273600000000,6283499093,327,4469913217,0.000396,0.001053,0.001913,0.000124,0.000273,0.001356,0.000001,0.000000,0.004547,0.000072,2.229000,0.005648,0.000000,0.000000,0.000530,0,0
273600000000,273900000000,6283499093,327,4469913217,0.000344,0.001083,0.001915,0.000123,0.000296,0.001358,0.000000,0.000000,0.004761,0.000072,2.895000,0.008170,0.000000,0.000000,0.000222,0,0
273900000000,274200000000,6283499093,327,4469913217,0.000351,0.001106,0.001915,0.000123,0.000317,0.001358,0.000001,0.000000,0.004196,0.000072,2.156000,0.005390,0.000000,0.000000,0.000165,0,0
274200000000,274500000000,6283499093,327,4469913217,0.000376,0.001120,0.001915,0.000123,0.000328,0.001362,0.000000,0.000000,0.005234,0.000000,2.315000,0.005946,0.000000,0.000000,0.000233,0,0
274500000000,274800000000,6283499093,327,4469913217,0.000369,0.001141,0.001915,0.000124,0.000342,0.001377,0.000002,0.000000,0.004295,0.000072,2.459000,0.006302,0.000000,0.000000,0.000545,0,0
274800000000,275100000000,6283499093,327,4469913217,0.000340,0.001143,0.001917,0.000124,0.000337,0.001375,0.000000,0.000000,0.004768,0.000000,2.436000,0.006479,0.000000,0.000000,0.000725,0,0
275100000000,275400000000,6283499093,327,4469913217,0.000340,0.001171,0.001926,0.000124,0.000369,0.001369,0.000001,0.000000,0.005211,0.000072,2.557000,0.006987,0.000000,0.000000,0.000158,0,0
275400000000,275700000000,6283499093,327,4469913217,0.002312,0.001240,0.001925,0.000123,0.000320,0.001675,0.000017,0.000000,0.077030,0.002998,0.702000,0.000596,0.000000,0.000000,0.005867,0,0
275700000000,275973000000,6283499093,327,4469913217,0.000472,0.001274,0.001921,0.000117,0.000295,0.001564,0.000000,0.000000,0.004539,0.000072,3.490000,0.011020,0.000000,0.000000,0.001509,0,0
275973000000,275975000000,6283499093,327,4469913217,0.001274,0.001118,0.001923,0.000155,0.000175,0.001118,0.010680,0.000000,0.002548,0.016300,3.266000,0.010120,0.000000,0.000000,0.002460,0,0
275975000000,275992000000,6283499093,327,4469913217,0.000946,0.000009,0.000000,0.000012,0.000013,0.000138,0.000054,0.000000,0.016080,0.000857,3.266000,0.010120,0.000000,0.000000,0.000000,1,0
275992000000,275994000000,6283499093,327,4469913217,0.000000,0.000000,0.000000,0.000000,0.000000,0.000000,0.000000,0.000000,0.000000,0.000000,3.266000,0.010120,0.000000,0.000000,0.000000,0,0
275994000000,276000000000,6283499093,327,4469913217,0.000000,0.000000,0.000000,0.000000,0.000000,0.000000,0.000000,0.000000,0.000000,0.000000,0.000000,0.000000,0.000000,0.000000,0.000000,0,0
276050000000,276066000000,6283499093,327,336047842,0.000000,0.000000,0.000000,0.000000,0.000000,0.000000,0.000000,0.000000,0.000000,0.000000,0.000000,0.000000,0.000000,0.000000,0.000000,1,0
276066000000,276300000000,6283499093,327,336047842,0.000459,0.001053,0.001913,0.000016,0.000156,0.001375,0.000010,0.000000,0.055110,0.001715,2.682000,0.007936,0.000000,0.000000,0.000156,0,0
276300000000,276600000000,6283499093,327,336047842,0.000332,0.001066,0.001913,0.000012,0.000163,0.001362,0.000001,0.000000,0.004356,0.000072,1.984000,0.004876,0.000000,0.000000,0.000121,0,0
276600000000,276900000000,6283499093,327,336047842,0.000300,0.001062,0.001915,0.000000,0.000144,0.001364,0.000001,0.000000,0.003922,0.000143,2.551000,0.007000,0.000000,0.000000,0.000228,0,0
276900000000,277200000000,6283499093,327,336047842,0.000296,0.000946,0.001915,0.000001,0.000028,0.001085,0.000000,0.000000,0.004662,0.000072,2.175000,0.005552,0.000000,0.000000,0.000237,0,0
277200000000,277500000000,6283499093,327,336047842,0.000291,0.000970,0.001915,0.000001,0.000051,0.001150,0.000004,0.000000,0.004654,0.000357,2.094000,0.005226,0.000000,0.000000,0.000473,0,0
277500000000,277800000000,6283499093,327,336047842,0.000295,0.000999,0.001917,0.000001,0.000079,0.001219,0.000008,0.000000,0.004120,0.001143,2.559000,0.007109,0.000000,0.000000,0.000218,0,0
277800000000,278100000000,6283499093,327,336047842,0.000307,0.001009,0.001917,0.000001,0.000088,0.001291,0.000007,0.000000,0.010970,0.000714,2.359000,0.006229,0.000000,0.000000,0.000067,0,0
278100000000,278400000000,6283499093,327,336047842,0.000298,0.001015,0.001919,0.000001,0.000090,0.001265,0.000012,0.000000,0.004440,0.001143,2.287000,0.006013,0.000000,0.000000,0.000175,0,0
278400000000,278700000000,6283499093,327,336047842,0.000382,0.001131,0.001919,0.000002,0.000164,0.001440,0.000022,0.000000,0.005608,0.002213,2.612000,0.007637,0.000000,0.000000,0.000206,0,0
278700000000,279000000000,6283499093,327,336047842,0.000358,0.001144,0.001919,0.000016,0.000174,0.001438,0.000051,0.000000,0.005127,0.007645,2.391000,0.006565,0.000000,0.000000,0.000266,0,0
279000000000,279300000000,6283499093,327,336047842,0.000315,0.001217,0.001921,0.000033,0.000277,0.001385,0.000009,0.000000,0.005089,0.001785,2.389000,0.006462,0.000000,0.000000,0.000340,0,0
279300000000,279600000000,6283499093,327,336047842,0.000320,0.001183,0.001921,0.000039,0.000245,0.001402,0.000040,0.000000,0.004257,0.005074,2.103000,0.005341,0.000000,0.000000,0.000568,0,0
279600000000,279900000000,6283499093,327,336047842,0.000343,0.001205,0.001921,0.000041,0.000265,0.001402,0.000004,0.000000,0.004738,0.000857,2.324000,0.006333,0.000000,0.000000,0.000686,0,0
279900000000,280200000000,6283499093,327,336047842,0.000350,0.001236,0.001921,0.000040,0.000298,0.001406,0.000011,0.000000,0.005325,0.001928,2.302000,0.006177,0.000000,0.000000,0.000141,0,0
280200000000,280500000000,6283499093,327,336047842,0.000322,0.001228,0.001923,0.000041,0.000289,0.001406,0.000001,0.000000,0.001226,0.000215,2.184000,0.005528,0.000000,0.000000,0.000202,0,0
280500000000,280800000000,6283499093,327,336047842,0.000335,0.001217,0.001921,0.000037,0.000271,0.001410,0.000002,0.000000,0.002708,0.000215,2.214000,0.005699,0.000000,0.000000,0.000291,0,0
280800000000,281100000000,6283499093,327,336047842,0.000313,0.001226,0.001921,0.000036,0.000278,0.001410,0.000003,0.000000,0.004326,0.000286,2.282000,0.005874,0.000000,0.000000,0.000607,0,0
281100000000,281400000000,6283499093,327,336047842,0.000325,0.000855,0.001921,0.000036,0.000253,0.001411,0.000003,0.000000,0.004311,0.000286,2.237000,0.005694,0.000000,0.000000,0.000175,0,0
281400000000,281700000000,6283499093,327,336047842,0.000296,0.000788,0.001923,0.000036,0.000287,0.000962,0.000002,0.000000,0.003960,0.000286,2.170000,0.005381,0.000000,0.000000,0.000376,0,0
281700000000,282000000000,6283499093,327,336047842,0.000281,0.000771,0.001923,0.000036,0.000272,0.000960,0.000000,0.000000,0.004517,0.000072,2.140000,0.005240,0.000000,0.000000,0.000068,0,0
282000000000,282029000000,6283499093,327,336047842,0.000278,0.000644,0.001921,0.000037,0.000149,0.000958,0.000221,0.000000,0.001265,0.006355,1.945000,0.004298,0.000000,0.000000,0.000087,0,0
282029000000,282044000000,6283499093,327,336047842,0.000184,0.000000,0.000000,0.000000,0.000000,0.000000,0.000038,0.000000,0.002766,0.000571,1.654000,0.003338,0.000000,0.000000,0.000000,0,0
282044000000,282045000000,6283499093,327,336047842,0.000000,0.000000,0.000000,0.000000,0.000000,0.000000,0.000000,0.000000,0.000000,0.000000,1.148000,0.001672,0.000000,0.000000,0.000000,0,0
