272498000000,272598000000,6283499093,328,459756757,0.000000,0.000000,0.000000,0.000000,0.000000,0.000000,0.000004,0.000000,0.000000,0.000215,0.000000,0.000000,0.000000,0.000000,0.000000,0,0
272598000000,272700000000,6283499093,328,459756757,0.000770,0.001009,0.001884,0.000089,0.000187,0.001431,0.000560,0.000000,0.016020,0.013140,2.370000,0.006726,0.000000,0.000000,0.000181,0,0
272700000000,273000000000,6283499093,328,459756757,0.000431,0.001053,0.001896,0.000093,0.000224,0.001381,0.000000,0.000000,0.004097,0.000072,2.195000,0.005787,0.000000,0.000000,0.000185,0,0
273000000000,273300000000,6283499093,328,459756757,0.000481,0.001060,0.001907,0.000093,0.000232,0.001369,0.000008,0.000000,0.004486,0.001928,2.931000,0.009027,0.000000,0.000000,0.000260,0,0
273300000000,273600000000,6283499093,328,459756757,0.000567,0.001213,0.001915,0.000092,0.000339,0.001419,0.000027,0.000000,0.014770,0.003784,3.062000,0.009738,0.000000,0.000000,0.000314,0,0
273600000000,273900000000,6283499093,328,459756757,0.000538,0.001245,0.001917,0.000088,0.000348,0.001442,0.000006,0.000000,0.004738,0.001429,3.361000,0.011140,0.000000,0.000000,0.000416,0,0
273900000000,274200000000,6283499093,328,459756757,0.000394,0.001184,0.001919,0.000088,0.000278,0.001440,0.000000,0.000000,0.004395,0.000072,2.777000,0.008234,0.000000,0.000000,0.000618,0,0
274200000000,274500000000,6283499093,328,459756757,0.000345,0.001110,0.001919,0.000089,0.000203,0.001438,0.000006,0.000000,0.005814,0.001429,2.882000,0.008665,0.000000,0.000000,0.000615,0,0
274500000000,274800000000,6283499093,328,459756757,0.000326,0.001049,0.001921,0.000089,0.000140,0.001438,0.000000,0.000000,0.004929,0.000000,3.132000,0.009412,0.000000,0.000000,0.000126,0,0
274800000000,275100000000,6283499093,328,459756757,0.007599,0.001413,0.002144,0.000052,0.000178,0.002697,0.000038,0.000000,0.105500,0.003502,0.750700,0.000732,0.000000,0.000000,0.000518,0,0
275100000000,275400000000,6283499093,328,459756757,0.001616,0.001432,0.001919,0.000006,0.000100,0.001808,0.000018,0.000000,0.057190,0.000929,0.663900,0.000501,0.000000,0.000000,0.000788,0,0
275400000000,275700000000,6283499093,328,459756757,0.001150,0.001383,0.001917,0.000014,0.000115,0.001900,0.000102,0.000000,0.056090,0.014920,0.888700,0.001285,0.000000,0.000000,0.000333,0,0
275700000000,276000000000,6283499093,328,459756757,0.000555,0.001343,0.001917,0.000019,0.000140,0.001690,0.000002,0.000000,0.002731,0.000286,3.389000,0.011170,0.000000,0.000000,0.000399,0,0
276000000000,276300000000,6283499093,328,459756757,0.000528,0.001329,0.001917,0.000019,0.000120,0.001703,0.000002,0.000000,0.006355,0.000500,3.693000,0.012330,0.000000,0.000000,0.000387,0,0
276300000000,276600000000,6283499093,328,459756757,0.000431,0.001354,0.001919,0.000018,0.000146,0.001696,0.000001,0.000000,0.005356,0.000143,2.880000,0.008296,0.000000,0.000000,0.000237,0,0
276600000000,276900000000,6283499093,328,459756757,0.000394,0.001345,0.001919,0.000018,0.000136,0.001692,0.000001,0.000000,0.005081,0.000143,2.763000,0.008070,0.000000,0.000000,0.000117,0,0
276900000000,277200000000,6283499093,328,459756757,0.000707,0.001337,0.001919,0.000023,0.000132,0.001707,0.000042,0.000000,0.070190,0.006500,3.100000,0.009711,0.000000,0.000000,0.000789,0,0
277200000000,277500000000,6283499093,328,459756757,0.000441,0.001337,0.001917,0.000018,0.000135,0.001686,0.000012,0.000000,0.005829,0.001858,2.936000,0.009341,0.000000,0.000000,0.000396,0,0
277500000000,277800000000,6283499093,328,459756757,0.000379,0.001347,0.001921,0.000100,0.000188,0.001684,0.000237,0.000000,0.020940,0.022280,2.238000,0.005786,0.000000,0.000000,0.000219,0,0
277800000000,278100000000,6283499093,328,459756757,0.000386,0.001286,0.001919,0.000086,0.000147,0.001434,0.000222,0.000000,0.005386,0.019130,2.683000,0.007879,0.000000,0.000000,0.001526,0,0
278100000000,278400000000,6283499093,328,459756757,0.000385,0.001255,0.001919,0.000080,0.000123,0.001373,0.000051,0.000000,0.006226,0.009995,3.331000,0.010610,0.000000,0.000000,0.000105,0,0
278400000000,278700000000,6283499093,328,459756757,0.000364,0.001249,0.001919,0.000078,0.000116,0.001329,0.000007,0.000000,0.006859,0.001358,2.271000,0.006228,0.000000,0.000000,0.000214,0,0
278700000000,279000000000,6283499093,328,459756757,0.000349,0.001247,0.001921,0.000078,0.000115,0.001324,0.000006,0.000000,0.005295,0.001286,2.559000,0.007329,0.000000,0.000000,0.000097,0,0
279000000000,279300000000,6283499093,328,459756757,0.000356,0.001255,0.001919,0.000077,0.000115,0.001354,0.000010,0.000000,0.004929,0.002071,2.361000,0.006681,0.000000,0.000000,0.000355,0,0
279300000000,279600000000,6283499093,328,459756757,0.000358,0.001282,0.001921,0.000094,0.000144,0.001411,0.000193,0.000000,0.001406,0.027130,2.325000,0.006466,0.000000,0.000000,0.000187,0,0
279600000000,279900000000,6283499093,328,459756757,0.000379,0.001341,0.001928,0.000192,0.000297,0.001411,0.000090,0.000000,0.005264,0.012070,2.469000,0.007296,0.000000,0.000000,0.000583,0,0
279900000000,280200000000,6283499093,328,459756757,0.000372,0.001307,0.001928,0.000193,0.000307,0.001324,0.000009,0.000000,0.005981,0.001072,2.377000,0.006675,0.000000,0.000000,0.000715,0,0
280200000000,280500000000,6283499093,328,459756757,0.000360,0.001297,0.001928,0.000193,0.000307,0.001308,0.000001,0.000000,0.005760,0.000143,2.572000,0.007544,0.000000,0.000000,0.000397,0,0
280500000000,280710000000,6283499093,328,459756757,0.001310,0.001301,0.001926,0.000197,0.000313,0.001486,0.000217,0.000001,0.069700,0.024720,0.633300,0.000370,0.000000,0.000000,0.000367,0,0
280710000000,280720000000,6283499093,328,459756757,0.000251,0.000000,0.000000,0.000000,0.000000,0.000000,0.000586,0.000001,0.002514,0.005074,0.587400,0.000202,0.000000,0.000000,0.000000,0,0
280720000000,280721000000,6283499093,328,459756757,0.000000,0.000000,0.000000,0.000000,0.000000,0.000000,0.000000,0.000001,0.000000,0.000000,0.587400,0.000202,0.000000,0.000000,0.000000,0,0
