272498000000,272556000000,6283499093,329,3676408579,0.000000,0.000000,0.000000,0.000000,0.000000,0.000000,0.000001,0.000000,0.000000,0.000072,0.000000,0.000000,0.000000,0.000000,0.000000,0,0
272556000000,272700000000,6283499093,329,3676408579,0.000592,0.001101,0.001925,0.000133,0.000317,0.001434,0.000417,0.000000,0.026790,0.014500,2.592000,0.007365,0.000000,0.000000,0.000244,0,0
272700000000,273000000000,6283499093,329,3676408579,0.000334,0.000900,0.001923,0.000135,0.000166,0.001053,0.000000,0.000000,0.004189,0.000000,3.090000,0.009231,0.000000,0.000000,0.000426,0,0
273000000000,273300000000,6283499093,329,3676408579,0.000349,0.000909,0.001925,0.000135,0.000167,0.001318,0.000009,0.000000,0.011460,0.001858,2.622000,0.007395,0.000000,0.000000,0.000166,0,0
273300000000,273600000000,6283499093,329,3676408579,0.000307,0.000999,0.001923,0.000135,0.000248,0.001329,0.000000,0.000000,0.004166,0.000000,2.715000,0.007394,0.000000,0.000000,0.000247,0,0
273600000000,273900000000,6283499093,329,3676408579,0.000326,0.001053,0.001923,0.000134,0.000298,0.001335,0.000002,0.000000,0.002056,0.000357,3.169000,0.009033,0.000000,0.000000,0.000146,0,0
273900000000,274200000000,6283499093,329,3676408579,0.000317,0.001114,0.001925,0.000136,0.000359,0.001337,0.000000,0.000000,0.001535,0.000072,2.878000,0.008145,0.000000,0.000000,0.000197,0,0
274200000000,274500000000,6283499093,329,3676408579,0.000363,0.001175,0.001925,0.000136,0.000413,0.001343,0.000011,0.000000,0.007195,0.001999,3.416000,0.010430,0.000000,0.000000,0.000722,0,0
274500000000,274800000000,6283499093,329,3676408579,0.000315,0.001163,0.001925,0.000136,0.000403,0.001341,0.000000,0.000000,0.001083,0.000000,3.405000,0.010390,0.000000,0.000000,0.000702,0,0
274800000000,275100000000,6283499093,329,3676408579,0.000312,0.001015,0.001925,0.000136,0.000249,0.001348,0.000000,0.000000,0.004890,0.000072,3.296000,0.009834,0.000000,0.000000,0.000162,0,0
275100000000,275400000000,6283499093,329,3676408579,0.000288,0.000999,0.001923,0.000136,0.000232,0.001352,0.000000,0.000000,0.001797,0.000072,3.181000,0.008967,0.000000,0.000000,0.000531,0,0
275400000000,275700000000,6283499093,329,3676408579,0.000307,0.001089,0.001923,0.000136,0.000315,0.001356,0.000000,0.000000,0.003551,0.000072,3.466000,0.010550,0.000000,0.000000,0.000140,0,0
275700000000,276000000000,6283499093,329,3676408579,0.000399,0.001081,0.001923,0.000138,0.000298,0.001390,0.000020,0.000000,0.008972,0.005501,2.945000,0.008335,0.000000,0.000000,0.000278,0,0
276000000000,276300000000,6283499093,329,3676408579,0.000363,0.001040,0.001923,0.000137,0.000238,0.001383,0.000008,0.000000,0.011780,0.001928,4.095000,0.012800,0.000000,0.000000,0.000573,0,0
276300000000,276600000000,6283499093,329,3676408579,0.000321,0.000965,0.001925,0.000136,0.000165,0.001196,0.000001,0.000000,0.006599,0.000143,3.613000,0.011090,0.000000,0.000000,0.000098,0,0
276600000000,276900000000,6283499093,329,3676408579,0.000303,0.001030,0.001923,0.000136,0.000230,0.001383,0.000001,0.000000,0.002373,0.000143,3.219000,0.009378,0.000000,0.000000,0.000158,0,0
276900000000,277200000000,6283499093,329,3676408579,0.000331,0.001175,0.001925,0.000135,0.000373,0.001385,0.000000,0.000000,0.001329,0.000000,2.350000,0.006142,0.000000,0.000000,0.000225,0,0
277200000000,277500000000,6283499093,329,3676408579,0.000365,0.001179,0.001925,0.000135,0.000360,0.001438,0.000015,0.000000,0.005524,0.003571,3.835000,0.011900,0.000000,0.000000,0.000572,0,0
277500000000,277789000000,6283499093,329,3676408579,0.000413,0.001116,0.001923,0.000136,0.000280,0.001448,0.000019,0.000000,0.008087,0.004288,3.354000,0.010810,0.000000,0.000000,0.000670,0,0
277789000000,277800000000,6283499093,329,3676408579,0.000283,0.000000,0.000000,0.000000,0.000000,0.000000,0.000046,0.000000,0.003113,0.000357,3.005000,0.009429,0.000000,0.000000,0.000000,0,0
277800000000,277806000000,6283499093,329,3676408579,0.000000,0.000000,0.000000,0.000000,0.000000,0.000000,0.000000,0.000000,0.000000,0.000000,3.005000,0.009429,0.000000,0.000000,0.000000,0,0
277806000000,277807000000,6283499093,329,3676408579,0.000000,0.000000,0.000000,0.000000,0.000000,0.000000,0.000000,0.000000,0.000000,0.000000,3.005000,0.009429,0.000000,0.000000,0.000000,0,0
