272499000000,272661000000,6283499093,33,788644666,0.000000,0.000000,0.000000,0.000000,0.000000,0.000000,0.000000,0.000000,0.000000,0.000000,0.000000,0.000000,0.000000,0.000000,0.000000,0,0
272661000000,272700000000,6283499093,33,788644666,0.001202,0.001223,0.002560,0.000267,0.000560,0.001877,0.010300,0.000000,0.013030,0.042850,0.000000,0.000000,0.000000,0.000000,0.001801,0,0
272700000000,273000000000,6283499093,33,788644666,0.000400,0.001293,0.002132,0.000217,0.000634,0.001877,0.000015,0.000000,0.004807,0.002499,3.069000,0.010200,0.000000,0.000000,0.000176,0,0
273000000000,273300000000,6283499093,33,788644666,0.000417,0.000958,0.001787,0.000194,0.000605,0.000978,0.000012,0.000000,0.004570,0.001642,3.453000,0.012000,0.000000,0.000000,0.000228,0,0
273300000000,273600000000,6283499093,33,788644666,0.000341,0.000958,0.001787,0.000197,0.000607,0.000980,0.000000,0.000000,0.004265,0.000000,2.677000,0.008354,0.000000,0.000000,0.000679,0,0
273600000000,273900000000,6283499093,33,788644666,0.000307,0.000956,0.001787,0.000195,0.000607,0.000963,0.000001,0.000000,0.003975,0.000215,2.442000,0.007228,0.000000,0.000000,0.000178,0,0
273900000000,274200000000,6283499093,33,788644666,0.000305,0.000952,0.001787,0.000196,0.000607,0.000955,0.000000,0.000000,0.004227,0.000000,2.259000,0.006441,0.000000,0.000000,0.000266,0,0
274200000000,274500000000,6283499093,33,788644666,0.000308,0.000958,0.001787,0.000196,0.000607,0.000976,0.000004,0.000000,0.005600,0.000714,2.402000,0.007063,0.000000,0.000000,0.000073,0,0
274500000000,274800000000,6283499093,33,788644666,0.000346,0.000977,0.001787,0.000196,0.000607,0.000980,0.000001,0.000000,0.003922,0.000215,2.385000,0.006876,0.000000,0.000000,0.000079,0,0
274800000000,275100000000,6283499093,33,788644666,0.000340,0.000966,0.001787,0.000195,0.000607,0.000976,0.000003,0.000000,0.004173,0.000786,2.660000,0.008308,0.000000,0.000000,0.000655,0,0
275100000000,275400000000,6283499093,33,788644666,0.000305,0.000956,0.001787,0.000195,0.000607,0.000963,0.000000,0.000000,0.001064,0.000000,2.481000,0.007435,0.000000,0.000000,0.000180,0,0
275400000000,275700000000,6283499093,33,788644666,0.000292,0.000955,0.001787,0.000195,0.000607,0.000958,0.000000,0.000000,0.004166,0.000072,2.231000,0.006117,0.000000,0.000000,0.000611,0,0
275700000000,276000000000,6283499093,33,788644666,0.000306,0.000967,0.001787,0.000195,0.000607,0.000980,0.000001,0.000000,0.004616,0.000072,2.193000,0.005984,0.000000,0.000000,0.000076,0,0
276000000000,276300000000,6283499093,33,788644666,0.000320,0.000968,0.001787,0.000195,0.000607,0.000980,0.000010,0.000000,0.004189,0.002499,2.357000,0.006855,0.000000,0.000000,0.000099,0,0
276300000000,276600000000,6283499093,33,788644666,0.000315,0.000969,0.001787,0.000195,0.000607,0.000980,0.000000,0.000000,0.003899,0.000000,2.345000,0.006913,0.000000,0.000000,0.000468,0,0
276600000000,276900000000,6283499093,33,788644666,0.000375,0.000997,0.001787,0.000201,0.000614,0.001038,0.000060,0.000000,0.014800,0.013430,2.478000,0.007599,0.000000,0.000000,0.000083,0,0
276900000000,277200000000,6283499093,33,788644666,0.000424,0.000999,0.001785,0.000205,0.000618,0.001055,0.000001,0.000000,0.017000,0.000072,2.402000,0.007169,0.000000,0.000000,0.000112,0,0
277200000000,277500000000,6283499093,33,788644666,0.000382,0.001036,0.001785,0.000205,0.000618,0.001043,0.000017,0.000000,0.004089,0.002071,2.820000,0.009152,0.000000,0.000000,0.000086,0,0
277500000000,277800000000,6283499093,33,788644666,0.000371,0.001036,0.001785,0.000205,0.000618,0.001040,0.000006,0.000000,0.013430,0.000571,2.773000,0.008988,0.000000,0.000000,0.000288,0,0
277800000000,278100000000,6283499093,33,788644666,0.000322,0.001026,0.001787,0.000200,0.000613,0.001041,0.000010,0.000000,0.004471,0.001143,2.559000,0.007882,0.000000,0.000000,0.000682,0,0
278100000000,278400000000,6283499093,33,788644666,0.000363,0.001070,0.001785,0.000199,0.000619,0.001139,0.000031,0.000000,0.004395,0.007355,2.240000,0.006546,0.000000,0.000000,0.000149,0,0
278400000000,278700000000,6283499093,33,788644666,0.000378,0.001078,0.001785,0.000199,0.000627,0.001114,0.000011,0.000000,0.004356,0.002430,2.281000,0.006642,0.000000,0.000000,0.000211,0,0
278700000000,279000000000,6283499093,33,788644666,0.000367,0.001068,0.001785,0.000199,0.000627,0.001083,0.000005,0.000000,0.010280,0.000428,2.993000,0.009834,0.000000,0.000000,0.000584,0,0
279000000000,279300000000,6283499093,33,788644666,0.000379,0.001078,0.001785,0.000199,0.000627,0.001081,0.000012,0.000000,0.004196,0.002430,1.940000,0.004970,0.000000,0.000000,0.000623,0,0
279300000000,279559000000,6283499093,33,788644666,0.000530,0.001070,0.001785,0.000190,0.000619,0.001146,0.000099,0.000000,0.047490,0.010210,1.560000,0.003875,0.000000,0.000000,0.000606,0,0
279559000000,279574000000,6283499093,33,788644666,0.000193,0.000000,0.000000,0.000000,0.000000,0.000000,0.000248,0.000000,0.002884,0.003643,0.689600,0.000614,0.000000,0.000000,0.000000,0,0
279574000000,279575000000,6283499093,33,788644666,0.000000,0.000000,0.000000,0.000000,0.000000,0.000000,0.000000,0.000000,0.000000,0.000000,0.689600,0.000614,0.000000,0.000000,0.000000,0,0
