272490000000,272622000000,6283499093,330,2496984564,0.000000,0.000000,0.000000,0.000000,0.000000,0.000000,0.000000,0.000000,0.000000,0.000000,0.000000,0.000000,0.000000,0.000000,0.000000,0,0
272622000000,272700000000,6283499093,330,2496984564,0.000741,0.001240,0.001930,0.000142,0.000509,0.001444,0.000907,0.000000,0.016780,0.015500,2.721000,0.008672,0.000000,0.000000,0.000174,0,0
272700000000,273000000000,6283499093,330,2496984564,0.000332,0.001036,0.001928,0.000150,0.000322,0.001402,0.000003,0.000000,0.011510,0.000714,2.274000,0.006390,0.000000,0.000000,0.000092,0,0
273000000000,273300000000,6283499093,330,2496984564,0.000318,0.001106,0.001928,0.000150,0.000374,0.001326,0.000002,0.000000,0.006454,0.000428,2.472000,0.007539,0.000000,0.000000,0.000252,0,0
273300000000,273600000000,6283499093,330,2496984564,0.000313,0.001274,0.001928,0.000141,0.000536,0.001328,0.000002,0.000000,0.003891,0.000643,2.959000,0.009603,0.000000,0.000000,0.000439,0,0
273600000000,273900000000,6283499093,330,2496984564,0.000320,0.001272,0.001928,0.000133,0.000523,0.001329,0.000000,0.000000,0.003765,0.000143,2.447000,0.007152,0.000000,0.000000,0.000215,0,0
273900000000,274200000000,6283499093,330,2496984564,0.000318,0.001272,0.001928,0.000133,0.000520,0.001329,0.000000,0.000000,0.004387,0.000072,2.215000,0.006236,0.000000,0.000000,0.000121,0,0
274200000000,274500000000,6283499093,330,2496984564,0.000320,0.001272,0.001928,0.000133,0.000518,0.001333,0.000005,0.000000,0.004105,0.001143,3.270000,0.010270,0.000000,0.000000,0.000366,0,0
274500000000,274800000000,6283499093,330,2496984564,0.000300,0.001272,0.001928,0.000133,0.000518,0.001339,0.000000,0.000000,0.003845,0.000000,2.965000,0.009067,0.000000,0.000000,0.000178,0,0
274800000000,275100000000,6283499093,330,2496984564,0.000262,0.001270,0.001930,0.000133,0.000508,0.001339,0.000000,0.000000,0.004547,0.000072,3.134000,0.009857,0.000000,0.000000,0.000230,0,0
275100000000,275400000000,6283499093,330,2496984564,0.000266,0.001249,0.001928,0.000133,0.000487,0.001341,0.000000,0.000000,0.009125,0.000072,3.708000,0.012440,0.000000,0.000000,0.000228,0,0
275400000000,275700000000,6283499093,330,2496984564,0.000255,0.001236,0.001930,0.000133,0.000472,0.001341,0.000005,0.000000,0.002064,0.000857,3.425000,0.010720,0.000000,0.000000,0.000097,0,0
275700000000,276000000000,6283499093,330,2496984564,0.000280,0.001251,0.001930,0.000133,0.000483,0.001352,0.000004,0.000000,0.004478,0.001072,1.613000,0.003227,0.000000,0.000000,0.000143,0,0
276000000000,276300000000,6283499093,330,2496984564,0.000265,0.001251,0.001930,0.000133,0.000478,0.001350,0.000001,0.000000,0.002144,0.000286,2.843000,0.008507,0.000000,0.000000,0.000262,0,0
276300000000,276600000000,6283499093,330,2496984564,0.000254,0.001245,0.001928,0.000133,0.000477,0.001347,0.000000,0.000000,0.002796,0.000072,5.345000,0.019550,0.000000,0.000000,0.000171,0,0
276600000000,276900000000,6283499093,330,2496984564,0.000263,0.001245,0.001928,0.000133,0.000477,0.001347,0.000001,0.000000,0.001083,0.000143,3.317000,0.011070,0.000000,0.000000,0.000142,0,0
276900000000,277200000000,6283499093,330,2496984564,0.000297,0.001175,0.001930,0.000134,0.000483,0.001356,0.000003,0.000000,0.005783,0.000643,2.641000,0.008373,0.000000,0.000000,0.000092,0,0
277200000000,277449000000,6283499093,330,2496984564,0.000250,0.000842,0.001928,0.000139,0.000494,0.000937,0.000024,0.000000,0.004021,0.003571,3.604000,0.012160,0.000000,0.000000,0.000575,0,0
277449000000,277467000000,6283499093,330,2496984564,0.000108,0.000000,0.000000,0.000000,0.000000,0.000000,0.000116,0.000000,0.001932,0.002213,3.491000,0.011530,0.000000,0.000000,0.000000,0,0
277467000000,277469000000,6283499093,330,2496984564,0.000000,0.000000,0.000000,0.000000,0.000000,0.000000,0.000000,0.000000,0.000000,0.000000,3.592000,0.012040,0.000000,0.000000,0.000000,0,0
