272497000000,272596000000,6283499093,331,351633051,0.000000,0.000000,0.000000,0.000000,0.000000,0.000000,0.000000,0.000000,0.000000,0.000000,0.000000,0.000000,0.000000,0.000000,0.000000,0,0
272596000000,272700000000,6283499093,331,351633051,0.000661,0.000986,0.001926,0.000062,0.000177,0.001377,0.000535,0.000000,0.016940,0.016140,2.507000,0.006783,0.000000,0.000000,0.000745,0,0
272700000000,273000000000,6283499093,331,351633051,0.000333,0.000912,0.001925,0.000062,0.000104,0.001177,0.000000,0.000000,0.004036,0.000072,2.821000,0.008064,0.000000,0.000000,0.000343,0,0
273000000000,273300000000,6283499093,331,351633051,0.000347,0.000969,0.001923,0.000062,0.000155,0.001320,0.000003,0.000000,0.004959,0.000571,2.505000,0.006954,0.000000,0.000000,0.000067,0,0
273300000000,273600000000,6283499093,331,351633051,0.000342,0.001007,0.001923,0.000062,0.000187,0.001328,0.000000,0.000000,0.005013,0.000000,2.510000,0.006881,0.000000,0.000000,0.000153,0,0
273600000000,273900000000,6283499093,331,351633051,0.000382,0.001064,0.001923,0.000062,0.000220,0.001385,0.000004,0.000000,0.044980,0.000857,2.602000,0.007265,0.000000,0.000000,0.000132,0,0
273900000000,274200000000,6283499093,331,351633051,0.000340,0.001009,0.001923,0.000062,0.000132,0.001381,0.000000,0.000000,0.003887,0.000072,2.692000,0.007528,0.000000,0.000000,0.000197,0,0
274200000000,274500000000,6283499093,331,351633051,0.000372,0.000986,0.001925,0.000062,0.000107,0.001286,0.000001,0.000000,0.006889,0.000215,2.680000,0.007572,0.000000,0.000000,0.000226,0,0
274500000000,274800000000,6283499093,331,351633051,0.000351,0.001015,0.001923,0.000061,0.000136,0.001293,0.000004,0.000000,0.005028,0.001072,3.046000,0.008612,0.000000,0.000000,0.000604,0,0
274800000000,275100000000,6283499093,331,351633051,0.000348,0.001017,0.001923,0.000061,0.000135,0.001291,0.000002,0.000000,0.004059,0.000643,2.239000,0.005696,0.000000,0.000000,0.000541,0,0
275100000000,275400000000,6283499093,331,351633051,0.000335,0.000997,0.001923,0.000062,0.000117,0.001293,0.000000,0.000000,0.005234,0.000000,2.411000,0.006540,0.000000,0.000000,0.000134,0,0
275400000000,275700000000,6283499093,331,351633051,0.000339,0.001017,0.001923,0.000062,0.000135,0.001295,0.000000,0.000000,0.004723,0.000072,2.285000,0.005913,0.000000,0.000000,0.000100,0,0
275700000000,276000000000,6283499093,331,351633051,0.000322,0.001019,0.001923,0.000062,0.000136,0.001295,0.000000,0.000000,0.005089,0.000072,2.233000,0.005824,0.000000,0.000000,0.000298,0,0
276000000000,276300000000,6283499093,331,351633051,0.000346,0.001015,0.001923,0.000062,0.000131,0.001297,0.000002,0.000000,0.005188,0.000143,2.540000,0.007008,0.000000,0.000000,0.000250,0,0
276300000000,276600000000,6283499093,331,351633051,0.000369,0.000978,0.001925,0.000062,0.000093,0.001301,0.000002,0.000000,0.004860,0.000143,2.524000,0.006938,0.000000,0.000000,0.000544,0,0
276600000000,276900000000,6283499093,331,351633051,0.002251,0.001097,0.001923,0.000066,0.000161,0.001587,0.000038,0.000000,0.075320,0.009506,1.026000,0.001795,0.000000,0.000000,0.000474,0,0
276900000000,277200000000,6283499093,331,351633051,0.000481,0.001211,0.001919,0.000065,0.000194,0.001566,0.000001,0.000000,0.006027,0.000143,2.830000,0.009098,0.000000,0.000000,0.000210,0,0
277200000000,277500000000,6283499093,331,351633051,0.000432,0.001186,0.001921,0.000063,0.000175,0.001539,0.000007,0.000000,0.004837,0.001215,3.134000,0.009987,0.000000,0.000000,0.000494,0,0
277500000000,277800000000,6283499093,331,351633051,0.000341,0.001171,0.001921,0.000062,0.000162,0.001543,0.000003,0.000000,0.005180,0.000143,2.376000,0.006622,0.000000,0.000000,0.000224,0,0
277800000000,278100000000,6283499093,331,351633051,0.000384,0.001213,0.001921,0.000062,0.000202,0.001543,0.000005,0.000000,0.007607,0.000428,2.407000,0.006312,0.000000,0.000000,0.000240,0,0
278100000000,278400000000,6283499093,331,351633051,0.000520,0.001253,0.001923,0.000062,0.000234,0.001551,0.000002,0.000000,0.006516,0.000215,3.167000,0.009766,0.000000,0.000000,0.000310,0,0
278400000000,278700000000,6283499093,331,351633051,0.000470,0.001198,0.001921,0.000061,0.000176,0.001553,0.000005,0.000000,0.006065,0.000714,3.383000,0.010760,0.000000,0.000000,0.000760,0,0
278700000000,279000000000,6283499093,331,351633051,0.000419,0.001238,0.001923,0.000061,0.000217,0.001553,0.000001,0.000000,0.005142,0.000072,2.303000,0.006037,0.000000,0.000000,0.000437,0,0
279000000000,279300000000,6283499093,331,351633051,0.000402,0.001268,0.001923,0.000062,0.000241,0.001560,0.000010,0.000000,0.005348,0.001928,2.567000,0.007472,0.000000,0.000000,0.000846,0,0
279300000000,279600000000,6283499093,331,351633051,0.000406,0.001305,0.001930,0.000062,0.000526,0.001560,0.000007,0.000000,0.006424,0.001215,2.649000,0.008041,0.000000,0.000000,0.000848,0,0
279600000000,279900000000,6283499093,331,351633051,0.000362,0.001186,0.001932,0.000062,0.000531,0.001194,0.000004,0.000000,0.005402,0.000357,2.427000,0.007173,0.000000,0.000000,0.000090,0,0
279900000000,280019000000,6283499093,331,351633051,0.003040,0.001192,0.001930,0.000064,0.000533,0.001383,0.000012,0.000000,0.077760,0.000571,2.395000,0.006960,0.000000,0.000000,0.000100,0,0
280019000000,280034000000,6283499093,331,351633051,0.000217,0.000000,0.000000,0.000000,0.000000,0.000000,0.000010,0.000000,0.003262,0.000072,1.997000,0.005265,0.000000,0.000000,0.000000,0,0
280034000000,280035000000,6283499093,331,351633051,0.000000,0.000000,0.000000,0.000000,0.000000,0.000000,0.000000,0.000000,0.000000,0.000000,1.876000,0.004736,0.000000,0.000000,0.000000,0,0
