272501000000,272590000000,6283499093,332,3648243342,0.000000,0.000000,0.000000,0.000000,0.000000,0.000000,0.000000,0.000000,0.000000,0.000000,0.000000,0.000000,0.000000,0.000000,0.000000,0,0
272590000000,272700000000,6283499093,332,3648243342,0.000984,0.001522,0.001928,0.000293,0.000719,0.001650,0.001322,0.000000,0.044370,0.062190,1.602000,0.003403,0.000000,0.000000,0.000161,0,0
272700000000,273000000000,6283499093,332,3648243342,0.000538,0.001022,0.001930,0.000293,0.000737,0.001356,0.000003,0.000000,0.004654,0.000857,3.966000,0.013660,0.000000,0.000000,0.000707,0,0
273000000000,273300000000,6283499093,332,3648243342,0.000500,0.000969,0.001930,0.000291,0.000736,0.000990,0.000013,0.000000,0.004280,0.002144,3.700000,0.012460,0.000000,0.000000,0.000483,0,0
273300000000,273600000000,6283499093,332,3648243342,0.000354,0.000974,0.001932,0.000293,0.000738,0.000996,0.000000,0.000000,0.004288,0.000000,2.568000,0.007295,0.000000,0.000000,0.000222,0,0
273600000000,273900000000,6283499093,332,3648243342,0.000346,0.000963,0.001932,0.000293,0.000738,0.000974,0.000001,0.000000,0.005463,0.000143,2.786000,0.007907,0.000000,0.000000,0.000606,0,0
273900000000,274200000000,6283499093,332,3648243342,0.000410,0.000986,0.001932,0.000293,0.000738,0.001005,0.000005,0.000000,0.004257,0.000786,2.155000,0.005646,0.000000,0.000000,0.000179,0,0
274200000000,274500000000,6283499093,332,3648243342,0.000408,0.000988,0.001930,0.000293,0.000738,0.001001,0.000004,0.000000,0.004234,0.000714,3.157000,0.010010,0.000000,0.000000,0.000145,0,0
274500000000,274800000000,6283499093,332,3648243342,0.000394,0.000990,0.001930,0.000293,0.000738,0.001007,0.000000,0.000000,0.004562,0.000072,2.273000,0.006229,0.000000,0.000000,0.000340,0,0
274800000000,275100000000,6283499093,332,3648243342,0.000372,0.000992,0.001932,0.000290,0.000735,0.001005,0.000001,0.000000,0.008438,0.000143,2.288000,0.006198,0.000000,0.000000,0.000567,0,0
275100000000,275400000000,6283499093,332,3648243342,0.000544,0.001038,0.001930,0.000284,0.000730,0.001059,0.000019,0.000000,0.023410,0.005211,1.992000,0.005013,0.000000,0.000000,0.000632,0,0
275400000000,275700000000,6283499093,332,3648243342,0.000420,0.001013,0.001930,0.000279,0.000726,0.001022,0.000000,0.000000,0.005119,0.000072,2.938000,0.009235,0.000000,0.000000,0.001041,0,0
275700000000,276000000000,6283499093,332,3648243342,0.000348,0.001009,0.001932,0.000279,0.000726,0.001022,0.000001,0.000000,0.004776,0.000072,2.560000,0.007264,0.000000,0.000000,0.001144,0,0
276000000000,276300000000,6283499093,332,3648243342,0.000353,0.001013,0.001932,0.000279,0.000726,0.001026,0.000004,0.000000,0.009064,0.000643,2.404000,0.006508,0.000000,0.000000,0.000195,0,0
276300000000,276600000000,6283499093,332,3648243342,0.000479,0.001030,0.001932,0.000279,0.000726,0.001049,0.000009,0.000000,0.008926,0.001215,2.131000,0.005302,0.000000,0.000000,0.000207,0,0
276600000000,276900000000,6283499093,332,3648243342,0.000476,0.001060,0.001932,0.000282,0.000728,0.001089,0.000019,0.000000,0.018370,0.004646,2.249000,0.006005,0.000000,0.000000,0.000680,0,0
276900000000,277200000000,6283499093,332,3648243342,0.000403,0.001040,0.001932,0.000280,0.000726,0.001066,0.000001,0.000000,0.005180,0.000072,3.146000,0.009821,0.000000,0.000000,0.000770,0,0
277200000000,277500000000,6283499093,332,3648243342,0.000399,0.001049,0.001932,0.000280,0.000726,0.001066,0.000004,0.000000,0.006950,0.000286,2.631000,0.007605,0.000000,0.000000,0.000075,0,0
277500000000,277800000000,6283499093,332,3648243342,0.000517,0.001102,0.001930,0.000278,0.000732,0.001158,0.000027,0.000000,0.008270,0.006645,2.478000,0.007003,0.000000,0.000000,0.000137,0,0
277800000000,278069000000,6283499093,332,3648243342,0.000553,0.001091,0.001930,0.000278,0.000737,0.001110,0.000017,0.000000,0.005157,0.003643,3.181000,0.010150,0.000000,0.000000,0.000121,0,0
278069000000,278081000000,6283499093,332,3648243342,0.000312,0.000000,0.000000,0.000000,0.000000,0.000000,0.000077,0.000000,0.003746,0.000929,1.752000,0.003617,0.000000,0.000000,0.000000,0,0
278081000000,278082000000,6283499093,332,3648243342,0.000000,0.000000,0.000000,0.000000,0.000000,0.000000,0.000000,0.000000,0.000000,0.000000,1.752000,0.003617,0.000000,0.000000,0.000000,0,0
