272496000000,272608000000,6283499093,333,4304861728,0.000000,0.000000,0.000000,0.000000,0.000000,0.000000,0.000000,0.000000,0.000000,0.000000,0.000000,0.000000,0.000000,0.000000,0.000000,0,0
272608000000,272700000000,6283499093,333,4304861728,0.000668,0.001192,0.001797,0.000087,0.000245,0.001730,0.000423,0.000000,0.015010,0.004074,2.638000,0.008484,0.000000,0.000000,0.000199,0,0
272700000000,273000000000,6283499093,333,4304861728,0.000300,0.001318,0.001837,0.000099,0.000418,0.001448,0.000000,0.000000,0.004471,0.000000,2.987000,0.010320,0.000000,0.000000,0.000096,0,0
273000000000,273300000000,6283499093,333,4304861728,0.000321,0.001316,0.001837,0.000093,0.000407,0.001478,0.000002,0.000000,0.004486,0.000215,3.268000,0.011530,0.000000,0.000000,0.000332,0,0
273300000000,273600000000,6283499093,333,4304861728,0.000289,0.001312,0.001835,0.000093,0.000370,0.001480,0.000000,0.000000,0.004128,0.000072,3.052000,0.010510,0.000000,0.000000,0.000140,0,0
273600000000,273900000000,6283499093,333,4304861728,0.003674,0.001448,0.002167,0.000092,0.000272,0.002594,0.000037,0.000000,0.077390,0.002930,0.678700,0.000634,0.000000,0.000000,0.000514,0,0
273900000000,274200000000,6283499093,333,4304861728,0.000508,0.001253,0.001831,0.000081,0.000191,0.001614,0.000001,0.000000,0.003613,0.000143,2.941000,0.010090,0.000000,0.000000,0.000583,0,0
274200000000,274500000000,6283499093,333,4304861728,0.000400,0.001278,0.001833,0.000076,0.000217,0.001604,0.000007,0.000000,0.004784,0.001999,4.126000,0.015960,0.000000,0.000000,0.000170,0,0
274500000000,274800000000,6283499093,333,4304861728,0.000272,0.001245,0.001835,0.000075,0.000185,0.001600,0.000000,0.000000,0.004356,0.000000,3.284000,0.011590,0.000000,0.000000,0.000093,0,0
274800000000,275100000000,6283499093,333,4304861728,0.000548,0.001249,0.001835,0.000076,0.000186,0.001623,0.000020,0.000000,0.027160,0.002785,2.478000,0.008021,0.000000,0.000000,0.000273,0,0
275100000000,275400000000,6283499093,333,4304861728,0.000470,0.001244,0.001833,0.000078,0.000172,0.001619,0.000000,0.000000,0.001629,0.000072,3.487000,0.012570,0.000000,0.000000,0.000457,0,0
275400000000,275700000000,6283499093,333,4304861728,0.000485,0.001268,0.001833,0.000076,0.000205,0.001608,0.000003,0.000000,0.012600,0.000571,3.331000,0.011610,0.000000,0.000000,0.000664,0,0
275700000000,276000000000,6283499093,333,4304861728,0.000416,0.001251,0.001835,0.000075,0.000194,0.001600,0.000002,0.000000,0.008698,0.000143,2.294000,0.006265,0.000000,0.000000,0.000133,0,0
276000000000,276300000000,6283499093,333,4304861728,0.000409,0.001261,0.001835,0.000075,0.000199,0.001606,0.000001,0.000000,0.007362,0.000072,2.660000,0.008018,0.000000,0.000000,0.000629,0,0
276300000000,276600000000,6283499093,333,4304861728,0.000397,0.001247,0.001835,0.000075,0.000190,0.001600,0.000001,0.000000,0.004593,0.000072,2.862000,0.008599,0.000000,0.000000,0.000208,0,0
276600000000,276900000000,6283499093,333,4304861728,0.000352,0.001266,0.001835,0.000075,0.000209,0.001598,0.000004,0.000000,0.001333,0.000714,2.517000,0.007102,0.000000,0.000000,0.000462,0,0
276900000000,277200000000,6283499093,333,4304861728,0.000351,0.001278,0.001835,0.000075,0.000219,0.001602,0.000000,0.000000,0.005722,0.000000,2.514000,0.007067,0.000000,0.000000,0.000861,0,0
277200000000,277500000000,6283499093,333,4304861728,0.000356,0.001278,0.001835,0.000075,0.000222,0.001596,0.000005,0.000000,0.004700,0.000428,2.063000,0.005164,0.000000,0.000000,0.000187,0,0
277500000000,277800000000,6283499093,333,4304861728,0.000337,0.001223,0.001837,0.000075,0.000165,0.001602,0.000005,0.000000,0.005432,0.000786,2.280000,0.006157,0.000000,0.000000,0.005394,0,0
277800000000,278100000000,6283499093,333,4304861728,0.000345,0.001261,0.001835,0.000075,0.000200,0.001612,0.000011,0.000000,0.005325,0.001429,2.522000,0.007064,0.000000,0.000000,0.000600,0,0
278100000000,278359000000,6283499093,333,4304861728,0.000364,0.001261,0.001837,0.000075,0.000203,0.001604,0.000013,0.000000,0.004486,0.001286,3.141000,0.009375,0.000000,0.000000,0.000354,0,0
278359000000,278387000000,6283499093,333,4304861728,0.000098,0.000000,0.000000,0.000000,0.000000,0.000000,0.000023,0.000000,0.002747,0.000643,1.589000,0.003233,0.000000,0.000000,0.000000,0,0
278387000000,278388000000,6283499093,333,4304861728,0.000000,0.000000,0.000000,0.000000,0.000000,0.000000,0.000000,0.000000,0.000000,0.000000,1.579000,0.003196,0.000000,0.000000,0.000000,0,0
278388000000,278400000000,6283499093,333,4304861728,0.000000,0.000000,0.000000,0.000000,0.000000,0.000000,0.000000,0.000000,0.000000,0.000000,0.000000,0.000000,0.000000,0.000000,0.000000,0,0
