272493000000,272523000000,6283499093,334,4802905544,0.000000,0.000000,0.000000,0.000000,0.000000,0.000000,0.000000,0.000000,0.000000,0.000000,0.000000,0.000000,0.000000,0.000000,0.000000,0,0
272523000000,272700000000,6283499093,334,4802905544,0.000503,0.001072,0.001926,0.000196,0.000315,0.001537,0.000483,0.000000,0.021150,0.018220,1.787000,0.000000,0.000000,0.000000,0.000109,0,0
272700000000,273000000000,6283499093,334,4802905544,0.000316,0.000967,0.001926,0.000199,0.000271,0.001337,0.000000,0.000000,0.001688,0.000072,2.388000,0.000000,0.000000,0.000000,0.000115,0,0
273000000000,273300000000,6283499093,334,4802905544,0.000306,0.001028,0.001926,0.000199,0.000329,0.001345,0.000001,0.000000,0.008667,0.000143,2.487000,0.000000,0.000000,0.000000,0.000186,0,0
273300000000,273600000000,6283499093,334,4802905544,0.000294,0.001089,0.001926,0.000198,0.000385,0.001345,0.000000,0.000000,0.007385,0.000000,2.430000,0.000000,0.000000,0.000000,0.000167,0,0
273600000000,273900000000,6283499093,334,4802905544,0.000338,0.001162,0.001926,0.000198,0.000454,0.001352,0.000002,0.000000,0.005844,0.000143,2.266000,0.000000,0.000000,0.000000,0.000245,0,0
273900000000,274200000000,6283499093,334,4802905544,0.000328,0.001225,0.001928,0.000198,0.000507,0.001371,0.000000,0.000000,0.003700,0.000072,1.973000,0.000000,0.000000,0.000000,0.000143,0,0
274200000000,274500000000,6283499093,334,4802905544,0.000318,0.001160,0.001926,0.000190,0.000424,0.001381,0.000002,0.000000,0.008438,0.000143,2.203000,0.000000,0.000000,0.000000,0.000179,0,0
274500000000,274800000000,6283499093,334,4802905544,0.000269,0.001160,0.001928,0.000190,0.000432,0.001368,0.000000,0.000000,0.003677,0.000072,2.262000,0.000000,0.000000,0.000000,0.000137,0,0
274800000000,275100000000,6283499093,334,4802905544,0.000360,0.001169,0.001926,0.000190,0.000423,0.001385,0.000007,0.000000,0.009918,0.001358,2.571000,0.000000,0.000000,0.000000,0.000132,0,0
275100000000,275400000000,6283499093,334,4802905544,0.000305,0.001198,0.001928,0.000190,0.000452,0.001383,0.000000,0.000000,0.004219,0.000000,2.820000,0.000000,0.000000,0.000000,0.000203,0,0
275400000000,275700000000,6283499093,334,4802905544,0.000282,0.001158,0.001926,0.000190,0.000409,0.001392,0.000000,0.000000,0.004745,0.000035,2.201000,0.000000,0.000000,0.000000,0.000193,0,0
275700000000,276000000000,6283499093,334,4802905544,0.000266,0.001154,0.001926,0.000190,0.000408,0.001390,0.000001,0.000000,0.004433,0.000143,2.148000,0.000000,0.000000,0.000000,0.000174,0,0
276000000000,276300000000,6283499093,334,4802905544,0.000284,0.001167,0.001928,0.000190,0.000420,0.001392,0.000001,0.000000,0.004051,0.000143,2.416000,0.000000,0.000000,0.000000,0.000158,0,0
276300000000,276600000000,6283499093,334,4802905544,0.000294,0.001163,0.001926,0.000190,0.000409,0.001394,0.000001,0.000000,0.004272,0.000143,2.661000,0.000000,0.000000,0.000000,0.000133,0,0
276600000000,276900000000,6283499093,334,4802905544,0.000292,0.001163,0.001926,0.000190,0.000410,0.001396,0.000003,0.000000,0.004478,0.000357,2.353000,0.000000,0.000000,0.000000,0.000164,0,0
276900000000,277200000000,6283499093,334,4802905544,0.000276,0.001177,0.001926,0.000190,0.000423,0.001396,0.000000,0.000000,0.004440,0.000072,2.179000,0.000000,0.000000,0.000000,0.000628,0,0
277200000000,277500000000,6283499093,334,4802905544,0.000350,0.001255,0.001926,0.000212,0.000471,0.001436,0.000386,0.000000,0.004547,0.023010,2.390000,0.000000,0.000000,0.000000,0.000289,0,0
277500000000,277800000000,6283499093,334,4802905544,0.000360,0.001080,0.001930,0.000351,0.000440,0.001223,0.000031,0.000000,0.004013,0.005432,2.490000,0.000000,0.000000,0.000000,0.000178,0,0
277800000000,278100000000,6283499093,334,4802905544,0.000360,0.001051,0.001930,0.000351,0.000442,0.001062,0.000008,0.000000,0.004532,0.001215,2.562000,0.000000,0.000000,0.000000,0.000582,0,0
278100000000,278400000000,6283499093,334,4802905544,0.000314,0.001040,0.001930,0.000352,0.000443,0.001043,0.000008,0.000000,0.001581,0.000999,2.290000,0.000000,0.000000,0.000000,0.000106,0,0
278400000000,278700000000,6283499093,334,4802905544,0.000321,0.001053,0.001930,0.000355,0.000450,0.001125,0.000107,0.000000,0.004448,0.026060,2.272000,0.000000,0.000000,0.000000,0.000139,0,0
278700000000,279000000000,6283499093,334,4802905544,0.000328,0.001076,0.001930,0.000373,0.000498,0.001129,0.000000,0.000000,0.004433,0.000072,2.159000,0.000000,0.000000,0.000000,0.000442,0,0
279000000000,279300000000,6283499093,334,4802905544,0.000336,0.001043,0.001930,0.000373,0.000498,0.001053,0.000006,0.000000,0.005180,0.000643,2.224000,0.000000,0.000000,0.000000,0.004555,0,0
279300000000,279600000000,6283499093,334,4802905544,0.000312,0.001053,0.001930,0.000373,0.000498,0.001064,0.000007,0.000000,0.004463,0.000857,2.020000,0.000000,0.000000,0.000000,0.000243,0,0
279600000000,279900000000,6283499093,334,4802905544,0.000307,0.001066,0.001928,0.000373,0.000498,0.001093,0.000004,0.000000,0.004585,0.000428,2.143000,0.000000,0.000000,0.000000,0.000223,0,0
279900000000,280200000000,6283499093,334,4802905544,0.000334,0.001080,0.001930,0.000373,0.000498,0.001108,0.000005,0.000000,0.004868,0.000357,2.135000,0.000000,0.000000,0.000000,0.000403,0,0
280200000000,280230000000,6283499093,334,4802905544,0.000423,0.001017,0.001928,0.000380,0.000502,0.001078,0.000934,0.000000,0.004158,0.015290,2.034000,0.000000,0.000000,0.000000,0.000919,0,0
280230000000,280242000000,6283499093,334,4802905544,0.000216,0.000000,0.000000,0.000000,0.000000,0.000000,0.000197,0.000000,0.002586,0.001999,2.034000,0.000000,0.000000,0.000000,0.000000,0,0
280242000000,280243000000,6283499093,334,4802905544,0.000000,0.000000,0.000000,0.000000,0.000000,0.000000,0.000000,0.000000,0.000000,0.000000,2.034000,0.000000,0.000000,0.000000,0.000000,0,0
