272497000000,272627000000,6283499093,335,1439185616,0.000000,0.000000,0.000000,0.000000,0.000000,0.000000,0.000000,0.000000,0.000000,0.000000,0.000000,0.000000,0.000000,0.000000,0.000000,0,0
272627000000,272700000000,6283499093,335,1439185616,0.000807,0.000711,0.001926,0.000041,0.000051,0.000996,0.000483,0.000000,0.011690,0.011720,1.297000,0.002093,0.000000,0.000000,0.008209,0,0
272700000000,273000000000,6283499093,335,1439185616,0.000357,0.000911,0.001925,0.000043,0.000064,0.001005,0.000000,0.000000,0.001835,0.000072,2.590000,0.007759,0.000000,0.000000,0.000112,0,0
273000000000,273300000000,6283499093,335,1439185616,0.000351,0.000917,0.001925,0.000042,0.000072,0.001059,0.000002,0.000000,0.001780,0.000428,4.433000,0.015200,0.000000,0.000000,0.000308,0,0
273300000000,273600000000,6283499093,335,1439185616,0.000298,0.000937,0.001925,0.000043,0.000077,0.001102,0.000000,0.000000,0.009537,0.000072,2.852000,0.008378,0.000000,0.000000,0.000380,0,0
273600000000,273900000000,6283499093,335,1439185616,0.000348,0.000943,0.001926,0.000043,0.000078,0.001366,0.000003,0.000000,0.014830,0.000714,2.066000,0.005224,0.000000,0.000000,0.000196,0,0
273900000000,274200000000,6283499093,335,1439185616,0.000357,0.001171,0.001925,0.000043,0.000281,0.001377,0.000000,0.000000,0.005714,0.000072,2.379000,0.006420,0.000000,0.000000,0.000278,0,0
274200000000,274500000000,6283499093,335,1439185616,0.000362,0.001223,0.001926,0.000043,0.000333,0.001377,0.000002,0.000000,0.001381,0.000286,2.913000,0.008957,0.000000,0.000000,0.000614,0,0
274500000000,274800000000,6283499093,335,1439185616,0.001257,0.001030,0.001925,0.000047,0.000093,0.001398,0.000019,0.000000,0.061100,0.004288,0.903200,0.001360,0.000000,0.000000,0.000176,0,0
274800000000,275100000000,6283499093,335,1439185616,0.000841,0.001171,0.001921,0.000056,0.000147,0.001562,0.000043,0.000000,0.038640,0.008499,1.923000,0.005399,0.000000,0.000000,0.000435,0,0
275100000000,275400000000,6283499093,335,1439185616,0.000432,0.001238,0.001923,0.000057,0.000229,0.001534,0.000000,0.000000,0.005760,0.000000,3.608000,0.011970,0.000000,0.000000,0.000237,0,0
275400000000,275700000000,6283499093,335,1439185616,0.000334,0.001205,0.001923,0.000056,0.000196,0.001530,0.000002,0.000000,0.005508,0.000571,4.312000,0.014480,0.000000,0.000000,0.000080,0,0
275700000000,276000000000,6283499093,335,1439185616,0.000347,0.001190,0.001923,0.000056,0.000175,0.001541,0.000001,0.000000,0.011440,0.000072,2.421000,0.006657,0.000000,0.000000,0.000277,0,0
276000000000,276300000000,6283499093,335,1439185616,0.000454,0.001253,0.001923,0.000056,0.000231,0.001547,0.000004,0.000000,0.006981,0.000571,2.678000,0.007852,0.000000,0.000000,0.000194,0,0
276300000000,276600000000,6283499093,335,1439185616,0.000680,0.001226,0.001921,0.000061,0.000189,0.001585,0.000026,0.000000,0.014110,0.004501,2.201000,0.005813,0.000000,0.000000,0.000370,0,0
276600000000,276900000000,6283499093,335,1439185616,0.000583,0.001223,0.001919,0.000065,0.000186,0.001568,0.000004,0.000000,0.005875,0.000857,4.127000,0.014560,0.000000,0.000000,0.000430,0,0
276900000000,277200000000,6283499093,335,1439185616,0.000460,0.001247,0.001921,0.000065,0.000210,0.001572,0.000002,0.000000,0.005920,0.000643,4.034000,0.014150,0.000000,0.000000,0.000112,0,0
277200000000,277500000000,6283499093,335,1439185616,0.000343,0.001230,0.001921,0.000065,0.000175,0.001587,0.000005,0.000000,0.019620,0.000714,2.572000,0.007360,0.000000,0.000000,0.000367,0,0
277500000000,277800000000,6283499093,335,1439185616,0.000359,0.001217,0.001923,0.000065,0.000176,0.001572,0.000003,0.000000,0.006676,0.000143,2.369000,0.006267,0.000000,0.000000,0.000222,0,0
277800000000,278100000000,6283499093,335,1439185616,0.000348,0.001183,0.001923,0.000072,0.000144,0.001558,0.000038,0.000000,0.005013,0.006432,3.269000,0.010290,0.000000,0.000000,0.000196,0,0
278100000000,278400000000,6283499093,335,1439185616,0.001217,0.001251,0.001926,0.000143,0.000262,0.001440,0.000269,0.000000,0.065550,0.021150,0.631600,0.000371,0.000000,0.000000,0.000163,0,0
278400000000,278450000000,6283499093,335,1439185616,0.000466,0.000889,0.001930,0.000220,0.000353,0.000919,0.000376,0.000000,0.001928,0.014070,0.623300,0.000360,0.000000,0.000000,0.001064,0,0
278450000000,278464000000,6283499093,335,1439185616,0.000179,0.000000,0.000000,0.000000,0.000000,0.000000,0.000051,0.000000,0.002506,0.000714,3.060000,0.010300,0.000000,0.000000,0.000000,0,0
278464000000,278466000000,6283499093,335,1439185616,0.000000,0.000000,0.000000,0.000000,0.000000,0.000000,0.000000,0.000000,0.000000,0.000000,3.060000,0.010300,0.000000,0.000000,0.000000,0,0
