272494000000,272561000000,6283499093,336,4820060364,0.000000,0.000000,0.000000,0.000000,0.000000,0.000000,0.000000,0.000000,0.000000,0.000000,0.000000,0.000000,0.000000,0.000000,0.000000,0,0
272561000000,272700000000,6283499093,336,4820060364,0.000662,0.001238,0.001925,0.000186,0.000467,0.001535,0.000830,0.000000,0.013000,0.024720,3.108000,0.000000,0.000000,0.000000,0.000617,0,0
272700000000,273000000000,6283499093,336,4820060364,0.000351,0.001190,0.001925,0.000189,0.000478,0.001347,0.000000,0.000000,0.004967,0.000000,3.208000,0.000000,0.000000,0.000000,0.000618,0,0
273000000000,273300000000,6283499093,336,4820060364,0.003643,0.001348,0.002399,0.000173,0.000463,0.002724,0.000055,0.000000,0.102300,0.012210,2.756000,0.000000,0.000000,0.000000,0.000202,0,0
273300000000,273600000000,6283499093,336,4820060364,0.000886,0.001381,0.002037,0.000030,0.000229,0.002186,0.000003,0.000000,0.051640,0.000357,1.470000,0.000000,0.000000,0.000000,0.000175,0,0
273600000000,273900000000,6283499093,336,4820060364,0.002380,0.001320,0.001917,0.000040,0.000191,0.001671,0.000137,0.000000,0.079100,0.015120,0.720200,0.000000,0.000000,0.000000,0.000560,0,0
273900000000,274200000000,6283499093,336,4820060364,0.000582,0.001350,0.001923,0.000042,0.000272,0.001591,0.000005,0.000000,0.004829,0.001429,4.360000,0.000000,0.000000,0.000000,0.000408,0,0
274200000000,274500000000,6283499093,336,4820060364,0.000485,0.001328,0.001921,0.000042,0.000239,0.001595,0.000006,0.000000,0.006866,0.001215,3.092000,0.000000,0.000000,0.000000,0.000531,0,0
274500000000,274800000000,6283499093,336,4820060364,0.000404,0.001299,0.001921,0.000042,0.000209,0.001602,0.000000,0.000000,0.004814,0.000000,3.322000,0.000000,0.000000,0.000000,0.001451,0,0
274800000000,275100000000,6283499093,336,4820060364,0.000413,0.001335,0.001921,0.000042,0.000246,0.001602,0.000001,0.000000,0.006310,0.000143,3.056000,0.000000,0.000000,0.000000,0.000311,0,0
275100000000,275400000000,6283499093,336,4820060364,0.000417,0.001308,0.001923,0.000042,0.000211,0.001604,0.000000,0.000000,0.005104,0.000072,2.514000,0.000000,0.000000,0.000000,0.000438,0,0
275400000000,275700000000,6283499093,336,4820060364,0.000408,0.001375,0.001925,0.000039,0.000271,0.001608,0.000003,0.000000,0.004967,0.000643,2.596000,0.000000,0.000000,0.000000,0.000231,0,0
275700000000,276000000000,6283499093,336,4820060364,0.000626,0.001312,0.001921,0.000039,0.000204,0.001621,0.000032,0.000000,0.007889,0.007500,2.170000,0.000000,0.000000,0.000000,0.000650,0,0
276000000000,276300000000,6283499093,336,4820060364,0.000628,0.001352,0.001919,0.000040,0.000240,0.001629,0.000019,0.000000,0.016750,0.005142,4.226000,0.000000,0.000000,0.000000,0.000759,0,0
276300000000,276600000000,6283499093,336,4820060364,0.000530,0.001307,0.001921,0.000039,0.000199,0.001614,0.000002,0.000000,0.007271,0.000143,3.464000,0.000000,0.000000,0.000000,0.000408,0,0
276600000000,276900000000,6283499093,336,4820060364,0.000467,0.001322,0.001926,0.000039,0.000252,0.001619,0.000001,0.000000,0.001518,0.000143,3.489000,0.000000,0.000000,0.000000,0.000263,0,0
276900000000,277200000000,6283499093,336,4820060364,0.000375,0.001299,0.001923,0.000039,0.000214,0.001614,0.000000,0.000000,0.007011,0.000000,2.801000,0.000000,0.000000,0.000000,0.000619,0,0
277200000000,277500000000,6283499093,336,4820060364,0.000345,0.001358,0.001925,0.000053,0.000257,0.001623,0.000261,0.000000,0.003685,0.022710,2.489000,0.000000,0.000000,0.000000,0.000135,0,0
277500000000,277800000000,6283499093,336,4820060364,0.000351,0.001215,0.001926,0.000111,0.000161,0.001371,0.000183,0.000000,0.006516,0.034730,3.111000,0.000000,0.000000,0.000000,0.000298,0,0
277800000000,278100000000,6283499093,336,4820060364,0.000391,0.001213,0.001925,0.000129,0.000194,0.001266,0.000121,0.000000,0.005898,0.021850,3.171000,0.000000,0.000000,0.000000,0.000132,0,0
278100000000,278400000000,6283499093,336,4820060364,0.000392,0.001200,0.001923,0.000124,0.000177,0.001261,0.000002,0.000000,0.005211,0.000143,3.182000,0.000000,0.000000,0.000000,0.000133,0,0
278400000000,278609000000,6283499093,336,4820060364,0.000411,0.001190,0.001925,0.000124,0.000175,0.001261,0.000007,0.000000,0.048580,0.000500,3.361000,0.000000,0.000000,0.000000,0.000206,0,0
278609000000,278626000000,6283499093,336,4820060364,0.000230,0.000005,0.000000,0.000010,0.000010,0.000077,0.000048,0.000000,0.003906,0.000714,1.987000,0.000000,0.000000,0.000000,0.000000,0,0
278626000000,278629000000,6283499093,336,4820060364,0.000000,0.000000,0.000000,0.000000,0.000000,0.000000,0.000000,0.000000,0.000000,0.000000,1.987000,0.000000,0.000000,0.000000,0.000000,0,0
