272493000000,272614000000,6283499093,337,257337113,0.000000,0.000000,0.000000,0.000000,0.000000,0.000000,0.000000,0.000000,0.000000,0.000000,0.000000,0.000000,0.000000,0.000000,0.000000,0,0
272614000000,272700000000,6283499093,337,257337113,0.000785,0.000955,0.001852,0.000079,0.000091,0.001101,0.001047,0.000000,0.021640,0.023440,1.227000,0.001872,0.000000,0.000000,0.000236,0,0
272700000000,273000000000,6283499093,337,257337113,0.000388,0.000984,0.001860,0.000081,0.000093,0.001076,0.000000,0.000000,0.004135,0.000072,2.783000,0.008323,0.000000,0.000000,0.000130,0,0
273000000000,273300000000,6283499093,337,257337113,0.000396,0.001009,0.001869,0.000081,0.000124,0.001184,0.000001,0.000000,0.004280,0.000143,3.251000,0.010190,0.000000,0.000000,0.000258,0,0
273300000000,273600000000,6283499093,337,257337113,0.000347,0.001034,0.001875,0.000081,0.000150,0.001289,0.000000,0.000000,0.004608,0.000000,2.435000,0.006803,0.000000,0.000000,0.000199,0,0
273600000000,273900000000,6283499093,337,257337113,0.000320,0.001055,0.001875,0.000082,0.000170,0.001390,0.000001,0.000000,0.005020,0.000357,2.389000,0.006555,0.000000,0.000000,0.000566,0,0
273900000000,274200000000,6283499093,337,257337113,0.000315,0.001070,0.001875,0.000082,0.000185,0.001410,0.000000,0.000000,0.004776,0.000072,2.215000,0.005859,0.000000,0.000000,0.000248,0,0
274200000000,274500000000,6283499093,337,257337113,0.000360,0.001089,0.001875,0.000082,0.000202,0.001413,0.000007,0.000000,0.003960,0.001715,2.640000,0.007434,0.000000,0.000000,0.000245,0,0
274500000000,274800000000,6283499093,337,257337113,0.000354,0.001053,0.001877,0.000081,0.000164,0.001415,0.000000,0.000000,0.004875,0.000000,2.647000,0.007581,0.000000,0.000000,0.000278,0,0
274800000000,275100000000,6283499093,337,257337113,0.000335,0.001022,0.001875,0.000081,0.000133,0.001324,0.000002,0.000000,0.005638,0.000571,2.596000,0.007298,0.000000,0.000000,0.000083,0,0
275100000000,275400000000,6283499093,337,257337113,0.000335,0.001068,0.001875,0.000081,0.000178,0.001415,0.000000,0.000000,0.004547,0.000000,2.544000,0.006970,0.000000,0.000000,0.000224,0,0
275400000000,275700000000,6283499093,337,257337113,0.000344,0.001118,0.001875,0.000081,0.000228,0.001415,0.000001,0.000000,0.004959,0.000143,2.376000,0.006437,0.000000,0.000000,0.000169,0,0
275700000000,276000000000,6283499093,337,257337113,0.000326,0.001169,0.001877,0.000082,0.000278,0.001415,0.000001,0.000000,0.004227,0.000357,2.440000,0.006665,0.000000,0.000000,0.000085,0,0
276000000000,276300000000,6283499093,337,257337113,0.000518,0.001230,0.001875,0.000084,0.000316,0.001480,0.000018,0.000000,0.009918,0.004570,1.709000,0.003473,0.000000,0.000000,0.000201,0,0
276300000000,276600000000,6283499093,337,257337113,0.000497,0.001238,0.001875,0.000082,0.000296,0.001478,0.000002,0.000000,0.005249,0.000143,2.206000,0.005730,0.000000,0.000000,0.000595,0,0
276600000000,276900000000,6283499093,337,257337113,0.000462,0.001202,0.001873,0.000082,0.000261,0.001474,0.000003,0.000000,0.004395,0.000500,2.484000,0.007119,0.000000,0.000000,0.000300,0,0
276900000000,277200000000,6283499093,337,257337113,0.000377,0.001179,0.001873,0.000082,0.000242,0.001465,0.000001,0.000000,0.012100,0.000143,2.115000,0.005359,0.000000,0.000000,0.000275,0,0
277200000000,277500000000,6283499093,337,257337113,0.000362,0.001141,0.001873,0.000082,0.000202,0.001465,0.000006,0.000000,0.007362,0.000786,2.471000,0.006875,0.000000,0.000000,0.000326,0,0
277500000000,277800000000,6283499093,337,257337113,0.000368,0.001085,0.001875,0.000078,0.000153,0.001438,0.000003,0.000000,0.005363,0.000215,2.434000,0.006975,0.000000,0.000000,0.000185,0,0
277800000000,278100000000,6283499093,337,257337113,0.000365,0.001053,0.001877,0.000133,0.000149,0.001160,0.000250,0.000000,0.004608,0.021580,2.787000,0.008402,0.000000,0.000000,0.000443,0,0
278100000000,278400000000,6283499093,337,257337113,0.000385,0.001093,0.001881,0.000128,0.000200,0.001127,0.000026,0.000000,0.005173,0.005997,2.510000,0.007141,0.000000,0.000000,0.000135,0,0
278400000000,278491000000,6283499093,337,257337113,0.000613,0.001101,0.001879,0.000136,0.000204,0.001160,0.000885,0.000000,0.019530,0.033870,1.927000,0.004471,0.000000,0.000000,0.000214,0,0
278491000000,278508000000,6283499093,337,257337113,0.000172,0.000000,0.000000,0.000000,0.000000,0.000000,0.000033,0.000000,0.002926,0.000571,1.820000,0.004130,0.000000,0.000000,0.000000,0,0
278508000000,278509000000,6283499093,337,257337113,0.000000,0.000000,0.000000,0.000000,0.000000,0.000000,0.000000,0.000000,0.000000,0.000000,0.926200,0.000832,0.000000,0.000000,0.000000,0,0
