272497000000,272660000000,6283499093,338,4820358249,0.000000,0.000000,0.000000,0.000000,0.000000,0.000000,0.000000,0.000000,0.000000,0.000000,0.000000,0.000000,0.000000,0.000000,0.000000,0,0
272660000000,272700000000,6283499093,338,4820358249,0.001617,0.001360,0.001930,0.000340,0.000697,0.001743,0.007065,0.000000,0.032590,0.059510,3.643000,0.000000,0.000000,0.000000,0.000181,0,0
272700000000,273000000000,6283499093,338,4820358249,0.000362,0.001202,0.001930,0.000380,0.000823,0.001745,0.000001,0.000000,0.001869,0.000072,3.116000,0.000000,0.000000,0.000000,0.000322,0,0
273000000000,273300000000,6283499093,338,4820358249,0.000356,0.000966,0.001930,0.000368,0.000812,0.000977,0.000003,0.000000,0.016570,0.000428,3.474000,0.000000,0.000000,0.000000,0.000230,0,0
273300000000,273600000000,6283499093,338,4820358249,0.000343,0.000990,0.001930,0.000368,0.000812,0.000999,0.000000,0.000000,0.002033,0.000072,3.025000,0.000000,0.000000,0.000000,0.000112,0,0
273600000000,273900000000,6283499093,338,4820358249,0.000379,0.000990,0.001930,0.000366,0.000811,0.001011,0.000001,0.000000,0.004318,0.000143,2.782000,0.000000,0.000000,0.000000,0.000128,0,0
273900000000,274200000000,6283499093,338,4820358249,0.000340,0.000997,0.001930,0.000366,0.000811,0.001013,0.000000,0.000000,0.004822,0.000143,2.651000,0.000000,0.000000,0.000000,0.000212,0,0
274200000000,274500000000,6283499093,338,4820358249,0.000394,0.001017,0.001930,0.000365,0.000810,0.001028,0.000004,0.000000,0.008591,0.000643,2.638000,0.000000,0.000000,0.000000,0.000715,0,0
274500000000,274800000000,6283499093,338,4820358249,0.000417,0.001022,0.001930,0.000365,0.000810,0.001032,0.000004,0.000000,0.004585,0.000929,3.342000,0.000000,0.000000,0.000000,0.000545,0,0
274800000000,275100000000,6283499093,338,4820358249,0.000376,0.001007,0.001930,0.000365,0.000810,0.001009,0.000002,0.000000,0.004913,0.000321,3.041000,0.000000,0.000000,0.000000,0.000168,0,0
275100000000,275400000000,6283499093,338,4820358249,0.000320,0.001015,0.001930,0.000365,0.000810,0.001028,0.000001,0.000000,0.001909,0.000072,2.670000,0.000000,0.000000,0.000000,0.000478,0,0
275400000000,275700000000,6283499093,338,4820358249,0.000373,0.001019,0.001930,0.000366,0.000812,0.001093,0.000057,0.000000,0.014110,0.009506,2.657000,0.000000,0.000000,0.000000,0.000598,0,0
275700000000,276000000000,6283499093,338,4820358249,0.000395,0.001097,0.001930,0.000365,0.000811,0.001125,0.000005,0.000000,0.008194,0.001072,3.049000,0.000000,0.000000,0.000000,0.000234,0,0
276000000000,276300000000,6283499093,338,4820358249,0.006096,0.001163,0.002048,0.000314,0.000736,0.001757,0.000013,0.000000,0.112400,0.001143,1.269000,0.000000,0.000000,0.000000,0.000209,0,0
276300000000,276600000000,6283499093,338,4820358249,0.004753,0.001411,0.002045,0.000020,0.000270,0.002071,0.000104,0.000000,0.095950,0.017270,0.763100,0.000000,0.000000,0.000000,0.000171,0,0
276600000000,276900000000,6283499093,338,4820358249,0.001476,0.001488,0.001938,0.000151,0.000289,0.001740,0.000444,0.000001,0.062010,0.054380,0.728400,0.000000,0.000000,0.000000,0.000371,0,0
276900000000,277200000000,6283499093,338,4820358249,0.000538,0.001381,0.001942,0.000176,0.000327,0.001387,0.000000,0.000001,0.005211,0.000000,3.956000,0.000000,0.000000,0.000000,0.000498,0,0
277200000000,277500000000,6283499093,338,4820358249,0.000398,0.001377,0.001942,0.000176,0.000327,0.001387,0.000011,0.000001,0.008881,0.001928,3.056000,0.000000,0.000000,0.000000,0.000102,0,0
277500000000,277800000000,6283499093,338,4820358249,0.000417,0.001390,0.001942,0.000175,0.000327,0.001404,0.000005,0.000001,0.005104,0.000286,3.242000,0.000000,0.000000,0.000000,0.000270,0,0
277800000000,278100000000,6283499093,338,4820358249,0.000466,0.001394,0.001942,0.000175,0.000327,0.001404,0.000004,0.000001,0.005035,0.000215,3.270000,0.000000,0.000000,0.000000,0.000163,0,0
278100000000,278400000000,6283499093,338,4820358249,0.000386,0.001392,0.001942,0.000175,0.000329,0.001417,0.000007,0.000001,0.005699,0.001072,2.742000,0.000000,0.000000,0.000000,0.000139,0,0
278400000000,278676000000,6283499093,338,4820358249,0.000513,0.001329,0.001942,0.000177,0.000333,0.001413,0.000201,0.000001,0.018070,0.023220,2.677000,0.000000,0.000000,0.000000,0.000397,0,0
278676000000,278691000000,6283499093,338,4820358249,0.000157,0.000000,0.000000,0.000000,0.000000,0.000000,0.000045,0.000001,0.002365,0.000571,6.280000,0.000000,0.000000,0.000000,0.000000,0,0
278691000000,278693000000,6283499093,338,4820358249,0.000000,0.000000,0.000000,0.000000,0.000000,0.000000,0.000000,0.000001,0.000000,0.000000,6.280000,0.000000,0.000000,0.000000,0.000000,0,0
