272499000000,272700000000,6283499093,339,2110870765,0.000000,0.000000,0.000000,0.000000,0.000000,0.000000,0.000000,0.000000,0.000000,0.000000,0.000000,0.000000,0.000000,0.000000,0.000000,0,0
272700000000,272761000000,6283499093,339,2110870765,0.000000,0.000000,0.000000,0.000000,0.000000,0.000000,0.000000,0.000000,0.000000,0.000000,0.000000,0.000000,0.000000,0.000000,0.000000,0,0
272761000000,273000000000,6283499093,339,2110870765,0.000382,0.001114,0.001928,0.000075,0.000377,0.001371,0.000209,0.000000,0.009766,0.005074,2.978000,0.008211,0.000000,0.000000,0.000049,0,0
273000000000,273300000000,6283499093,339,2110870765,0.000206,0.001175,0.001928,0.000075,0.000390,0.001301,0.000001,0.000000,0.004311,0.000143,3.723000,0.012600,0.000000,0.000000,0.000065,0,0
273300000000,273600000000,6283499093,339,2110870765,0.000174,0.000969,0.001928,0.000074,0.000186,0.001299,0.000001,0.000000,0.004135,0.000215,6.231000,0.024410,0.000000,0.000000,0.000129,0,0
273600000000,273900000000,6283499093,339,2110870765,0.000190,0.000937,0.001928,0.000074,0.000150,0.001303,0.000002,0.000000,0.004311,0.000428,4.060000,0.013430,0.000000,0.000000,0.000111,0,0
273900000000,274200000000,6283499093,339,2110870765,0.000314,0.001005,0.001926,0.000074,0.000202,0.001335,0.000001,0.000000,0.003185,0.000215,2.067000,0.004912,0.000000,0.000000,0.000133,0,0
274200000000,274500000000,6283499093,339,2110870765,0.000348,0.001060,0.001926,0.000074,0.000243,0.001335,0.000000,0.000000,0.005783,0.000000,4.687000,0.015290,0.000000,0.000000,0.000151,0,0
274500000000,274800000000,6283499093,339,2110870765,0.000330,0.001131,0.001926,0.000074,0.000312,0.001337,0.000001,0.000000,0.004028,0.000143,2.938000,0.008362,0.000000,0.000000,0.000539,0,0
274800000000,275100000000,6283499093,339,2110870765,0.000284,0.001007,0.001925,0.000074,0.000190,0.001337,0.000000,0.000000,0.003555,0.000000,2.489000,0.006355,0.000000,0.000000,0.000072,0,0
275100000000,275400000000,6283499093,339,2110870765,0.000292,0.001106,0.001925,0.000074,0.000288,0.001339,0.000001,0.000000,0.004272,0.000215,2.482000,0.006247,0.000000,0.000000,0.000112,0,0
275400000000,275700000000,6283499093,339,2110870765,0.000294,0.001019,0.001925,0.000074,0.000203,0.001339,0.000000,0.000000,0.004593,0.000000,2.190000,0.005263,0.000000,0.000000,0.000217,0,0
275700000000,276000000000,6283499093,339,2110870765,0.000333,0.001020,0.001925,0.000074,0.000201,0.001339,0.000003,0.000000,0.004303,0.000643,2.433000,0.006375,0.000000,0.000000,0.000932,0,0
276000000000,276300000000,6283499093,339,2110870765,0.000366,0.001074,0.001925,0.000074,0.000242,0.001381,0.000001,0.000000,0.005432,0.000072,3.009000,0.008694,0.000000,0.000000,0.000226,0,0
276300000000,276600000000,6283499093,339,2110870765,0.000346,0.001080,0.001925,0.000074,0.000217,0.001381,0.000001,0.000000,0.005341,0.000286,3.413000,0.010480,0.000000,0.000000,0.000141,0,0
276600000000,276900000000,6283499093,339,2110870765,0.000316,0.000975,0.001925,0.000075,0.000114,0.001379,0.000001,0.000000,0.006973,0.000072,2.639000,0.007621,0.000000,0.000000,0.000134,0,0
276900000000,277200000000,6283499093,339,2110870765,0.002159,0.001013,0.001925,0.000077,0.000145,0.001474,0.000012,0.000000,0.060670,0.001286,2.132000,0.005128,0.000000,0.000000,0.001028,0,0
277200000000,277500000000,6283499093,339,2110870765,0.000360,0.000828,0.001921,0.000078,0.000247,0.001131,0.000161,0.000000,0.001186,0.019440,5.158000,0.018030,0.000000,0.000000,0.000428,0,0
277500000000,277501000000,6283499093,339,2110870765,0.000000,0.000708,0.001936,0.000121,0.000150,0.000708,0.002998,0.000000,0.000000,0.002998,4.666000,0.016150,0.000000,0.000000,0.000000,0,0
277501000000,277516000000,6283499093,339,2110870765,0.000125,0.000000,0.000000,0.000000,0.000000,0.000000,0.000038,0.000000,0.001879,0.000571,4.666000,0.016150,0.000000,0.000000,0.000000,0,0
277516000000,277517000000,6283499093,339,2110870765,0.000000,0.000000,0.000000,0.000000,0.000000,0.000000,0.000000,0.000000,0.000000,0.000000,4.666000,0.016150,0.000000,0.000000,0.000000,0,0
