272506000000,272617000000,6283499093,34,450799,0.000000,0.000000,0.000000,0.000000,0.000000,0.000000,0.000000,0.000000,0.000000,0.000000,0.000000,0.000000,0.000000,0.000000,0.000000,0,0
272617000000,272700000000,6283499093,34,450799,0.000794,0.001461,0.001932,0.000246,0.000661,0.001568,0.002468,0.000000,0.021580,0.066530,2.600000,0.007630,0.000000,0.000000,0.000269,0,0
272700000000,273000000000,6283499093,34,450799,0.000521,0.001051,0.001932,0.000253,0.000695,0.001463,0.000001,0.000000,0.056460,0.000072,2.631000,0.007731,0.000000,0.000000,0.000325,0,0
273000000000,273300000000,6283499093,34,450799,0.000411,0.000961,0.001932,0.000254,0.000697,0.000974,0.000022,0.000000,0.006195,0.003284,3.077000,0.009623,0.000000,0.000000,0.000540,0,0
273300000000,273600000000,6283499093,34,450799,0.000348,0.000964,0.001934,0.000257,0.000701,0.000977,0.000000,0.000000,0.003819,0.000000,2.310000,0.006329,0.000000,0.000000,0.000188,0,0
273600000000,273900000000,6283499093,34,450799,0.000322,0.000955,0.001934,0.000257,0.000701,0.000958,0.000000,0.000000,0.004425,0.000072,2.202000,0.005825,0.000000,0.000000,0.000218,0,0
273900000000,274200000000,6283499093,34,450799,0.000338,0.000958,0.001934,0.000257,0.000701,0.000980,0.000004,0.000000,0.005539,0.000999,2.483000,0.006913,0.000000,0.000000,0.000240,0,0
274200000000,274500000000,6283499093,34,450799,0.000352,0.000973,0.001934,0.000257,0.000701,0.000980,0.000004,0.000000,0.004478,0.000786,2.458000,0.006913,0.000000,0.000000,0.000079,0,0
274500000000,274800000000,6283499093,34,450799,0.000353,0.000961,0.001934,0.000258,0.000701,0.000964,0.000000,0.000000,0.004692,0.000000,2.572000,0.007242,0.000000,0.000000,0.000150,0,0
274800000000,275100000000,6283499093,34,450799,0.000398,0.000980,0.001934,0.000258,0.000703,0.001030,0.000023,0.000000,0.012050,0.005859,1.721000,0.003802,0.000000,0.000000,0.000140,0,0
275100000000,275400000000,6283499093,34,450799,0.000388,0.001001,0.001932,0.000263,0.000709,0.001032,0.000000,0.000000,0.007660,0.000072,2.180000,0.005732,0.000000,0.000000,0.000371,0,0
275400000000,275700000000,6283499093,34,450799,0.000369,0.000971,0.001932,0.000263,0.000709,0.000982,0.000002,0.000000,0.002464,0.000571,3.352000,0.010370,0.000000,0.000000,0.000641,0,0
275700000000,276000000000,6283499093,34,450799,0.000338,0.000982,0.001932,0.000263,0.000709,0.000992,0.000000,0.000000,0.004524,0.000000,2.231000,0.005857,0.000000,0.000000,0.000685,0,0
276000000000,276300000000,6283499093,34,450799,0.000333,0.000977,0.001932,0.000258,0.000703,0.000997,0.000005,0.000000,0.004639,0.001215,2.287000,0.006057,0.000000,0.000000,0.000604,0,0
276300000000,276600000000,6283499093,34,450799,0.000376,0.000996,0.001932,0.000257,0.000702,0.000997,0.000000,0.000000,0.005096,0.000072,2.565000,0.007258,0.000000,0.000000,0.000122,0,0
276600000000,276900000000,6283499093,34,450799,0.000367,0.000982,0.001932,0.000257,0.000702,0.000996,0.000006,0.000000,0.002941,0.001429,2.662000,0.007583,0.000000,0.000000,0.000389,0,0
276900000000,277200000000,6283499093,34,450799,0.000334,0.000988,0.001932,0.000257,0.000702,0.000996,0.000000,0.000000,0.004158,0.000000,2.405000,0.006599,0.000000,0.000000,0.000133,0,0
277200000000,277500000000,6283499093,34,450799,0.000326,0.000982,0.001932,0.000257,0.000702,0.000996,0.000004,0.000000,0.004272,0.000643,2.281000,0.006033,0.000000,0.000000,0.000166,0,0
277500000000,277800000000,6283499093,34,450799,0.000342,0.000997,0.001932,0.000257,0.000703,0.001001,0.000008,0.000000,0.004845,0.001358,2.380000,0.006616,0.000000,0.000000,0.000251,0,0
277800000000,278079000000,6283499093,34,450799,0.000390,0.001028,0.001928,0.000272,0.000575,0.001360,0.000284,0.000000,0.009613,0.030000,2.853000,0.008118,0.000000,0.000000,0.000245,0,0
278079000000,278100000000,6283499093,34,450799,0.000134,0.000000,0.000000,0.000000,0.000000,0.000000,0.000241,0.000000,0.002823,0.005074,3.976000,0.012040,0.000000,0.000000,0.000000,0,0
278100000000,278103000000,6283499093,34,450799,0.000000,0.000000,0.000000,0.000000,0.000000,0.000000,0.000000,0.000000,0.000000,0.000000,3.976000,0.012040,0.000000,0.000000,0.000000,0,0
278103000000,278105000000,6283499093,34,450799,0.000000,0.000000,0.000000,0.000000,0.000000,0.000000,0.000000,0.000000,0.000000,0.000000,3.976000,0.012040,0.000000,0.000000,0.000000,0,0
