272498000000,272619000000,6283499093,340,1207736640,0.000000,0.000000,0.000000,0.000000,0.000000,0.000000,0.000000,0.000000,0.000000,0.000000,0.000000,0.000000,0.000000,0.000000,0.000000,0,0
272619000000,272700000000,6283499093,340,1207736640,0.000766,0.000761,0.001925,0.000062,0.000082,0.001019,0.000648,0.000000,0.042850,0.009140,1.780000,0.003865,0.000000,0.000000,0.000123,0,0
272700000000,273000000000,6283499093,340,1207736640,0.000380,0.001083,0.001925,0.000066,0.000242,0.001352,0.000002,0.000000,0.003738,0.000500,1.837000,0.003925,0.000000,0.000000,0.000190,0,0
273000000000,273300000000,6283499093,340,1207736640,0.002281,0.001183,0.002052,0.000067,0.000283,0.002033,0.000008,0.000000,0.091310,0.001072,2.430000,0.006502,0.000000,0.000000,0.000213,0,0
273300000000,273600000000,6283499093,340,1207736640,0.001421,0.001263,0.001923,0.000078,0.000183,0.001879,0.000008,0.000000,0.058900,0.001072,0.619200,0.000293,0.000000,0.000000,0.004623,0,0
273600000000,273900000000,6283499093,340,1207736640,0.000458,0.001255,0.001921,0.000067,0.000189,0.001581,0.000002,0.000000,0.004128,0.000286,3.070000,0.009117,0.000000,0.000000,0.000911,0,0
273900000000,274200000000,6283499093,340,1207736640,0.002796,0.001295,0.001921,0.000072,0.000199,0.001797,0.000030,0.000000,0.075930,0.006569,0.851600,0.001046,0.000000,0.000000,0.000450,0,0
274200000000,274500000000,6283499093,340,1207736640,0.000482,0.001251,0.001919,0.000059,0.000156,0.001623,0.000002,0.000000,0.009506,0.000428,3.308000,0.010210,0.000000,0.000000,0.000726,0,0
274500000000,274800000000,6283499093,340,1207736640,0.000502,0.001238,0.001919,0.000056,0.000151,0.001610,0.000000,0.000000,0.004333,0.000072,3.128000,0.009809,0.000000,0.000000,0.000229,0,0
274800000000,275100000000,6283499093,340,1207736640,0.000377,0.001215,0.001921,0.000055,0.000130,0.001610,0.000000,0.000000,0.005508,0.000072,2.756000,0.008202,0.000000,0.000000,0.000562,0,0
275100000000,275400000000,6283499093,340,1207736640,0.000378,0.001219,0.001921,0.000055,0.000135,0.001608,0.000003,0.000000,0.017270,0.000643,1.885000,0.004464,0.000000,0.000000,0.000165,0,0
275400000000,275700000000,6283499093,340,1207736640,0.000454,0.001245,0.001921,0.000067,0.000171,0.001614,0.000006,0.000000,0.007446,0.001715,2.309000,0.006156,0.000000,0.000000,0.000613,0,0
275700000000,276000000000,6283499093,340,1207736640,0.000502,0.001270,0.001921,0.000068,0.000185,0.001638,0.000005,0.000000,0.007568,0.000929,3.355000,0.010490,0.000000,0.000000,0.000600,0,0
276000000000,276300000000,6283499093,340,1207736640,0.000482,0.001289,0.001919,0.000068,0.000199,0.001623,0.000009,0.000000,0.005440,0.002213,3.406000,0.010780,0.000000,0.000000,0.000162,0,0
276300000000,276600000000,6283499093,340,1207736640,0.000433,0.001305,0.001919,0.000068,0.000205,0.001640,0.000001,0.000000,0.002136,0.000072,2.739000,0.008285,0.000000,0.000000,0.000200,0,0
276600000000,276900000000,6283499093,340,1207736640,0.000404,0.001263,0.001921,0.000068,0.000161,0.001637,0.000003,0.000000,0.005035,0.000714,2.739000,0.008229,0.000000,0.000000,0.000237,0,0
276900000000,277200000000,6283499093,340,1207736640,0.000539,0.001289,0.001919,0.000071,0.000182,0.001648,0.000012,0.000000,0.005325,0.001785,3.206000,0.010400,0.000000,0.000000,0.000544,0,0
277200000000,277500000000,6283499093,340,1207736640,0.000469,0.001240,0.001919,0.000068,0.000130,0.001644,0.000010,0.000000,0.004745,0.000929,2.962000,0.009673,0.000000,0.000000,0.000429,0,0
277500000000,277800000000,6283499093,340,1207736640,0.000349,0.001245,0.001921,0.000069,0.000136,0.001642,0.000005,0.000000,0.004921,0.000571,2.318000,0.006299,0.000000,0.000000,0.000091,0,0
277800000000,278100000000,6283499093,340,1207736640,0.000353,0.001278,0.001921,0.000069,0.000171,0.001642,0.000009,0.000000,0.005157,0.000929,1.925000,0.004469,0.000000,0.000000,0.000154,0,0
278100000000,278400000000,6283499093,340,1207736640,0.000336,0.001255,0.001921,0.000084,0.000154,0.001484,0.000087,0.000000,0.005463,0.013930,2.317000,0.006187,0.000000,0.000000,0.000913,0,0
278400000000,278700000000,6283499093,340,1207736640,0.000347,0.001236,0.001921,0.000098,0.000159,0.001425,0.000010,0.000000,0.005127,0.002571,2.352000,0.006373,0.000000,0.000000,0.000607,0,0
278700000000,279000000000,6283499093,340,1207736640,0.000425,0.001261,0.001921,0.000099,0.000176,0.001444,0.000005,0.000000,0.007202,0.001143,1.578000,0.002918,0.000000,0.000000,0.000400,0,0
279000000000,279030000000,6283499093,340,1207736640,0.000711,0.001156,0.001923,0.000101,0.000129,0.001326,0.000876,0.000000,0.017460,0.024510,2.081000,0.005353,0.000000,0.000000,0.000225,0,0
279030000000,279046000000,6283499093,340,1207736640,0.000094,0.000000,0.000000,0.000000,0.000000,0.000000,0.000027,0.000000,0.001513,0.000428,1.998000,0.005098,0.000000,0.000000,0.000000,0,0
279046000000,279047000000,6283499093,340,1207736640,0.000000,0.000000,0.000000,0.000000,0.000000,0.000000,0.000000,0.000000,0.000000,0.000000,1.998000,0.005098,0.000000,0.000000,0.000000,0,0
