272489000000,272632000000,6283499093,341,317808371,0.000000,0.000000,0.000000,0.000000,0.000000,0.000000,0.000005,0.000000,0.000000,0.000643,0.000000,0.000000,0.000000,0.000000,0.000000,0,0
272632000000,272700000000,6283499093,341,317808371,0.000814,0.001215,0.001919,0.000181,0.000475,0.001532,0.002087,0.000000,0.015270,0.021060,2.403000,0.007201,0.000000,0.000000,0.000275,0,0
272700000000,273000000000,6283499093,341,317808371,0.000344,0.001150,0.001919,0.000186,0.000418,0.001410,0.000001,0.000000,0.017180,0.000357,2.386000,0.006976,0.000000,0.000000,0.000269,0,0
273000000000,273300000000,6283499093,341,317808371,0.000346,0.001162,0.001919,0.000170,0.000428,0.001354,0.000001,0.000000,0.005600,0.000143,2.433000,0.007201,0.000000,0.000000,0.000241,0,0
273300000000,273600000000,6283499093,341,317808371,0.000425,0.001198,0.001921,0.000166,0.000436,0.001383,0.000001,0.000000,0.011890,0.000143,2.724000,0.008513,0.000000,0.000000,0.000240,0,0
273600000000,273900000000,6283499093,341,317808371,0.000400,0.001192,0.001921,0.000166,0.000421,0.001383,0.000000,0.000000,0.004753,0.000143,2.880000,0.009343,0.000000,0.000000,0.000207,0,0
273900000000,274200000000,6283499093,341,317808371,0.000349,0.001167,0.001921,0.000166,0.000402,0.001375,0.000000,0.000000,0.002731,0.000072,2.398000,0.007097,0.000000,0.000000,0.001089,0,0
274200000000,274500000000,6283499093,341,317808371,0.000397,0.001188,0.001921,0.000166,0.000421,0.001381,0.000002,0.000000,0.005295,0.000143,2.577000,0.007659,0.000000,0.000000,0.000304,0,0
274500000000,274800000000,6283499093,341,317808371,0.000378,0.001223,0.001923,0.000166,0.000454,0.001381,0.000001,0.000000,0.007607,0.000143,2.513000,0.007239,0.000000,0.000000,0.004913,0,0
274800000000,275100000000,6283499093,341,317808371,0.000380,0.001186,0.001921,0.000166,0.000415,0.001383,0.000000,0.000000,0.004951,0.000072,3.249000,0.010280,0.000000,0.000000,0.000583,0,0
275100000000,275400000000,6283499093,341,317808371,0.000465,0.001204,0.001921,0.000168,0.000423,0.001408,0.000021,0.000000,0.014370,0.003857,1.915000,0.004711,0.000000,0.000000,0.000298,0,0
275400000000,275700000000,6283499093,341,317808371,0.000406,0.001209,0.001921,0.000167,0.000423,0.001404,0.000005,0.000000,0.005180,0.000786,3.265000,0.010370,0.000000,0.000000,0.000148,0,0
275700000000,276000000000,6283499093,341,317808371,0.000377,0.001219,0.001921,0.000167,0.000430,0.001402,0.000003,0.000000,0.004784,0.000643,2.749000,0.008245,0.000000,0.000000,0.000215,0,0
276000000000,276300000000,6283499093,341,317808371,0.000388,0.001202,0.001921,0.000167,0.000412,0.001404,0.000002,0.000000,0.004700,0.000286,2.587000,0.007370,0.000000,0.000000,0.000148,0,0
276300000000,276600000000,6283499093,341,317808371,0.000357,0.001228,0.001921,0.000167,0.000437,0.001406,0.000001,0.000000,0.005234,0.000143,2.491000,0.006810,0.000000,0.000000,0.000126,0,0
276600000000,276900000000,6283499093,341,317808371,0.000343,0.001204,0.001923,0.000167,0.000421,0.001396,0.000002,0.000000,0.005188,0.000357,2.641000,0.007511,0.000000,0.000000,0.000552,0,0
276900000000,277200000000,6283499093,341,317808371,0.000329,0.001209,0.001923,0.000167,0.000424,0.001398,0.000002,0.000000,0.005585,0.000357,2.557000,0.007034,0.000000,0.000000,0.000642,0,0
277200000000,277500000000,6283499093,341,317808371,0.000333,0.001225,0.001923,0.000167,0.000441,0.001398,0.000005,0.000000,0.004837,0.000571,2.724000,0.007783,0.000000,0.000000,0.000097,0,0
277500000000,277800000000,6283499093,341,317808371,0.000326,0.001209,0.001923,0.000167,0.000425,0.001398,0.000002,0.000000,0.004486,0.000143,2.248000,0.006053,0.000000,0.000000,0.000093,0,0
277800000000,278100000000,6283499093,341,317808371,0.000326,0.001192,0.001923,0.000167,0.000406,0.001398,0.000004,0.000000,0.004768,0.000286,2.544000,0.007133,0.000000,0.000000,0.000195,0,0
278100000000,278400000000,6283499093,341,317808371,0.000391,0.001232,0.001921,0.000166,0.000419,0.001446,0.000010,0.000000,0.005936,0.002144,2.715000,0.007954,0.000000,0.000000,0.000159,0,0
278400000000,278700000000,6283499093,341,317808371,0.000397,0.001251,0.001921,0.000166,0.000430,0.001448,0.000004,0.000000,0.005493,0.000428,3.056000,0.009577,0.000000,0.000000,0.000298,0,0
278700000000,279000000000,6283499093,341,317808371,0.000380,0.001253,0.001921,0.000166,0.000431,0.001448,0.000000,0.000000,0.001505,0.000072,2.783000,0.008323,0.000000,0.000000,0.000284,0,0
279000000000,279300000000,6283499093,341,317808371,0.000372,0.001225,0.001921,0.000166,0.000403,0.001451,0.000010,0.000000,0.005501,0.001072,2.570000,0.007155,0.000000,0.000000,0.000382,0,0
279300000000,279600000000,6283499093,341,317808371,0.000357,0.001232,0.001921,0.000165,0.000408,0.001451,0.000003,0.000000,0.005867,0.000215,2.608000,0.007550,0.000000,0.000000,0.000551,0,0
279600000000,279900000000,6283499093,341,317808371,0.000346,0.001259,0.001926,0.000166,0.000552,0.001451,0.000007,0.000000,0.005180,0.000714,2.613000,0.007734,0.000000,0.000000,0.000562,0,0
279900000000,280200000000,6283499093,341,317808371,0.000349,0.001062,0.001928,0.000166,0.000628,0.001101,0.000003,0.000000,0.005577,0.000215,2.439000,0.006991,0.000000,0.000000,0.000237,0,0
280200000000,280500000000,6283499093,341,317808371,0.000360,0.001064,0.001928,0.000166,0.000628,0.001095,0.000001,0.000000,0.004265,0.000143,2.782000,0.008537,0.000000,0.000000,0.000137,0,0
280500000000,280799000000,6283499093,341,317808371,0.000412,0.000997,0.001928,0.000166,0.000628,0.001076,0.000007,0.000000,0.011640,0.000643,2.114000,0.005354,0.000000,0.000000,0.000212,0,0
280799000000,280800000000,6283499093,341,317808371,0.002918,0.000000,0.000000,0.000000,0.000000,0.000000,0.000000,0.000000,0.002918,0.000000,2.856000,0.008708,0.000000,0.000000,0.000000,0,0
280800000000,280813000000,6283499093,341,317808371,0.000000,0.000000,0.000000,0.000000,0.000000,0.000000,0.000066,0.000000,0.000000,0.000857,2.856000,0.008708,0.000000,0.000000,0.000000,0,0
280813000000,280814000000,6283499093,341,317808371,0.000000,0.000000,0.000000,0.000000,0.000000,0.000000,0.000000,0.000000,0.000000,0.000000,2.856000,0.008708,0.000000,0.000000,0.000000,0,0
