272497000000,272638000000,6283499093,342,4820261129,0.000000,0.000000,0.000000,0.000000,0.000000,0.000000,0.000000,0.000000,0.000000,0.000000,0.000000,0.000000,0.000000,0.000000,0.000000,0,0
272638000000,272700000000,6283499093,342,4820261129,0.001066,0.000927,0.001923,0.000175,0.000214,0.001299,0.002506,0.000000,0.040830,0.019380,3.349000,0.000000,0.000000,0.000000,0.000280,0,0
272700000000,273000000000,6283499093,342,4820261129,0.000383,0.001060,0.001917,0.000188,0.000280,0.001400,0.000002,0.000000,0.004372,0.000286,2.745000,0.000000,0.000000,0.000000,0.000202,0,0
273000000000,273300000000,6283499093,342,4820261129,0.000396,0.001127,0.001917,0.000187,0.000355,0.001402,0.000004,0.000000,0.006393,0.000571,3.423000,0.000000,0.000000,0.000000,0.000312,0,0
273300000000,273600000000,6283499093,342,4820261129,0.000370,0.001226,0.001919,0.000187,0.000452,0.001406,0.000000,0.000000,0.001764,0.000000,3.447000,0.000000,0.000000,0.000000,0.000302,0,0
273600000000,273900000000,6283499093,342,4820261129,0.000399,0.001329,0.001923,0.000187,0.000551,0.001415,0.000000,0.000000,0.007347,0.000143,3.567000,0.000000,0.000000,0.000000,0.000244,0,0
273900000000,274200000000,6283499093,342,4820261129,0.000378,0.001085,0.001919,0.000187,0.000300,0.001415,0.000000,0.000000,0.003983,0.000072,3.667000,0.000000,0.000000,0.000000,0.000576,0,0
274200000000,274500000000,6283499093,342,4820261129,0.000400,0.001158,0.001917,0.000187,0.000375,0.001425,0.000004,0.000000,0.004570,0.000428,2.057000,0.000000,0.000000,0.000000,0.000183,0,0
274500000000,274800000000,6283499093,342,4820261129,0.000496,0.001268,0.001917,0.000189,0.000461,0.001465,0.000026,0.000000,0.008057,0.007072,3.297000,0.000000,0.000000,0.000000,0.000356,0,0
274800000000,275100000000,6283499093,342,4820261129,0.000445,0.001362,0.001921,0.000188,0.000538,0.001455,0.000000,0.000000,0.012040,0.000072,3.689000,0.000000,0.000000,0.000000,0.001047,0,0
275100000000,275400000000,6283499093,342,4820261129,0.000380,0.001259,0.001921,0.000188,0.000439,0.001457,0.000000,0.000000,0.004776,0.000072,3.033000,0.000000,0.000000,0.000000,0.000560,0,0
275400000000,275700000000,6283499093,342,4820261129,0.000351,0.001080,0.001917,0.000188,0.000258,0.001446,0.000002,0.000000,0.005463,0.000571,3.138000,0.000000,0.000000,0.000000,0.000232,0,0
275700000000,276000000000,6283499093,342,4820261129,0.000345,0.001131,0.001917,0.000187,0.000307,0.001457,0.000001,0.000000,0.005013,0.000143,2.894000,0.000000,0.000000,0.000000,0.000603,0,0
276000000000,276300000000,6283499093,342,4820261129,0.000317,0.001175,0.001917,0.000187,0.000351,0.001457,0.000001,0.000000,0.004295,0.000143,2.775000,0.000000,0.000000,0.000000,0.000781,0,0
276300000000,276600000000,6283499093,342,4820261129,0.000340,0.001228,0.001917,0.000187,0.000406,0.001461,0.000005,0.000000,0.005104,0.000500,2.728000,0.000000,0.000000,0.000000,0.000650,0,0
276600000000,276900000000,6283499093,342,4820261129,0.000373,0.001287,0.001919,0.000187,0.000459,0.001465,0.000002,0.000000,0.005219,0.000500,2.971000,0.000000,0.000000,0.000000,0.000153,0,0
276900000000,277200000000,6283499093,342,4820261129,0.000379,0.001352,0.001923,0.000188,0.000523,0.001467,0.000001,0.000000,0.018280,0.000143,3.336000,0.000000,0.000000,0.000000,0.000089,0,0
277200000000,277500000000,6283499093,342,4820261129,0.000388,0.001427,0.001923,0.000188,0.000586,0.001474,0.000005,0.000000,0.010940,0.000500,3.732000,0.000000,0.000000,0.000000,0.000164,0,0
277500000000,277800000000,6283499093,342,4820261129,0.000364,0.001074,0.001917,0.000188,0.000234,0.001377,0.000003,0.000000,0.005753,0.000072,2.871000,0.000000,0.000000,0.000000,0.000310,0,0
277800000000,278100000000,6283499093,342,4820261129,0.000343,0.001135,0.001917,0.000188,0.000295,0.001472,0.000005,0.000000,0.007919,0.000428,2.728000,0.000000,0.000000,0.000000,0.000158,0,0
278100000000,278400000000,6283499093,342,4820261129,0.000416,0.001265,0.001917,0.000183,0.000407,0.001518,0.000008,0.000000,0.006668,0.001429,3.062000,0.000000,0.000000,0.000000,0.000394,0,0
278400000000,278459000000,6283499093,342,4820261129,0.000468,0.001286,0.001917,0.000181,0.000424,0.001503,0.000016,0.000000,0.005737,0.000714,2.613000,0.000000,0.000000,0.000000,0.000310,0,0
278459000000,278471000000,6283499093,342,4820261129,0.000329,0.000000,0.000000,0.000000,0.000000,0.000000,0.000030,0.000000,0.003952,0.000357,2.407000,0.000000,0.000000,0.000000,0.000000,0,0
278471000000,278473000000,6283499093,342,4820261129,0.000000,0.000000,0.000000,0.000000,0.000000,0.000000,0.000000,0.000000,0.000000,0.000000,2.407000,0.000000,0.000000,0.000000,0.000000,0,0
