272498000000,272597000000,6283499093,343,3453254128,0.000000,0.000000,0.000000,0.000000,0.000000,0.000000,0.000000,0.000000,0.000000,0.000000,0.000000,0.000000,0.000000,0.000000,0.000000,0,0
272597000000,272700000000,6283499093,343,3453254128,0.000726,0.001373,0.001928,0.000183,0.000600,0.001488,0.000655,0.000000,0.018370,0.020720,3.393000,0.013460,0.000000,0.000000,0.000167,0,0
272700000000,273000000000,6283499093,343,3453254128,0.000260,0.000903,0.001926,0.000172,0.000218,0.001354,0.000000,0.000000,0.001957,0.000000,2.881000,0.012400,0.000000,0.000000,0.000570,0,0
273000000000,273300000000,6283499093,343,3453254128,0.007469,0.001148,0.002056,0.000171,0.000292,0.001934,0.000019,0.000000,0.110200,0.002857,1.075000,0.000473,0.000000,0.000000,0.000347,0,0
273300000000,273600000000,6283499093,343,3453254128,0.012970,0.001423,0.001926,0.000154,0.000338,0.001713,0.000007,0.000000,0.094970,0.000428,1.019000,0.000275,0.000000,0.000000,0.049190,0,0
273600000000,273900000000,6283499093,343,3453254128,0.013370,0.001465,0.001928,0.000151,0.000362,0.001762,0.000008,0.000000,0.090210,0.000215,0.969100,0.000735,0.000000,0.000000,0.031430,0,0
273900000000,274200000000,6283499093,343,3453254128,0.007530,0.001448,0.001926,0.000153,0.000316,0.001778,0.000010,0.000001,0.089840,0.000215,1.003000,0.001324,0.000000,0.000000,0.000103,0,0
274200000000,274500000000,6283499093,343,3453254128,0.000369,0.001396,0.001926,0.000139,0.000335,0.001652,0.000004,0.000001,0.002220,0.000714,3.062000,0.014230,0.000000,0.000000,0.000183,0,0
274500000000,274800000000,6283499093,343,3453254128,0.000327,0.001375,0.001926,0.000139,0.000318,0.001650,0.000000,0.000001,0.003807,0.000000,3.403000,0.015920,0.000000,0.000000,0.000275,0,0
274800000000,275100000000,6283499093,343,3453254128,0.004776,0.001507,0.002113,0.000112,0.000313,0.002411,0.000044,0.000001,0.067750,0.005432,3.430000,0.015850,0.000000,0.000000,0.000511,0,0
275100000000,275400000000,6283499093,343,3453254128,0.000364,0.001408,0.001926,0.000093,0.000298,0.001667,0.000000,0.000001,0.006828,0.000072,3.156000,0.013970,0.000000,0.000000,0.000402,0,0
275400000000,275700000000,6283499093,343,3453254128,0.000321,0.001398,0.001926,0.000093,0.000291,0.001667,0.000000,0.000001,0.005478,0.000072,2.626000,0.011020,0.000000,0.000000,0.000572,0,0
275700000000,276000000000,6283499093,343,3453254128,0.000320,0.001381,0.001926,0.000093,0.000274,0.001673,0.000005,0.000001,0.006569,0.001072,2.111000,0.008133,0.000000,0.000000,0.000386,0,0
276000000000,276300000000,6283499093,343,3453254128,0.000345,0.001423,0.001926,0.000093,0.000300,0.001686,0.000001,0.000001,0.009109,0.000143,1.877000,0.007010,0.000000,0.000000,0.000198,0,0
276300000000,276600000000,6283499093,343,3453254128,0.005226,0.001518,0.002148,0.000070,0.000251,0.002594,0.000039,0.000001,0.064820,0.004997,0.900700,0.000815,0.000000,0.000000,0.000551,0,0
276600000000,276900000000,6283499093,343,3453254128,0.000288,0.001421,0.001934,0.000022,0.000195,0.001722,0.000005,0.000001,0.005005,0.000929,1.801000,0.006632,0.000000,0.000000,0.000139,0,0
276900000000,277200000000,6283499093,343,3453254128,0.000285,0.001431,0.001934,0.000020,0.000210,0.001703,0.000000,0.000001,0.003014,0.000000,2.928000,0.013870,0.000000,0.000000,0.000331,0,0
277200000000,277500000000,6283499093,343,3453254128,0.000253,0.001440,0.001936,0.000021,0.000224,0.001703,0.000009,0.000001,0.005302,0.000786,1.880000,0.006426,0.000000,0.000000,0.000156,0,0
277500000000,277800000000,6283499093,343,3453254128,0.000289,0.001333,0.001936,0.000120,0.000198,0.001675,0.000357,0.000001,0.005127,0.038880,2.673000,0.011910,0.000000,0.000000,0.000122,0,0
277800000000,278100000000,6283499093,343,3453254128,0.000286,0.001280,0.001936,0.000112,0.000181,0.001328,0.000011,0.000001,0.004990,0.002357,2.525000,0.011350,0.000000,0.000000,0.000237,0,0
278100000000,278350000000,6283499093,343,3453254128,0.003448,0.001352,0.001938,0.000204,0.000300,0.001635,0.000471,0.000001,0.062870,0.024780,0.824000,0.000526,0.000000,0.000000,0.000162,0,0
278350000000,278364000000,6283499093,343,3453254128,0.000099,0.000000,0.000000,0.000000,0.000000,0.000000,0.000133,0.000001,0.001385,0.001858,0.838600,0.000614,0.000000,0.000000,0.000000,0,0
278364000000,278365000000,6283499093,343,3453254128,0.000000,0.000000,0.000000,0.000000,0.000000,0.000000,0.000000,0.000001,0.000000,0.000000,2.305000,0.009627,0.000000,0.000000,0.000000,0,0
