272503000000,272614000000,6283499093,344,68,0.000000,0.000000,0.000000,0.000000,0.000000,0.000000,0.000000,0.000000,0.000000,0.000000,0.000000,0.000000,0.000000,0.000000,0.000000,0,0
272614000000,272700000000,6283499093,344,68,0.000675,0.001528,0.001930,0.000294,0.000715,0.001619,0.001987,0.000000,0.013090,0.050900,0.979700,0.001436,0.000000,0.000000,0.000988,0,0
272700000000,273000000000,6283499093,344,68,0.000325,0.001040,0.001930,0.000302,0.000744,0.001499,0.000006,0.000000,0.004311,0.001358,2.496000,0.007871,0.000000,0.000000,0.000612,0,0
273000000000,273300000000,6283499093,344,68,0.000324,0.000940,0.001930,0.000302,0.000746,0.000951,0.000014,0.000000,0.004707,0.003929,2.382000,0.007409,0.000000,0.000000,0.000614,0,0
273300000000,273600000000,6283499093,344,68,0.000318,0.000958,0.001930,0.000303,0.000748,0.000967,0.000008,0.000000,0.004303,0.002357,2.223000,0.006595,0.000000,0.000000,0.000508,0,0
273600000000,273900000000,6283499093,344,68,0.000315,0.000948,0.001930,0.000304,0.000749,0.000971,0.000001,0.000000,0.005447,0.000143,2.183000,0.006441,0.000000,0.000000,0.000639,0,0
273900000000,274200000000,6283499093,344,68,0.000318,0.000962,0.001930,0.000300,0.000743,0.000974,0.000001,0.000000,0.004532,0.000143,2.319000,0.007073,0.000000,0.000000,0.000524,0,0
274200000000,274500000000,6283499093,344,68,0.000305,0.000949,0.001930,0.000297,0.000741,0.000955,0.000004,0.000000,0.004066,0.000786,2.140000,0.006313,0.000000,0.000000,0.000375,0,0
274500000000,274800000000,6283499093,344,68,0.000284,0.000959,0.001930,0.000297,0.000741,0.000971,0.000000,0.000000,0.003830,0.000000,2.152000,0.006258,0.000000,0.000000,0.000100,0,0
274800000000,275100000000,6283499093,344,68,0.000287,0.000953,0.001930,0.000297,0.000741,0.000971,0.000000,0.000000,0.003819,0.000072,2.135000,0.006098,0.000000,0.000000,0.000080,0,0
275100000000,275400000000,6283499093,344,68,0.000288,0.000954,0.001930,0.000297,0.000741,0.000971,0.000000,0.000000,0.004265,0.000000,2.113000,0.005973,0.000000,0.000000,0.000121,0,0
275400000000,275700000000,6283499093,344,68,0.000287,0.000949,0.001930,0.000297,0.000741,0.000952,0.000000,0.000000,0.004082,0.000072,2.381000,0.007148,0.000000,0.000000,0.000176,0,0
275700000000,276000000000,6283499093,344,68,0.000279,0.000949,0.001930,0.000297,0.000741,0.000952,0.000000,0.000000,0.003864,0.000072,2.239000,0.006599,0.000000,0.000000,0.000094,0,0
276000000000,276300000000,6283499093,344,68,0.000292,0.000954,0.001930,0.000297,0.000741,0.000955,0.000001,0.000000,0.003670,0.000143,2.243000,0.006537,0.000000,0.000000,0.000090,0,0
276300000000,276600000000,6283499093,344,68,0.000298,0.000961,0.001930,0.000297,0.000741,0.000974,0.000001,0.000000,0.003811,0.000143,2.046000,0.005687,0.000000,0.000000,0.000172,0,0
276600000000,276900000000,6283499093,344,68,0.000292,0.000963,0.001930,0.000297,0.000741,0.000975,0.000001,0.000000,0.004623,0.000215,2.143000,0.006174,0.000000,0.000000,0.000203,0,0
276900000000,277200000000,6283499093,344,68,0.000288,0.000956,0.001930,0.000297,0.000741,0.000974,0.000000,0.000000,0.001617,0.000072,1.989000,0.005552,0.000000,0.000000,0.000298,0,0
277200000000,277500000000,6283499093,344,68,0.000289,0.000960,0.001930,0.000297,0.000741,0.000974,0.000007,0.000000,0.004120,0.001286,2.007000,0.005520,0.000000,0.000000,0.000543,0,0
277500000000,277800000000,6283499093,344,68,0.000296,0.000963,0.001930,0.000297,0.000741,0.000975,0.000002,0.000000,0.004578,0.000072,2.022000,0.005588,0.000000,0.000000,0.000596,0,0
277800000000,278100000000,6283499093,344,68,0.000345,0.001022,0.001928,0.000292,0.000745,0.001080,0.000016,0.000000,0.005417,0.002357,2.233000,0.006699,0.000000,0.000000,0.000295,0,0
278100000000,278400000000,6283499093,344,68,0.000324,0.001007,0.001928,0.000289,0.000748,0.001015,0.000003,0.000000,0.004700,0.000357,2.446000,0.007902,0.000000,0.000000,0.000617,0,0
278400000000,278700000000,6283499093,344,68,0.000303,0.001015,0.001928,0.000289,0.000748,0.001030,0.000003,0.000000,0.003857,0.000143,2.483000,0.008133,0.000000,0.000000,0.000102,0,0
278700000000,279000000000,6283499093,344,68,0.000291,0.001005,0.001928,0.000289,0.000748,0.001022,0.000000,0.000000,0.004303,0.000072,2.324000,0.007227,0.000000,0.000000,0.000093,0,0
279000000000,279300000000,6283499093,344,68,0.000323,0.001026,0.001928,0.000287,0.000747,0.001040,0.000014,0.000000,0.004234,0.003071,2.108000,0.006151,0.000000,0.000000,0.000094,0,0
279300000000,279600000000,6283499093,344,68,0.000318,0.001013,0.001928,0.000287,0.000748,0.001022,0.000002,0.000000,0.003109,0.000215,2.207000,0.006531,0.000000,0.000000,0.000186,0,0
279600000000,279900000000,6283499093,344,68,0.000339,0.001038,0.001928,0.000287,0.000748,0.001060,0.000005,0.000000,0.004448,0.000857,2.342000,0.006975,0.000000,0.000000,0.000117,0,0
279900000000,280200000000,6283499093,344,68,0.000328,0.001032,0.001928,0.000287,0.000748,0.001070,0.000016,0.000000,0.004311,0.002430,2.088000,0.006128,0.000000,0.000000,0.000383,0,0
280200000000,280500000000,6283499093,344,68,0.000317,0.001026,0.001928,0.000287,0.000748,0.001068,0.000001,0.000000,0.005127,0.000143,2.249000,0.006651,0.000000,0.000000,0.000697,0,0
280500000000,280800000000,6283499093,344,68,0.000304,0.001020,0.001928,0.000287,0.000748,0.001062,0.000003,0.000000,0.004364,0.000357,2.291000,0.007015,0.000000,0.000000,0.000418,0,0
280800000000,280859000000,6283499093,344,68,0.000356,0.001057,0.001928,0.000295,0.000748,0.001072,0.000059,0.000000,0.005402,0.003284,2.239000,0.006756,0.000000,0.000000,0.000466,0,0
280859000000,280874000000,6283499093,344,68,0.000159,0.000000,0.000000,0.000000,0.000000,0.000000,0.000200,0.000000,0.002396,0.002930,2.223000,0.006672,0.000000,0.000000,0.000000,0,0
280874000000,280875000000,6283499093,344,68,0.000000,0.000000,0.000000,0.000000,0.000000,0.000000,0.000000,0.000000,0.000000,0.000000,2.223000,0.006672,0.000000,0.000000,0.000000,0,0
