272502000000,272700000000,6283499093,345,257348892,0.000000,0.000000,0.000000,0.000000,0.000000,0.000000,0.000000,0.000000,0.000000,0.000000,0.000000,0.000000,0.000000,0.000000,0.000000,0,0
272700000000,272740000000,6283499093,345,257348892,0.000000,0.000000,0.000000,0.000000,0.000000,0.000000,0.000000,0.000000,0.000000,0.000000,0.000000,0.000000,0.000000,0.000000,0.000000,0,0
272740000000,273000000000,6283499093,345,257348892,0.000452,0.001127,0.001928,0.000190,0.000452,0.001347,0.000388,0.000000,0.012620,0.015500,4.289000,0.015230,0.000000,0.000000,0.000232,0,0
273000000000,273300000000,6283499093,345,257348892,0.000337,0.001215,0.001928,0.000194,0.000539,0.001314,0.000001,0.000000,0.004784,0.000143,4.967000,0.017650,0.000000,0.000000,0.000406,0,0
273300000000,273600000000,6283499093,345,257348892,0.000307,0.001188,0.001928,0.000190,0.000504,0.001320,0.000000,0.000000,0.007576,0.000143,3.021000,0.009239,0.000000,0.000000,0.000765,0,0
273600000000,273900000000,6283499093,345,257348892,0.000282,0.001184,0.001928,0.000189,0.000498,0.001320,0.000000,0.000000,0.004601,0.000072,3.285000,0.010330,0.000000,0.000000,0.000073,0,0
273900000000,274200000000,6283499093,345,257348892,0.000271,0.001219,0.001930,0.000188,0.000531,0.001322,0.000002,0.000000,0.004883,0.000571,2.909000,0.008880,0.000000,0.000000,0.000545,0,0
274200000000,274500000000,6283499093,345,257348892,0.000314,0.001263,0.001930,0.000188,0.000572,0.001326,0.000000,0.000000,0.007683,0.000072,2.909000,0.008912,0.000000,0.000000,0.000100,0,0
274500000000,274800000000,6283499093,345,257348892,0.000374,0.000936,0.001925,0.000188,0.000237,0.001209,0.000002,0.000000,0.011020,0.000143,4.372000,0.014840,0.000000,0.000000,0.000267,0,0
274800000000,275100000000,6283499093,345,257348892,0.000528,0.001110,0.001923,0.000185,0.000359,0.001450,0.000014,0.000000,0.017520,0.002857,2.558000,0.007343,0.000000,0.000000,0.000568,0,0
275100000000,275400000000,6283499093,345,257348892,0.000431,0.001192,0.001923,0.000181,0.000408,0.001436,0.000001,0.000000,0.001345,0.000215,4.819000,0.017390,0.000000,0.000000,0.000338,0,0
275400000000,275700000000,6283499093,345,257348892,0.000352,0.001186,0.001923,0.000181,0.000403,0.001431,0.000001,0.000000,0.005310,0.000143,4.994000,0.018280,0.000000,0.000000,0.000129,0,0
275700000000,276000000000,6283499093,345,257348892,0.000334,0.001200,0.001925,0.000181,0.000413,0.001436,0.000006,0.000000,0.007179,0.000999,2.957000,0.008990,0.000000,0.000000,0.000111,0,0
276000000000,276300000000,6283499093,345,257348892,0.000384,0.001196,0.001923,0.000181,0.000404,0.001440,0.000002,0.000000,0.006210,0.000215,3.201000,0.009940,0.000000,0.000000,0.000157,0,0
276300000000,276600000000,6283499093,345,257348892,0.000468,0.001213,0.001923,0.000184,0.000421,0.001446,0.000020,0.000000,0.007401,0.004425,3.462000,0.011230,0.000000,0.000000,0.000590,0,0
276600000000,276900000000,6283499093,345,257348892,0.000429,0.001209,0.001923,0.000185,0.000417,0.001444,0.000007,0.000000,0.013000,0.000999,3.066000,0.009722,0.000000,0.000000,0.000259,0,0
276900000000,277200000000,6283499093,345,257348892,0.000346,0.001190,0.001925,0.000181,0.000394,0.001444,0.000000,0.000000,0.001671,0.000072,3.144000,0.010160,0.000000,0.000000,0.000508,0,0
277200000000,277500000000,6283499093,345,257348892,0.000308,0.001209,0.001926,0.000191,0.000403,0.001463,0.000239,0.000000,0.012920,0.042540,3.428000,0.011080,0.000000,0.000000,0.000324,0,0
277500000000,277800000000,6283499093,345,257348892,0.000316,0.001087,0.001925,0.000225,0.000312,0.001266,0.000345,0.000000,0.005455,0.021850,3.430000,0.011140,0.000000,0.000000,0.000360,0,0
277800000000,278100000000,6283499093,345,257348892,0.000368,0.001060,0.001926,0.000240,0.000309,0.001116,0.000112,0.000000,0.008774,0.022640,2.915000,0.008819,0.000000,0.000000,0.000374,0,0
278100000000,278400000000,6283499093,345,257348892,0.000392,0.001104,0.001932,0.000318,0.000411,0.001144,0.000331,0.000000,0.007126,0.020290,3.118000,0.009889,0.000000,0.000000,0.000197,0,0
278400000000,278700000000,6283499093,345,257348892,0.000364,0.001093,0.001932,0.000331,0.000449,0.001137,0.000004,0.000000,0.007362,0.000500,3.684000,0.012480,0.000000,0.000000,0.000324,0,0
278700000000,279000000000,6283499093,345,257348892,0.000373,0.001081,0.001932,0.000331,0.000450,0.001091,0.000005,0.000000,0.005913,0.001143,3.872000,0.013200,0.000000,0.000000,0.000182,0,0
279000000000,279300000000,6283499093,345,257348892,0.000330,0.001085,0.001932,0.000327,0.000451,0.001097,0.000003,0.000000,0.006279,0.000571,2.633000,0.007863,0.000000,0.000000,0.000564,0,0
279300000000,279580000000,6283499093,345,257348892,0.000380,0.001114,0.001932,0.000348,0.000472,0.001150,0.000202,0.000000,0.007065,0.021360,3.177000,0.010450,0.000000,0.000000,0.000282,0,0
279580000000,279593000000,6283499093,345,257348892,0.000258,0.000000,0.000000,0.000000,0.000000,0.000000,0.000237,0.000000,0.003353,0.001642,9.898000,0.041760,0.000000,0.000000,0.000000,0,0
279593000000,279595000000,6283499093,345,257348892,0.000000,0.000000,0.000000,0.000000,0.000000,0.000000,0.000000,0.000000,0.000000,0.000000,9.898000,0.041760,0.000000,0.000000,0.000000,0,0
279595000000,279600000000,6283499093,345,257348892,0.000000,0.000000,0.000000,0.000000,0.000000,0.000000,0.000000,0.000000,0.000000,0.000000,0.000000,0.000000,0.000000,0.000000,0.000000,0,0
