272490000000,272540000000,6283499093,346,655986468,0.000000,0.000000,0.000000,0.000000,0.000000,0.000000,0.000000,0.000000,0.000000,0.000000,0.000000,0.000000,0.000000,0.000000,0.000000,0,0
272540000000,272700000000,6283499093,346,655986468,0.000795,0.001087,0.001923,0.000187,0.000316,0.001505,0.000552,0.000000,0.020600,0.026860,2.407000,0.006292,0.000000,0.000000,0.000357,0,0
272700000000,273000000000,6283499093,346,655986468,0.000450,0.001038,0.001923,0.000189,0.000340,0.001329,0.000000,0.000000,0.004662,0.000000,3.472000,0.010990,0.000000,0.000000,0.000420,0,0
273000000000,273300000000,6283499093,346,655986468,0.000511,0.001083,0.001923,0.000189,0.000374,0.001347,0.000011,0.000000,0.003548,0.002430,3.829000,0.012170,0.000000,0.000000,0.000129,0,0
273300000000,273600000000,6283499093,346,655986468,0.000391,0.001102,0.001925,0.000175,0.000376,0.001347,0.000000,0.000000,0.021910,0.000072,3.760000,0.011910,0.000000,0.000000,0.000142,0,0
273600000000,273900000000,6283499093,346,655986468,0.000362,0.001078,0.001925,0.000171,0.000342,0.001358,0.000001,0.000000,0.005455,0.000143,2.491000,0.006740,0.000000,0.000000,0.000117,0,0
273900000000,274200000000,6283499093,346,655986468,0.000494,0.001040,0.001923,0.000175,0.000278,0.001373,0.000031,0.000000,0.027890,0.008362,2.599000,0.007045,0.000000,0.000000,0.000115,0,0
274200000000,274500000000,6283499093,346,655986468,0.000405,0.001093,0.001925,0.000171,0.000266,0.001448,0.000001,0.000000,0.001337,0.000143,3.087000,0.009346,0.000000,0.000000,0.000336,0,0
274500000000,274800000000,6283499093,346,655986468,0.000377,0.001080,0.001923,0.000171,0.000252,0.001440,0.000001,0.000000,0.008575,0.000072,2.710000,0.007562,0.000000,0.000000,0.000253,0,0
274800000000,275100000000,6283499093,346,655986468,0.000374,0.001133,0.001925,0.000171,0.000306,0.001446,0.000001,0.000000,0.004570,0.000143,2.634000,0.007198,0.000000,0.000000,0.000127,0,0
275100000000,275400000000,6283499093,346,655986468,0.000368,0.001160,0.001923,0.000171,0.000338,0.001438,0.000000,0.000000,0.004982,0.000000,2.734000,0.007400,0.000000,0.000000,0.000600,0,0
275400000000,275700000000,6283499093,346,655986468,0.000340,0.001093,0.001925,0.000171,0.000271,0.001438,0.000000,0.000000,0.005531,0.000072,2.590000,0.006614,0.000000,0.000000,0.001307,0,0
275700000000,276000000000,6283499093,346,655986468,0.000306,0.001173,0.001925,0.000171,0.000352,0.001438,0.000001,0.000000,0.004204,0.000072,2.292000,0.005428,0.000000,0.000000,0.000091,0,0
276000000000,276300000000,6283499093,346,655986468,0.000363,0.001099,0.001925,0.000171,0.000252,0.001463,0.000009,0.000000,0.006447,0.002071,2.477000,0.006034,0.000000,0.000000,0.000143,0,0
276300000000,276600000000,6283499093,346,655986468,0.000335,0.001108,0.001925,0.000171,0.000263,0.001461,0.000001,0.000000,0.004539,0.000143,2.769000,0.007384,0.000000,0.000000,0.000258,0,0
276600000000,276900000000,6283499093,346,655986468,0.000348,0.001095,0.001925,0.000171,0.000250,0.001461,0.000002,0.000000,0.004951,0.000428,3.077000,0.008869,0.000000,0.000000,0.000665,0,0
276900000000,277200000000,6283499093,346,655986468,0.003494,0.001179,0.001925,0.000178,0.000248,0.001690,0.000009,0.000000,0.064090,0.001072,0.595700,0.000194,0.000000,0.000000,0.000150,0,0
277200000000,277500000000,6283499093,346,655986468,0.000435,0.001177,0.001923,0.000167,0.000259,0.001551,0.000017,0.000000,0.005585,0.003643,2.905000,0.008217,0.000000,0.000000,0.000218,0,0
277500000000,277800000000,6283499093,346,655986468,0.000421,0.001207,0.001923,0.000164,0.000297,0.001539,0.000002,0.000000,0.005646,0.000072,2.858000,0.008159,0.000000,0.000000,0.000389,0,0
277800000000,278089000000,6283499093,346,655986468,0.000439,0.001232,0.001923,0.000165,0.000327,0.001537,0.000051,0.000000,0.032840,0.009430,2.865000,0.008335,0.000000,0.000000,0.000547,0,0
278089000000,278100000000,6283499093,346,655986468,0.000216,0.000000,0.000000,0.000000,0.000000,0.000000,0.000085,0.000000,0.002373,0.000929,4.624000,0.014970,0.000000,0.000000,0.000000,0,0
278100000000,278111000000,6283499093,346,655986468,0.000000,0.000000,0.000000,0.000000,0.000000,0.000000,0.000000,0.000000,0.000000,0.000000,4.624000,0.014970,0.000000,0.000000,0.000000,0,0
278111000000,278112000000,6283499093,346,655986468,0.000000,0.000000,0.000000,0.000000,0.000000,0.000000,0.000000,0.000000,0.000000,0.000000,4.624000,0.014970,0.000000,0.000000,0.000000,0,0
