272499000000,272620000000,6283499093,347,4245992245,0.000000,0.000000,0.000000,0.000000,0.000000,0.000000,0.000000,0.000000,0.000000,0.000000,0.000000,0.000000,0.000000,0.000000,0.000000,0,0
272620000000,272700000000,6283499093,347,4245992245,0.000799,0.001244,0.001928,0.000107,0.000481,0.001434,0.000966,0.000000,0.018370,0.013430,0.960900,0.001279,0.000000,0.000000,0.000098,0,0
272700000000,273000000000,6283499093,347,4245992245,0.000380,0.001289,0.001930,0.000097,0.000501,0.001394,0.000002,0.000000,0.004280,0.000643,2.408000,0.006852,0.000000,0.000000,0.000250,0,0
273000000000,273300000000,6283499093,347,4245992245,0.000371,0.001263,0.001928,0.000097,0.000472,0.001333,0.000012,0.000000,0.005615,0.003284,2.837000,0.008807,0.000000,0.000000,0.000544,0,0
273300000000,273600000000,6283499093,347,4245992245,0.000340,0.001265,0.001930,0.000097,0.000474,0.001335,0.000000,0.000000,0.004120,0.000000,2.493000,0.007162,0.000000,0.000000,0.000117,0,0
273600000000,273900000000,6283499093,347,4245992245,0.000430,0.001263,0.001928,0.000097,0.000446,0.001364,0.000001,0.000000,0.004814,0.000143,2.472000,0.007305,0.000000,0.000000,0.000284,0,0
273900000000,274200000000,6283499093,347,4245992245,0.002331,0.001274,0.001925,0.000103,0.000371,0.001577,0.000044,0.000000,0.074340,0.007858,3.062000,0.010150,0.000000,0.000000,0.000247,0,0
274200000000,274500000000,6283499093,347,4245992245,0.000558,0.001240,0.001921,0.000100,0.000262,0.001575,0.000002,0.000000,0.006279,0.000143,3.818000,0.013120,0.000000,0.000000,0.000846,0,0
274500000000,274800000000,6283499093,347,4245992245,0.000496,0.001221,0.001921,0.000099,0.000250,0.001537,0.000000,0.000000,0.005104,0.000000,3.409000,0.011080,0.000000,0.000000,0.000238,0,0
274800000000,275100000000,6283499093,347,4245992245,0.000372,0.001188,0.001923,0.000098,0.000217,0.001535,0.000000,0.000000,0.025120,0.000072,2.799000,0.008244,0.000000,0.000000,0.000689,0,0
275100000000,275400000000,6283499093,347,4245992245,0.000385,0.001192,0.001923,0.000098,0.000220,0.001539,0.000000,0.000000,0.005226,0.000072,2.773000,0.008136,0.000000,0.000000,0.000796,0,0
275400000000,275700000000,6283499093,347,4245992245,0.000353,0.001219,0.001923,0.000098,0.000247,0.001534,0.000000,0.000000,0.005730,0.000072,2.550000,0.007152,0.000000,0.000000,0.000348,0,0
275700000000,276000000000,6283499093,347,4245992245,0.000399,0.001251,0.001923,0.000098,0.000275,0.001543,0.000003,0.000000,0.025940,0.000286,1.971000,0.004846,0.000000,0.000000,0.000344,0,0
276000000000,276300000000,6283499093,347,4245992245,0.000399,0.001286,0.001923,0.000098,0.000309,0.001541,0.000002,0.000000,0.005165,0.000286,2.741000,0.008264,0.000000,0.000000,0.000121,0,0
276300000000,276600000000,6283499093,347,4245992245,0.000410,0.001249,0.001923,0.000099,0.000267,0.001549,0.000004,0.000000,0.005653,0.000929,3.235000,0.010110,0.000000,0.000000,0.000110,0,0
276600000000,276900000000,6283499093,347,4245992245,0.000403,0.001213,0.001923,0.000100,0.000236,0.001545,0.000001,0.000000,0.005165,0.000143,2.647000,0.007846,0.000000,0.000000,0.000700,0,0
276900000000,277200000000,6283499093,347,4245992245,0.000376,0.001198,0.001923,0.000100,0.000219,0.001545,0.000000,0.000000,0.005753,0.000072,2.078000,0.005333,0.000000,0.000000,0.000337,0,0
277200000000,277449000000,6283499093,347,4245992245,0.000380,0.001013,0.001923,0.000100,0.000214,0.001551,0.000010,0.000000,0.003242,0.001499,2.482000,0.007144,0.000000,0.000000,0.000395,0,0
277449000000,277464000000,6283499093,347,4245992245,0.000270,0.000000,0.000000,0.000000,0.000000,0.000000,0.000067,0.000000,0.004051,0.000999,2.376000,0.006826,0.000000,0.000000,0.000000,0,0
277464000000,277465000000,6283499093,347,4245992245,0.000000,0.000000,0.000000,0.000000,0.000000,0.000000,0.000000,0.000000,0.000000,0.000000,2.376000,0.006826,0.000000,0.000000,0.000000,0,0
