272492000000,272700000000,6283499093,348,372637768,0.000000,0.000000,0.000000,0.000000,0.000000,0.000000,0.000000,0.000000,0.000000,0.000000,0.000000,0.000000,0.000000,0.000000,0.000000,0,0
272700000000,272756000000,6283499093,348,372637768,0.000000,0.000000,0.000000,0.000000,0.000000,0.000000,0.000000,0.000000,0.000000,0.000000,0.000000,0.000000,0.000000,0.000000,0.000000,0,0
272756000000,273000000000,6283499093,348,372637768,0.000504,0.000969,0.001926,0.000097,0.000237,0.001392,0.000184,0.000000,0.008072,0.008636,2.387000,0.007904,0.000000,0.000000,0.000213,0,0
273000000000,273300000000,6283499093,348,372637768,0.000541,0.000947,0.001921,0.000100,0.000147,0.001120,0.000023,0.000000,0.006844,0.005074,2.231000,0.006575,0.000000,0.000000,0.000695,0,0
273300000000,273600000000,6283499093,348,372637768,0.000500,0.000972,0.001921,0.000104,0.000167,0.001144,0.000000,0.000000,0.005058,0.000072,5.702000,0.021790,0.000000,0.000000,0.000743,0,0
273600000000,273900000000,6283499093,348,372637768,0.007446,0.001297,0.001923,0.000107,0.000202,0.001715,0.000020,0.000000,0.070800,0.001429,0.914500,0.000246,0.000000,0.000000,0.000186,0,0
273900000000,274200000000,6283499093,348,372637768,0.000825,0.001331,0.001923,0.000105,0.000189,0.001699,0.000015,0.000000,0.045230,0.001858,0.616000,0.000291,0.000000,0.000000,0.000197,0,0
274200000000,274500000000,6283499093,348,372637768,0.003048,0.001320,0.001923,0.000105,0.000167,0.001738,0.000050,0.000000,0.052250,0.005928,1.183000,0.002470,0.000000,0.000000,0.000205,0,0
274500000000,274800000000,6283499093,348,372637768,0.000476,0.001274,0.001921,0.000100,0.000202,0.001675,0.000010,0.000000,0.008011,0.001858,2.702000,0.008366,0.000000,0.000000,0.000322,0,0
274800000000,275100000000,6283499093,348,372637768,0.000436,0.001270,0.001923,0.000097,0.000196,0.001652,0.000000,0.000000,0.006424,0.000072,3.281000,0.010350,0.000000,0.000000,0.000241,0,0
275100000000,275400000000,6283499093,348,372637768,0.000327,0.001293,0.001925,0.000097,0.000185,0.001680,0.000000,0.000000,0.005516,0.000072,3.087000,0.009330,0.000000,0.000000,0.000258,0,0
275400000000,275700000000,6283499093,348,372637768,0.003696,0.001343,0.001925,0.000107,0.000173,0.001799,0.000010,0.000000,0.074460,0.000929,0.683900,0.000507,0.000000,0.000000,0.000287,0,0
275700000000,276000000000,6283499093,348,372637768,0.000366,0.001274,0.001925,0.000105,0.000159,0.001686,0.000008,0.000001,0.008148,0.001072,3.201000,0.010170,0.000000,0.000000,0.000642,0,0
276000000000,276300000000,6283499093,348,372637768,0.000356,0.001287,0.001925,0.000097,0.000164,0.001684,0.000004,0.000001,0.001526,0.000714,3.584000,0.011480,0.000000,0.000000,0.000135,0,0
276300000000,276600000000,6283499093,348,372637768,0.000327,0.001293,0.001925,0.000097,0.000170,0.001698,0.000003,0.000001,0.005745,0.000357,3.618000,0.011360,0.000000,0.000000,0.000329,0,0
276600000000,276900000000,6283499093,348,372637768,0.000313,0.001312,0.001923,0.000096,0.000186,0.001699,0.000001,0.000001,0.006805,0.000072,5.900000,0.020810,0.000000,0.000000,0.000956,0,0
276900000000,277200000000,6283499093,348,372637768,0.003811,0.001415,0.002071,0.000076,0.000157,0.002190,0.000032,0.000001,0.128200,0.005142,0.586600,0.000225,0.000000,0.000000,0.000196,0,0
277200000000,277499000000,6283499093,348,372637768,0.000490,0.000928,0.001921,0.000005,0.000063,0.001539,0.000059,0.000001,0.019500,0.004501,1.160000,0.002380,0.000000,0.000000,0.000472,0,0
277499000000,277500000000,6283499093,348,372637768,0.003838,0.000000,0.000000,0.000000,0.000000,0.000000,0.000000,0.000001,0.003838,0.000000,3.196000,0.010010,0.000000,0.000000,0.000000,0,0
277500000000,277510000000,6283499093,348,372637768,0.000000,0.000000,0.000000,0.000000,0.000000,0.000000,0.000000,0.000001,0.000000,0.000000,2.877000,0.008764,0.000000,0.000000,0.000000,0,0
277510000000,277512000000,6283499093,348,372637768,0.000000,0.000000,0.000000,0.000000,0.000000,0.000000,0.000000,0.000001,0.000000,0.000000,2.877000,0.008764,0.000000,0.000000,0.000000,0,0
