272494000000,272570000000,6283499093,349,283823817,0.000000,0.000000,0.000000,0.000000,0.000000,0.000000,0.000000,0.000000,0.000000,0.000000,0.000000,0.000000,0.000000,0.000000,0.000000,0,0
272570000000,272700000000,6283499093,349,283823817,0.000605,0.001017,0.001919,0.000134,0.000249,0.001431,0.000533,0.000000,0.015960,0.020780,3.186000,0.009939,0.000000,0.000000,0.000621,0,0
272700000000,273000000000,6283499093,349,283823817,0.000352,0.001001,0.001919,0.000133,0.000268,0.001314,0.000007,0.000000,0.002060,0.001999,2.742000,0.008261,0.000000,0.000000,0.000535,0,0
273000000000,273300000000,6283499093,349,283823817,0.000408,0.000945,0.001919,0.000133,0.000187,0.001314,0.000005,0.000000,0.007538,0.000714,2.555000,0.007481,0.000000,0.000000,0.000274,0,0
273300000000,273600000000,6283499093,349,283823817,0.000368,0.001030,0.001919,0.000133,0.000253,0.001362,0.000001,0.000000,0.014800,0.000143,2.733000,0.008292,0.000000,0.000000,0.000146,0,0
273600000000,273900000000,6283499093,349,283823817,0.000407,0.001076,0.001919,0.000133,0.000300,0.001362,0.000002,0.000000,0.004196,0.000286,2.615000,0.007949,0.000000,0.000000,0.000216,0,0
273900000000,274200000000,6283499093,349,283823817,0.000378,0.001122,0.001921,0.000133,0.000344,0.001354,0.000001,0.000000,0.006287,0.000286,2.874000,0.009177,0.000000,0.000000,0.000264,0,0
274200000000,274500000000,6283499093,349,283823817,0.000335,0.001122,0.001921,0.000133,0.000345,0.001354,0.000001,0.000000,0.004219,0.000143,2.646000,0.007975,0.000000,0.000000,0.000363,0,0
274500000000,274800000000,6283499093,349,283823817,0.000302,0.001141,0.001921,0.000133,0.000363,0.001356,0.000000,0.000000,0.004288,0.000000,2.291000,0.006444,0.000000,0.000000,0.000231,0,0
274800000000,275100000000,6283499093,349,283823817,0.000316,0.001167,0.001923,0.000133,0.000389,0.001356,0.000001,0.000000,0.005180,0.000215,2.466000,0.006928,0.000000,0.000000,0.000094,0,0
275100000000,275400000000,6283499093,349,283823817,0.000310,0.001066,0.001923,0.000133,0.000288,0.001356,0.000000,0.000000,0.004738,0.000000,2.565000,0.007320,0.000000,0.000000,0.000191,0,0
275400000000,275700000000,6283499093,349,283823817,0.000301,0.000996,0.001919,0.000133,0.000217,0.001352,0.000003,0.000000,0.001736,0.000571,2.603000,0.007543,0.000000,0.000000,0.000547,0,0
275700000000,276000000000,6283499093,349,283823817,0.000334,0.001089,0.001921,0.000133,0.000307,0.001360,0.000002,0.000000,0.004456,0.000500,2.169000,0.005794,0.000000,0.000000,0.000110,0,0
276000000000,276300000000,6283499093,349,283823817,0.000341,0.000959,0.001921,0.000133,0.000172,0.001177,0.000001,0.000000,0.005180,0.000215,2.454000,0.007053,0.000000,0.000000,0.000204,0,0
276300000000,276600000000,6283499093,349,283823817,0.000346,0.000996,0.001919,0.000133,0.000205,0.001324,0.000001,0.000000,0.004417,0.000143,2.734000,0.008272,0.000000,0.000000,0.000567,0,0
276600000000,276900000000,6283499093,349,283823817,0.000322,0.001059,0.001919,0.000133,0.000269,0.001368,0.000001,0.000000,0.004410,0.000143,2.443000,0.007024,0.000000,0.000000,0.000246,0,0
276900000000,277200000000,6283499093,349,283823817,0.000711,0.001076,0.001921,0.000133,0.000286,0.001366,0.000011,0.000000,0.055790,0.002357,2.264000,0.006207,0.000000,0.000000,0.000128,0,0
277200000000,277339000000,6283499093,349,283823817,0.000404,0.000737,0.001917,0.000133,0.000245,0.001057,0.000005,0.000000,0.004768,0.000072,2.733000,0.008505,0.000000,0.000000,0.000220,0,0
277339000000,277355000000,6283499093,349,283823817,0.000191,0.000000,0.000000,0.000000,0.000000,0.000000,0.000027,0.000000,0.003052,0.000357,2.727000,0.008204,0.000000,0.000000,0.000000,0,0
277355000000,277356000000,6283499093,349,283823817,0.000000,0.000000,0.000000,0.000000,0.000000,0.000000,0.000000,0.000000,0.000000,0.000000,2.727000,0.008204,0.000000,0.000000,0.000000,0,0
