272496000000,272595000000,6283499093,35,332490761,0.000000,0.000000,0.000000,0.000000,0.000000,0.000000,0.000000,0.000000,0.000000,0.000000,0.000000,0.000000,0.000000,0.000000,0.000000,0,0
272595000000,272700000000,6283499093,35,332490761,0.000988,0.001451,0.001930,0.000226,0.000648,0.001570,0.001263,0.000000,0.018370,0.045410,1.725000,0.004633,0.000000,0.000000,0.001348,0,0
272700000000,273000000000,6283499093,35,332490761,0.001335,0.001190,0.002056,0.000211,0.000670,0.001387,0.000065,0.000000,0.085570,0.007217,4.199000,0.015160,0.000000,0.000000,0.000772,0,0
273000000000,273300000000,6283499093,35,332490761,0.000643,0.001133,0.001928,0.000202,0.000666,0.001152,0.000009,0.000000,0.001879,0.002499,4.782000,0.017510,0.000000,0.000000,0.000836,0,0
273300000000,273600000000,6283499093,35,332490761,0.000375,0.001133,0.001932,0.000203,0.000667,0.001152,0.000000,0.000000,0.004082,0.000000,2.568000,0.007754,0.000000,0.000000,0.000466,0,0
273600000000,273900000000,6283499093,35,332490761,0.000322,0.001137,0.001932,0.000202,0.000668,0.001146,0.000002,0.000000,0.005104,0.000643,2.480000,0.007273,0.000000,0.000000,0.000545,0,0
273900000000,274200000000,6283499093,35,332490761,0.000366,0.001135,0.001932,0.000204,0.000670,0.001146,0.000008,0.000000,0.004593,0.001072,2.494000,0.007315,0.000000,0.000000,0.000224,0,0
274200000000,274500000000,6283499093,35,332490761,0.000376,0.001125,0.001932,0.000217,0.000683,0.001139,0.000011,0.000000,0.004478,0.001572,2.648000,0.008171,0.000000,0.000000,0.000232,0,0
274500000000,274800000000,6283499093,35,332490761,0.000350,0.001112,0.001932,0.000217,0.000684,0.001122,0.000004,0.000000,0.001507,0.000857,2.837000,0.009030,0.000000,0.000000,0.000131,0,0
274800000000,275100000000,6283499093,35,332490761,0.000361,0.001118,0.001932,0.000217,0.000684,0.001127,0.000002,0.000000,0.005585,0.000357,2.331000,0.006776,0.000000,0.000000,0.000122,0,0
275100000000,275400000000,6283499093,35,332490761,0.000340,0.001112,0.001932,0.000218,0.000684,0.001131,0.000000,0.000000,0.005341,0.000000,2.924000,0.009181,0.000000,0.000000,0.000121,0,0
275400000000,275700000000,6283499093,35,332490761,0.000351,0.001112,0.001932,0.000218,0.000684,0.001123,0.000003,0.000000,0.005363,0.000857,2.351000,0.006621,0.000000,0.000000,0.000157,0,0
275700000000,276000000000,6283499093,35,332490761,0.000437,0.001146,0.001930,0.000223,0.000690,0.001171,0.000035,0.000000,0.009979,0.004997,2.899000,0.009146,0.000000,0.000000,0.000183,0,0
276000000000,276300000000,6283499093,35,332490761,0.000420,0.001120,0.001930,0.000225,0.000691,0.001135,0.000014,0.000000,0.005066,0.002144,2.536000,0.007725,0.000000,0.000000,0.000194,0,0
276300000000,276600000000,6283499093,35,332490761,0.000378,0.001133,0.001932,0.000225,0.000691,0.001139,0.000000,0.000000,0.004616,0.000072,2.519000,0.007610,0.000000,0.000000,0.000202,0,0
276600000000,276900000000,6283499093,35,332490761,0.000347,0.001122,0.001932,0.000223,0.000689,0.001139,0.000001,0.000000,0.005104,0.000072,2.492000,0.007438,0.000000,0.000000,0.000518,0,0
276900000000,277200000000,6283499093,35,332490761,0.000327,0.001122,0.001932,0.000218,0.000685,0.001139,0.000000,0.000000,0.042240,0.000000,2.179000,0.005917,0.000000,0.000000,0.000341,0,0
277200000000,277500000000,6283499093,35,332490761,0.000372,0.001146,0.001932,0.000218,0.000685,0.001158,0.000006,0.000000,0.005150,0.000929,2.307000,0.006307,0.000000,0.000000,0.000087,0,0
277500000000,277800000000,6283499093,35,332490761,0.000380,0.001146,0.001930,0.000218,0.000685,0.001158,0.000011,0.000000,0.012950,0.001072,2.279000,0.006253,0.000000,0.000000,0.000147,0,0
277800000000,278100000000,6283499093,35,332490761,0.000364,0.001167,0.001928,0.000218,0.000595,0.001507,0.000008,0.000000,0.005455,0.000929,2.405000,0.007013,0.000000,0.000000,0.000274,0,0
278100000000,278400000000,6283499093,35,332490761,0.000340,0.001245,0.001930,0.000218,0.000668,0.001509,0.000008,0.000000,0.006432,0.001143,2.140000,0.005815,0.000000,0.000000,0.000243,0,0
278400000000,278700000000,6283499093,35,332490761,0.000343,0.001127,0.001932,0.000218,0.000685,0.001144,0.000005,0.000000,0.005615,0.000786,2.321000,0.006570,0.000000,0.000000,0.000133,0,0
278700000000,278759000000,6283499093,35,332490761,0.000378,0.001127,0.001932,0.000218,0.000685,0.001156,0.000022,0.000000,0.002728,0.000714,1.994000,0.005162,0.000000,0.000000,0.000213,0,0
278759000000,278772000000,6283499093,35,332490761,0.000144,0.000000,0.000000,0.000000,0.000000,0.000000,0.000055,0.000000,0.001873,0.000643,1.826000,0.004511,0.000000,0.000000,0.000000,0,0
278772000000,278774000000,6283499093,35,332490761,0.000000,0.000000,0.000000,0.000000,0.000000,0.000000,0.000000,0.000000,0.000000,0.000000,1.826000,0.004511,0.000000,0.000000,0.000000,0,0
