272505000000,272602000000,6283499093,350,449598597,0.000000,0.000000,0.000000,0.000000,0.000000,0.000000,0.000000,0.000000,0.000000,0.000000,0.000000,0.000000,0.000000,0.000000,0.000000,0,0
272602000000,272700000000,6283499093,350,449598597,0.000702,0.001686,0.001926,0.000378,0.000802,0.001793,0.002422,0.000000,0.014330,0.057130,2.531000,0.007798,0.000000,0.000000,0.000229,0,0
272700000000,273000000000,6283499093,350,449598597,0.000344,0.001118,0.001926,0.000382,0.000826,0.001596,0.000000,0.000000,0.004341,0.000072,2.769000,0.008849,0.000000,0.000000,0.000229,0,0
273000000000,273300000000,6283499093,350,449598597,0.000357,0.001043,0.001926,0.000378,0.000820,0.001060,0.000001,0.000000,0.004288,0.000072,2.484000,0.007378,0.000000,0.000000,0.000203,0,0
273300000000,273600000000,6283499093,350,449598597,0.000320,0.001038,0.001926,0.000377,0.000820,0.001049,0.000000,0.000000,0.004700,0.000000,2.320000,0.006766,0.000000,0.000000,0.000556,0,0
273600000000,273900000000,6283499093,350,449598597,0.000321,0.001047,0.001926,0.000374,0.000818,0.001059,0.000004,0.000000,0.004837,0.001072,2.245000,0.006460,0.000000,0.000000,0.000579,0,0
273900000000,274200000000,6283499093,350,449598597,0.000327,0.001038,0.001928,0.000370,0.000814,0.001055,0.000000,0.000000,0.004333,0.000072,1.931000,0.005023,0.000000,0.000000,0.000184,0,0
274200000000,274500000000,6283499093,350,449598597,0.000418,0.001074,0.001926,0.000368,0.000812,0.001081,0.000002,0.000000,0.007935,0.000072,2.650000,0.008527,0.000000,0.000000,0.000206,0,0
274500000000,274800000000,6283499093,350,449598597,0.000477,0.001101,0.001926,0.000368,0.000813,0.001131,0.000027,0.000000,0.010650,0.005859,2.753000,0.009023,0.000000,0.000000,0.000227,0,0
274800000000,275100000000,6283499093,350,449598597,0.000365,0.001074,0.001926,0.000366,0.000812,0.001081,0.000000,0.000000,0.004814,0.000072,2.824000,0.009016,0.000000,0.000000,0.000341,0,0
275100000000,275400000000,6283499093,350,449598597,0.000323,0.001091,0.001928,0.000364,0.000811,0.001108,0.000000,0.000000,0.006889,0.000072,2.103000,0.005837,0.000000,0.000000,0.000156,0,0
275400000000,275700000000,6283499093,350,449598597,0.000294,0.001085,0.001928,0.000365,0.000811,0.001087,0.000006,0.000000,0.001266,0.000571,2.088000,0.005607,0.000000,0.000000,0.000363,0,0
275700000000,276000000000,6283499093,350,449598597,0.000296,0.001095,0.001928,0.000365,0.000811,0.001108,0.000002,0.000000,0.004364,0.000500,2.160000,0.005789,0.000000,0.000000,0.000118,0,0
276000000000,276300000000,6283499093,350,449598597,0.000302,0.001091,0.001928,0.000365,0.000811,0.001110,0.000004,0.000000,0.004143,0.000999,2.117000,0.005672,0.000000,0.000000,0.000361,0,0
276300000000,276600000000,6283499093,350,449598597,0.000333,0.001085,0.001928,0.000365,0.000811,0.001089,0.000001,0.000000,0.004364,0.000143,2.546000,0.007528,0.000000,0.000000,0.000278,0,0
276600000000,276900000000,6283499093,350,449598597,0.000337,0.001080,0.001928,0.000365,0.000811,0.001091,0.000001,0.000000,0.007645,0.000072,2.369000,0.006817,0.000000,0.000000,0.000175,0,0
276900000000,277200000000,6283499093,350,449598597,0.000335,0.001078,0.001928,0.000365,0.000811,0.001091,0.000000,0.000000,0.005020,0.000072,2.321000,0.006833,0.000000,0.000000,0.000568,0,0
277200000000,277500000000,6283499093,350,449598597,0.000391,0.001083,0.001928,0.000365,0.000811,0.001102,0.000003,0.000000,0.005051,0.000215,2.141000,0.005977,0.000000,0.000000,0.000597,0,0
277500000000,277800000000,6283499093,350,449598597,0.000404,0.001097,0.001926,0.000365,0.000811,0.001102,0.000002,0.000000,0.004272,0.000072,2.516000,0.007793,0.000000,0.000000,0.000561,0,0
277800000000,277839000000,6283499093,350,449598597,0.000453,0.001057,0.001926,0.000365,0.000811,0.001083,0.000014,0.000000,0.003326,0.000500,2.657000,0.008276,0.000000,0.000000,0.000167,0,0
277839000000,277852000000,6283499093,350,449598597,0.000186,0.000017,0.000000,0.000063,0.000063,0.000222,0.000269,0.000000,0.002415,0.003429,2.650000,0.008305,0.000000,0.000000,0.000000,0,0
277852000000,277853000000,6283499093,350,449598597,0.000000,0.000000,0.000000,0.000000,0.000000,0.000000,0.000000,0.000000,0.000000,0.000000,2.650000,0.008305,0.000000,0.000000,0.000000,0,0
