272499000000,272632000000,6283499093,351,4820022100,0.000000,0.000000,0.000000,0.000000,0.000000,0.000000,0.000000,0.000000,0.000000,0.000000,0.000000,0.000000,0.000000,0.000000,0.000000,0,0
272632000000,272700000000,6283499093,351,4820022100,0.000986,0.001492,0.001919,0.000344,0.000738,0.001757,0.004288,0.000000,0.023470,0.062070,1.329000,0.000000,0.000000,0.000000,0.000000,0,0
272700000000,273000000000,6283499093,351,4820022100,0.003540,0.001360,0.002048,0.000202,0.000647,0.001745,0.000043,0.000000,0.071290,0.005928,2.285000,0.000000,0.000000,0.000000,0.061340,0,0
273000000000,273300000000,6283499093,351,4820022100,0.000341,0.001242,0.001921,0.000029,0.000476,0.001276,0.000004,0.000000,0.004326,0.001072,2.873000,0.000000,0.000000,0.000000,0.000760,0,0
273300000000,273600000000,6283499093,351,4820022100,0.000341,0.001232,0.001921,0.000018,0.000466,0.001244,0.000005,0.000000,0.005913,0.001429,2.819000,0.000000,0.000000,0.000000,0.000140,0,0
273600000000,273900000000,6283499093,351,4820022100,0.000350,0.001211,0.001921,0.000019,0.000466,0.001226,0.000001,0.000000,0.004288,0.000286,2.957000,0.000000,0.000000,0.000000,0.000251,0,0
273900000000,274200000000,6283499093,351,4820022100,0.000330,0.001219,0.001921,0.000020,0.000468,0.001236,0.000000,0.000000,0.004555,0.000072,2.772000,0.000000,0.000000,0.000000,0.000124,0,0
274200000000,274500000000,6283499093,351,4820022100,0.000410,0.001226,0.001921,0.000020,0.000468,0.001244,0.000006,0.000000,0.005188,0.001215,2.307000,0.000000,0.000000,0.000000,0.000123,0,0
274500000000,274800000000,6283499093,351,4820022100,0.000385,0.001228,0.001921,0.000020,0.000468,0.001245,0.000000,0.000000,0.004623,0.000000,4.039000,0.000000,0.000000,0.000000,0.000400,0,0
274800000000,275100000000,6283499093,351,4820022100,0.000358,0.001232,0.001921,0.000020,0.000468,0.001238,0.000000,0.000000,0.004883,0.000072,2.847000,0.000000,0.000000,0.000000,0.000358,0,0
275100000000,275400000000,6283499093,351,4820022100,0.000307,0.001228,0.001921,0.000021,0.000468,0.001240,0.000000,0.000000,0.004707,0.000072,2.734000,0.000000,0.000000,0.000000,0.000679,0,0
275400000000,275700000000,6283499093,351,4820022100,0.001581,0.001249,0.001919,0.000024,0.000472,0.001463,0.000006,0.000000,0.073490,0.000929,0.741500,0.000000,0.000000,0.000000,0.000370,0,0
275700000000,276000000000,6283499093,351,4820022100,0.001596,0.001373,0.001915,0.000051,0.000512,0.001436,0.000190,0.000000,0.063600,0.021150,0.919300,0.000000,0.000000,0.000000,0.000658,0,0
276000000000,276300000000,6283499093,351,4820022100,0.000485,0.001318,0.001917,0.000051,0.000516,0.001328,0.000006,0.000000,0.004921,0.001499,3.250000,0.000000,0.000000,0.000000,0.000349,0,0
276300000000,276600000000,6283499093,351,4820022100,0.000404,0.001312,0.001919,0.000052,0.000517,0.001320,0.000002,0.000000,0.005119,0.000286,3.177000,0.000000,0.000000,0.000000,0.000474,0,0
276600000000,276900000000,6283499093,351,4820022100,0.000371,0.001305,0.001919,0.000051,0.000517,0.001316,0.000001,0.000000,0.005005,0.000143,2.957000,0.000000,0.000000,0.000000,0.000155,0,0
276900000000,277200000000,6283499093,351,4820022100,0.000432,0.001308,0.001919,0.000051,0.000517,0.001320,0.000003,0.000000,0.005882,0.000643,2.399000,0.000000,0.000000,0.000000,0.000173,0,0
277200000000,277500000000,6283499093,351,4820022100,0.000430,0.001320,0.001919,0.000051,0.000517,0.001326,0.000011,0.000000,0.004860,0.001358,3.135000,0.000000,0.000000,0.000000,0.000368,0,0
277500000000,277800000000,6283499093,351,4820022100,0.000469,0.001320,0.001919,0.000051,0.000517,0.001331,0.000003,0.000000,0.006371,0.000072,3.187000,0.000000,0.000000,0.000000,0.000201,0,0
277800000000,277899000000,6283499093,351,4820022100,0.000460,0.001289,0.001919,0.000056,0.000518,0.001314,0.000070,0.000000,0.026640,0.005356,2.869000,0.000000,0.000000,0.000000,0.004829,0,0
277899000000,277915000000,6283499093,351,4820022100,0.000245,0.000014,0.000000,0.000000,0.000000,0.000229,0.000018,0.000000,0.003929,0.000286,3.005000,0.000000,0.000000,0.000000,0.000000,0,0
277915000000,277918000000,6283499093,351,4820022100,0.000000,0.000000,0.000000,0.000000,0.000000,0.000000,0.000143,0.000000,0.000000,0.000215,3.005000,0.000000,0.000000,0.000000,0.000000,0,0
