272498000000,272618000000,6283499093,352,345287259,0.000000,0.000000,0.000000,0.000000,0.000000,0.000000,0.000002,0.000000,0.000000,0.000215,0.000000,0.000000,0.000000,0.000000,0.000000,0,0
272618000000,272700000000,6283499093,352,345287259,0.000736,0.000898,0.001928,0.000126,0.000142,0.001040,0.001287,0.000000,0.013730,0.016720,2.431000,0.006625,0.000000,0.000000,0.000260,0,0
272700000000,273000000000,6283499093,352,345287259,0.000371,0.001179,0.001930,0.000128,0.000430,0.001312,0.000000,0.000000,0.005028,0.000143,2.774000,0.007869,0.000000,0.000000,0.000833,0,0
273000000000,273300000000,6283499093,352,345287259,0.000366,0.001287,0.001930,0.000128,0.000547,0.001312,0.000001,0.000000,0.017760,0.000215,2.819000,0.008420,0.000000,0.000000,0.000251,0,0
273300000000,273600000000,6283499093,352,345287259,0.000298,0.001207,0.001930,0.000128,0.000467,0.001314,0.000000,0.000000,0.003975,0.000000,2.554000,0.007134,0.000000,0.000000,0.000153,0,0
273600000000,273900000000,6283499093,352,345287259,0.000304,0.000909,0.001928,0.000128,0.000167,0.001076,0.000002,0.000000,0.004433,0.000357,2.303000,0.005851,0.000000,0.000000,0.000264,0,0
273900000000,274200000000,6283499093,352,345287259,0.000318,0.000940,0.001928,0.000128,0.000192,0.001146,0.000001,0.000000,0.004135,0.000215,2.424000,0.006718,0.000000,0.000000,0.000203,0,0
274200000000,274500000000,6283499093,352,345287259,0.000318,0.000978,0.001926,0.000128,0.000228,0.001228,0.000002,0.000000,0.003857,0.000143,2.290000,0.006236,0.000000,0.000000,0.000364,0,0
274500000000,274800000000,6283499093,352,345287259,0.000302,0.000982,0.001928,0.000128,0.000232,0.001308,0.000000,0.000000,0.003944,0.000072,2.323000,0.006062,0.000000,0.000000,0.000166,0,0
274800000000,275100000000,6283499093,352,345287259,0.000341,0.000997,0.001926,0.000128,0.000239,0.001322,0.000004,0.000000,0.006454,0.001143,2.009000,0.004765,0.000000,0.000000,0.000334,0,0
275100000000,275400000000,6283499093,352,345287259,0.000323,0.001003,0.001928,0.000128,0.000244,0.001329,0.000000,0.000000,0.004265,0.000000,2.424000,0.006490,0.000000,0.000000,0.000243,0,0
275400000000,275700000000,6283499093,352,345287259,0.000296,0.001019,0.001926,0.000128,0.000259,0.001329,0.000000,0.000000,0.004196,0.000072,2.254000,0.005708,0.000000,0.000000,0.000104,0,0
275700000000,276000000000,6283499093,352,345287259,0.000301,0.001028,0.001928,0.000128,0.000271,0.001328,0.000000,0.000000,0.003502,0.000072,1.947000,0.004270,0.000000,0.000000,0.000078,0,0
276000000000,276300000000,6283499093,352,345287259,0.000287,0.001045,0.001928,0.000128,0.000288,0.001329,0.000001,0.000000,0.003597,0.000143,2.393000,0.006008,0.000000,0.000000,0.000075,0,0
276300000000,276600000000,6283499093,352,345287259,0.000285,0.001040,0.001928,0.000128,0.000282,0.001328,0.000010,0.000000,0.004089,0.002857,2.010000,0.004500,0.000000,0.000000,0.000226,0,0
276600000000,276900000000,6283499093,352,345287259,0.000300,0.001053,0.001928,0.000128,0.000295,0.001329,0.000008,0.000000,0.002926,0.002213,2.288000,0.005645,0.000000,0.000000,0.000498,0,0
276900000000,277200000000,6283499093,352,345287259,0.000298,0.001015,0.001928,0.000128,0.000257,0.001329,0.000000,0.000000,0.003929,0.000000,2.217000,0.005459,0.000000,0.000000,0.000231,0,0
277200000000,277500000000,6283499093,352,345287259,0.000327,0.001089,0.001928,0.000128,0.000317,0.001369,0.000008,0.000000,0.009995,0.001642,2.371000,0.005720,0.000000,0.000000,0.000298,0,0
277500000000,277800000000,6283499093,352,345287259,0.000410,0.001162,0.001928,0.000128,0.000367,0.001373,0.000008,0.000000,0.012920,0.001072,2.317000,0.005917,0.000000,0.000000,0.000243,0,0
277800000000,278100000000,6283499093,352,345287259,0.000335,0.001156,0.001928,0.000128,0.000356,0.001381,0.000015,0.000000,0.014370,0.002930,2.358000,0.006132,0.000000,0.000000,0.004395,0,0
278100000000,278269000000,6283499093,352,345287259,0.001839,0.001266,0.001930,0.000133,0.000427,0.001514,0.000023,0.000000,0.066530,0.001072,1.009000,0.001582,0.000000,0.000000,0.000129,0,0
278269000000,278285000000,6283499093,352,345287259,0.000211,0.000000,0.000000,0.000000,0.000000,0.000000,0.000000,0.000000,0.003365,0.000000,0.723700,0.000633,0.000000,0.000000,0.000000,0,0
278285000000,278287000000,6283499093,352,345287259,0.000000,0.000000,0.000000,0.000000,0.000000,0.000000,0.000000,0.000000,0.000000,0.000000,0.723700,0.000633,0.000000,0.000000,0.000000,0,0
