272501000000,272602000000,6283499093,353,376211496,0.000000,0.000000,0.000000,0.000000,0.000000,0.000000,0.000000,0.000000,0.000000,0.000000,0.000000,0.000000,0.000000,0.000000,0.000000,0,0
272602000000,272700000000,6283499093,353,376211496,0.000721,0.001482,0.001928,0.000292,0.000712,0.001625,0.001602,0.000000,0.012800,0.039980,1.540000,0.003263,0.000000,0.000000,0.000217,0,0
272700000000,273000000000,6283499093,353,376211496,0.000301,0.000999,0.001930,0.000293,0.000736,0.001373,0.000000,0.000000,0.004250,0.000000,2.984000,0.009835,0.000000,0.000000,0.000101,0,0
273000000000,273300000000,6283499093,353,376211496,0.000306,0.000934,0.001930,0.000291,0.000735,0.000948,0.000005,0.000000,0.003990,0.000929,2.578000,0.008108,0.000000,0.000000,0.000175,0,0
273300000000,273600000000,6283499093,353,376211496,0.000271,0.000939,0.001930,0.000292,0.000736,0.000950,0.000000,0.000000,0.003990,0.000000,2.655000,0.008096,0.000000,0.000000,0.000603,0,0
273600000000,273900000000,6283499093,353,376211496,0.000338,0.000955,0.001930,0.000292,0.000736,0.000967,0.000003,0.000000,0.003563,0.000714,2.771000,0.008728,0.000000,0.000000,0.000171,0,0
273900000000,274200000000,6283499093,353,376211496,0.000314,0.000949,0.001930,0.000292,0.000736,0.000962,0.000000,0.000000,0.004105,0.000143,3.141000,0.010510,0.000000,0.000000,0.000304,0,0
274200000000,274500000000,6283499093,353,376211496,0.000292,0.000958,0.001930,0.000292,0.000737,0.000968,0.000008,0.000000,0.002079,0.001143,2.449000,0.007355,0.000000,0.000000,0.000226,0,0
274500000000,274800000000,6283499093,353,376211496,0.000332,0.000961,0.001930,0.000293,0.000737,0.000973,0.000003,0.000000,0.005524,0.000643,2.149000,0.006042,0.000000,0.000000,0.000112,0,0
274800000000,275100000000,6283499093,353,376211496,0.000358,0.000964,0.001930,0.000293,0.000737,0.000978,0.000004,0.000000,0.010590,0.001215,2.558000,0.007827,0.000000,0.000000,0.000424,0,0
275100000000,275400000000,6283499093,353,376211496,0.000315,0.000967,0.001932,0.000293,0.000737,0.000980,0.000000,0.000000,0.004707,0.000000,2.997000,0.009887,0.000000,0.000000,0.000297,0,0
275400000000,275700000000,6283499093,353,376211496,0.000355,0.000986,0.001932,0.000294,0.000738,0.001030,0.000024,0.000000,0.007919,0.004860,3.312000,0.010860,0.000000,0.000000,0.000216,0,0
275700000000,276000000000,6283499093,353,376211496,0.000304,0.000986,0.001932,0.000293,0.000738,0.001028,0.000004,0.000000,0.005318,0.000999,2.660000,0.008285,0.000000,0.000000,0.000129,0,0
276000000000,276300000000,6283499093,353,376211496,0.000363,0.001007,0.001932,0.000293,0.000739,0.001041,0.000004,0.000000,0.004753,0.000643,3.048000,0.010390,0.000000,0.000000,0.000264,0,0
276300000000,276600000000,6283499093,353,376211496,0.000396,0.001036,0.001930,0.000293,0.000739,0.001041,0.000001,0.000000,0.005615,0.000072,2.585000,0.008288,0.000000,0.000000,0.000180,0,0
276600000000,276900000000,6283499093,353,376211496,0.000365,0.001024,0.001932,0.000293,0.000739,0.001060,0.000001,0.000000,0.006767,0.000215,3.973000,0.015140,0.000000,0.000000,0.000393,0,0
276900000000,277200000000,6283499093,353,376211496,0.002670,0.001316,0.002117,0.000116,0.000351,0.002018,0.000216,0.000000,0.070800,0.029080,2.895000,0.010090,0.000000,0.000000,0.000117,0,0
277200000000,277500000000,6283499093,353,376211496,0.000426,0.001165,0.001940,0.000095,0.000288,0.001175,0.000038,0.000000,0.004631,0.004211,3.701000,0.014050,0.000000,0.000000,0.000329,0,0
277500000000,277800000000,6283499093,353,376211496,0.000357,0.001165,0.001940,0.000098,0.000292,0.001177,0.000007,0.000000,0.001780,0.000999,3.296000,0.011460,0.000000,0.000000,0.000227,0,0
277800000000,278100000000,6283499093,353,376211496,0.000321,0.001175,0.001942,0.000099,0.000296,0.001192,0.000028,0.000000,0.006317,0.003429,3.304000,0.011540,0.000000,0.000000,0.000324,0,0
278100000000,278400000000,6283499093,353,376211496,0.000364,0.001177,0.001940,0.000100,0.000296,0.001184,0.000009,0.000000,0.005363,0.001286,2.666000,0.008732,0.000000,0.000000,0.000153,0,0
278400000000,278700000000,6283499093,353,376211496,0.000444,0.001163,0.001940,0.000101,0.000297,0.001259,0.000146,0.000000,0.030520,0.024780,3.606000,0.012450,0.000000,0.000000,0.000126,0,0
278700000000,278719000000,6283499093,353,376211496,0.000163,0.000000,0.000000,0.000000,0.000000,0.000000,0.000033,0.000000,0.003105,0.000571,3.781000,0.013010,0.000000,0.000000,0.000000,0,0
278719000000,278720000000,6283499093,353,376211496,0.000000,0.000000,0.000000,0.000000,0.000000,0.000000,0.000000,0.000000,0.000000,0.000000,3.781000,0.013010,0.000000,0.000000,0.000000,0,0
