272504000000,272593000000,6283499093,354,907206,0.000000,0.000000,0.000000,0.000000,0.000000,0.000000,0.000000,0.000000,0.000000,0.000000,0.000000,0.000000,0.000000,0.000000,0.000000,0,0
272593000000,272700000000,6283499093,354,907206,0.000626,0.001577,0.001932,0.000378,0.000807,0.001686,0.001814,0.000000,0.020390,0.061100,2.130000,0.005874,0.000000,0.000000,0.000112,0,0
272700000000,273000000000,6283499093,354,907206,0.000383,0.001017,0.001932,0.000384,0.000828,0.001453,0.000001,0.000000,0.003826,0.000072,1.832000,0.004481,0.000000,0.000000,0.000166,0,0
273000000000,273300000000,6283499093,354,907206,0.000380,0.000969,0.001932,0.000384,0.000828,0.000974,0.000001,0.000000,0.004715,0.000143,2.696000,0.008222,0.000000,0.000000,0.000192,0,0
273300000000,273600000000,6283499093,354,907206,0.000431,0.000988,0.001932,0.000382,0.000827,0.000997,0.000001,0.000000,0.010730,0.000072,2.100000,0.005685,0.000000,0.000000,0.000242,0,0
273600000000,273900000000,6283499093,354,907206,0.000434,0.001022,0.001930,0.000380,0.000825,0.001051,0.000013,0.000000,0.006920,0.003502,2.941000,0.009149,0.000000,0.000000,0.000498,0,0
273900000000,274200000000,6283499093,354,907206,0.000360,0.001003,0.001932,0.000380,0.000826,0.001007,0.000000,0.000000,0.004158,0.000143,2.370000,0.006786,0.000000,0.000000,0.000363,0,0
274200000000,274500000000,6283499093,354,907206,0.000302,0.001007,0.001932,0.000380,0.000826,0.001017,0.000001,0.000000,0.004501,0.000143,2.057000,0.005357,0.000000,0.000000,0.000547,0,0
274500000000,274800000000,6283499093,354,907206,0.000309,0.001013,0.001932,0.000380,0.000826,0.001026,0.000000,0.000000,0.004433,0.000000,2.180000,0.005710,0.000000,0.000000,0.000208,0,0
274800000000,275100000000,6283499093,354,907206,0.000306,0.001003,0.001932,0.000378,0.000824,0.001011,0.000000,0.000000,0.004349,0.000072,2.368000,0.006379,0.000000,0.000000,0.000551,0,0
275100000000,275400000000,6283499093,354,907206,0.000305,0.001003,0.001932,0.000378,0.000823,0.001015,0.000000,0.000000,0.004494,0.000072,2.185000,0.005697,0.000000,0.000000,0.000088,0,0
275400000000,275700000000,6283499093,354,907206,0.000298,0.001024,0.001932,0.000378,0.000823,0.001038,0.000010,0.000000,0.003738,0.002930,2.003000,0.005058,0.000000,0.000000,0.000053,0,0
275700000000,276000000000,6283499093,354,907206,0.000290,0.001017,0.001932,0.000378,0.000824,0.001032,0.000000,0.000000,0.004684,0.000072,2.016000,0.005103,0.000000,0.000000,0.000043,0,0
276000000000,276300000000,6283499093,354,907206,0.000293,0.001030,0.001932,0.000378,0.000824,0.001043,0.000002,0.000000,0.004272,0.000143,1.988000,0.004957,0.000000,0.000000,0.000055,0,0
276300000000,276600000000,6283499093,354,907206,0.000316,0.001022,0.001932,0.000378,0.000824,0.001040,0.000010,0.000000,0.004585,0.002857,2.116000,0.005513,0.000000,0.000000,0.000239,0,0
276600000000,276900000000,6283499093,354,907206,0.000322,0.001026,0.001932,0.000378,0.000824,0.001040,0.000001,0.000000,0.004494,0.000143,2.401000,0.006650,0.000000,0.000000,0.000231,0,0
276900000000,277200000000,6283499093,354,907206,0.000378,0.001038,0.001932,0.000378,0.000824,0.001049,0.000001,0.000000,0.004562,0.000143,2.271000,0.006248,0.000000,0.000000,0.000236,0,0
277200000000,277379000000,6283499093,354,907206,0.000392,0.001028,0.001932,0.000380,0.000824,0.001043,0.000022,0.000000,0.004280,0.003143,2.830000,0.008602,0.000000,0.000000,0.001060,0,0
277379000000,277391000000,6283499093,354,907206,0.000222,0.000000,0.000000,0.000000,0.000000,0.000000,0.000053,0.000000,0.002670,0.000643,2.468000,0.007063,0.000000,0.000000,0.000000,0,0
277391000000,277392000000,6283499093,354,907206,0.000000,0.000000,0.000000,0.000000,0.000000,0.000000,0.000000,0.000000,0.000000,0.000000,2.468000,0.007063,0.000000,0.000000,0.000000,0,0
