272502000000,272577000000,6283499093,355,228617779,0.000000,0.000000,0.000000,0.000000,0.000000,0.000000,0.000000,0.000000,0.000000,0.000000,0.000000,0.000000,0.000000,0.000000,0.000000,0,0
272577000000,272700000000,6283499093,355,228617779,0.000588,0.001141,0.001923,0.000109,0.000354,0.001389,0.000427,0.000000,0.044430,0.023500,2.422000,0.007444,0.000000,0.000000,0.000405,0,0
272700000000,273000000000,6283499093,355,228617779,0.000366,0.001064,0.001923,0.000109,0.000318,0.001301,0.000000,0.000000,0.004318,0.000000,2.586000,0.007648,0.000000,0.000000,0.000271,0,0
273000000000,273300000000,6283499093,355,228617779,0.000359,0.001074,0.001923,0.000102,0.000315,0.001307,0.000011,0.000000,0.004578,0.002430,2.560000,0.007865,0.000000,0.000000,0.000391,0,0
273300000000,273600000000,6283499093,355,228617779,0.000298,0.001135,0.001923,0.000099,0.000371,0.001307,0.000000,0.000000,0.001244,0.000072,2.130000,0.005656,0.000000,0.000000,0.000437,0,0
273600000000,273900000000,6283499093,355,228617779,0.000301,0.001200,0.001925,0.000099,0.000436,0.001308,0.000001,0.000000,0.004242,0.000072,1.952000,0.004826,0.000000,0.000000,0.000086,0,0
273900000000,274200000000,6283499093,355,228617779,0.000332,0.001226,0.001926,0.000099,0.000456,0.001316,0.000016,0.000000,0.005440,0.002857,1.924000,0.004970,0.000000,0.000000,0.000230,0,0
274200000000,274500000000,6283499093,355,228617779,0.000321,0.001139,0.001925,0.000099,0.000365,0.001318,0.000005,0.000000,0.004059,0.001215,2.279000,0.006752,0.000000,0.000000,0.000156,0,0
274500000000,274800000000,6283499093,355,228617779,0.000304,0.000996,0.001921,0.000099,0.000220,0.001320,0.000000,0.000000,0.003620,0.000000,2.488000,0.007266,0.000000,0.000000,0.000079,0,0
274800000000,275100000000,6283499093,355,228617779,0.000298,0.001089,0.001923,0.000099,0.000312,0.001322,0.000000,0.000000,0.003914,0.000072,2.106000,0.005703,0.000000,0.000000,0.000228,0,0
275100000000,275400000000,6283499093,355,228617779,0.000369,0.001135,0.001923,0.000099,0.000342,0.001343,0.000010,0.000000,0.007812,0.002857,2.108000,0.005678,0.000000,0.000000,0.000307,0,0
275400000000,275700000000,6283499093,355,228617779,0.000348,0.001163,0.001923,0.000099,0.000364,0.001343,0.000000,0.000000,0.004547,0.000072,2.424000,0.007160,0.000000,0.000000,0.000586,0,0
275700000000,276000000000,6283499093,355,228617779,0.000307,0.001293,0.001926,0.000099,0.000495,0.001343,0.000010,0.000000,0.004112,0.002857,2.220000,0.006458,0.000000,0.000000,0.000070,0,0
276000000000,276300000000,6283499093,355,228617779,0.000288,0.000984,0.001925,0.000099,0.000186,0.001343,0.000001,0.000000,0.004608,0.000072,2.087000,0.005507,0.000000,0.000000,0.000094,0,0
276300000000,276600000000,6283499093,355,228617779,0.000503,0.001076,0.001923,0.000103,0.000251,0.001400,0.000061,0.000000,0.062620,0.004860,2.092000,0.005732,0.000000,0.000000,0.000277,0,0
276600000000,276900000000,6283499093,355,228617779,0.000391,0.001318,0.001923,0.000110,0.000429,0.001474,0.000001,0.000000,0.004799,0.000072,2.631000,0.008654,0.000000,0.000000,0.000379,0,0
276900000000,277200000000,6283499093,355,228617779,0.000380,0.001205,0.001921,0.000108,0.000318,0.001461,0.000000,0.000000,0.005165,0.000000,2.262000,0.006730,0.000000,0.000000,0.000142,0,0
277200000000,277500000000,6283499093,355,228617779,0.000334,0.001173,0.001923,0.000108,0.000284,0.001469,0.000005,0.000000,0.005096,0.000571,2.232000,0.006529,0.000000,0.000000,0.000199,0,0
277500000000,277800000000,6283499093,355,228617779,0.000333,0.001179,0.001921,0.000107,0.000276,0.001478,0.000002,0.000000,0.004730,0.000143,2.288000,0.006503,0.000000,0.000000,0.000608,0,0
277800000000,278100000000,6283499093,355,228617779,0.000315,0.001085,0.001923,0.000107,0.000181,0.001337,0.000014,0.000000,0.004173,0.002644,2.504000,0.007291,0.000000,0.000000,0.000322,0,0
278100000000,278400000000,6283499093,355,228617779,0.000323,0.001270,0.001925,0.000107,0.000367,0.001478,0.000022,0.000000,0.004471,0.002857,2.136000,0.005960,0.000000,0.000000,0.000108,0,0
278400000000,278700000000,6283499093,355,228617779,0.000327,0.001429,0.001925,0.000107,0.000526,0.001478,0.000012,0.000000,0.005035,0.002857,2.358000,0.006933,0.000000,0.000000,0.000590,0,0
278700000000,279000000000,6283499093,355,228617779,0.000326,0.001354,0.001923,0.000108,0.000449,0.001484,0.000013,0.000000,0.005623,0.003784,2.210000,0.006130,0.000000,0.000000,0.000641,0,0
279000000000,279300000000,6283499093,355,228617779,0.000343,0.001335,0.001923,0.000110,0.000433,0.001482,0.000002,0.000000,0.003372,0.000143,2.124000,0.005866,0.000000,0.000000,0.000144,0,0
279300000000,279600000000,6283499093,355,228617779,0.000402,0.001265,0.001921,0.000110,0.000354,0.001492,0.000002,0.000000,0.005524,0.000143,2.361000,0.007184,0.000000,0.000000,0.000182,0,0
279600000000,279900000000,6283499093,355,228617779,0.000404,0.001228,0.001919,0.000110,0.000310,0.001499,0.000018,0.000000,0.005165,0.002857,2.742000,0.008421,0.000000,0.000000,0.000184,0,0
279900000000,280200000000,6283499093,355,228617779,0.000348,0.001200,0.001921,0.000111,0.000280,0.001499,0.000018,0.000000,0.004868,0.002857,2.549000,0.007663,0.000000,0.000000,0.000316,0,0
280200000000,280500000000,6283499093,355,228617779,0.002224,0.001148,0.002037,0.000109,0.000199,0.002171,0.000073,0.000000,0.087890,0.014360,1.863000,0.004486,0.000000,0.000000,0.000618,0,0
280500000000,280549000000,6283499093,355,228617779,0.002064,0.001776,0.004089,0.000029,0.000105,0.002129,0.000298,0.000000,0.062500,0.008072,1.404000,0.002198,0.000000,0.000000,0.001011,0,0
280549000000,280559000000,6283499093,355,228617779,0.000344,0.000000,0.000000,0.000000,0.000000,0.000000,0.000107,0.000000,0.003441,0.000714,2.655000,0.007214,0.000000,0.000000,0.000000,0,0
280559000000,280560000000,6283499093,355,228617779,0.000000,0.000000,0.000000,0.000000,0.000000,0.000000,0.000000,0.000000,0.000000,0.000000,2.655000,0.007214,0.000000,0.000000,0.000000,0,0
