272491000000,272622000000,6283499093,356,564497886,0.000000,0.000000,0.000000,0.000000,0.000000,0.000000,0.000000,0.000000,0.000000,0.000000,0.000000,0.000000,0.000000,0.000000,0.000000,0,0
272622000000,272700000000,6283499093,356,564497886,0.000767,0.001322,0.001928,0.000153,0.000547,0.001459,0.001404,0.000000,0.014800,0.023280,1.244000,0.001823,0.000000,0.000000,0.000200,0,0
272700000000,273000000000,6283499093,356,564497886,0.000348,0.001219,0.001928,0.000157,0.000504,0.001419,0.000002,0.000000,0.009674,0.000571,2.577000,0.007520,0.000000,0.000000,0.000277,0,0
273000000000,273300000000,6283499093,356,564497886,0.000380,0.001122,0.001926,0.000153,0.000400,0.001328,0.000002,0.000000,0.006317,0.000143,2.449000,0.007097,0.000000,0.000000,0.000667,0,0
273300000000,273600000000,6283499093,356,564497886,0.000358,0.001156,0.001926,0.000153,0.000423,0.001335,0.000000,0.000000,0.005127,0.000072,2.646000,0.007941,0.000000,0.000000,0.000479,0,0
273600000000,273900000000,6283499093,356,564497886,0.000366,0.001114,0.001925,0.000153,0.000378,0.001335,0.000001,0.000000,0.005531,0.000143,2.519000,0.007161,0.000000,0.000000,0.000630,0,0
273900000000,274200000000,6283499093,356,564497886,0.000332,0.001127,0.001926,0.000153,0.000391,0.001333,0.000000,0.000000,0.003784,0.000072,2.400000,0.006720,0.000000,0.000000,0.000065,0,0
274200000000,274500000000,6283499093,356,564497886,0.000377,0.001114,0.001925,0.000153,0.000374,0.001341,0.000002,0.000000,0.002563,0.000286,2.604000,0.007382,0.000000,0.000000,0.000118,0,0
274500000000,274800000000,6283499093,356,564497886,0.000385,0.001144,0.001926,0.000153,0.000400,0.001343,0.000000,0.000000,0.004158,0.000000,2.572000,0.007255,0.000000,0.000000,0.000176,0,0
274800000000,275100000000,6283499093,356,564497886,0.000360,0.001135,0.001925,0.000153,0.000389,0.001343,0.000000,0.000000,0.005295,0.000072,3.419000,0.010450,0.000000,0.000000,0.000321,0,0
275100000000,275400000000,6283499093,356,564497886,0.000360,0.001091,0.001925,0.000150,0.000344,0.001348,0.000000,0.000000,0.005203,0.000072,2.746000,0.007689,0.000000,0.000000,0.000574,0,0
275400000000,275700000000,6283499093,356,564497886,0.000766,0.001245,0.001923,0.000150,0.000417,0.001463,0.000028,0.000000,0.058650,0.006287,2.499000,0.006935,0.000000,0.000000,0.000416,0,0
275700000000,276000000000,6283499093,356,564497886,0.000507,0.001232,0.001923,0.000148,0.000383,0.001461,0.000001,0.000000,0.007599,0.000072,3.599000,0.011430,0.000000,0.000000,0.000280,0,0
276000000000,276300000000,6283499093,356,564497886,0.000415,0.001221,0.001923,0.000148,0.000374,0.001461,0.000003,0.000000,0.005753,0.000714,2.972000,0.008785,0.000000,0.000000,0.000521,0,0
276300000000,276600000000,6283499093,356,564497886,0.000374,0.001280,0.001925,0.000148,0.000433,0.001461,0.000001,0.000000,0.005455,0.000072,2.643000,0.007313,0.000000,0.000000,0.000650,0,0
276600000000,276900000000,6283499093,356,564497886,0.000392,0.001219,0.001925,0.000148,0.000369,0.001480,0.000004,0.000000,0.005417,0.000857,2.543000,0.006780,0.000000,0.000000,0.000106,0,0
276900000000,277200000000,6283499093,356,564497886,0.000376,0.001257,0.001925,0.000148,0.000386,0.001484,0.000000,0.000000,0.001644,0.000000,2.696000,0.007561,0.000000,0.000000,0.000285,0,0
277200000000,277500000000,6283499093,356,564497886,0.000525,0.001297,0.001923,0.000148,0.000404,0.001513,0.000012,0.000000,0.015960,0.002144,2.986000,0.008791,0.000000,0.000000,0.000472,0,0
277500000000,277800000000,6283499093,356,564497886,0.000418,0.001303,0.001925,0.000148,0.000416,0.001509,0.000003,0.000000,0.004715,0.000215,3.077000,0.009213,0.000000,0.000000,0.000412,0,0
277800000000,278100000000,6283499093,356,564497886,0.000385,0.001173,0.001926,0.000222,0.000320,0.001499,0.000372,0.000000,0.004723,0.052430,3.983000,0.012620,0.000000,0.000000,0.000505,0,0
278100000000,278371000000,6283499093,356,564497886,0.000420,0.001066,0.001926,0.000219,0.000273,0.001125,0.000470,0.000000,0.004471,0.048520,2.879000,0.008217,0.000000,0.000000,0.000321,0,0
278371000000,278383000000,6283499093,356,564497886,0.000258,0.000000,0.000000,0.000000,0.000000,0.000000,0.000050,0.000000,0.003098,0.000643,2.904000,0.008418,0.000000,0.000000,0.000000,0,0
278383000000,278385000000,6283499093,356,564497886,0.000000,0.000000,0.000000,0.000000,0.000000,0.000000,0.000000,0.000000,0.000000,0.000000,2.904000,0.008418,0.000000,0.000000,0.000000,0,0
278385000000,278400000000,6283499093,356,564497886,0.000000,0.000000,0.000000,0.000000,0.000000,0.000000,0.000000,0.000000,0.000000,0.000000,0.000000,0.000000,0.000000,0.000000,0.000000,0,0
