272489000000,272566000000,6283499093,357,646210442,0.000000,0.000000,0.000000,0.000000,0.000000,0.000000,0.000000,0.000000,0.000000,0.000000,0.000000,0.000000,0.000000,0.000000,0.000000,0,0
272566000000,272700000000,6283499093,357,646210442,0.000552,0.000986,0.001919,0.000078,0.000191,0.001369,0.000382,0.000000,0.013990,0.019010,2.436000,0.007289,0.000000,0.000000,0.000565,0,0
272700000000,273000000000,6283499093,357,646210442,0.000334,0.000954,0.001919,0.000076,0.000179,0.001291,0.000006,0.000000,0.001226,0.001785,2.568000,0.007750,0.000000,0.000000,0.000126,0,0
273000000000,273300000000,6283499093,357,646210442,0.000326,0.000918,0.001919,0.000079,0.000141,0.001209,0.000003,0.000000,0.004791,0.000500,2.260000,0.006503,0.000000,0.000000,0.000354,0,0
273300000000,273600000000,6283499093,357,646210442,0.000354,0.000892,0.001921,0.000079,0.000102,0.001041,0.000000,0.000000,0.004684,0.000000,2.417000,0.007168,0.000000,0.000000,0.000821,0,0
273600000000,273900000000,6283499093,357,646210442,0.000382,0.000972,0.001919,0.000079,0.000175,0.001316,0.000001,0.000000,0.008698,0.000215,2.333000,0.006914,0.000000,0.000000,0.000122,0,0
273900000000,274200000000,6283499093,357,646210442,0.000417,0.000965,0.001919,0.000079,0.000157,0.001316,0.000003,0.000000,0.005867,0.000714,2.677000,0.008436,0.000000,0.000000,0.000374,0,0
274200000000,274500000000,6283499093,357,646210442,0.000395,0.000930,0.001919,0.000079,0.000121,0.001133,0.000004,0.000000,0.001301,0.000714,2.905000,0.009393,0.000000,0.000000,0.000258,0,0
274500000000,274800000000,6283499093,357,646210442,0.000337,0.000986,0.001921,0.000079,0.000177,0.001339,0.000000,0.000000,0.006432,0.000072,2.402000,0.006958,0.000000,0.000000,0.000277,0,0
274800000000,275100000000,6283499093,357,646210442,0.000337,0.001038,0.001919,0.000079,0.000222,0.001339,0.000001,0.000000,0.004250,0.000143,2.173000,0.006131,0.000000,0.000000,0.000112,0,0
275100000000,275400000000,6283499093,357,646210442,0.000329,0.000947,0.001921,0.000079,0.000130,0.001329,0.000000,0.000000,0.008347,0.000000,2.593000,0.008029,0.000000,0.000000,0.000063,0,0
275400000000,275700000000,6283499093,357,646210442,0.000361,0.001171,0.001923,0.000080,0.000350,0.001381,0.000021,0.000000,0.009995,0.006073,2.067000,0.005667,0.000000,0.000000,0.000349,0,0
275700000000,276000000000,6283499093,357,646210442,0.000346,0.001125,0.001919,0.000080,0.000279,0.001381,0.000002,0.000000,0.004326,0.000571,2.216000,0.006147,0.000000,0.000000,0.000396,0,0
276000000000,276300000000,6283499093,357,646210442,0.000370,0.001045,0.001917,0.000080,0.000183,0.001389,0.000002,0.000000,0.004204,0.000286,1.907000,0.004449,0.000000,0.000000,0.000703,0,0
276300000000,276600000000,6283499093,357,646210442,0.003292,0.001247,0.001965,0.000064,0.000271,0.001945,0.000015,0.000000,0.080320,0.002285,0.593000,0.000263,0.000000,0.000000,0.000102,0,0
276600000000,276900000000,6283499093,357,646210442,0.000389,0.001274,0.001930,0.000010,0.000159,0.001591,0.000004,0.000000,0.004440,0.000428,2.329000,0.006815,0.000000,0.000000,0.000248,0,0
276900000000,277200000000,6283499093,357,646210442,0.000383,0.001242,0.001928,0.000004,0.000126,0.001572,0.000001,0.000000,0.004341,0.000143,2.217000,0.006406,0.000000,0.000000,0.000332,0,0
277200000000,277500000000,6283499093,357,646210442,0.003551,0.001274,0.001928,0.000010,0.000104,0.001825,0.000010,0.000000,0.086910,0.000714,0.671100,0.000573,0.000000,0.000000,0.000602,0,0
277500000000,277800000000,6283499093,357,646210442,0.003510,0.001402,0.002243,0.000007,0.000114,0.002609,0.000039,0.000000,0.079470,0.009430,0.551400,0.000178,0.000000,0.000000,0.000232,0,0
277800000000,277949000000,6283499093,357,646210442,0.004097,0.001392,0.001928,0.000009,0.000135,0.001871,0.000129,0.000001,0.087400,0.010420,0.729300,0.000812,0.000000,0.000000,0.000209,0,0
277949000000,277961000000,6283499093,357,646210442,0.000320,0.000000,0.000000,0.000000,0.000000,0.000000,0.000072,0.000001,0.003834,0.000857,2.972000,0.009973,0.000000,0.000000,0.000000,0,0
277961000000,277962000000,6283499093,357,646210442,0.000000,0.000000,0.000000,0.000000,0.000000,0.000000,0.000000,0.000001,0.000000,0.000000,2.972000,0.009973,0.000000,0.000000,0.000000,0,0
