272494000000,272571000000,6283499093,358,351640491,0.000000,0.000000,0.000000,0.000000,0.000000,0.000000,0.000004,0.000000,0.000000,0.000215,0.000000,0.000000,0.000000,0.000000,0.000000,0,0
272571000000,272700000000,6283499093,358,351640491,0.000756,0.001389,0.001928,0.000175,0.000572,0.001541,0.000800,0.000000,0.031010,0.021730,2.403000,0.006884,0.000000,0.000000,0.000094,0,0
272700000000,273000000000,6283499093,358,351640491,0.000410,0.001265,0.001928,0.000177,0.000520,0.001369,0.000001,0.000000,0.008011,0.000072,2.290000,0.006368,0.000000,0.000000,0.000359,0,0
273000000000,273300000000,6283499093,358,351640491,0.000432,0.001177,0.001925,0.000176,0.000435,0.001368,0.000002,0.000000,0.007111,0.000215,2.861000,0.009094,0.000000,0.000000,0.000318,0,0
273300000000,273600000000,6283499093,358,351640491,0.000385,0.001106,0.001925,0.000176,0.000362,0.001366,0.000000,0.000000,0.004723,0.000000,2.792000,0.009039,0.000000,0.000000,0.000425,0,0
273600000000,273900000000,6283499093,358,351640491,0.000348,0.001055,0.001923,0.000176,0.000311,0.001364,0.000001,0.000000,0.004059,0.000143,2.402000,0.007234,0.000000,0.000000,0.000214,0,0
273900000000,274200000000,6283499093,358,351640491,0.000344,0.000994,0.001923,0.000176,0.000248,0.001352,0.000001,0.000000,0.004974,0.000143,2.274000,0.006362,0.000000,0.000000,0.000167,0,0
274200000000,274500000000,6283499093,358,351640491,0.000360,0.001078,0.001925,0.000176,0.000329,0.001369,0.000002,0.000000,0.004204,0.000215,2.889000,0.009039,0.000000,0.000000,0.000353,0,0
274500000000,274800000000,6283499093,358,351640491,0.000356,0.001312,0.001930,0.000176,0.000564,0.001369,0.000000,0.000000,0.004868,0.000000,2.745000,0.008359,0.000000,0.000000,0.000154,0,0
274800000000,275100000000,6283499093,358,351640491,0.000333,0.001295,0.001930,0.000175,0.000547,0.001368,0.000003,0.000000,0.014920,0.000571,2.638000,0.007550,0.000000,0.000000,0.000601,0,0
275100000000,275400000000,6283499093,358,351640491,0.000336,0.001335,0.001930,0.000175,0.000588,0.001371,0.000000,0.000000,0.004372,0.000000,2.553000,0.007300,0.000000,0.000000,0.000146,0,0
275400000000,275700000000,6283499093,358,351640491,0.000333,0.001085,0.001925,0.000175,0.000337,0.001371,0.000000,0.000000,0.004745,0.000072,2.577000,0.007552,0.000000,0.000000,0.000293,0,0
275700000000,276000000000,6283499093,358,351640491,0.000360,0.000971,0.001923,0.000175,0.000223,0.001194,0.000000,0.000000,0.006706,0.000072,2.805000,0.008498,0.000000,0.000000,0.000647,0,0
276000000000,276300000000,6283499093,358,351640491,0.000352,0.000996,0.001923,0.000176,0.000246,0.001209,0.000002,0.000000,0.004379,0.000286,2.457000,0.006909,0.000000,0.000000,0.000115,0,0
276300000000,276600000000,6283499093,358,351640491,0.000334,0.000996,0.001923,0.000176,0.000247,0.001301,0.000001,0.000000,0.004868,0.000143,2.608000,0.007550,0.000000,0.000000,0.000143,0,0
276600000000,276900000000,6283499093,358,351640491,0.000316,0.001036,0.001923,0.000176,0.000289,0.001368,0.000002,0.000000,0.004120,0.000428,2.447000,0.006920,0.000000,0.000000,0.000081,0,0
276900000000,277200000000,6283499093,358,351640491,0.000316,0.001091,0.001923,0.000176,0.000345,0.001368,0.000000,0.000000,0.001642,0.000072,2.524000,0.007227,0.000000,0.000000,0.000595,0,0
277200000000,277500000000,6283499093,358,351640491,0.000329,0.001144,0.001926,0.000223,0.000398,0.001368,0.000455,0.000000,0.005562,0.030000,2.465000,0.006884,0.000000,0.000000,0.000750,0,0
277500000000,277739000000,6283499093,358,351640491,0.000364,0.001081,0.001932,0.000337,0.000520,0.001223,0.000061,0.000000,0.004494,0.012210,2.553000,0.007920,0.000000,0.000000,0.000440,0,0
277739000000,277752000000,6283499093,358,351640491,0.000218,0.000014,0.000000,0.000043,0.000043,0.000182,0.000203,0.000000,0.002838,0.002357,2.527000,0.007959,0.000000,0.000000,0.000000,0,0
277752000000,277753000000,6283499093,358,351640491,0.000000,0.000000,0.000000,0.000000,0.000000,0.000000,0.000000,0.000000,0.000000,0.000000,2.527000,0.007959,0.000000,0.000000,0.000000,0,0
