272490000000,272612000000,6283499093,359,4802042730,0.000000,0.000000,0.000000,0.000000,0.000000,0.000000,0.000000,0.000000,0.000000,0.000000,0.000000,0.000000,0.000000,0.000000,0.000000,0,0
272612000000,272700000000,6283499093,359,4802042730,0.000785,0.001553,0.001926,0.000298,0.000717,0.001646,0.001898,0.000000,0.014070,0.049190,2.470000,0.000000,0.000000,0.000000,0.000529,0,0
272700000000,273000000000,6283499093,359,4802042730,0.000345,0.001066,0.001930,0.000300,0.000743,0.001526,0.000009,0.000000,0.004204,0.002430,2.255000,0.000000,0.000000,0.000000,0.000110,0,0
273000000000,273300000000,6283499093,359,4802042730,0.000402,0.000988,0.001930,0.000300,0.000743,0.000994,0.000003,0.000000,0.005219,0.000215,2.140000,0.000000,0.000000,0.000000,0.000152,0,0
273300000000,273600000000,6283499093,359,4802042730,0.000394,0.000980,0.001930,0.000300,0.000744,0.001001,0.000001,0.000000,0.020050,0.000072,2.546000,0.000000,0.000000,0.000000,0.000229,0,0
273600000000,273900000000,6283499093,359,4802042730,0.000408,0.001034,0.001928,0.000297,0.000667,0.001381,0.000001,0.000000,0.008057,0.000072,2.885000,0.000000,0.000000,0.000000,0.000318,0,0
273900000000,274200000000,6283499093,359,4802042730,0.000385,0.001328,0.001926,0.000296,0.000686,0.001390,0.000001,0.000000,0.003952,0.000072,2.919000,0.000000,0.000000,0.000000,0.000112,0,0
274200000000,274500000000,6283499093,359,4802042730,0.000368,0.001036,0.001925,0.000296,0.000369,0.001387,0.000019,0.000000,0.007004,0.004074,2.828000,0.000000,0.000000,0.000000,0.000233,0,0
274500000000,274800000000,6283499093,359,4802042730,0.000328,0.001215,0.001923,0.000295,0.000545,0.001411,0.000001,0.000000,0.004669,0.000072,3.242000,0.000000,0.000000,0.000000,0.000644,0,0
274800000000,275100000000,6283499093,359,4802042730,0.000301,0.001188,0.001923,0.000295,0.000519,0.001411,0.000000,0.000000,0.004425,0.000072,2.517000,0.000000,0.000000,0.000000,0.000232,0,0
275100000000,275400000000,6283499093,359,4802042730,0.000311,0.001139,0.001925,0.000295,0.000467,0.001413,0.000000,0.000000,0.004425,0.000000,1.931000,0.000000,0.000000,0.000000,0.000141,0,0
275400000000,275700000000,6283499093,359,4802042730,0.000298,0.001064,0.001925,0.000295,0.000391,0.001413,0.000000,0.000000,0.004692,0.000072,2.470000,0.000000,0.000000,0.000000,0.000585,0,0
275700000000,276000000000,6283499093,359,4802042730,0.000367,0.001017,0.001925,0.000293,0.000336,0.001425,0.000002,0.000000,0.004189,0.000143,2.274000,0.000000,0.000000,0.000000,0.000223,0,0
276000000000,276300000000,6283499093,359,4802042730,0.000377,0.001156,0.001925,0.000279,0.000452,0.001432,0.000003,0.000000,0.004631,0.000215,2.642000,0.000000,0.000000,0.000000,0.000247,0,0
276300000000,276600000000,6283499093,359,4802042730,0.000342,0.001266,0.001925,0.000279,0.000554,0.001440,0.000001,0.000000,0.006248,0.000072,2.226000,0.000000,0.000000,0.000000,0.000644,0,0
276600000000,276900000000,6283499093,359,4802042730,0.000305,0.001106,0.001925,0.000279,0.000394,0.001440,0.000001,0.000000,0.004456,0.000072,2.767000,0.000000,0.000000,0.000000,0.000163,0,0
276900000000,277200000000,6283499093,359,4802042730,0.000351,0.001144,0.001923,0.000279,0.000435,0.001434,0.000000,0.000000,0.005486,0.000072,2.468000,0.000000,0.000000,0.000000,0.000253,0,0
277200000000,277409000000,6283499093,359,4802042730,0.000398,0.000990,0.001921,0.000279,0.000417,0.001431,0.000012,0.000000,0.004280,0.001858,4.835000,0.000000,0.000000,0.000000,0.000541,0,0
277409000000,277426000000,6283499093,359,4802042730,0.000198,0.000000,0.000000,0.000000,0.000000,0.000000,0.000004,0.000000,0.003376,0.000072,8.565000,0.000000,0.000000,0.000000,0.000000,0,0
277426000000,277427000000,6283499093,359,4802042730,0.000000,0.000000,0.000000,0.000000,0.000000,0.000000,0.000000,0.000000,0.000000,0.000000,8.565000,0.000000,0.000000,0.000000,0.000000,0,0
