272492000000,272613000000,6283499093,36,4820099485,0.000000,0.000000,0.000000,0.000000,0.000000,0.000000,0.000000,0.000000,0.000000,0.000000,0.000000,0.000000,0.000000,0.000000,0.000000,0,0
272613000000,272700000000,6283499093,36,4820099485,0.000827,0.001484,0.001930,0.000274,0.000670,0.001659,0.002686,0.000000,0.041810,0.046630,2.869000,0.000000,0.000000,0.000000,0.000530,0,0
272700000000,273000000000,6283499093,36,4820099485,0.000374,0.001081,0.001930,0.000288,0.000732,0.001537,0.000000,0.000000,0.009674,0.000072,2.759000,0.000000,0.000000,0.000000,0.000067,0,0
273000000000,273300000000,6283499093,36,4820099485,0.000382,0.000992,0.001930,0.000287,0.000730,0.001001,0.000000,0.000000,0.004745,0.000072,3.416000,0.000000,0.000000,0.000000,0.000273,0,0
273300000000,273600000000,6283499093,36,4820099485,0.000325,0.000982,0.001932,0.000287,0.000730,0.000984,0.000000,0.000000,0.004288,0.000000,2.849000,0.000000,0.000000,0.000000,0.000202,0,0
273600000000,273900000000,6283499093,36,4820099485,0.000346,0.000999,0.001932,0.000287,0.000732,0.001011,0.000001,0.000000,0.004120,0.000072,2.692000,0.000000,0.000000,0.000000,0.000177,0,0
273900000000,274200000000,6283499093,36,4820099485,0.000342,0.000994,0.001930,0.000287,0.000732,0.001013,0.000000,0.000000,0.003860,0.000072,2.627000,0.000000,0.000000,0.000000,0.000136,0,0
274200000000,274500000000,6283499093,36,4820099485,0.000350,0.001001,0.001932,0.000287,0.000732,0.001015,0.000003,0.000000,0.004211,0.000500,3.106000,0.000000,0.000000,0.000000,0.000274,0,0
274500000000,274800000000,6283499093,36,4820099485,0.000364,0.001013,0.001930,0.000287,0.000732,0.001047,0.000001,0.000000,0.004433,0.000143,2.715000,0.000000,0.000000,0.000000,0.000679,0,0
274800000000,275100000000,6283499093,36,4820099485,0.000367,0.001040,0.001932,0.000287,0.000732,0.001045,0.000000,0.000000,0.004303,0.000072,2.944000,0.000000,0.000000,0.000000,0.000252,0,0
275100000000,275400000000,6283499093,36,4820099485,0.000347,0.001026,0.001932,0.000287,0.000732,0.001028,0.000000,0.000000,0.004341,0.000072,2.804000,0.000000,0.000000,0.000000,0.000645,0,0
275400000000,275700000000,6283499093,36,4820099485,0.000328,0.001040,0.001930,0.000287,0.000732,0.001049,0.000003,0.000000,0.009567,0.000714,2.611000,0.000000,0.000000,0.000000,0.000558,0,0
275700000000,276000000000,6283499093,36,4820099485,0.000320,0.001026,0.001930,0.000287,0.000732,0.001041,0.000000,0.000000,0.007179,0.000000,3.150000,0.000000,0.000000,0.000000,0.000187,0,0
276000000000,276300000000,6283499093,36,4820099485,0.000350,0.001043,0.001932,0.000287,0.000732,0.001053,0.000002,0.000000,0.004524,0.000143,2.657000,0.000000,0.000000,0.000000,0.000538,0,0
276300000000,276600000000,6283499093,36,4820099485,0.000330,0.001030,0.001932,0.000287,0.000732,0.001040,0.000000,0.000000,0.009766,0.000000,2.646000,0.000000,0.000000,0.000000,0.000157,0,0
276600000000,276900000000,6283499093,36,4820099485,0.001877,0.001175,0.001926,0.000278,0.000738,0.001232,0.000037,0.000000,0.064940,0.007004,0.978300,0.000000,0.000000,0.000000,0.047670,0,0
276900000000,277200000000,6283499093,36,4820099485,0.000467,0.001141,0.001928,0.000274,0.000738,0.001146,0.000000,0.000000,0.004974,0.000000,3.956000,0.000000,0.000000,0.000000,0.000620,0,0
277200000000,277500000000,6283499093,36,4820099485,0.000411,0.001154,0.001928,0.000274,0.000738,0.001162,0.000005,0.000000,0.006546,0.000786,3.077000,0.000000,0.000000,0.000000,0.000115,0,0
277500000000,277800000000,6283499093,36,4820099485,0.000379,0.001154,0.001930,0.000274,0.000738,0.001163,0.000004,0.000000,0.012150,0.000215,2.788000,0.000000,0.000000,0.000000,0.000201,0,0
277800000000,278100000000,6283499093,36,4820099485,0.000392,0.001160,0.001930,0.000273,0.000738,0.001169,0.000007,0.000000,0.005219,0.000786,2.908000,0.000000,0.000000,0.000000,0.000340,0,0
278100000000,278400000000,6283499093,36,4820099485,0.000398,0.001154,0.001928,0.000273,0.000739,0.001167,0.000004,0.000000,0.009552,0.000357,2.675000,0.000000,0.000000,0.000000,0.000274,0,0
278400000000,278700000000,6283499093,36,4820099485,0.000379,0.001152,0.001930,0.000273,0.000739,0.001162,0.000004,0.000000,0.007042,0.000286,2.822000,0.000000,0.000000,0.000000,0.000523,0,0
278700000000,279000000000,6283499093,36,4820099485,0.000406,0.001163,0.001928,0.000274,0.000739,0.001179,0.000005,0.000000,0.004639,0.000714,2.505000,0.000000,0.000000,0.000000,0.000148,0,0
279000000000,279180000000,6283499093,36,4820099485,0.004120,0.001272,0.002136,0.000168,0.000629,0.001562,0.000094,0.000000,0.118300,0.007713,0.828500,0.000000,0.000000,0.000000,0.000254,0,0
279180000000,279191000000,6283499093,36,4820099485,0.000258,0.000000,0.000000,0.000000,0.000000,0.000000,0.000030,0.000000,0.002842,0.000286,3.304000,0.000000,0.000000,0.000000,0.000000,0,0
279191000000,279194000000,6283499093,36,4820099485,0.000000,0.000000,0.000000,0.000000,0.000000,0.000000,0.000000,0.000000,0.000000,0.000000,3.304000,0.000000,0.000000,0.000000,0.000000,0,0
