272492000000,272523000000,6283499093,360,257405900,0.000000,0.000000,0.000000,0.000000,0.000000,0.000000,0.000000,0.000000,0.000000,0.000000,0.000000,0.000000,0.000000,0.000000,0.000000,0,0
272523000000,272700000000,6283499093,360,257405900,0.000607,0.001406,0.001932,0.000361,0.000794,0.001667,0.001291,0.000000,0.014240,0.049130,2.159000,0.005897,0.000000,0.000000,0.000130,0,0
272700000000,273000000000,6283499093,360,257405900,0.000367,0.000929,0.001934,0.000365,0.000808,0.001001,0.000000,0.000000,0.004570,0.000000,2.986000,0.009737,0.000000,0.000000,0.000986,0,0
273000000000,273300000000,6283499093,360,257405900,0.000392,0.000943,0.001934,0.000364,0.000808,0.000958,0.000001,0.000000,0.004822,0.000143,2.294000,0.006514,0.000000,0.000000,0.000176,0,0
273300000000,273600000000,6283499093,360,257405900,0.000369,0.000947,0.001934,0.000363,0.000808,0.000956,0.000000,0.000000,0.047850,0.000072,2.708000,0.008558,0.000000,0.000000,0.000558,0,0
273600000000,273900000000,6283499093,360,257405900,0.000380,0.000945,0.001934,0.000363,0.000808,0.000961,0.000001,0.000000,0.001720,0.000215,2.582000,0.007799,0.000000,0.000000,0.000353,0,0
273900000000,274200000000,6283499093,360,257405900,0.000362,0.000951,0.001934,0.000363,0.000808,0.000964,0.000000,0.000000,0.008255,0.000072,2.658000,0.008205,0.000000,0.000000,0.000293,0,0
274200000000,274500000000,6283499093,360,257405900,0.000390,0.000956,0.001934,0.000363,0.000808,0.000963,0.000004,0.000000,0.001968,0.000643,3.037000,0.009744,0.000000,0.000000,0.000258,0,0
274500000000,274800000000,6283499093,360,257405900,0.000977,0.001051,0.001930,0.000360,0.000812,0.001200,0.000031,0.000000,0.064210,0.005569,0.787600,0.001007,0.000000,0.000000,0.000133,0,0
274800000000,275100000000,6283499093,360,257405900,0.000506,0.001118,0.001930,0.000350,0.000814,0.001192,0.000003,0.000000,0.003506,0.000571,3.513000,0.012060,0.000000,0.000000,0.000668,0,0
275100000000,275400000000,6283499093,360,257405900,0.000437,0.001104,0.001932,0.000350,0.000814,0.001108,0.000000,0.000000,0.004723,0.000072,3.184000,0.010350,0.000000,0.000000,0.000599,0,0
275400000000,275700000000,6283499093,360,257405900,0.000348,0.001110,0.001932,0.000350,0.000815,0.001129,0.000001,0.000000,0.006081,0.000143,2.527000,0.007390,0.000000,0.000000,0.000112,0,0
275700000000,276000000000,6283499093,360,257405900,0.000369,0.001125,0.001932,0.000350,0.000815,0.001133,0.000000,0.000000,0.004807,0.000072,2.894000,0.008835,0.000000,0.000000,0.001013,0,0
276000000000,276300000000,6283499093,360,257405900,0.000352,0.001131,0.001932,0.000350,0.000814,0.001139,0.000001,0.000000,0.005157,0.000215,3.010000,0.009427,0.000000,0.000000,0.000539,0,0
276300000000,276600000000,6283499093,360,257405900,0.000431,0.001135,0.001932,0.000349,0.000814,0.001156,0.000002,0.000000,0.057560,0.000072,3.165000,0.010030,0.000000,0.000000,0.000292,0,0
276600000000,276900000000,6283499093,360,257405900,0.000397,0.001123,0.001932,0.000349,0.000814,0.001137,0.000001,0.000000,0.005196,0.000143,2.206000,0.006115,0.000000,0.000000,0.000656,0,0
276900000000,277200000000,6283499093,360,257405900,0.000421,0.001129,0.001932,0.000350,0.000815,0.001141,0.000000,0.000000,0.005249,0.000072,2.843000,0.008832,0.000000,0.000000,0.000251,0,0
277200000000,277500000000,6283499093,360,257405900,0.000390,0.001112,0.001932,0.000349,0.000815,0.001120,0.000004,0.000000,0.005676,0.000357,2.885000,0.009213,0.000000,0.000000,0.000398,0,0
277500000000,277800000000,6283499093,360,257405900,0.000340,0.001118,0.001932,0.000349,0.000815,0.001129,0.000003,0.000000,0.004570,0.000500,2.588000,0.007606,0.000000,0.000000,0.000451,0,0
277800000000,278100000000,6283499093,360,257405900,0.000372,0.001125,0.001932,0.000349,0.000815,0.001133,0.000003,0.000000,0.004639,0.000286,2.894000,0.008969,0.000000,0.000000,0.000583,0,0
278100000000,278400000000,6283499093,360,257405900,0.000388,0.001112,0.001932,0.000349,0.000815,0.001122,0.000003,0.000000,0.004768,0.000215,2.952000,0.009256,0.000000,0.000000,0.000413,0,0
278400000000,278700000000,6283499093,360,257405900,0.000405,0.001122,0.001932,0.000349,0.000815,0.001156,0.000004,0.000000,0.004578,0.000286,2.504000,0.007481,0.000000,0.000000,0.000468,0,0
278700000000,279000000000,6283499093,360,257405900,0.000428,0.001129,0.001932,0.000346,0.000815,0.001163,0.000002,0.000000,0.004684,0.000215,2.698000,0.008208,0.000000,0.000000,0.000208,0,0
279000000000,279119000000,6283499093,360,257405900,0.000566,0.001106,0.001932,0.000350,0.000815,0.001141,0.000006,0.000000,0.016050,0.000357,2.748000,0.008458,0.000000,0.000000,0.000424,0,0
279119000000,279132000000,6283499093,360,257405900,0.000290,0.000000,0.000000,0.000000,0.000000,0.000000,0.000038,0.000000,0.003773,0.000500,2.798000,0.008653,0.000000,0.000000,0.000000,0,0
279132000000,279133000000,6283499093,360,257405900,0.000000,0.000000,0.000000,0.000000,0.000000,0.000000,0.000000,0.000000,0.000000,0.000000,2.798000,0.008653,0.000000,0.000000,0.000000,0,0
