272496000000,272553000000,6283499093,361,4837752655,0.000000,0.000000,0.000000,0.000000,0.000000,0.000000,0.000018,0.000000,0.000000,0.000714,0.000000,0.000000,0.000000,0.000000,0.000000,0,0
272553000000,272700000000,6283499093,361,4837752655,0.006569,0.001188,0.001921,0.000066,0.000147,0.001755,0.000360,0.000000,0.069090,0.013000,0.729400,0.000000,0.000000,0.000000,0.001348,0,0
272700000000,273000000000,6283499093,361,4837752655,0.000566,0.001282,0.001919,0.000064,0.000229,0.001612,0.000000,0.000000,0.005028,0.000072,4.663000,0.000000,0.000000,0.000000,0.000532,0,0
273000000000,273300000000,6283499093,361,4837752655,0.000550,0.001236,0.001921,0.000064,0.000181,0.001593,0.000010,0.000000,0.004982,0.002930,3.219000,0.000000,0.000000,0.000000,0.000496,0,0
273300000000,273600000000,6283499093,361,4837752655,0.000418,0.001204,0.001925,0.000064,0.000143,0.001589,0.000003,0.000000,0.005424,0.000643,2.420000,0.000000,0.000000,0.000000,0.000583,0,0
273600000000,273900000000,6283499093,361,4837752655,0.000427,0.001188,0.001925,0.000063,0.000126,0.001589,0.000001,0.000000,0.004715,0.000143,2.224000,0.000000,0.000000,0.000000,0.000333,0,0
273900000000,274200000000,6283499093,361,4837752655,0.000389,0.001196,0.001925,0.000063,0.000133,0.001587,0.000000,0.000000,0.004738,0.000072,2.821000,0.000000,0.000000,0.000000,0.000237,0,0
274200000000,274500000000,6283499093,361,4837752655,0.000352,0.001179,0.001926,0.000063,0.000116,0.001587,0.000007,0.000000,0.005241,0.001286,2.482000,0.000000,0.000000,0.000000,0.000250,0,0
274500000000,274800000000,6283499093,361,4837752655,0.000370,0.001211,0.001926,0.000063,0.000147,0.001595,0.000001,0.000000,0.005615,0.000143,2.347000,0.000000,0.000000,0.000000,0.004837,0,0
274800000000,275100000000,6283499093,361,4837752655,0.000360,0.001221,0.001926,0.000063,0.000153,0.001598,0.000001,0.000000,0.009903,0.000357,2.682000,0.000000,0.000000,0.000000,0.000221,0,0
275100000000,275400000000,6283499093,361,4837752655,0.000361,0.001217,0.001925,0.000063,0.000150,0.001598,0.000000,0.000000,0.005318,0.000000,3.024000,0.000000,0.000000,0.000000,0.000638,0,0
275400000000,275700000000,6283499093,361,4837752655,0.000343,0.001202,0.001923,0.000063,0.000137,0.001593,0.000000,0.000000,0.004936,0.000072,2.576000,0.000000,0.000000,0.000000,0.000350,0,0
275700000000,276000000000,6283499093,361,4837752655,0.000350,0.001190,0.001925,0.000063,0.000120,0.001595,0.000004,0.000000,0.010880,0.000999,2.225000,0.000000,0.000000,0.000000,0.000193,0,0
276000000000,276300000000,6283499093,361,4837752655,0.000472,0.001213,0.001923,0.000072,0.000131,0.001616,0.000010,0.000000,0.007156,0.001143,2.954000,0.000000,0.000000,0.000000,0.000173,0,0
276300000000,276600000000,6283499093,361,4837752655,0.000469,0.001217,0.001923,0.000079,0.000144,0.001619,0.000001,0.000000,0.001778,0.000072,3.262000,0.000000,0.000000,0.000000,0.000317,0,0
276600000000,276900000000,6283499093,361,4837752655,0.000405,0.001225,0.001921,0.000079,0.000150,0.001619,0.000001,0.000000,0.003876,0.000143,3.100000,0.000000,0.000000,0.000000,0.000544,0,0
276900000000,277200000000,6283499093,361,4837752655,0.000327,0.001223,0.001923,0.000079,0.000150,0.001617,0.000000,0.000000,0.004738,0.000072,2.315000,0.000000,0.000000,0.000000,0.000224,0,0
277200000000,277500000000,6283499093,361,4837752655,0.000309,0.001188,0.001926,0.000079,0.000114,0.001566,0.000011,0.000000,0.005020,0.002285,2.727000,0.000000,0.000000,0.000000,0.000209,0,0
277500000000,277800000000,6283499093,361,4837752655,0.000363,0.001223,0.001923,0.000079,0.000146,0.001623,0.000002,0.000000,0.004837,0.000072,2.151000,0.000000,0.000000,0.000000,0.000158,0,0
277800000000,278100000000,6283499093,361,4837752655,0.000336,0.001234,0.001921,0.000079,0.000159,0.001625,0.000010,0.000000,0.003677,0.001072,2.583000,0.000000,0.000000,0.000000,0.000112,0,0
278100000000,278399000000,6283499093,361,4837752655,0.000343,0.001225,0.001925,0.000079,0.000158,0.001617,0.000002,0.000000,0.005150,0.000072,2.679000,0.000000,0.000000,0.000000,0.000673,0,0
278399000000,278400000000,6283499093,361,4837752655,0.002449,0.000000,0.000000,0.000000,0.000000,0.000000,0.000000,0.000000,0.002449,0.000000,1.864000,0.000000,0.000000,0.000000,0.000000,0,0
278400000000,278411000000,6283499093,361,4837752655,0.000000,0.000000,0.000000,0.000000,0.000000,0.000000,0.000007,0.000000,0.000000,0.000072,1.864000,0.000000,0.000000,0.000000,0.000000,0,0
278411000000,278412000000,6283499093,361,4837752655,0.000000,0.000000,0.000000,0.000000,0.000000,0.000000,0.000000,0.000000,0.000000,0.000000,1.864000,0.000000,0.000000,0.000000,0.000000,0,0
