272492000000,272540000000,6283499093,362,4802850526,0.000000,0.000000,0.000000,0.000000,0.000000,0.000000,0.000000,0.000000,0.000000,0.000000,0.000000,0.000000,0.000000,0.000000,0.000000,0,0
272540000000,272700000000,6283499093,362,4802850526,0.000637,0.000937,0.001925,0.000096,0.000133,0.001062,0.000303,0.000000,0.012370,0.007996,2.545000,0.000000,0.000000,0.000000,0.003902,0,0
272700000000,273000000000,6283499093,362,4802850526,0.000380,0.001083,0.001930,0.000098,0.000520,0.001348,0.000000,0.000000,0.004616,0.000000,3.564000,0.000000,0.000000,0.000000,0.000647,0,0
273000000000,273300000000,6283499093,362,4802850526,0.000363,0.001202,0.001926,0.000094,0.000514,0.001358,0.000001,0.000000,0.005142,0.000143,3.129000,0.000000,0.000000,0.000000,0.000171,0,0
273300000000,273600000000,6283499093,362,4802850526,0.000490,0.001244,0.001926,0.000096,0.000501,0.001404,0.000020,0.000000,0.036380,0.004997,3.104000,0.000000,0.000000,0.000000,0.000292,0,0
273600000000,273900000000,6283499093,362,4802850526,0.000392,0.001135,0.001926,0.000094,0.000493,0.001400,0.000001,0.000000,0.004425,0.000143,3.526000,0.000000,0.000000,0.000000,0.000274,0,0
273900000000,274200000000,6283499093,362,4802850526,0.000332,0.001209,0.001926,0.000094,0.000458,0.001417,0.000000,0.000000,0.004517,0.000072,2.512000,0.000000,0.000000,0.000000,0.000153,0,0
274200000000,274500000000,6283499093,362,4802850526,0.000287,0.001070,0.001925,0.000093,0.000256,0.001394,0.000002,0.000000,0.004913,0.000143,2.823000,0.000000,0.000000,0.000000,0.000270,0,0
274500000000,274800000000,6283499093,362,4802850526,0.000282,0.001047,0.001928,0.000093,0.000175,0.001410,0.000000,0.000000,0.004501,0.000000,2.486000,0.000000,0.000000,0.000000,0.000101,0,0
274800000000,275100000000,6283499093,362,4802850526,0.000277,0.001116,0.001926,0.000093,0.000243,0.001411,0.000000,0.000000,0.004120,0.000072,3.076000,0.000000,0.000000,0.000000,0.000227,0,0
275100000000,275400000000,6283499093,362,4802850526,0.000280,0.001144,0.001926,0.000093,0.000298,0.001410,0.000013,0.000000,0.004196,0.002857,2.471000,0.000000,0.000000,0.000000,0.000250,0,0
275400000000,275700000000,6283499093,362,4802850526,0.000291,0.001158,0.001928,0.000093,0.000306,0.001417,0.000000,0.000000,0.004684,0.000072,2.692000,0.000000,0.000000,0.000000,0.000081,0,0
275700000000,276000000000,6283499093,362,4802850526,0.000290,0.001278,0.001926,0.000092,0.000415,0.001425,0.000013,0.000000,0.017490,0.002857,2.923000,0.000000,0.000000,0.000000,0.000590,0,0
276000000000,276300000000,6283499093,362,4802850526,0.000300,0.001160,0.001926,0.000089,0.000331,0.001421,0.000002,0.000000,0.004791,0.000500,2.933000,0.000000,0.000000,0.000000,0.000173,0,0
276300000000,276600000000,6283499093,362,4802850526,0.000340,0.001116,0.001925,0.000089,0.000242,0.001425,0.000003,0.000000,0.004829,0.000643,3.368000,0.000000,0.000000,0.000000,0.000602,0,0
276600000000,276900000000,6283499093,362,4802850526,0.000328,0.001120,0.001928,0.000089,0.000223,0.001438,0.000003,0.000000,0.001389,0.000643,3.125000,0.000000,0.000000,0.000000,0.000169,0,0
276900000000,277200000000,6283499093,362,4802850526,0.000887,0.001156,0.001925,0.000092,0.000309,0.001558,0.000004,0.000000,0.054630,0.000571,2.962000,0.000000,0.000000,0.000000,0.000190,0,0
277200000000,277299000000,6283499093,362,4802850526,0.000372,0.000665,0.001928,0.000089,0.000127,0.001013,0.000005,0.000000,0.004539,0.000428,4.008000,0.000000,0.000000,0.000000,0.000280,0,0
277299000000,277317000000,6283499093,362,4802850526,0.000185,0.000000,0.000000,0.000000,0.000000,0.000000,0.000099,0.000000,0.003323,0.001715,3.068000,0.000000,0.000000,0.000000,0.000000,0,0
277317000000,277318000000,6283499093,362,4802850526,0.000000,0.000000,0.000000,0.000000,0.000000,0.000000,0.000000,0.000000,0.000000,0.000000,3.068000,0.000000,0.000000,0.000000,0.000000,0,0
