272494000000,272610000000,6283499093,363,4802125400,0.000000,0.000000,0.000000,0.000000,0.000000,0.000000,0.000001,0.000000,0.000000,0.000072,0.000000,0.000000,0.000000,0.000000,0.000000,0,0
272610000000,272700000000,6283499093,363,4802125400,0.000850,0.000845,0.001915,0.000038,0.000086,0.001369,0.000265,0.000000,0.008850,0.009430,3.180000,0.000000,0.000000,0.000000,0.001368,0,0
272700000000,273000000000,6283499093,363,4802125400,0.000427,0.000984,0.001913,0.000041,0.000096,0.001293,0.000000,0.000000,0.004257,0.000072,3.202000,0.000000,0.000000,0.000000,0.000095,0,0
273000000000,273300000000,6283499093,363,4802125400,0.000427,0.000962,0.001913,0.000040,0.000072,0.001177,0.000001,0.000000,0.005173,0.000143,3.383000,0.000000,0.000000,0.000000,0.000152,0,0
273300000000,273600000000,6283499093,363,4802125400,0.000298,0.000965,0.001915,0.000040,0.000071,0.001354,0.000000,0.000000,0.004105,0.000000,2.771000,0.000000,0.000000,0.000000,0.000629,0,0
273600000000,273900000000,6283499093,363,4802125400,0.000318,0.001024,0.001913,0.000040,0.000128,0.001389,0.000001,0.000000,0.005257,0.000143,2.408000,0.000000,0.000000,0.000000,0.000255,0,0
273900000000,274200000000,6283499093,363,4802125400,0.000325,0.001019,0.001913,0.000040,0.000119,0.001383,0.000000,0.000000,0.004501,0.000072,2.873000,0.000000,0.000000,0.000000,0.000893,0,0
274200000000,274500000000,6283499093,363,4802125400,0.000318,0.000990,0.001913,0.000040,0.000091,0.001345,0.000001,0.000000,0.004509,0.000215,2.779000,0.000000,0.000000,0.000000,0.000104,0,0
274500000000,274800000000,6283499093,363,4802125400,0.000428,0.000990,0.001913,0.000041,0.000064,0.001478,0.000014,0.000000,0.012470,0.001999,1.374000,0.000000,0.000000,0.000000,0.000872,0,0
274800000000,275100000000,6283499093,363,4802125400,0.000417,0.001057,0.001909,0.000040,0.000094,0.001465,0.000000,0.000000,0.005196,0.000072,3.891000,0.000000,0.000000,0.000000,0.000231,0,0
275100000000,275400000000,6283499093,363,4802125400,0.000414,0.001059,0.001913,0.000040,0.000098,0.001467,0.000000,0.000000,0.005203,0.000000,2.982000,0.000000,0.000000,0.000000,0.000300,0,0
275400000000,275700000000,6283499093,363,4802125400,0.000364,0.001049,0.001913,0.000040,0.000086,0.001307,0.000001,0.000000,0.004837,0.000143,2.206000,0.000000,0.000000,0.000000,0.000343,0,0
275700000000,276000000000,6283499093,363,4802125400,0.000428,0.001072,0.001911,0.000040,0.000104,0.001474,0.000001,0.000000,0.004807,0.000072,2.735000,0.000000,0.000000,0.000000,0.000219,0,0
276000000000,276300000000,6283499093,363,4802125400,0.000415,0.001072,0.001911,0.000040,0.000102,0.001474,0.000002,0.000000,0.005035,0.000357,2.829000,0.000000,0.000000,0.000000,0.000630,0,0
276300000000,276600000000,6283499093,363,4802125400,0.000451,0.001118,0.001911,0.000041,0.000140,0.001482,0.000002,0.000000,0.010440,0.000143,1.743000,0.000000,0.000000,0.000000,0.000192,0,0
276600000000,276900000000,6283499093,363,4802125400,0.000425,0.001097,0.001909,0.000041,0.000093,0.001509,0.000001,0.000000,0.005180,0.000143,3.060000,0.000000,0.000000,0.000000,0.000286,0,0
276900000000,277200000000,6283499093,363,4802125400,0.000472,0.000865,0.001909,0.000041,0.000087,0.001497,0.000001,0.000000,0.018620,0.000072,3.378000,0.000000,0.000000,0.000000,0.000169,0,0
277200000000,277429000000,6283499093,363,4802125400,0.000387,0.000698,0.001913,0.000041,0.000131,0.001074,0.000005,0.000000,0.004387,0.000357,2.900000,0.000000,0.000000,0.000000,0.000181,0,0
277429000000,277446000000,6283499093,363,4802125400,0.000188,0.000000,0.000000,0.000000,0.000000,0.000000,0.000033,0.000000,0.003189,0.000571,2.873000,0.000000,0.000000,0.000000,0.000000,0,0
277446000000,277448000000,6283499093,363,4802125400,0.000000,0.000000,0.000000,0.000000,0.000000,0.000000,0.000000,0.000000,0.000000,0.000000,2.873000,0.000000,0.000000,0.000000,0.000000,0,0
