272506000000,272648000000,6283499093,364,379076362,0.000000,0.000000,0.000000,0.000000,0.000000,0.000000,0.000000,0.000000,0.000000,0.000000,0.000000,0.000000,0.000000,0.000000,0.000000,0,0
272648000000,272700000000,6283499093,364,379076362,0.000960,0.000773,0.001928,0.000198,0.000236,0.001184,0.002697,0.000000,0.042050,0.014920,1.718000,0.003691,0.000000,0.000000,0.000167,0,0
272700000000,273000000000,6283499093,364,379076362,0.000324,0.000958,0.001926,0.000217,0.000264,0.001184,0.000001,0.000000,0.005318,0.000143,2.512000,0.007032,0.000000,0.000000,0.000799,0,0
273000000000,273300000000,6283499093,364,379076362,0.000320,0.000997,0.001923,0.000217,0.000335,0.001324,0.000003,0.000000,0.001471,0.000643,3.313000,0.010360,0.000000,0.000000,0.000368,0,0
273300000000,273600000000,6283499093,364,379076362,0.000347,0.001078,0.001925,0.000215,0.000405,0.001341,0.000003,0.000000,0.004768,0.000643,3.692000,0.011660,0.000000,0.000000,0.000219,0,0
273600000000,273900000000,6283499093,364,379076362,0.000407,0.001156,0.001925,0.000202,0.000453,0.001350,0.000001,0.000000,0.009277,0.000143,2.794000,0.008404,0.000000,0.000000,0.000116,0,0
273900000000,274200000000,6283499093,364,379076362,0.000370,0.001196,0.001926,0.000202,0.000491,0.001354,0.000000,0.000000,0.004997,0.000072,3.232000,0.010100,0.000000,0.000000,0.000520,0,0
274200000000,274500000000,6283499093,364,379076362,0.000310,0.001242,0.001928,0.000202,0.000534,0.001354,0.000003,0.000000,0.004379,0.000643,2.647000,0.007357,0.000000,0.000000,0.000110,0,0
274500000000,274800000000,6283499093,364,379076362,0.000306,0.001303,0.001930,0.000202,0.000591,0.001364,0.000001,0.000000,0.015720,0.000143,4.119000,0.013080,0.000000,0.000000,0.000182,0,0
274800000000,275100000000,6283499093,364,379076362,0.000372,0.001097,0.001926,0.000206,0.000369,0.001362,0.000031,0.000000,0.060790,0.005714,3.420000,0.010660,0.000000,0.000000,0.000120,0,0
275100000000,275400000000,6283499093,364,379076362,0.000310,0.001003,0.001925,0.000204,0.000271,0.001247,0.000004,0.000000,0.006470,0.000571,3.297000,0.010130,0.000000,0.000000,0.000118,0,0
275400000000,275700000000,6283499093,364,379076362,0.000292,0.001040,0.001923,0.000201,0.000303,0.001379,0.000000,0.000000,0.001722,0.000072,3.026000,0.009096,0.000000,0.000000,0.000187,0,0
275700000000,276000000000,6283499093,364,379076362,0.000286,0.001080,0.001923,0.000201,0.000342,0.001383,0.000000,0.000000,0.005463,0.000072,2.736000,0.007562,0.000000,0.000000,0.000178,0,0
276000000000,276300000000,6283499093,364,379076362,0.000275,0.001106,0.001923,0.000201,0.000369,0.001385,0.000004,0.000000,0.002003,0.000929,2.494000,0.006810,0.000000,0.000000,0.000629,0,0
276300000000,276600000000,6283499093,364,379076362,0.000320,0.001146,0.001923,0.000201,0.000406,0.001390,0.000002,0.000000,0.004219,0.000143,2.743000,0.007555,0.000000,0.000000,0.000204,0,0
276600000000,276900000000,6283499093,364,379076362,0.000313,0.001257,0.001926,0.000201,0.000516,0.001389,0.000003,0.000000,0.001719,0.000571,3.253000,0.009625,0.000000,0.000000,0.000219,0,0
276900000000,277200000000,6283499093,364,379076362,0.000318,0.001106,0.001925,0.000201,0.000362,0.001392,0.000000,0.000000,0.005737,0.000072,3.276000,0.009629,0.000000,0.000000,0.000116,0,0
277200000000,277500000000,6283499093,364,379076362,0.000329,0.001158,0.001925,0.000194,0.000402,0.001406,0.000006,0.000000,0.005028,0.000500,3.541000,0.010770,0.000000,0.000000,0.000220,0,0
277500000000,277800000000,6283499093,364,379076362,0.000340,0.001177,0.001925,0.000191,0.000412,0.001410,0.000005,0.000000,0.004257,0.000643,3.437000,0.010760,0.000000,0.000000,0.000241,0,0
277800000000,278100000000,6283499093,364,379076362,0.000321,0.001026,0.001926,0.000231,0.000291,0.001129,0.000444,0.000000,0.001202,0.050290,3.902000,0.012410,0.000000,0.000000,0.000618,0,0
278100000000,278400000000,6283499093,364,379076362,0.000298,0.001024,0.001930,0.000220,0.000304,0.001049,0.000013,0.000000,0.005524,0.003357,3.061000,0.008996,0.000000,0.000000,0.000487,0,0
278400000000,278700000000,6283499093,364,379076362,0.000284,0.001017,0.001932,0.000221,0.000326,0.001024,0.000010,0.000000,0.001562,0.001715,2.600000,0.007104,0.000000,0.000000,0.000086,0,0
278700000000,279000000000,6283499093,364,379076362,0.000361,0.001028,0.001932,0.000224,0.000329,0.001041,0.000005,0.000000,0.005775,0.000929,2.018000,0.004758,0.000000,0.000000,0.000542,0,0
279000000000,279272000000,6283499093,364,379076362,0.000349,0.001015,0.001932,0.000225,0.000331,0.001020,0.000408,0.000000,0.013760,0.026210,2.602000,0.007603,0.000000,0.000000,0.000767,0,0
279272000000,279286000000,6283499093,364,379076362,0.000211,0.000000,0.000000,0.000000,0.000000,0.000000,0.000048,0.000000,0.002945,0.000643,2.443000,0.006007,0.000000,0.000000,0.000000,0,0
279286000000,279288000000,6283499093,364,379076362,0.000000,0.000000,0.000000,0.000000,0.000000,0.000000,0.000000,0.000000,0.000000,0.000000,2.443000,0.006007,0.000000,0.000000,0.000000,0,0
279288000000,279300000000,6283499093,364,379076362,0.000000,0.000000,0.000000,0.000000,0.000000,0.000000,0.000000,0.000000,0.000000,0.000000,0.000000,0.000000,0.000000,0.000000,0.000000,0,0
