272498000000,272555000000,6283499093,365,280018449,0.000000,0.000000,0.000000,0.000000,0.000000,0.000000,0.000000,0.000000,0.000000,0.000000,0.000000,0.000000,0.000000,0.000000,0.000000,0,0
272555000000,272700000000,6283499093,365,280018449,0.000786,0.000912,0.001919,0.000081,0.000093,0.001015,0.000481,0.000000,0.038210,0.016200,4.022000,0.012690,0.000000,0.000000,0.000336,0,0
272700000000,273000000000,6283499093,365,280018449,0.000478,0.000900,0.001919,0.000076,0.000088,0.000954,0.000000,0.000000,0.004585,0.000000,3.120000,0.009343,0.000000,0.000000,0.000257,0,0
273000000000,273300000000,6283499093,365,280018449,0.000462,0.000917,0.001919,0.000073,0.000099,0.001194,0.000005,0.000000,0.006546,0.001215,3.183000,0.009461,0.000000,0.000000,0.000339,0,0
273300000000,273600000000,6283499093,365,280018449,0.000403,0.000978,0.001917,0.000073,0.000149,0.001261,0.000005,0.000000,0.039060,0.000571,2.457000,0.006193,0.000000,0.000000,0.000179,0,0
273600000000,273900000000,6283499093,365,280018449,0.000341,0.000992,0.001917,0.000073,0.000154,0.001328,0.000000,0.000000,0.002998,0.000072,2.580000,0.006683,0.000000,0.000000,0.000567,0,0
273900000000,274200000000,6283499093,365,280018449,0.000337,0.001007,0.001919,0.000073,0.000169,0.001347,0.000001,0.000000,0.005821,0.000072,2.327000,0.005674,0.000000,0.000000,0.000574,0,0
274200000000,274500000000,6283499093,365,280018449,0.000337,0.001034,0.001919,0.000073,0.000194,0.001358,0.000004,0.000000,0.002003,0.000714,2.750000,0.007201,0.000000,0.000000,0.000566,0,0
274500000000,274800000000,6283499093,365,280018449,0.000427,0.001020,0.001921,0.000073,0.000166,0.001381,0.000004,0.000000,0.007805,0.000999,2.164000,0.005127,0.000000,0.000000,0.000113,0,0
274800000000,275100000000,6283499093,365,280018449,0.000380,0.000999,0.001923,0.000073,0.000139,0.001343,0.000000,0.000000,0.006096,0.000072,2.671000,0.007179,0.000000,0.000000,0.000167,0,0
275100000000,275400000000,6283499093,365,280018449,0.000391,0.000984,0.001923,0.000073,0.000118,0.001274,0.000004,0.000000,0.011200,0.000714,2.523000,0.006735,0.000000,0.000000,0.000372,0,0
275400000000,275700000000,6283499093,365,280018449,0.000375,0.001041,0.001921,0.000073,0.000145,0.001396,0.000000,0.000000,0.001657,0.000072,2.712000,0.007542,0.000000,0.000000,0.000300,0,0
275700000000,276000000000,6283499093,365,280018449,0.006584,0.001247,0.001925,0.000087,0.000162,0.001730,0.000020,0.000000,0.098630,0.002998,0.606700,0.000218,0.000000,0.000000,0.000623,0,0
276000000000,276300000000,6283499093,365,280018449,0.000387,0.001272,0.001923,0.000078,0.000159,0.001648,0.000001,0.000000,0.003998,0.000072,1.759000,0.004333,0.000000,0.000000,0.000337,0,0
276300000000,276600000000,6283499093,365,280018449,0.000367,0.001266,0.001923,0.000077,0.000155,0.001638,0.000001,0.000000,0.004181,0.000072,2.807000,0.008120,0.000000,0.000000,0.000099,0,0
276600000000,276900000000,6283499093,365,280018449,0.000348,0.001282,0.001923,0.000077,0.000178,0.001635,0.000001,0.000000,0.021510,0.000072,2.522000,0.006496,0.000000,0.000000,0.000095,0,0
276900000000,277200000000,6283499093,365,280018449,0.000331,0.001299,0.001925,0.000077,0.000203,0.001623,0.000000,0.000000,0.003716,0.000072,2.334000,0.005895,0.000000,0.000000,0.000236,0,0
277200000000,277500000000,6283499093,365,280018449,0.000363,0.001274,0.001923,0.000079,0.000177,0.001640,0.000038,0.000000,0.005173,0.009781,2.383000,0.006051,0.000000,0.000000,0.000264,0,0
277500000000,277800000000,6283499093,365,280018449,0.000358,0.001251,0.001923,0.000101,0.000177,0.001637,0.000105,0.000000,0.004723,0.014920,2.838000,0.008001,0.000000,0.000000,0.000267,0,0
277800000000,277859000000,6283499093,365,280018449,0.009628,0.001284,0.001921,0.000112,0.000183,0.001551,0.000996,0.000000,0.073490,0.031860,2.404000,0.006209,0.000000,0.000000,0.001652,0,0
277859000000,277871000000,6283499093,365,280018449,0.000262,0.000011,0.000000,0.000000,0.000000,0.000136,0.000178,0.000000,0.003143,0.001928,2.071000,0.004992,0.000000,0.000000,0.000000,0,0
277871000000,277872000000,6283499093,365,280018449,0.000000,0.000000,0.000000,0.000000,0.000000,0.000000,0.000000,0.000000,0.000000,0.000000,1.558000,0.003112,0.000000,0.000000,0.000000,0,0
