272497000000,272535000000,6283499093,366,549380231,0.000000,0.000000,0.000000,0.000000,0.000000,0.000000,0.000000,0.000000,0.000000,0.000000,0.000000,0.000000,0.000000,0.000000,0.000000,0,0
272535000000,272700000000,6283499093,366,549380231,0.000490,0.001101,0.001925,0.000126,0.000320,0.001423,0.000444,0.000000,0.013350,0.032590,2.304000,0.006785,0.000000,0.000000,0.000240,0,0
272700000000,273000000000,6283499093,366,549380231,0.000326,0.000891,0.001921,0.000126,0.000164,0.001133,0.000000,0.000000,0.004265,0.000143,2.678000,0.008248,0.000000,0.000000,0.000588,0,0
273000000000,273300000000,6283499093,366,549380231,0.000378,0.000954,0.001919,0.000127,0.000206,0.001295,0.000010,0.000000,0.004761,0.001858,2.026000,0.005316,0.000000,0.000000,0.000630,0,0
273300000000,273600000000,6283499093,366,549380231,0.000345,0.000960,0.001919,0.000128,0.000213,0.001295,0.000007,0.000000,0.007446,0.001928,2.464000,0.007292,0.000000,0.000000,0.000110,0,0
273600000000,273900000000,6283499093,366,549380231,0.000508,0.000973,0.001921,0.000128,0.000193,0.001291,0.000007,0.000000,0.049070,0.001358,1.440000,0.002663,0.000000,0.000000,0.000278,0,0
273900000000,274200000000,6283499093,366,549380231,0.000556,0.001225,0.001923,0.000130,0.000424,0.001398,0.000031,0.000000,0.008835,0.004784,2.188000,0.006321,0.000000,0.000000,0.000186,0,0
274200000000,274500000000,6283499093,366,549380231,0.000615,0.001316,0.001923,0.000133,0.000492,0.001417,0.000021,0.000000,0.016270,0.005569,2.665000,0.008435,0.000000,0.000000,0.000562,0,0
274500000000,274800000000,6283499093,366,549380231,0.000522,0.001240,0.001921,0.000130,0.000406,0.001410,0.000000,0.000000,0.004562,0.000000,3.369000,0.011750,0.000000,0.000000,0.000399,0,0
274800000000,275100000000,6283499093,366,549380231,0.000424,0.001154,0.001919,0.000129,0.000318,0.001410,0.000000,0.000000,0.004478,0.000143,2.829000,0.009180,0.000000,0.000000,0.000138,0,0
275100000000,275400000000,6283499093,366,549380231,0.000341,0.001066,0.001919,0.000129,0.000235,0.001404,0.000000,0.000000,0.004311,0.000072,2.478000,0.007545,0.000000,0.000000,0.000229,0,0
275400000000,275700000000,6283499093,366,549380231,0.000357,0.001091,0.001923,0.000129,0.000261,0.001406,0.000001,0.000000,0.004364,0.000143,2.620000,0.008184,0.000000,0.000000,0.000559,0,0
275700000000,276000000000,6283499093,366,549380231,0.000679,0.001314,0.001921,0.000133,0.000431,0.001530,0.000069,0.000000,0.024140,0.009720,0.845700,0.001124,0.000000,0.000000,0.000256,0,0
276000000000,276300000000,6283499093,366,549380231,0.000461,0.001226,0.001919,0.000133,0.000340,0.001486,0.000003,0.000000,0.001820,0.000643,3.028000,0.010070,0.000000,0.000000,0.000413,0,0
276300000000,276600000000,6283499093,366,549380231,0.000378,0.001232,0.001921,0.000133,0.000346,0.001482,0.000001,0.000000,0.005333,0.000072,2.795000,0.008893,0.000000,0.000000,0.000251,0,0
276600000000,276900000000,6283499093,366,549380231,0.000338,0.001247,0.001921,0.000133,0.000360,0.001492,0.000003,0.000000,0.005577,0.000643,2.266000,0.006267,0.000000,0.000000,0.000177,0,0
276900000000,277200000000,6283499093,366,549380231,0.000370,0.001247,0.001921,0.000133,0.000358,0.001492,0.000000,0.000000,0.004387,0.000000,2.488000,0.007428,0.000000,0.000000,0.000137,0,0
277200000000,277500000000,6283499093,366,549380231,0.000403,0.001272,0.001921,0.000133,0.000376,0.001509,0.000004,0.000000,0.005356,0.000428,2.943000,0.009603,0.000000,0.000000,0.000244,0,0
277500000000,277800000000,6283499093,366,549380231,0.000400,0.001278,0.001921,0.000133,0.000402,0.001482,0.000006,0.000000,0.005714,0.001143,2.884000,0.009098,0.000000,0.000000,0.000564,0,0
277800000000,278100000000,6283499093,366,549380231,0.000376,0.001122,0.001923,0.000181,0.000271,0.001474,0.000320,0.000000,0.007843,0.025090,2.820000,0.008778,0.000000,0.000000,0.000167,0,0
278100000000,278400000000,6283499093,366,549380231,0.000353,0.001146,0.001928,0.000275,0.000395,0.001236,0.000132,0.000000,0.004799,0.024990,2.647000,0.008356,0.000000,0.000000,0.000225,0,0
278400000000,278700000000,6283499093,366,549380231,0.000331,0.001114,0.001928,0.000278,0.000403,0.001177,0.000075,0.000000,0.004692,0.020840,2.378000,0.007203,0.000000,0.000000,0.000126,0,0
278700000000,279000000000,6283499093,366,549380231,0.000362,0.001146,0.001928,0.000313,0.000455,0.001192,0.000012,0.000000,0.004753,0.002430,1.847000,0.004716,0.000000,0.000000,0.000449,0,0
279000000000,279030000000,6283499093,366,549380231,0.000582,0.001049,0.001926,0.000334,0.000474,0.001112,0.001085,0.000000,0.006012,0.024290,2.167000,0.006180,0.000000,0.000000,0.000410,0,0
279030000000,279046000000,6283499093,366,549380231,0.000062,0.000000,0.000000,0.000000,0.000000,0.000000,0.000005,0.000000,0.000996,0.000072,2.388000,0.007006,0.000000,0.000000,0.000000,0,0
279046000000,279047000000,6283499093,366,549380231,0.000000,0.000000,0.000000,0.000000,0.000000,0.000000,0.000000,0.000000,0.000000,0.000000,2.424000,0.007137,0.000000,0.000000,0.000000,0,0
