272493000000,272602000000,6283499093,367,4802132957,0.000000,0.000000,0.000000,0.000000,0.000000,0.000000,0.000000,0.000000,0.000000,0.000000,0.000000,0.000000,0.000000,0.000000,0.000000,0,0
272602000000,272700000000,6283499093,367,4802132957,0.000627,0.000847,0.001925,0.000067,0.000075,0.001003,0.000391,0.000000,0.011090,0.006927,1.570000,0.000000,0.000000,0.000000,0.000202,0,0
272700000000,273000000000,6283499093,367,4802132957,0.000293,0.000927,0.001926,0.000064,0.000097,0.001080,0.000000,0.000000,0.004051,0.000072,2.600000,0.000000,0.000000,0.000000,0.000228,0,0
273000000000,273300000000,6283499093,367,4802132957,0.000287,0.000971,0.001921,0.000064,0.000141,0.001181,0.000001,0.000000,0.003632,0.000072,2.582000,0.000000,0.000000,0.000000,0.000220,0,0
273300000000,273600000000,6283499093,367,4802132957,0.000290,0.000978,0.001923,0.000064,0.000134,0.001316,0.000000,0.000000,0.003975,0.000072,2.412000,0.000000,0.000000,0.000000,0.000254,0,0
273600000000,273900000000,6283499093,367,4802132957,0.000276,0.000996,0.001925,0.000064,0.000133,0.001348,0.000000,0.000000,0.004044,0.000072,3.090000,0.000000,0.000000,0.000000,0.000101,0,0
273900000000,274200000000,6283499093,367,4802132957,0.000292,0.000951,0.001926,0.000064,0.000078,0.001043,0.000000,0.000000,0.004463,0.000072,2.313000,0.000000,0.000000,0.000000,0.000138,0,0
274200000000,274500000000,6283499093,367,4802132957,0.000280,0.000974,0.001926,0.000064,0.000083,0.001122,0.000004,0.000000,0.004196,0.000999,2.228000,0.000000,0.000000,0.000000,0.000431,0,0
274500000000,274800000000,6283499093,367,4802132957,0.003597,0.001066,0.001923,0.000068,0.000093,0.001768,0.000005,0.000000,0.100200,0.000643,2.620000,0.000000,0.000000,0.000000,0.000228,0,0
274800000000,275100000000,6283499093,367,4802132957,0.000651,0.001181,0.001925,0.000066,0.000100,0.001614,0.000009,0.000000,0.060490,0.000999,1.024000,0.000000,0.000000,0.000000,0.000257,0,0
275100000000,275400000000,6283499093,367,4802132957,0.006241,0.001448,0.002182,0.000029,0.000075,0.002590,0.000079,0.000000,0.091190,0.011640,0.726500,0.000000,0.000000,0.000000,0.000313,0,0
275400000000,275700000000,6283499093,367,4802132957,0.000461,0.001337,0.001919,0.000004,0.000063,0.001730,0.000001,0.000000,0.004829,0.000072,3.273000,0.000000,0.000000,0.000000,0.000390,0,0
275700000000,276000000000,6283499093,367,4802132957,0.000409,0.001333,0.001921,0.000003,0.000064,0.001736,0.000001,0.000000,0.014950,0.000215,2.904000,0.000000,0.000000,0.000000,0.000598,0,0
276000000000,276300000000,6283499093,367,4802132957,0.000310,0.001301,0.001923,0.000001,0.000043,0.001720,0.000010,0.000000,0.004486,0.002716,1.853000,0.000000,0.000000,0.000000,0.000101,0,0
276300000000,276600000000,6283499093,367,4802132957,0.000313,0.001266,0.001926,0.000001,0.000012,0.001421,0.000001,0.000000,0.009491,0.000143,2.482000,0.000000,0.000000,0.000000,0.000169,0,0
276600000000,276900000000,6283499093,367,4802132957,0.000394,0.001320,0.001925,0.000001,0.000060,0.001724,0.000005,0.000000,0.007690,0.000571,2.170000,0.000000,0.000000,0.000000,0.000742,0,0
276900000000,277200000000,6283499093,367,4802132957,0.000436,0.001314,0.001921,0.000001,0.000052,0.001726,0.000002,0.000000,0.004776,0.000571,2.469000,0.000000,0.000000,0.000000,0.000532,0,0
277200000000,277409000000,6283499093,367,4802132957,0.000956,0.001301,0.001917,0.000002,0.000095,0.001728,0.000017,0.000000,0.058170,0.001642,1.434000,0.000000,0.000000,0.000000,0.000337,0,0
277409000000,277428000000,6283499093,367,4802132957,0.000199,0.000000,0.000000,0.000000,0.000000,0.000000,0.000025,0.000000,0.003777,0.000428,1.024000,0.000000,0.000000,0.000000,0.000000,0,0
277428000000,277430000000,6283499093,367,4802132957,0.000000,0.000000,0.000000,0.000000,0.000000,0.000000,0.000000,0.000001,0.000000,0.000000,1.024000,0.000000,0.000000,0.000000,0.000000,0,0
