272496000000,272516000000,6283499093,368,305376379,0.000000,0.000000,0.000000,0.000000,0.000000,0.000000,0.000004,0.000000,0.000000,0.000072,0.000000,0.000000,0.000000,0.000000,0.000000,0,0
272516000000,272700000000,6283499093,368,305376379,0.000450,0.000937,0.001917,0.000016,0.000087,0.001087,0.000027,0.000000,0.018520,0.002930,2.220000,0.006628,0.000000,0.000000,0.000080,0,0
272700000000,273000000000,6283499093,368,305376379,0.000320,0.000937,0.001917,0.000016,0.000084,0.001101,0.000005,0.000000,0.004906,0.001499,2.170000,0.006240,0.000000,0.000000,0.000557,0,0
273000000000,273300000000,6283499093,368,305376379,0.000303,0.000992,0.001917,0.000016,0.000134,0.001297,0.000001,0.000000,0.003738,0.000143,2.478000,0.007647,0.000000,0.000000,0.000190,0,0
273300000000,273600000000,6283499093,368,305376379,0.000308,0.001045,0.001917,0.000016,0.000185,0.001328,0.000000,0.000000,0.005150,0.000000,2.084000,0.005885,0.000000,0.000000,0.000119,0,0
273600000000,273900000000,6283499093,368,305376379,0.000307,0.001146,0.001919,0.000016,0.000278,0.001329,0.000020,0.000000,0.003654,0.003643,2.148000,0.006192,0.000000,0.000000,0.000201,0,0
273900000000,274200000000,6283499093,368,305376379,0.000312,0.001221,0.001921,0.000016,0.000352,0.001331,0.000004,0.000000,0.001238,0.001215,2.108000,0.005965,0.000000,0.000000,0.000182,0,0
274200000000,274500000000,6283499093,368,305376379,0.000330,0.001026,0.001917,0.000016,0.000146,0.001331,0.000022,0.000000,0.004745,0.002571,1.888000,0.004977,0.000000,0.000000,0.000298,0,0
274500000000,274800000000,6283499093,368,305376379,0.000300,0.001038,0.001917,0.000016,0.000156,0.001341,0.000000,0.000000,0.004440,0.000072,2.219000,0.006430,0.000000,0.000000,0.000595,0,0
274800000000,275100000000,6283499093,368,305376379,0.000353,0.001099,0.001917,0.000016,0.000205,0.001358,0.000004,0.000000,0.018650,0.001072,1.817000,0.004544,0.000000,0.000000,0.003635,0,0
275100000000,275400000000,6283499093,368,305376379,0.000346,0.001163,0.001919,0.000016,0.000267,0.001360,0.000001,0.000000,0.003952,0.000143,2.171000,0.006340,0.000000,0.000000,0.000178,0,0
275400000000,275700000000,6283499093,368,305376379,0.000439,0.001245,0.001919,0.000016,0.000337,0.001379,0.000005,0.000000,0.006035,0.000571,2.351000,0.007283,0.000000,0.000000,0.000108,0,0
275700000000,276000000000,6283499093,368,305376379,0.000382,0.001181,0.001917,0.000016,0.000262,0.001381,0.000004,0.000000,0.005386,0.000999,2.296000,0.006939,0.000000,0.000000,0.000311,0,0
276000000000,276300000000,6283499093,368,305376379,0.000332,0.001068,0.001915,0.000017,0.000146,0.001379,0.000005,0.000000,0.004677,0.000999,2.509000,0.007899,0.000000,0.000000,0.000118,0,0
276300000000,276600000000,6283499093,368,305376379,0.000308,0.001122,0.001917,0.000010,0.000190,0.001389,0.000001,0.000000,0.004128,0.000072,2.408000,0.007345,0.000000,0.000000,0.000528,0,0
276600000000,276900000000,6283499093,368,305376379,0.000349,0.001179,0.001917,0.000001,0.000239,0.001398,0.000008,0.000000,0.009140,0.001928,2.069000,0.005625,0.000000,0.000000,0.000455,0,0
276900000000,277200000000,6283499093,368,305376379,0.000393,0.001236,0.001919,0.000001,0.000290,0.001398,0.000003,0.000000,0.008530,0.000786,2.390000,0.007445,0.000000,0.000000,0.000610,0,0
277200000000,277419000000,6283499093,368,305376379,0.000382,0.001303,0.001919,0.000001,0.000359,0.001396,0.000032,0.000000,0.003975,0.002571,2.703000,0.008964,0.000000,0.000000,0.000222,0,0
277419000000,277437000000,6283499093,368,305376379,0.000123,0.000000,0.000000,0.000000,0.000000,0.000000,0.000099,0.000000,0.002220,0.001358,2.511000,0.008010,0.000000,0.000000,0.000000,0,0
277437000000,277438000000,6283499093,368,305376379,0.000000,0.000000,0.000000,0.000000,0.000000,0.000000,0.000000,0.000000,0.000000,0.000000,2.511000,0.008010,0.000000,0.000000,0.000000,0,0
