272493000000,272656000000,6283499093,369,431054159,0.000000,0.000000,0.000000,0.000000,0.000000,0.000000,0.000000,0.000000,0.000000,0.000000,0.000000,0.000000,0.000000,0.000000,0.000000,0,0
272656000000,272700000000,6283499093,369,431054159,0.001019,0.000969,0.001930,0.000116,0.000420,0.001404,0.001007,0.000000,0.014040,0.009720,8.870000,0.036600,0.000000,0.000000,0.000202,0,0
272700000000,273000000000,6283499093,369,431054159,0.000261,0.000928,0.001926,0.000124,0.000181,0.001404,0.000000,0.000000,0.001402,0.000072,3.702000,0.012810,0.000000,0.000000,0.000345,0,0
273000000000,273300000000,6283499093,369,431054159,0.000409,0.000960,0.001925,0.000123,0.000202,0.001234,0.000003,0.000000,0.007645,0.000286,3.026000,0.009450,0.000000,0.000000,0.000362,0,0
273300000000,273600000000,6283499093,369,431054159,0.000412,0.000990,0.001923,0.000123,0.000193,0.001200,0.000000,0.000000,0.004639,0.000143,2.862000,0.008700,0.000000,0.000000,0.000172,0,0
273600000000,273900000000,6283499093,369,431054159,0.000362,0.000986,0.001923,0.000123,0.000188,0.001209,0.000001,0.000000,0.003914,0.000143,4.059000,0.014020,0.000000,0.000000,0.000142,0,0
273900000000,274200000000,6283499093,369,431054159,0.000273,0.000990,0.001923,0.000121,0.000192,0.001263,0.000000,0.000000,0.003822,0.000035,2.952000,0.008561,0.000000,0.000000,0.000157,0,0
274200000000,274500000000,6283499093,369,431054159,0.000352,0.001001,0.001923,0.000120,0.000194,0.001305,0.000020,0.000000,0.006706,0.002857,2.677000,0.007653,0.000000,0.000000,0.000089,0,0
274500000000,274800000000,6283499093,369,431054159,0.000320,0.000992,0.001923,0.000118,0.000174,0.001245,0.000001,0.000000,0.004883,0.000072,2.526000,0.007020,0.000000,0.000000,0.000187,0,0
274800000000,275100000000,6283499093,369,431054159,0.000304,0.000966,0.001923,0.000118,0.000157,0.001146,0.000000,0.000000,0.005196,0.000072,2.551000,0.007108,0.000000,0.000000,0.000318,0,0
275100000000,275400000000,6283499093,369,431054159,0.000300,0.000948,0.001925,0.000118,0.000138,0.001083,0.000000,0.000000,0.004173,0.000072,2.251000,0.006058,0.000000,0.000000,0.000293,0,0
275400000000,275700000000,6283499093,369,431054159,0.000354,0.001078,0.001926,0.000118,0.000261,0.001381,0.000001,0.000000,0.006950,0.000215,2.196000,0.005772,0.000000,0.000000,0.000236,0,0
275700000000,276000000000,6283499093,369,431054159,0.000357,0.001146,0.001925,0.000118,0.000327,0.001383,0.000008,0.000000,0.004936,0.002213,3.287000,0.010480,0.000000,0.000000,0.000165,0,0
276000000000,276300000000,6283499093,369,431054159,0.000300,0.001209,0.001926,0.000118,0.000390,0.001383,0.000003,0.000000,0.004356,0.000428,2.811000,0.008295,0.000000,0.000000,0.000117,0,0
276300000000,276600000000,6283499093,369,431054159,0.000285,0.001133,0.001926,0.000118,0.000308,0.001389,0.000001,0.000000,0.004166,0.000072,2.805000,0.007747,0.000000,0.000000,0.000131,0,0
276600000000,276900000000,6283499093,369,431054159,0.000304,0.001038,0.001926,0.000118,0.000211,0.001387,0.000002,0.000000,0.001783,0.000215,2.344000,0.005981,0.000000,0.000000,0.000161,0,0
276900000000,277200000000,6283499093,369,431054159,0.000314,0.001007,0.001925,0.000118,0.000177,0.001348,0.000003,0.000000,0.004631,0.000857,2.698000,0.007802,0.000000,0.000000,0.000069,0,0
277200000000,277500000000,6283499093,369,431054159,0.000316,0.001053,0.001926,0.000118,0.000218,0.001402,0.000011,0.000000,0.002388,0.001999,2.302000,0.005840,0.000000,0.000000,0.000667,0,0
277500000000,277800000000,6283499093,369,431054159,0.000280,0.001072,0.001926,0.000118,0.000231,0.001404,0.000006,0.000000,0.003422,0.000571,2.678000,0.007637,0.000000,0.000000,0.000667,0,0
277800000000,278100000000,6283499093,369,431054159,0.000278,0.001089,0.001926,0.000123,0.000248,0.001406,0.000063,0.000000,0.004341,0.007072,2.716000,0.007741,0.000000,0.000000,0.000143,0,0
278100000000,278400000000,6283499093,369,431054159,0.000289,0.001020,0.001928,0.000135,0.000180,0.001089,0.000003,0.000000,0.004768,0.000357,2.581000,0.007361,0.000000,0.000000,0.000078,0,0
278400000000,278700000000,6283499093,369,431054159,0.000305,0.001032,0.001928,0.000135,0.000187,0.001095,0.000005,0.000000,0.013890,0.000786,2.522000,0.007295,0.000000,0.000000,0.000175,0,0
278700000000,279000000000,6283499093,369,431054159,0.000305,0.001053,0.001928,0.000135,0.000199,0.001099,0.000001,0.000000,0.004196,0.000286,2.300000,0.006311,0.000000,0.000000,0.000170,0,0
279000000000,279100000000,6283499093,369,431054159,0.008362,0.001236,0.001928,0.000152,0.000255,0.001379,0.000303,0.000000,0.065430,0.016850,0.595700,0.000261,0.000000,0.000000,0.008255,0,0
279100000000,279118000000,6283499093,369,431054159,0.000111,0.000000,0.000000,0.000000,0.000000,0.000000,0.000040,0.000000,0.001991,0.000714,0.700800,0.000666,0.000000,0.000000,0.000000,0,0
279118000000,279119000000,6283499093,369,431054159,0.000000,0.000000,0.000000,0.000000,0.000000,0.000000,0.000000,0.000000,0.000000,0.000000,2.142000,0.006147,0.000000,0.000000,0.000000,0,0
