272494000000,272700000000,6283499093,37,317487435,0.000000,0.000000,0.000000,0.000000,0.000000,0.000000,0.000000,0.000000,0.000000,0.000000,0.000000,0.000000,0.000000,0.000000,0.000000,0,0
272700000000,272742000000,6283499093,37,317487435,0.000000,0.000000,0.000000,0.000000,0.000000,0.000000,0.000000,0.000000,0.000000,0.000000,0.000000,0.000000,0.000000,0.000000,0.000000,0,0
272742000000,273000000000,6283499093,37,317487435,0.000418,0.001245,0.001934,0.000375,0.000794,0.001705,0.000774,0.000000,0.014970,0.033630,7.835000,0.030790,0.000000,0.000000,0.000159,0,0
273000000000,273300000000,6283499093,37,317487435,0.000318,0.000938,0.001934,0.000383,0.000826,0.000959,0.000001,0.000000,0.013520,0.000072,3.236000,0.010700,0.000000,0.000000,0.000202,0,0
273300000000,273600000000,6283499093,37,317487435,0.000300,0.000949,0.001934,0.000382,0.000826,0.000960,0.000000,0.000000,0.004684,0.000072,3.702000,0.012550,0.000000,0.000000,0.000120,0,0
273600000000,273900000000,6283499093,37,317487435,0.000293,0.000940,0.001934,0.000382,0.000826,0.000941,0.000000,0.000000,0.004066,0.000000,4.937000,0.017520,0.000000,0.000000,0.000143,0,0
273900000000,274200000000,6283499093,37,317487435,0.000268,0.000950,0.001934,0.000382,0.000826,0.000968,0.000000,0.000000,0.002953,0.000072,2.376000,0.006412,0.000000,0.000000,0.000260,0,0
274200000000,274500000000,6283499093,37,317487435,0.000252,0.000965,0.001934,0.000382,0.000826,0.000975,0.000000,0.000000,0.004158,0.000072,2.841000,0.008684,0.000000,0.000000,0.000214,0,0
274500000000,274800000000,6283499093,37,317487435,0.000254,0.000956,0.001934,0.000382,0.000826,0.000972,0.000004,0.000000,0.004349,0.000929,4.265000,0.014210,0.000000,0.000000,0.000102,0,0
274800000000,275100000000,6283499093,37,317487435,0.000261,0.000972,0.001934,0.000380,0.000826,0.000977,0.000000,0.000000,0.004707,0.000000,2.760000,0.007900,0.000000,0.000000,0.000225,0,0
275100000000,275400000000,6283499093,37,317487435,0.000250,0.000968,0.001934,0.000382,0.000826,0.000980,0.000000,0.000000,0.001051,0.000072,4.070000,0.012630,0.000000,0.000000,0.000079,0,0
275400000000,275700000000,6283499093,37,317487435,0.000230,0.000960,0.001934,0.000382,0.000826,0.000968,0.000000,0.000000,0.007614,0.000000,3.805000,0.012150,0.000000,0.000000,0.000146,0,0
275700000000,276000000000,6283499093,37,317487435,0.000265,0.000973,0.001934,0.000382,0.000827,0.000982,0.000000,0.000000,0.004677,0.000072,3.192000,0.009732,0.000000,0.000000,0.000241,0,0
276000000000,276300000000,6283499093,37,317487435,0.000298,0.000965,0.001934,0.000382,0.000827,0.000970,0.000003,0.000000,0.004173,0.000428,2.390000,0.006722,0.000000,0.000000,0.000365,0,0
276300000000,276600000000,6283499093,37,317487435,0.000294,0.000970,0.001934,0.000382,0.000827,0.000982,0.000000,0.000000,0.003849,0.000072,2.699000,0.007770,0.000000,0.000000,0.000072,0,0
276600000000,276900000000,6283499093,37,317487435,0.000309,0.000977,0.001934,0.000382,0.000827,0.000984,0.000001,0.000000,0.004738,0.000143,2.803000,0.008097,0.000000,0.000000,0.000239,0,0
276900000000,277200000000,6283499093,37,317487435,0.000274,0.000965,0.001934,0.000382,0.000827,0.000968,0.000000,0.000000,0.004601,0.000143,2.703000,0.007584,0.000000,0.000000,0.000117,0,0
277200000000,277500000000,6283499093,37,317487435,0.000254,0.000974,0.001934,0.000382,0.000827,0.000986,0.000003,0.000000,0.004303,0.000357,2.475000,0.006606,0.000000,0.000000,0.000159,0,0
277500000000,277800000000,6283499093,37,317487435,0.000261,0.001095,0.001928,0.000382,0.000637,0.001347,0.000004,0.000000,0.000990,0.000143,2.883000,0.008288,0.000000,0.000000,0.000599,0,0
277800000000,278100000000,6283499093,37,317487435,0.000259,0.001028,0.001928,0.000385,0.000509,0.001345,0.000170,0.000000,0.005928,0.022220,2.926000,0.008262,0.000000,0.000000,0.000079,0,0
278100000000,278400000000,6283499093,37,317487435,0.000273,0.001020,0.001930,0.000419,0.000508,0.001083,0.000354,0.000000,0.005280,0.031980,3.110000,0.009122,0.000000,0.000000,0.000532,0,0
278400000000,278700000000,6283499093,37,317487435,0.000271,0.000992,0.001934,0.000480,0.000583,0.001038,0.000005,0.000000,0.004715,0.000786,4.061000,0.012670,0.000000,0.000000,0.000242,0,0
278700000000,279000000000,6283499093,37,317487435,0.000294,0.000994,0.001934,0.000483,0.000591,0.001015,0.000030,0.000000,0.005470,0.008423,2.857000,0.008718,0.000000,0.000000,0.000500,0,0
279000000000,279300000000,6283499093,37,317487435,0.000320,0.000992,0.001934,0.000485,0.000596,0.001005,0.000002,0.000000,0.002590,0.000143,2.277000,0.006210,0.000000,0.000000,0.000756,0,0
279300000000,279311000000,6283499093,37,317487435,0.000346,0.000986,0.001934,0.000485,0.000596,0.000988,0.000000,0.000000,0.005783,0.000000,2.290000,0.006160,0.000000,0.000000,0.000096,0,0
279311000000,279317000000,6283499093,37,317487435,0.001574,0.001040,0.001932,0.000534,0.000650,0.001114,0.007027,0.000000,0.014210,0.019990,2.290000,0.006160,0.000000,0.000000,0.000259,0,0
279317000000,279334000000,6283499093,37,317487435,0.000567,0.000000,0.000000,0.000000,0.000000,0.000000,0.000089,0.000000,0.009628,0.000929,1.645000,0.003499,0.000000,0.000000,0.000000,1,0
279334000000,279337000000,6283499093,37,317487435,0.000000,0.000000,0.000000,0.000000,0.000000,0.000000,0.000000,0.000000,0.000000,0.000000,0.996600,0.000820,0.000000,0.000000,0.000000,0,0
279344000000,279600000000,6283499093,37,1436561135,0.000219,0.000740,0.001932,0.000392,0.000803,0.001162,0.001171,0.000000,0.012970,0.056700,2.944000,0.011070,0.000000,0.000000,0.000032,0,0
279600000000,279900000000,6283499093,37,1436561135,0.000116,0.000405,0.001930,0.000396,0.000821,0.000416,0.000008,0.000000,0.003246,0.001499,2.681000,0.009492,0.000000,0.000000,0.000041,0,0
279900000000,280200000000,6283499093,37,1436561135,0.000116,0.000407,0.001932,0.000395,0.000821,0.000417,0.000010,0.000000,0.003708,0.001785,2.233000,0.007710,0.000000,0.000000,0.000056,0,0
280200000000,280500000000,6283499093,37,1436561135,0.000309,0.000782,0.001930,0.000388,0.000828,0.001026,0.000027,0.000000,0.008331,0.006073,2.624000,0.008457,0.000000,0.000000,0.000076,0,0
280500000000,280800000000,6283499093,37,1436561135,0.000366,0.000960,0.001928,0.000385,0.000831,0.000978,0.000003,0.000000,0.006218,0.000286,2.388000,0.006904,0.000000,0.000000,0.000292,0,0
280800000000,281100000000,6283499093,37,1436561135,0.000394,0.001005,0.001928,0.000379,0.000833,0.001064,0.000010,0.000000,0.005836,0.001499,2.736000,0.008569,0.000000,0.000000,0.000275,0,0
281100000000,281400000000,6283499093,37,1436561135,0.000430,0.001013,0.001926,0.000373,0.000834,0.001020,0.000001,0.000000,0.006210,0.000072,2.836000,0.009171,0.000000,0.000000,0.000175,0,0
281400000000,281700000000,6283499093,37,1436561135,0.000387,0.001038,0.001926,0.000374,0.000834,0.001066,0.000003,0.000000,0.004654,0.000286,2.389000,0.007181,0.000000,0.000000,0.000326,0,0
281700000000,282000000000,6283499093,37,1436561135,0.000357,0.001022,0.001926,0.000370,0.000831,0.001040,0.000001,0.000000,0.005653,0.000072,1.900000,0.004897,0.000000,0.000000,0.000137,0,0
282000000000,282300000000,6283499093,37,1436561135,0.000329,0.001045,0.001926,0.000367,0.000828,0.001076,0.000004,0.000000,0.003857,0.000428,1.919000,0.004988,0.000000,0.000000,0.000128,0,0
282300000000,282600000000,6283499093,37,1436561135,0.000340,0.001043,0.001926,0.000367,0.000828,0.001072,0.000004,0.000000,0.004280,0.000215,2.060000,0.005712,0.000000,0.000000,0.000183,0,0
282600000000,282900000000,6283499093,37,1436561135,0.000318,0.001059,0.001928,0.000367,0.000828,0.001093,0.000004,0.000000,0.004486,0.000286,1.843000,0.004789,0.000000,0.000000,0.000450,0,0
282900000000,283200000000,6283499093,37,1436561135,0.000328,0.001064,0.001926,0.000351,0.000812,0.001093,0.000013,0.000000,0.004204,0.002857,2.049000,0.005641,0.000000,0.000000,0.000255,0,0
283200000000,283500000000,6283499093,37,1436561135,0.001022,0.001064,0.001972,0.000349,0.000810,0.001324,0.000016,0.000000,0.074830,0.003284,2.294000,0.006686,0.000000,0.000000,0.000318,0,0
283500000000,283509000000,6283499093,37,1436561135,0.000288,0.001078,0.003845,0.000258,0.000727,0.001080,0.000404,0.000000,0.000454,0.003643,1.650000,0.004140,0.000000,0.000000,0.000374,0,0
283509000000,283520000000,6283499093,37,1436561135,0.000314,0.000000,0.000000,0.000000,0.000000,0.000000,0.000019,0.000000,0.003448,0.000143,1.650000,0.004140,0.000000,0.000000,0.000000,0,0
283520000000,283522000000,6283499093,37,1436561135,0.000000,0.000000,0.000000,0.000000,0.000000,0.000000,0.000000,0.000000,0.000000,0.000000,1.650000,0.004140,0.000000,0.000000,0.000000,0,0
