272500000000,272586000000,6283499093,370,285290147,0.000000,0.000000,0.000000,0.000000,0.000000,0.000000,0.000000,0.000000,0.000000,0.000000,0.000000,0.000000,0.000000,0.000000,0.000000,0,0
272586000000,272700000000,6283499093,370,285290147,0.000655,0.001188,0.001921,0.000100,0.000323,0.001474,0.000593,0.000000,0.013090,0.028440,3.853000,0.012790,0.000000,0.000000,0.000567,0,0
272700000000,273000000000,6283499093,370,285290147,0.000379,0.001156,0.001921,0.000101,0.000329,0.001379,0.000000,0.000000,0.004257,0.000000,2.835000,0.008620,0.000000,0.000000,0.000126,0,0
273000000000,273300000000,6283499093,370,285290147,0.000437,0.001175,0.001921,0.000101,0.000328,0.001400,0.000001,0.000000,0.004234,0.000143,3.109000,0.010060,0.000000,0.000000,0.000218,0,0
273300000000,273600000000,6283499093,370,285290147,0.000399,0.001152,0.001919,0.000101,0.000297,0.001400,0.000000,0.000000,0.004692,0.000000,2.648000,0.008027,0.000000,0.000000,0.000606,0,0
273600000000,273900000000,6283499093,370,285290147,0.000361,0.001162,0.001921,0.000101,0.000298,0.001410,0.000001,0.000000,0.003437,0.000143,2.645000,0.007807,0.000000,0.000000,0.000167,0,0
273900000000,274200000000,6283499093,370,285290147,0.000352,0.001160,0.001921,0.000101,0.000292,0.001415,0.000000,0.000000,0.005089,0.000072,2.498000,0.007280,0.000000,0.000000,0.000551,0,0
274200000000,274500000000,6283499093,370,285290147,0.000373,0.001146,0.001919,0.000101,0.000277,0.001417,0.000003,0.000000,0.002159,0.000428,2.630000,0.007677,0.000000,0.000000,0.000444,0,0
274500000000,274800000000,6283499093,370,285290147,0.001549,0.001284,0.001917,0.000118,0.000298,0.001604,0.000074,0.000000,0.067630,0.012860,0.644200,0.000394,0.000000,0.000000,0.000308,0,0
274800000000,275100000000,6283499093,370,285290147,0.000520,0.001326,0.001919,0.000117,0.000342,0.001568,0.000001,0.000000,0.007240,0.000286,3.076000,0.009857,0.000000,0.000000,0.000301,0,0
275100000000,275400000000,6283499093,370,285290147,0.000429,0.001320,0.001921,0.000117,0.000348,0.001556,0.000000,0.000000,0.004433,0.000000,2.982000,0.009292,0.000000,0.000000,0.004433,0,0
275400000000,275700000000,6283499093,370,285290147,0.000394,0.001305,0.001921,0.000117,0.000329,0.001562,0.000001,0.000000,0.005379,0.000143,2.349000,0.006440,0.000000,0.000000,0.000514,0,0
275700000000,276000000000,6283499093,370,285290147,0.000361,0.001318,0.001919,0.000117,0.000343,0.001558,0.000000,0.000000,0.006088,0.000143,2.613000,0.007550,0.000000,0.000000,0.000687,0,0
276000000000,276300000000,6283499093,370,285290147,0.000373,0.001314,0.001919,0.000117,0.000339,0.001562,0.000002,0.000000,0.006561,0.000215,2.503000,0.007293,0.000000,0.000000,0.000541,0,0
276300000000,276600000000,6283499093,370,285290147,0.000363,0.001339,0.001921,0.000117,0.000362,0.001564,0.000004,0.000000,0.005104,0.000714,2.670000,0.007678,0.000000,0.000000,0.000925,0,0
276600000000,276900000000,6283499093,370,285290147,0.000340,0.001305,0.001921,0.000117,0.000327,0.001560,0.000003,0.000000,0.005432,0.000786,2.653000,0.007855,0.000000,0.000000,0.000097,0,0
276900000000,277200000000,6283499093,370,285290147,0.000344,0.001286,0.001921,0.000117,0.000309,0.001562,0.000000,0.000000,0.004890,0.000000,2.577000,0.007431,0.000000,0.000000,0.000206,0,0
277200000000,277500000000,6283499093,370,285290147,0.000356,0.001326,0.001921,0.000117,0.000355,0.001554,0.000004,0.000000,0.005043,0.000215,2.759000,0.007917,0.000000,0.000000,0.000298,0,0
277500000000,277800000000,6283499093,370,285290147,0.000356,0.001352,0.001921,0.000116,0.000369,0.001574,0.000004,0.000000,0.005203,0.000571,2.347000,0.006929,0.000000,0.000000,0.000473,0,0
277800000000,278100000000,6283499093,370,285290147,0.000355,0.001299,0.001921,0.000115,0.000310,0.001574,0.000004,0.000000,0.004852,0.000286,2.395000,0.007319,0.000000,0.000000,0.000090,0,0
278100000000,278400000000,6283499093,370,285290147,0.000339,0.001421,0.001925,0.000116,0.000503,0.001575,0.000002,0.000000,0.004967,0.000215,2.338000,0.007047,0.000000,0.000000,0.000213,0,0
278400000000,278700000000,6283499093,370,285290147,0.000382,0.001192,0.001928,0.000116,0.000584,0.001198,0.000018,0.000000,0.004433,0.002930,2.512000,0.008269,0.000000,0.000000,0.000412,0,0
278700000000,279000000000,6283499093,370,285290147,0.000376,0.001188,0.001928,0.000116,0.000585,0.001225,0.000013,0.000000,0.009979,0.003357,2.518000,0.008260,0.000000,0.000000,0.000566,0,0
279000000000,279300000000,6283499093,370,285290147,0.000351,0.001198,0.001928,0.000118,0.000588,0.001225,0.000002,0.000000,0.005043,0.000286,2.449000,0.007844,0.000000,0.000000,0.000160,0,0
279300000000,279600000000,6283499093,370,285290147,0.000349,0.001179,0.001928,0.000118,0.000588,0.001190,0.000003,0.000000,0.006302,0.000286,2.359000,0.007204,0.000000,0.000000,0.000577,0,0
279600000000,279900000000,6283499093,370,285290147,0.000358,0.001192,0.001928,0.000117,0.000586,0.001225,0.000015,0.000000,0.005493,0.002499,2.460000,0.006996,0.000000,0.000000,0.005257,0,0
279900000000,280200000000,6283499093,370,285290147,0.000376,0.001196,0.001928,0.000116,0.000586,0.001226,0.000009,0.000000,0.013090,0.001286,2.520000,0.007182,0.000000,0.000000,0.000777,0,0
280200000000,280500000000,6283499093,370,285290147,0.000374,0.001184,0.001928,0.000117,0.000586,0.001217,0.000003,0.000000,0.005371,0.000643,2.588000,0.007656,0.000000,0.000000,0.000137,0,0
280500000000,280800000000,6283499093,370,285290147,0.000376,0.001196,0.001928,0.000117,0.000588,0.001230,0.000003,0.000000,0.005211,0.000286,2.355000,0.006696,0.000000,0.000000,0.000163,0,0
280800000000,280949000000,6283499093,370,285290147,0.000406,0.001194,0.001928,0.000121,0.000588,0.001230,0.000013,0.000000,0.005020,0.000929,2.430000,0.007064,0.000000,0.000000,0.000142,0,0
280949000000,280965000000,6283499093,370,285290147,0.000173,0.000000,0.000000,0.000000,0.000000,0.000000,0.000000,0.000000,0.002754,0.000000,2.452000,0.006992,0.000000,0.000000,0.000000,0,0
280965000000,280966000000,6283499093,370,285290147,0.000000,0.000000,0.000000,0.000000,0.000000,0.000000,0.000000,0.000000,0.000000,0.000000,2.452000,0.006992,0.000000,0.000000,0.000000,0,0
