272501000000,272700000000,6283499093,371,257395872,0.000000,0.000000,0.000000,0.000000,0.000000,0.000000,0.000000,0.000000,0.000000,0.000000,0.000000,0.000000,0.000000,0.000000,0.000000,0,0
272700000000,273000000000,6283499093,371,257395872,0.000000,0.000000,0.000000,0.000000,0.000000,0.000000,0.000000,0.000000,0.000000,0.000000,0.000000,0.000000,0.000000,0.000000,0.000000,0,0
273000000000,273003000000,6283499093,371,257395872,0.000000,0.000000,0.000000,0.000000,0.000000,0.000000,0.000000,0.000000,0.000000,0.000000,0.000000,0.000000,0.000000,0.000000,0.000000,0,0
273003000000,273300000000,6283499093,371,257395872,0.000293,0.001146,0.001930,0.000190,0.000534,0.001492,0.000279,0.000000,0.008881,0.010070,1.925000,0.005349,0.000000,0.000000,0.000213,0,0
273300000000,273600000000,6283499093,371,257395872,0.000162,0.001236,0.001930,0.000196,0.000576,0.001301,0.000000,0.000000,0.000728,0.000000,23.370000,0.104000,0.000000,0.000000,0.000173,0,0
273600000000,273900000000,6283499093,371,257395872,0.000144,0.001059,0.001928,0.000191,0.000391,0.001303,0.000002,0.000000,0.002396,0.000571,27.510000,0.122900,0.000000,0.000000,0.000135,0,0
273900000000,274200000000,6283499093,371,257395872,0.000260,0.001011,0.001926,0.000191,0.000311,0.001375,0.000004,0.000000,0.010700,0.000571,2.019000,0.005262,0.000000,0.000000,0.000063,0,0
274200000000,274500000000,6283499093,371,257395872,0.000170,0.001055,0.001925,0.000191,0.000317,0.001371,0.000000,0.000000,0.000794,0.000072,7.585000,0.031550,0.000000,0.000000,0.000212,0,0
274500000000,274800000000,6283499093,371,257395872,0.000167,0.001034,0.001926,0.000191,0.000294,0.001364,0.000000,0.000000,0.002003,0.000000,7.400000,0.030640,0.000000,0.000000,0.000209,0,0
274800000000,275100000000,6283499093,371,257395872,0.000132,0.001009,0.001928,0.000191,0.000268,0.001263,0.000002,0.000000,0.001745,0.000286,27.890000,0.122400,0.000000,0.000000,0.000100,0,0
275100000000,275400000000,6283499093,371,257395872,0.000254,0.000994,0.001926,0.000191,0.000253,0.001171,0.000003,0.000000,0.015720,0.000428,1.522000,0.002661,0.000000,0.000000,0.000060,0,0
275400000000,275700000000,6283499093,371,257395872,0.000194,0.000975,0.001926,0.000190,0.000236,0.001169,0.000000,0.000000,0.004517,0.000072,27.020000,0.118700,0.000000,0.000000,0.000207,0,0
275700000000,276000000000,6283499093,371,257395872,0.000192,0.001043,0.001926,0.000190,0.000301,0.001381,0.000000,0.000000,0.001650,0.000072,7.613000,0.031560,0.000000,0.000000,0.000205,0,0
276000000000,276300000000,6283499093,371,257395872,0.000147,0.001095,0.001926,0.000191,0.000344,0.001385,0.000003,0.000000,0.003342,0.000643,22.830000,0.099080,0.000000,0.000000,0.000077,0,0
276300000000,276600000000,6283499093,371,257395872,0.000268,0.001148,0.001925,0.000194,0.000390,0.001410,0.000029,0.000000,0.005180,0.005142,7.190000,0.029350,0.000000,0.000000,0.000221,0,0
276600000000,276900000000,6283499093,371,257395872,0.000297,0.001211,0.001925,0.000191,0.000443,0.001402,0.000002,0.000000,0.008163,0.000428,3.905000,0.013540,0.000000,0.000000,0.000150,0,0
276900000000,277200000000,6283499093,371,257395872,0.000236,0.001259,0.001926,0.000191,0.000492,0.001404,0.000000,0.000000,0.003681,0.000072,3.552000,0.011840,0.000000,0.000000,0.000119,0,0
277200000000,277500000000,6283499093,371,257395872,0.000130,0.001308,0.001930,0.000191,0.000542,0.001404,0.000003,0.000000,0.001753,0.000215,5.660000,0.022030,0.000000,0.000000,0.000154,0,0
277500000000,277800000000,6283499093,371,257395872,0.000161,0.001329,0.001930,0.000191,0.000560,0.001410,0.000002,0.000000,0.002396,0.000072,9.127000,0.039210,0.000000,0.000000,0.000099,0,0
277800000000,278100000000,6283499093,371,257395872,0.000199,0.001379,0.001930,0.000191,0.000607,0.001411,0.000004,0.000000,0.001810,0.000357,4.435000,0.015820,0.000000,0.000000,0.000200,0,0
278100000000,278400000000,6283499093,371,257395872,0.000199,0.001236,0.001930,0.000191,0.000515,0.001411,0.000005,0.000000,0.002899,0.000357,7.479000,0.029840,0.000000,0.000000,0.000174,0,0
278400000000,278700000000,6283499093,371,257395872,0.000232,0.001041,0.001930,0.000186,0.000232,0.001265,0.000003,0.000000,0.005280,0.000215,18.200000,0.077070,0.000000,0.000000,0.000199,0,0
278700000000,279000000000,6283499093,371,257395872,0.000252,0.001087,0.001930,0.000185,0.000264,0.001451,0.000000,0.000000,0.004242,0.000072,5.081000,0.018840,0.000000,0.000000,0.000315,0,0
279000000000,279300000000,6283499093,371,257395872,0.000237,0.001101,0.001930,0.000185,0.000278,0.001453,0.000003,0.000000,0.001049,0.000357,3.714000,0.012780,0.000000,0.000000,0.000307,0,0
279300000000,279600000000,6283499093,371,257395872,0.000240,0.001207,0.001928,0.000184,0.000387,0.001459,0.000005,0.000000,0.005226,0.000357,2.451000,0.007267,0.000000,0.000000,0.000087,0,0
279600000000,279900000000,6283499093,371,257395872,0.000278,0.001177,0.001930,0.000183,0.000348,0.001461,0.000002,0.000000,0.001497,0.000215,2.340000,0.006849,0.000000,0.000000,0.000762,0,0
279900000000,280200000000,6283499093,371,257395872,0.000256,0.001295,0.001926,0.000215,0.000447,0.001497,0.000340,0.000000,0.001965,0.020510,3.775000,0.013970,0.000000,0.000000,0.000243,0,0
280200000000,280500000000,6283499093,371,257395872,0.000246,0.001139,0.001932,0.000331,0.000584,0.001362,0.000051,0.000000,0.005501,0.013080,9.122000,0.039410,0.000000,0.000000,0.000095,0,0
280500000000,280800000000,6283499093,371,257395872,0.000226,0.001102,0.001932,0.000336,0.000592,0.001120,0.000016,0.000000,0.001684,0.003429,5.402000,0.021800,0.000000,0.000000,0.000173,0,0
280800000000,281100000000,6283499093,371,257395872,0.002117,0.001106,0.002312,0.000211,0.000480,0.002048,0.000034,0.000000,0.039790,0.002285,0.681300,0.000521,0.000000,0.000000,0.000164,0,0
281100000000,281400000000,6283499093,371,257395872,0.000279,0.000791,0.001930,0.000152,0.000426,0.000821,0.000019,0.000000,0.006203,0.004997,5.985000,0.024920,0.000000,0.000000,0.000149,0,0
281400000000,281700000000,6283499093,371,257395872,0.000225,0.000784,0.001932,0.000153,0.000429,0.000812,0.000010,0.000000,0.002731,0.001572,5.206000,0.021040,0.000000,0.000000,0.000162,0,0
281700000000,281952000000,6283499093,371,257395872,0.000221,0.000776,0.001932,0.000155,0.000429,0.000817,0.000088,0.000000,0.004974,0.010500,6.620000,0.026980,0.000000,0.000000,0.000092,0,0
281952000000,281969000000,6283499093,371,257395872,0.000152,0.000000,0.000000,0.000000,0.000000,0.000000,0.000184,0.000000,0.002583,0.002998,3.491000,0.012000,0.000000,0.000000,0.000000,0,0
281969000000,281972000000,6283499093,371,257395872,0.000000,0.000000,0.000000,0.000000,0.000000,0.000000,0.000000,0.000000,0.000000,0.000000,3.491000,0.012000,0.000000,0.000000,0.000000,0,0
