272493000000,272579000000,6283499093,372,318360092,0.000000,0.000000,0.000000,0.000000,0.000000,0.000000,0.000000,0.000000,0.000000,0.000000,0.000000,0.000000,0.000000,0.000000,0.000000,0,0
272579000000,272700000000,6283499093,372,318360092,0.000717,0.001167,0.001921,0.000126,0.000348,0.001461,0.000613,0.000000,0.012150,0.023770,1.762000,0.004040,0.000000,0.000000,0.000156,0,0
272700000000,273000000000,6283499093,372,318360092,0.000380,0.001108,0.001921,0.000126,0.000350,0.001329,0.000000,0.000000,0.004364,0.000000,2.228000,0.006342,0.000000,0.000000,0.000224,0,0
273000000000,273300000000,6283499093,372,318360092,0.000421,0.001091,0.001921,0.000126,0.000324,0.001348,0.000001,0.000000,0.004723,0.000215,2.704000,0.008526,0.000000,0.000000,0.004723,0,0
273300000000,273600000000,6283499093,372,318360092,0.000380,0.001083,0.001921,0.000126,0.000300,0.001354,0.000006,0.000000,0.005638,0.001785,2.543000,0.007841,0.000000,0.000000,0.000247,0,0
273600000000,273900000000,6283499093,372,318360092,0.000423,0.001078,0.001919,0.000126,0.000289,0.001362,0.000001,0.000000,0.004669,0.000143,2.664000,0.008521,0.000000,0.000000,0.000172,0,0
273900000000,274200000000,6283499093,372,318360092,0.000437,0.001060,0.001919,0.000126,0.000260,0.001392,0.000014,0.000000,0.047490,0.003716,2.718000,0.008714,0.000000,0.000000,0.000127,0,0
274200000000,274500000000,6283499093,372,318360092,0.000433,0.001043,0.001919,0.000125,0.000229,0.001383,0.000001,0.000000,0.005341,0.000143,2.538000,0.007653,0.000000,0.000000,0.000238,0,0
274500000000,274800000000,6283499093,372,318360092,0.000376,0.000997,0.001921,0.000125,0.000184,0.001308,0.000000,0.000000,0.005310,0.000072,2.605000,0.007811,0.000000,0.000000,0.000832,0,0
274800000000,275100000000,6283499093,372,318360092,0.000385,0.001095,0.001923,0.000125,0.000276,0.001392,0.000000,0.000000,0.009064,0.000143,2.382000,0.006576,0.000000,0.000000,0.000164,0,0
275100000000,275400000000,6283499093,372,318360092,0.000455,0.001352,0.001925,0.000125,0.000525,0.001402,0.000001,0.000000,0.011960,0.000143,2.686000,0.008218,0.000000,0.000000,0.000117,0,0
275400000000,275700000000,6283499093,372,318360092,0.000414,0.001310,0.001925,0.000125,0.000483,0.001398,0.000004,0.000000,0.004707,0.000571,3.189000,0.010550,0.000000,0.000000,0.000495,0,0
275700000000,276000000000,6283499093,372,318360092,0.000355,0.001286,0.001925,0.000125,0.000459,0.001398,0.000002,0.000000,0.004967,0.000143,2.423000,0.007038,0.000000,0.000000,0.000075,0,0
276000000000,276300000000,6283499093,372,318360092,0.000335,0.001253,0.001923,0.000125,0.000425,0.001398,0.000001,0.000000,0.004166,0.000143,2.294000,0.006403,0.000000,0.000000,0.000091,0,0
276300000000,276600000000,6283499093,372,318360092,0.000371,0.001215,0.001921,0.000125,0.000380,0.001406,0.000002,0.000000,0.004364,0.000215,2.596000,0.007543,0.000000,0.000000,0.000183,0,0
276600000000,276900000000,6283499093,372,318360092,0.000358,0.001169,0.001921,0.000125,0.000327,0.001417,0.000001,0.000000,0.019170,0.000143,1.826000,0.004189,0.000000,0.000000,0.000114,0,0
276900000000,277200000000,6283499093,372,318360092,0.000334,0.001099,0.001919,0.000125,0.000253,0.001415,0.000000,0.000000,0.011440,0.000000,2.421000,0.006856,0.000000,0.000000,0.000233,0,0
277200000000,277500000000,6283499093,372,318360092,0.000330,0.001030,0.001919,0.000125,0.000181,0.001408,0.000003,0.000000,0.004936,0.000143,2.294000,0.006401,0.000000,0.000000,0.000603,0,0
277500000000,277529000000,6283499093,372,318360092,0.000420,0.000960,0.001923,0.000125,0.000141,0.001036,0.000020,0.000000,0.003845,0.000286,2.268000,0.006256,0.000000,0.000000,0.000636,0,0
277529000000,277547000000,6283499093,372,318360092,0.000163,0.000000,0.000000,0.000000,0.000000,0.000000,0.000040,0.000000,0.002934,0.000714,1.652000,0.002975,0.000000,0.000000,0.000000,0,0
277547000000,277548000000,6283499093,372,318360092,0.000000,0.000000,0.000000,0.000000,0.000000,0.000000,0.000000,0.000000,0.000000,0.000000,1.641000,0.002918,0.000000,0.000000,0.000000,0,0
