272507000000,272696000000,6283499093,373,450080747,0.000000,0.000000,0.000000,0.000000,0.000000,0.000000,0.000000,0.000000,0.000000,0.000000,0.000000,0.000000,0.000000,0.000000,0.000000,0,0
272696000000,272700000000,6283499093,373,450080747,0.000835,0.000109,0.001934,0.000069,0.000072,0.000195,0.014790,0.000000,0.001871,0.023130,0.000000,0.000000,0.000000,0.000000,0.000868,0,0
272700000000,273000000000,6283499093,373,450080747,0.000428,0.001215,0.001932,0.000382,0.000811,0.001713,0.000785,0.000000,0.009979,0.032650,3.469000,0.011700,0.000000,0.000000,0.000421,0,0
273000000000,273300000000,6283499093,373,450080747,0.000309,0.000939,0.001932,0.000372,0.000815,0.000941,0.000002,0.000000,0.004280,0.000500,3.381000,0.011510,0.000000,0.000000,0.000845,0,0
273300000000,273600000000,6283499093,373,450080747,0.000276,0.000953,0.001932,0.000365,0.000810,0.000967,0.000000,0.000000,0.009811,0.000072,3.372000,0.010910,0.000000,0.000000,0.000695,0,0
273600000000,273900000000,6283499093,373,450080747,0.000320,0.000967,0.001932,0.000365,0.000810,0.000978,0.000001,0.000000,0.007729,0.000143,2.347000,0.006454,0.000000,0.000000,0.000072,0,0
273900000000,274200000000,6283499093,373,450080747,0.000284,0.000963,0.001932,0.000365,0.000810,0.000967,0.000001,0.000000,0.004601,0.000143,3.402000,0.011160,0.000000,0.000000,0.000495,0,0
274200000000,274500000000,6283499093,373,450080747,0.000317,0.000969,0.001932,0.000365,0.000810,0.000982,0.000000,0.000000,0.008423,0.000072,2.871000,0.008479,0.000000,0.000000,0.000132,0,0
274500000000,274800000000,6283499093,373,450080747,0.000316,0.000972,0.001932,0.000365,0.000810,0.000990,0.000002,0.000000,0.005539,0.000215,2.487000,0.006978,0.000000,0.000000,0.000186,0,0
274800000000,275100000000,6283499093,373,450080747,0.000286,0.000975,0.001932,0.000365,0.000810,0.000988,0.000001,0.000000,0.004280,0.000143,3.742000,0.011900,0.000000,0.000000,0.000145,0,0
275100000000,275400000000,6283499093,373,450080747,0.000293,0.000977,0.001934,0.000365,0.000811,0.000990,0.000000,0.000000,0.005074,0.000072,4.037000,0.013610,0.000000,0.000000,0.000273,0,0
275400000000,275700000000,6283499093,373,450080747,0.000277,0.000969,0.001934,0.000365,0.000810,0.000976,0.000000,0.000000,0.004196,0.000000,2.928000,0.008866,0.000000,0.000000,0.000533,0,0
275700000000,276000000000,6283499093,373,450080747,0.000269,0.000984,0.001934,0.000365,0.000811,0.000994,0.000003,0.000000,0.003922,0.000643,2.915000,0.008736,0.000000,0.000000,0.000114,0,0
276000000000,276300000000,6283499093,373,450080747,0.000269,0.000977,0.001934,0.000365,0.000811,0.000984,0.000004,0.000000,0.004616,0.000643,3.305000,0.010340,0.000000,0.000000,0.000140,0,0
276300000000,276600000000,6283499093,373,450080747,0.000263,0.000980,0.001934,0.000365,0.000811,0.000990,0.000001,0.000000,0.005211,0.000215,3.191000,0.009954,0.000000,0.000000,0.000246,0,0
276600000000,276900000000,6283499093,373,450080747,0.000269,0.000984,0.001934,0.000365,0.000811,0.000994,0.000001,0.000000,0.004265,0.000072,4.146000,0.013850,0.000000,0.000000,0.000267,0,0
276900000000,277200000000,6283499093,373,450080747,0.000283,0.000978,0.001934,0.000365,0.000811,0.000994,0.000000,0.000000,0.004410,0.000072,3.145000,0.010110,0.000000,0.000000,0.000085,0,0
277200000000,277500000000,6283499093,373,450080747,0.000287,0.000984,0.001934,0.000366,0.000811,0.000992,0.000004,0.000000,0.003975,0.000357,4.369000,0.014900,0.000000,0.000000,0.000238,0,0
277500000000,277800000000,6283499093,373,450080747,0.000277,0.000990,0.001934,0.000365,0.000811,0.000997,0.000011,0.000000,0.004471,0.002357,2.552000,0.007652,0.000000,0.000000,0.000173,0,0
277800000000,278100000000,6283499093,373,450080747,0.000269,0.000978,0.001934,0.000365,0.000811,0.000994,0.000004,0.000000,0.003677,0.000072,2.521000,0.007314,0.000000,0.000000,0.000144,0,0
278100000000,278400000000,6283499093,373,450080747,0.000322,0.001017,0.001932,0.000361,0.000811,0.001089,0.000011,0.000000,0.006340,0.002430,2.912000,0.008831,0.000000,0.000000,0.000147,0,0
278400000000,278700000000,6283499093,373,450080747,0.000326,0.001034,0.001932,0.000353,0.000812,0.001087,0.000003,0.000000,0.001226,0.000215,3.544000,0.011830,0.000000,0.000000,0.000300,0,0
278700000000,279000000000,6283499093,373,450080747,0.000315,0.001026,0.001932,0.000353,0.000812,0.001041,0.000001,0.000000,0.005356,0.000143,2.877000,0.008976,0.000000,0.000000,0.000126,0,0
279000000000,279300000000,6283499093,373,450080747,0.000292,0.001022,0.001932,0.000353,0.000812,0.001036,0.000004,0.000000,0.001240,0.000500,2.289000,0.006391,0.000000,0.000000,0.000739,0,0
279300000000,279600000000,6283499093,373,450080747,0.000313,0.001047,0.001932,0.000352,0.000812,0.001068,0.000005,0.000000,0.004578,0.000571,2.364000,0.006920,0.000000,0.000000,0.000624,0,0
279600000000,279900000000,6283499093,373,450080747,0.000332,0.001038,0.001932,0.000352,0.000812,0.001051,0.000012,0.000000,0.005234,0.002430,2.832000,0.008989,0.000000,0.000000,0.000775,0,0
279900000000,280200000000,6283499093,373,450080747,0.000348,0.001053,0.001932,0.000352,0.000812,0.001074,0.000012,0.000000,0.005409,0.001928,2.417000,0.007175,0.000000,0.000000,0.000107,0,0
280200000000,280500000000,6283499093,373,450080747,0.000343,0.001043,0.001932,0.000352,0.000812,0.001070,0.000002,0.000000,0.005783,0.000357,2.725000,0.008399,0.000000,0.000000,0.000155,0,0
280500000000,280800000000,6283499093,373,450080747,0.000328,0.001036,0.001932,0.000352,0.000813,0.001047,0.000003,0.000000,0.005035,0.000286,2.432000,0.007349,0.000000,0.000000,0.000197,0,0
280800000000,281100000000,6283499093,373,450080747,0.000332,0.001043,0.001932,0.000352,0.000812,0.001072,0.000005,0.000000,0.004456,0.000571,2.442000,0.007251,0.000000,0.000000,0.000177,0,0
281100000000,281400000000,6283499093,373,450080747,0.000338,0.001051,0.001932,0.000352,0.000813,0.001080,0.000001,0.000000,0.004745,0.000143,2.532000,0.007777,0.000000,0.000000,0.000539,0,0
281400000000,281700000000,6283499093,373,450080747,0.000345,0.001045,0.001932,0.000352,0.000813,0.001076,0.000011,0.000000,0.002125,0.002930,2.370000,0.006991,0.000000,0.000000,0.000940,0,0
281700000000,282000000000,6283499093,373,450080747,0.000368,0.001043,0.001932,0.000352,0.000813,0.001072,0.000001,0.000000,0.005127,0.000143,2.848000,0.009196,0.000000,0.000000,0.000341,0,0
282000000000,282300000000,6283499093,373,450080747,0.000375,0.001041,0.001932,0.000352,0.000813,0.001060,0.000003,0.000000,0.004395,0.000357,2.675000,0.008323,0.000000,0.000000,0.000285,0,0
282300000000,282600000000,6283499093,373,450080747,0.000345,0.001059,0.001932,0.000353,0.000813,0.001076,0.000007,0.000000,0.005730,0.001358,2.548000,0.007453,0.000000,0.000000,0.000086,0,0
282600000000,282779000000,6283499093,373,450080747,0.000487,0.001078,0.001930,0.000355,0.000814,0.001110,0.000022,0.000000,0.013900,0.001858,2.416000,0.007154,0.000000,0.000000,0.000476,0,0
282779000000,282795000000,6283499093,373,450080747,0.000235,0.000000,0.000000,0.000000,0.000000,0.000000,0.000085,0.000000,0.003750,0.000786,2.217000,0.005879,0.000000,0.000000,0.000000,0,0
282795000000,282796000000,6283499093,373,450080747,0.000000,0.000000,0.000000,0.000000,0.000000,0.000000,0.000000,0.000000,0.000000,0.000000,0.959100,0.001050,0.000000,0.000000,0.000000,0,0
