272510000000,272537000000,6283499093,374,5655258253,0.000000,0.000000,0.000000,0.000000,0.000000,0.000000,0.000000,0.000000,0.000000,0.000000,0.000000,0.000000,0.000000,0.000000,0.000000,0,0
272537000000,272700000000,6283499093,374,5655258253,0.000730,0.001013,0.001923,0.000068,0.000177,0.001408,0.000297,0.000000,0.033940,0.020420,1.764000,0.003175,0.000000,0.000000,0.000246,0,0
272700000000,273000000000,6283499093,374,5655258253,0.000408,0.000969,0.001923,0.000064,0.000137,0.001339,0.000000,0.000000,0.006523,0.000000,3.438000,0.009847,0.000000,0.000000,0.000351,0,0
273000000000,273300000000,6283499093,374,5655258253,0.000365,0.001026,0.001925,0.000063,0.000194,0.001341,0.000003,0.000000,0.005219,0.000714,2.914000,0.008137,0.000000,0.000000,0.000098,0,0
273300000000,273600000000,6283499093,374,5655258253,0.000386,0.001144,0.001925,0.000063,0.000290,0.001368,0.000001,0.000000,0.025150,0.000215,1.875000,0.003944,0.000000,0.000000,0.000121,0,0
273600000000,273900000000,6283499093,374,5655258253,0.000431,0.001087,0.001923,0.000063,0.000224,0.001371,0.000001,0.000000,0.004272,0.000215,3.093000,0.009051,0.000000,0.000000,0.000223,0,0
273900000000,274200000000,6283499093,374,5655258253,0.000415,0.001030,0.001921,0.000063,0.000166,0.001369,0.000000,0.000000,0.004913,0.000072,2.934000,0.008502,0.000000,0.000000,0.000053,0,0
274200000000,274500000000,6283499093,374,5655258253,0.000378,0.000972,0.001923,0.000063,0.000105,0.001375,0.000002,0.000000,0.005119,0.000143,2.973000,0.008471,0.000000,0.000000,0.000192,0,0
274500000000,274800000000,6283499093,374,5655258253,0.000351,0.001072,0.001923,0.000063,0.000202,0.001375,0.000000,0.000000,0.004814,0.000072,2.881000,0.007927,0.000000,0.000000,0.000562,0,0
274800000000,275100000000,6283499093,374,5655258253,0.000331,0.000976,0.001925,0.000063,0.000107,0.001375,0.000002,0.000000,0.004311,0.000571,2.655000,0.007137,0.000000,0.000000,0.000460,0,0
275100000000,275400000000,6283499093,374,5655258253,0.000322,0.000961,0.001925,0.000061,0.000091,0.001131,0.000000,0.000000,0.004410,0.000000,2.870000,0.007983,0.000000,0.000000,0.000212,0,0
275400000000,275700000000,6283499093,374,5655258253,0.000327,0.000982,0.001923,0.000059,0.000110,0.001209,0.000000,0.000000,0.004646,0.000072,2.715000,0.007241,0.000000,0.000000,0.000248,0,0
275700000000,276000000000,6283499093,374,5655258253,0.000347,0.000996,0.001923,0.000059,0.000120,0.001240,0.000001,0.000000,0.009064,0.000072,2.160000,0.004920,0.000000,0.000000,0.000408,0,0
276000000000,276300000000,6283499093,374,5655258253,0.000364,0.001009,0.001923,0.000059,0.000133,0.001347,0.000001,0.000000,0.004768,0.000143,3.082000,0.008690,0.000000,0.000000,0.000311,0,0
276300000000,276600000000,6283499093,374,5655258253,0.001371,0.001200,0.001919,0.000063,0.000199,0.001545,0.000022,0.000000,0.058230,0.005211,0.669600,0.000429,0.000000,0.000000,0.000352,0,0
276600000000,276900000000,6283499093,374,5655258253,0.000468,0.001184,0.001919,0.000058,0.000169,0.001539,0.000001,0.000000,0.005867,0.000143,3.554000,0.011060,0.000000,0.000000,0.001041,0,0
276900000000,277200000000,6283499093,374,5655258253,0.000447,0.001226,0.001921,0.000058,0.000205,0.001545,0.000000,0.000000,0.006897,0.000072,2.867000,0.008324,0.000000,0.000000,0.000378,0,0
277200000000,277500000000,6283499093,374,5655258253,0.000441,0.001188,0.001919,0.000058,0.000160,0.001556,0.000004,0.000000,0.014970,0.000286,3.112000,0.009255,0.000000,0.000000,0.000168,0,0
277500000000,277800000000,6283499093,374,5655258253,0.000427,0.001137,0.001921,0.000058,0.000107,0.001528,0.000004,0.000000,0.006683,0.000428,3.042000,0.009186,0.000000,0.000000,0.000668,0,0
277800000000,278100000000,6283499093,374,5655258253,0.000403,0.001245,0.001923,0.000058,0.000230,0.001539,0.000004,0.000000,0.005646,0.000143,2.795000,0.008119,0.000000,0.000000,0.000516,0,0
278100000000,278400000000,6283499093,374,5655258253,0.000393,0.001318,0.001923,0.000058,0.000302,0.001539,0.000002,0.000000,0.002834,0.000072,2.744000,0.007725,0.000000,0.000000,0.000358,0,0
278400000000,278700000000,6283499093,374,5655258253,0.000382,0.001268,0.001923,0.000078,0.000264,0.001537,0.000065,0.000000,0.004890,0.013930,2.535000,0.006745,0.000000,0.000000,0.000192,0,0
278700000000,279000000000,6283499093,374,5655258253,0.000365,0.001276,0.001925,0.000085,0.000290,0.001482,0.000001,0.000000,0.005600,0.000215,2.512000,0.006927,0.000000,0.000000,0.000487,0,0
279000000000,279300000000,6283499093,374,5655258253,0.000402,0.001175,0.001925,0.000123,0.000212,0.001472,0.000153,0.000000,0.007286,0.016300,2.482000,0.006496,0.000000,0.000000,0.000115,0,0
279300000000,279350000000,6283499093,374,5655258253,0.000382,0.000746,0.001925,0.000146,0.000172,0.000914,0.000614,0.000000,0.002316,0.029720,1.256000,0.001325,0.000000,0.000000,0.000149,0,0
279350000000,279364000000,6283499093,374,5655258253,0.000161,0.000000,0.000000,0.000000,0.000000,0.000000,0.000265,0.000000,0.002262,0.002930,4.655000,0.015250,0.000000,0.000000,0.000000,0,0
279364000000,279365000000,6283499093,374,5655258253,0.000000,0.000000,0.000000,0.000000,0.000000,0.000000,0.000000,0.000000,0.000000,0.000000,4.655000,0.015250,0.000000,0.000000,0.000000,0,0
