272499000000,272574000000,6283499093,375,294793957,0.000000,0.000000,0.000000,0.000000,0.000000,0.000000,0.000000,0.000000,0.000000,0.000000,0.000000,0.000000,0.000000,0.000000,0.000000,0,0
272574000000,272700000000,6283499093,375,294793957,0.000736,0.001566,0.001926,0.000385,0.000816,0.001724,0.001961,0.000000,0.040530,0.058230,1.520000,0.003674,0.000000,0.000000,0.000346,0,0
272700000000,273000000000,6283499093,375,294793957,0.000400,0.000986,0.001926,0.000382,0.000825,0.001333,0.000000,0.000000,0.004593,0.000072,2.760000,0.009288,0.000000,0.000000,0.000219,0,0
273000000000,273300000000,6283499093,375,294793957,0.000403,0.000956,0.001926,0.000368,0.000812,0.000975,0.000001,0.000000,0.004288,0.000143,3.010000,0.010420,0.000000,0.000000,0.000125,0,0
273300000000,273600000000,6283499093,375,294793957,0.000340,0.000955,0.001928,0.000367,0.000812,0.000974,0.000000,0.000000,0.003975,0.000000,2.415000,0.007624,0.000000,0.000000,0.000241,0,0
273600000000,273900000000,6283499093,375,294793957,0.000373,0.000962,0.001928,0.000367,0.000812,0.000972,0.000001,0.000000,0.005226,0.000215,2.410000,0.007586,0.000000,0.000000,0.000574,0,0
273900000000,274200000000,6283499093,375,294793957,0.000447,0.001030,0.001926,0.000370,0.000815,0.001074,0.000023,0.000000,0.006454,0.005714,2.616000,0.008621,0.000000,0.000000,0.000269,0,0
274200000000,274500000000,6283499093,375,294793957,0.000376,0.001032,0.001928,0.000367,0.000813,0.001038,0.000001,0.000000,0.004311,0.000143,3.059000,0.010540,0.000000,0.000000,0.000400,0,0
274500000000,274800000000,6283499093,375,294793957,0.000376,0.001041,0.001928,0.000367,0.000812,0.001068,0.000000,0.000000,0.004829,0.000000,2.366000,0.007208,0.000000,0.000000,0.001501,0,0
274800000000,275100000000,6283499093,375,294793957,0.000387,0.001049,0.001928,0.000367,0.000812,0.001064,0.000000,0.000000,0.004158,0.000072,2.995000,0.010400,0.000000,0.000000,0.000170,0,0
275100000000,275400000000,6283499093,375,294793957,0.003376,0.001137,0.002056,0.000285,0.000732,0.001598,0.000031,0.000000,0.083250,0.002785,1.058000,0.002181,0.000000,0.000000,0.000293,0,0
275400000000,275700000000,6283499093,375,294793957,0.000360,0.001175,0.001928,0.000152,0.000601,0.001207,0.000000,0.000000,0.004158,0.000072,2.484000,0.007898,0.000000,0.000000,0.000108,0,0
275700000000,276000000000,6283499093,375,294793957,0.000349,0.001160,0.001928,0.000138,0.000588,0.001169,0.000002,0.000000,0.004463,0.000286,2.635000,0.008571,0.000000,0.000000,0.000679,0,0
276000000000,276300000000,6283499093,375,294793957,0.000576,0.001160,0.001928,0.000138,0.000588,0.001236,0.000008,0.000000,0.045410,0.001499,1.849000,0.005033,0.000000,0.000000,0.000532,0,0
276300000000,276600000000,6283499093,375,294793957,0.000782,0.001242,0.001925,0.000139,0.000603,0.001301,0.000071,0.000000,0.041870,0.008362,1.123000,0.002090,0.000000,0.000000,0.000400,0,0
276600000000,276900000000,6283499093,375,294793957,0.000527,0.001200,0.001926,0.000137,0.000602,0.001219,0.000001,0.000000,0.006790,0.000143,3.611000,0.013150,0.000000,0.000000,0.000374,0,0
276900000000,277200000000,6283499093,375,294793957,0.000382,0.001190,0.001928,0.000137,0.000602,0.001207,0.000000,0.000000,0.005219,0.000000,2.749000,0.009005,0.000000,0.000000,0.000275,0,0
277200000000,277500000000,6283499093,375,294793957,0.000345,0.001200,0.001928,0.000136,0.000602,0.001209,0.000009,0.000000,0.005615,0.001358,2.531000,0.007774,0.000000,0.000000,0.000071,0,0
277500000000,277800000000,6283499093,375,294793957,0.000396,0.001205,0.001928,0.000135,0.000602,0.001217,0.000004,0.000000,0.011840,0.000571,2.103000,0.005705,0.000000,0.000000,0.000278,0,0
277800000000,277819000000,6283499093,375,294793957,0.000584,0.001175,0.001926,0.000135,0.000602,0.001213,0.000339,0.000000,0.011930,0.006355,4.239000,0.015000,0.000000,0.000000,0.000199,0,0
277819000000,277831000000,6283499093,375,294793957,0.000309,0.000000,0.000000,0.000000,0.000000,0.000000,0.000256,0.000000,0.003704,0.002998,4.239000,0.015000,0.000000,0.000000,0.000000,0,0
277831000000,277832000000,6283499093,375,294793957,0.000000,0.000000,0.000000,0.000000,0.000000,0.000000,0.000000,0.000000,0.000000,0.000000,4.239000,0.015000,0.000000,0.000000,0.000000,0,0
