272491000000,272614000000,6283499093,376,317311060,0.000000,0.000000,0.000000,0.000000,0.000000,0.000000,0.000000,0.000000,0.000000,0.000000,0.000000,0.000000,0.000000,0.000000,0.000000,0,0
272614000000,272700000000,6283499093,376,317311060,0.000765,0.000958,0.001923,0.000129,0.000167,0.001211,0.001034,0.000000,0.015520,0.017210,2.854000,0.008749,0.000000,0.000000,0.000183,0,0
272700000000,273000000000,6283499093,376,317311060,0.000360,0.001148,0.001923,0.000136,0.000377,0.001350,0.000000,0.000000,0.005188,0.000072,3.495000,0.011200,0.000000,0.000000,0.000248,0,0
273000000000,273300000000,6283499093,376,317311060,0.000380,0.001303,0.001925,0.000136,0.000530,0.001356,0.000004,0.000000,0.004601,0.000999,3.489000,0.010950,0.000000,0.000000,0.000155,0,0
273300000000,273600000000,6283499093,376,317311060,0.000315,0.001265,0.001923,0.000136,0.000493,0.001354,0.000000,0.000000,0.004913,0.000000,2.862000,0.008153,0.000000,0.000000,0.000344,0,0
273600000000,273900000000,6283499093,376,317311060,0.002331,0.001453,0.002037,0.000125,0.000400,0.002296,0.000078,0.000000,0.071900,0.011080,3.401000,0.010710,0.000000,0.000000,0.000439,0,0
273900000000,274200000000,6283499093,376,317311060,0.000536,0.001297,0.001919,0.000114,0.000274,0.001602,0.000001,0.000000,0.005280,0.000286,3.758000,0.012670,0.000000,0.000000,0.000403,0,0
274200000000,274500000000,6283499093,376,317311060,0.000406,0.001286,0.001921,0.000112,0.000280,0.001602,0.000002,0.000000,0.006195,0.000286,3.131000,0.009570,0.000000,0.000000,0.000547,0,0
274500000000,274800000000,6283499093,376,317311060,0.000383,0.001278,0.001921,0.000112,0.000278,0.001581,0.000000,0.000000,0.002625,0.000000,3.545000,0.010870,0.000000,0.000000,0.000725,0,0
274800000000,275100000000,6283499093,376,317311060,0.000391,0.001318,0.001921,0.000112,0.000318,0.001579,0.000000,0.000000,0.005272,0.000143,2.595000,0.007214,0.000000,0.000000,0.000324,0,0
275100000000,275400000000,6283499093,376,317311060,0.000431,0.001310,0.001921,0.000119,0.000315,0.001583,0.000001,0.000000,0.005890,0.000072,2.577000,0.007086,0.000000,0.000000,0.000295,0,0
275400000000,275700000000,6283499093,376,317311060,0.000456,0.001305,0.001919,0.000120,0.000314,0.001581,0.000026,0.000000,0.013490,0.004074,1.881000,0.004455,0.000000,0.000000,0.000285,0,0
275700000000,276000000000,6283499093,376,317311060,0.000380,0.001307,0.001921,0.000119,0.000308,0.001596,0.000006,0.000000,0.005287,0.001642,2.710000,0.007627,0.000000,0.000000,0.000569,0,0
276000000000,276300000000,6283499093,376,317311060,0.000331,0.001331,0.001921,0.000118,0.000320,0.001596,0.000001,0.000000,0.005089,0.000215,2.471000,0.006597,0.000000,0.000000,0.000118,0,0
276300000000,276600000000,6283499093,376,317311060,0.000296,0.001350,0.001923,0.000118,0.000340,0.001596,0.000001,0.000000,0.005257,0.000072,3.216000,0.009715,0.000000,0.000000,0.000774,0,0
276600000000,276900000000,6283499093,376,317311060,0.000291,0.001322,0.001921,0.000118,0.000309,0.001598,0.000001,0.000000,0.003960,0.000143,3.032000,0.008973,0.000000,0.000000,0.000177,0,0
276900000000,277200000000,6283499093,376,317311060,0.000376,0.001343,0.001921,0.000120,0.000331,0.001600,0.000002,0.000000,0.005791,0.000215,2.803000,0.008027,0.000000,0.000000,0.000287,0,0
277200000000,277500000000,6283499093,376,317311060,0.000421,0.001305,0.001921,0.000121,0.000296,0.001596,0.000004,0.000000,0.003143,0.000215,2.651000,0.007345,0.000000,0.000000,0.000475,0,0
277500000000,277800000000,6283499093,376,317311060,0.000403,0.001333,0.001921,0.000121,0.000326,0.001593,0.000002,0.000000,0.004761,0.000072,3.685000,0.011750,0.000000,0.000000,0.000256,0,0
277800000000,278100000000,6283499093,376,317311060,0.000367,0.001328,0.001921,0.000121,0.000318,0.001596,0.000006,0.000000,0.001696,0.000500,2.929000,0.008524,0.000000,0.000000,0.000258,0,0
278100000000,278400000000,6283499093,376,317311060,0.000343,0.001318,0.001923,0.000119,0.000308,0.001596,0.000003,0.000000,0.005295,0.000215,2.528000,0.006727,0.000000,0.000000,0.000189,0,0
278400000000,278700000000,6283499093,376,317311060,0.000303,0.001362,0.001925,0.000119,0.000349,0.001598,0.000002,0.000000,0.004890,0.000143,2.454000,0.006624,0.000000,0.000000,0.000137,0,0
278700000000,279000000000,6283499093,376,317311060,0.000335,0.001305,0.001925,0.000120,0.000294,0.001598,0.000001,0.000000,0.002972,0.000215,2.086000,0.005092,0.000000,0.000000,0.000169,0,0
279000000000,279300000000,6283499093,376,317311060,0.000355,0.001347,0.001928,0.000131,0.000341,0.001598,0.000226,0.000000,0.009048,0.022860,2.636000,0.007369,0.000000,0.000000,0.000060,0,0
279300000000,279480000000,6283499093,376,317311060,0.000413,0.001310,0.001932,0.000242,0.000548,0.001537,0.000270,0.000000,0.020140,0.013930,2.738000,0.007856,0.000000,0.000000,0.000155,0,0
279480000000,279494000000,6283499093,376,317311060,0.000176,0.000000,0.000000,0.000000,0.000000,0.000000,0.000110,0.000000,0.002476,0.001358,2.481000,0.007012,0.000000,0.000000,0.000000,0,0
279494000000,279496000000,6283499093,376,317311060,0.000000,0.000000,0.000000,0.000000,0.000000,0.000000,0.000000,0.000000,0.000000,0.000000,2.481000,0.007012,0.000000,0.000000,0.000000,0,0
