272503000000,272700000000,6283499093,377,3584882003,0.000000,0.000000,0.000000,0.000000,0.000000,0.000000,0.000000,0.000000,0.000000,0.000000,0.000000,0.000000,0.000000,0.000000,0.000000,0,0
272700000000,272717000000,6283499093,377,3584882003,0.000000,0.000000,0.000000,0.000000,0.000000,0.000000,0.000000,0.000000,0.000000,0.000000,0.000000,0.000000,0.000000,0.000000,0.000000,0,0
272717000000,273000000000,6283499093,377,3584882003,0.006821,0.001390,0.002213,0.000096,0.000174,0.002254,0.000237,0.000000,0.058470,0.007500,0.666600,0.000472,0.000000,0.000000,0.000478,0,0
273000000000,273300000000,6283499093,377,3584882003,0.000675,0.001282,0.001919,0.000087,0.000179,0.001665,0.000004,0.000000,0.006813,0.000929,1.080000,0.002025,0.000000,0.000000,0.000584,0,0
273300000000,273600000000,6283499093,377,3584882003,0.000582,0.001284,0.001921,0.000081,0.000191,0.001646,0.000002,0.000000,0.004135,0.000571,5.335000,0.018490,0.000000,0.000000,0.000347,0,0
273600000000,273900000000,6283499093,377,3584882003,0.000380,0.001266,0.001923,0.000080,0.000196,0.001631,0.000001,0.000000,0.005783,0.000072,3.234000,0.009580,0.000000,0.000000,0.000188,0,0
273900000000,274200000000,6283499093,377,3584882003,0.000379,0.001238,0.001925,0.000080,0.000175,0.001612,0.000002,0.000000,0.004829,0.000428,4.438000,0.014400,0.000000,0.000000,0.000773,0,0
274200000000,274500000000,6283499093,377,3584882003,0.000355,0.001228,0.001925,0.000080,0.000167,0.001608,0.000000,0.000000,0.003998,0.000000,3.276000,0.009909,0.000000,0.000000,0.000050,0,0
274500000000,274800000000,6283499093,377,3584882003,0.000320,0.001263,0.001925,0.000080,0.000198,0.001614,0.000005,0.000000,0.005600,0.000571,2.997000,0.008574,0.000000,0.000000,0.000340,0,0
274800000000,275100000000,6283499093,377,3584882003,0.000584,0.001245,0.001923,0.000081,0.000179,0.001614,0.000019,0.000000,0.016300,0.002644,3.747000,0.011830,0.000000,0.000000,0.000199,0,0
275100000000,275400000000,6283499093,377,3584882003,0.000473,0.001297,0.001923,0.000080,0.000224,0.001625,0.000000,0.000000,0.007042,0.000143,6.163000,0.021550,0.000000,0.000000,0.000307,0,0
275400000000,275700000000,6283499093,377,3584882003,0.000402,0.001253,0.001925,0.000080,0.000188,0.001619,0.000000,0.000000,0.004784,0.000035,4.145000,0.013500,0.000000,0.000000,0.000175,0,0
275700000000,276000000000,6283499093,377,3584882003,0.000709,0.001265,0.001921,0.000083,0.000185,0.001638,0.000027,0.000000,0.010680,0.003784,5.529000,0.020140,0.000000,0.000000,0.000441,0,0
276000000000,276300000000,6283499093,377,3584882003,0.000639,0.001314,0.001921,0.000081,0.000228,0.001637,0.000002,0.000000,0.003582,0.000286,5.095000,0.017920,0.000000,0.000000,0.000274,0,0
276300000000,276600000000,6283499093,377,3584882003,0.000416,0.001289,0.001923,0.000081,0.000208,0.001629,0.000001,0.000000,0.002335,0.000072,4.140000,0.013720,0.000000,0.000000,0.000227,0,0
276600000000,276900000000,6283499093,377,3584882003,0.000337,0.001299,0.001925,0.000109,0.000248,0.001646,0.000007,0.000000,0.007111,0.000857,4.429000,0.014230,0.000000,0.000000,0.000178,0,0
276900000000,277200000000,6283499093,377,3584882003,0.000317,0.001287,0.001925,0.000109,0.000248,0.001616,0.000004,0.000000,0.004890,0.001286,5.288000,0.017460,0.000000,0.000000,0.000263,0,0
277200000000,277500000000,6283499093,377,3584882003,0.000297,0.001316,0.001925,0.000109,0.000276,0.001616,0.000007,0.000000,0.001358,0.000714,4.008000,0.012590,0.000000,0.000000,0.000143,0,0
277500000000,277800000000,6283499093,377,3584882003,0.000335,0.001228,0.001925,0.000125,0.000194,0.001610,0.000153,0.000000,0.005005,0.022710,3.128000,0.009495,0.000000,0.000000,0.000279,0,0
277800000000,278100000000,6283499093,377,3584882003,0.000334,0.001198,0.001925,0.000130,0.000175,0.001287,0.000159,0.000000,0.001724,0.030640,4.833000,0.016710,0.000000,0.000000,0.000261,0,0
278100000000,278400000000,6283499093,377,3584882003,0.000360,0.001225,0.001926,0.000148,0.000212,0.001318,0.000181,0.000000,0.005058,0.023500,3.897000,0.012650,0.000000,0.000000,0.000116,0,0
278400000000,278700000000,6283499093,377,3584882003,0.000335,0.001209,0.001926,0.000161,0.000211,0.001310,0.000009,0.000000,0.006279,0.001143,3.321000,0.009639,0.000000,0.000000,0.000201,0,0
278700000000,279000000000,6283499093,377,3584882003,0.000333,0.001219,0.001925,0.000162,0.000223,0.001293,0.000001,0.000000,0.005287,0.000072,2.855000,0.008302,0.000000,0.000000,0.000306,0,0
279000000000,279300000000,6283499093,377,3584882003,0.000378,0.001221,0.001926,0.000162,0.000225,0.001291,0.000002,0.000000,0.004852,0.000143,2.342000,0.006052,0.000000,0.000000,0.000571,0,0
279300000000,279600000000,6283499093,377,3584882003,0.000379,0.001217,0.001926,0.000163,0.000219,0.001307,0.000284,0.000000,0.006020,0.036380,3.012000,0.008780,0.000000,0.000000,0.000283,0,0
279600000000,279771000000,6283499093,377,3584882003,0.000364,0.001286,0.001932,0.000289,0.000360,0.001360,0.000419,0.000000,0.003689,0.018220,3.625000,0.011240,0.000000,0.000000,0.000166,0,0
279771000000,279784000000,6283499093,377,3584882003,0.000148,0.000000,0.000000,0.000000,0.000000,0.000000,0.000016,0.000000,0.001925,0.000215,2.679000,0.007434,0.000000,0.000000,0.000000,0,0
279784000000,279785000000,6283499093,377,3584882003,0.000000,0.000000,0.000000,0.000000,0.000000,0.000000,0.000000,0.000000,0.000000,0.000000,2.679000,0.007434,0.000000,0.000000,0.000000,0,0
