272499000000,272519000000,6283499093,378,317487898,0.000000,0.000000,0.000000,0.000000,0.000000,0.000000,0.000010,0.000000,0.000000,0.000215,0.000000,0.000000,0.000000,0.000000,0.000000,0,0
272519000000,272700000000,6283499093,378,317487898,0.000578,0.001015,0.001926,0.000024,0.000175,0.001387,0.000051,0.000000,0.007576,0.003643,4.133000,0.015040,0.000000,0.000000,0.000721,0,0
272700000000,273000000000,6283499093,378,317487898,0.000366,0.001036,0.001925,0.000022,0.000123,0.001377,0.000000,0.000000,0.003464,0.000000,4.787000,0.016170,0.000000,0.000000,0.000255,0,0
273000000000,273300000000,6283499093,378,317487898,0.002354,0.001076,0.001925,0.000026,0.000074,0.001551,0.000013,0.000000,0.064700,0.001858,0.689000,0.000522,0.000000,0.000000,0.001118,0,0
273300000000,273600000000,6283499093,378,317487898,0.000947,0.001177,0.001923,0.000024,0.000091,0.001581,0.000021,0.000000,0.058590,0.004074,6.246000,0.021780,0.000000,0.000000,0.000387,0,0
273600000000,273900000000,6283499093,378,317487898,0.000450,0.001162,0.001923,0.000020,0.000072,0.001575,0.000001,0.000000,0.001673,0.000357,5.926000,0.020190,0.000000,0.000000,0.000763,0,0
273900000000,274200000000,6283499093,378,317487898,0.000398,0.001204,0.001921,0.000021,0.000114,0.001575,0.000005,0.000000,0.002739,0.001429,3.033000,0.008566,0.000000,0.000000,0.000375,0,0
274200000000,274500000000,6283499093,378,317487898,0.000315,0.001167,0.001925,0.000021,0.000081,0.001572,0.000001,0.000000,0.011220,0.000143,2.601000,0.006803,0.000000,0.000000,0.000170,0,0
274500000000,274800000000,6283499093,378,317487898,0.000349,0.001175,0.001923,0.000021,0.000090,0.001570,0.000001,0.000000,0.013110,0.000143,2.692000,0.007251,0.000000,0.000000,0.000296,0,0
274800000000,275100000000,6283499093,378,317487898,0.000340,0.001150,0.001925,0.000021,0.000065,0.001572,0.000000,0.000000,0.005394,0.000072,3.182000,0.009032,0.000000,0.000000,0.000107,0,0
275100000000,275400000000,6283499093,378,317487898,0.000325,0.001205,0.001923,0.000021,0.000121,0.001572,0.000002,0.000000,0.001368,0.000428,2.610000,0.007043,0.000000,0.000000,0.000175,0,0
275400000000,275700000000,6283499093,378,317487898,0.000309,0.001165,0.001923,0.000021,0.000080,0.001566,0.000002,0.000000,0.005547,0.000571,3.347000,0.009569,0.000000,0.000000,0.000355,0,0
275700000000,276000000000,6283499093,378,317487898,0.000306,0.001198,0.001923,0.000021,0.000116,0.001568,0.000001,0.000000,0.004799,0.000143,3.295000,0.009434,0.000000,0.000000,0.000153,0,0
276000000000,276300000000,6283499093,378,317487898,0.000333,0.001171,0.001923,0.000021,0.000091,0.001568,0.000003,0.000000,0.007721,0.000357,2.622000,0.006827,0.000000,0.000000,0.000126,0,0
276300000000,276600000000,6283499093,378,317487898,0.000367,0.001188,0.001925,0.000021,0.000103,0.001572,0.000001,0.000000,0.005463,0.000072,2.705000,0.007237,0.000000,0.000000,0.000790,0,0
276600000000,276900000000,6283499093,378,317487898,0.000376,0.001255,0.001923,0.000021,0.000168,0.001575,0.000002,0.000000,0.005562,0.000215,3.430000,0.010060,0.000000,0.000000,0.000479,0,0
276900000000,277200000000,6283499093,378,317487898,0.000358,0.001228,0.001921,0.000021,0.000147,0.001572,0.000001,0.000000,0.005219,0.000215,5.748000,0.019240,0.000000,0.000000,0.000169,0,0
277200000000,277500000000,6283499093,378,317487898,0.000321,0.001175,0.001923,0.000021,0.000096,0.001566,0.000007,0.000000,0.005440,0.000643,4.532000,0.013880,0.000000,0.000000,0.000312,0,0
277500000000,277800000000,6283499093,378,317487898,0.000304,0.001171,0.001925,0.000022,0.000093,0.001413,0.000002,0.000000,0.005341,0.000143,3.289000,0.009481,0.000000,0.000000,0.000109,0,0
277800000000,277920000000,6283499093,378,317487898,0.000300,0.000956,0.001925,0.000044,0.000066,0.001339,0.000428,0.000000,0.002869,0.020570,4.263000,0.012750,0.000000,0.000000,0.000224,0,0
277920000000,277934000000,6283499093,378,317487898,0.000264,0.000000,0.000000,0.000000,0.000000,0.000000,0.000117,0.000000,0.003700,0.001143,3.709000,0.010340,0.000000,0.000000,0.000000,0,0
277934000000,277935000000,6283499093,378,317487898,0.000000,0.000000,0.000000,0.000000,0.000000,0.000000,0.000000,0.000000,0.000000,0.000000,3.709000,0.010340,0.000000,0.000000,0.000000,0,0
