272496000000,272516000000,6283499093,379,3630727628,0.000000,0.000000,0.000000,0.000000,0.000000,0.000000,0.000010,0.000000,0.000000,0.000215,0.000000,0.000000,0.000000,0.000000,0.000000,0,0
272516000000,272700000000,6283499093,379,3630727628,0.000576,0.000969,0.001926,0.000058,0.000156,0.001390,0.000165,0.000000,0.009750,0.009781,2.305000,0.009504,0.000000,0.000000,0.002388,0,0
272700000000,273000000000,6283499093,379,3630727628,0.000305,0.000990,0.001926,0.000056,0.000162,0.001328,0.000000,0.000000,0.007217,0.000000,2.572000,0.011030,0.000000,0.000000,0.000209,0,0
273000000000,273300000000,6283499093,379,3630727628,0.000280,0.000917,0.001926,0.000055,0.000092,0.001162,0.000001,0.000000,0.004196,0.000143,2.304000,0.009297,0.000000,0.000000,0.000091,0,0
273300000000,273600000000,6283499093,379,3630727628,0.000259,0.000905,0.001926,0.000055,0.000079,0.001015,0.000000,0.000000,0.005165,0.000072,2.037000,0.006869,0.000000,0.000000,0.000093,0,0
273600000000,273900000000,6283499093,379,3630727628,0.000326,0.000916,0.001928,0.000055,0.000075,0.001053,0.000002,0.000000,0.010480,0.000286,2.173000,0.008040,0.000000,0.000000,0.000203,0,0
273900000000,274200000000,6283499093,379,3630727628,0.000259,0.000976,0.001926,0.000055,0.000109,0.001354,0.000000,0.000000,0.004196,0.000143,2.104000,0.008054,0.000000,0.000000,0.000478,0,0
274200000000,274500000000,6283499093,379,3630727628,0.000263,0.000982,0.001926,0.000055,0.000116,0.001263,0.000001,0.000000,0.006752,0.000143,1.899000,0.007050,0.000000,0.000000,0.000092,0,0
274500000000,274800000000,6283499093,379,3630727628,0.000287,0.000953,0.001926,0.000055,0.000093,0.001162,0.000000,0.000000,0.004234,0.000072,2.093000,0.007861,0.000000,0.000000,0.000244,0,0
274800000000,275100000000,6283499093,379,3630727628,0.000380,0.000935,0.001926,0.000055,0.000076,0.001108,0.000023,0.000000,0.037780,0.005997,2.286000,0.009058,0.000000,0.000000,0.000066,0,0
275100000000,275400000000,6283499093,379,3630727628,0.000336,0.001013,0.001925,0.000057,0.000143,0.001377,0.000002,0.000000,0.004807,0.000286,2.034000,0.007300,0.000000,0.000000,0.000203,0,0
275400000000,275700000000,6283499093,379,3630727628,0.000316,0.000964,0.001925,0.000055,0.000094,0.001217,0.000002,0.000000,0.004242,0.000571,2.544000,0.010370,0.000000,0.000000,0.000171,0,0
275700000000,276000000000,6283499093,379,3630727628,0.000256,0.000941,0.001926,0.000056,0.000072,0.001028,0.000000,0.000000,0.004631,0.000143,1.987000,0.007377,0.000000,0.000000,0.000168,0,0
276000000000,276300000000,6283499093,379,3630727628,0.000246,0.000942,0.001926,0.000056,0.000072,0.001019,0.000002,0.000000,0.004173,0.000286,2.146000,0.008823,0.000000,0.000000,0.000095,0,0
276300000000,276600000000,6283499093,379,3630727628,0.000262,0.000943,0.001926,0.000056,0.000072,0.001030,0.000001,0.000000,0.005028,0.000072,1.990000,0.006996,0.000000,0.000000,0.000436,0,0
276600000000,276900000000,6283499093,379,3630727628,0.000276,0.000952,0.001926,0.000056,0.000072,0.001030,0.000002,0.000000,0.005653,0.000143,1.750000,0.005497,0.000000,0.000000,0.000275,0,0
276900000000,277200000000,6283499093,379,3630727628,0.000294,0.000959,0.001926,0.000054,0.000077,0.001158,0.000001,0.000000,0.001957,0.000072,2.323000,0.009308,0.000000,0.000000,0.000100,0,0
277200000000,277500000000,6283499093,379,3630727628,0.000399,0.001055,0.001925,0.000059,0.000149,0.001440,0.000029,0.000000,0.015750,0.007431,2.567000,0.010610,0.000000,0.000000,0.000150,0,0
277500000000,277800000000,6283499093,379,3630727628,0.000356,0.001045,0.001923,0.000066,0.000135,0.001432,0.000009,0.000000,0.018980,0.001858,2.358000,0.010210,0.000000,0.000000,0.000561,0,0
277800000000,277839000000,6283499093,379,3630727628,0.000433,0.001034,0.001925,0.000074,0.000133,0.001314,0.000046,0.000000,0.004868,0.001642,2.799000,0.013370,0.000000,0.000000,0.000286,0,0
277839000000,277854000000,6283499093,379,3630727628,0.000104,0.000000,0.000000,0.000000,0.000000,0.000000,0.000048,0.000000,0.001558,0.000714,4.131000,0.023360,0.000000,0.000000,0.000000,0,0
277854000000,277855000000,6283499093,379,3630727628,0.000000,0.000000,0.000000,0.000000,0.000000,0.000000,0.000000,0.000000,0.000000,0.000000,4.131000,0.023360,0.000000,0.000000,0.000000,0,0
