272500000000,272652000000,6283499093,38,5015836622,0.000000,0.000000,0.000000,0.000000,0.000000,0.000000,0.000000,0.000000,0.000000,0.000000,0.000000,0.000000,0.000000,0.000000,0.000000,0,0
272652000000,272700000000,6283499093,38,5015836622,0.001400,0.001522,0.001928,0.000362,0.000749,0.001793,0.006279,0.000000,0.015060,0.042790,3.052000,0.000000,0.000000,0.000000,0.002361,0,0
272700000000,273000000000,6283499093,38,5015836622,0.000532,0.001247,0.001928,0.000368,0.000812,0.001793,0.000000,0.000000,0.011980,0.000072,4.076000,0.000000,0.000000,0.000000,0.000679,0,0
273000000000,273300000000,6283499093,38,5015836622,0.000529,0.001030,0.001928,0.000366,0.000809,0.001051,0.000001,0.000000,0.007729,0.000143,4.521000,0.000000,0.000000,0.000000,0.000529,0,0
273300000000,273600000000,6283499093,38,5015836622,0.002743,0.001160,0.002056,0.000282,0.000698,0.001789,0.000358,0.000000,0.080930,0.043700,1.282000,0.000000,0.000000,0.000000,0.000568,0,0
273600000000,273900000000,6283499093,38,5015836622,0.000813,0.001278,0.001923,0.000097,0.000446,0.001406,0.000009,0.000000,0.005867,0.001499,1.355000,0.000000,0.000000,0.000000,0.000990,0,0
273900000000,274200000000,6283499093,38,5015836622,0.000775,0.001217,0.001925,0.000095,0.000444,0.001234,0.000000,0.000000,0.005280,0.000000,5.223000,0.000000,0.000000,0.000000,0.000782,0,0
274200000000,274500000000,6283499093,38,5015836622,0.000400,0.001219,0.001928,0.000095,0.000444,0.001230,0.000007,0.000000,0.006287,0.001785,3.387000,0.000000,0.000000,0.000000,0.000330,0,0
274500000000,274800000000,6283499093,38,5015836622,0.000390,0.001223,0.001928,0.000095,0.000445,0.001232,0.000000,0.000000,0.005142,0.000000,2.861000,0.000000,0.000000,0.000000,0.000293,0,0
274800000000,275100000000,6283499093,38,5015836622,0.000340,0.001207,0.001928,0.000095,0.000445,0.001213,0.000002,0.000000,0.007439,0.000643,2.737000,0.000000,0.000000,0.000000,0.000174,0,0
275100000000,275400000000,6283499093,38,5015836622,0.000636,0.001249,0.001926,0.000097,0.000448,0.001276,0.000025,0.000000,0.008347,0.006287,3.997000,0.000000,0.000000,0.000000,0.000411,0,0
275400000000,275700000000,6283499093,38,5015836622,0.000562,0.001211,0.001926,0.000096,0.000446,0.001219,0.000001,0.000000,0.005791,0.000143,5.726000,0.000000,0.000000,0.000000,0.001226,0,0
275700000000,276000000000,6283499093,38,5015836622,0.000393,0.001223,0.001928,0.000096,0.000446,0.001230,0.000001,0.000000,0.005211,0.000215,3.019000,0.000000,0.000000,0.000000,0.000227,0,0
276000000000,276300000000,6283499093,38,5015836622,0.000367,0.001213,0.001928,0.000096,0.000447,0.001226,0.000007,0.000000,0.005890,0.001572,2.676000,0.000000,0.000000,0.000000,0.000149,0,0
276300000000,276600000000,6283499093,38,5015836622,0.000426,0.001232,0.001928,0.000097,0.000447,0.001251,0.000000,0.000000,0.025910,0.000000,3.127000,0.000000,0.000000,0.000000,0.000443,0,0
276600000000,276900000000,6283499093,38,5015836622,0.000515,0.001255,0.001928,0.000097,0.000447,0.001261,0.000001,0.000000,0.006386,0.000143,2.960000,0.000000,0.000000,0.000000,0.000172,0,0
276900000000,277200000000,6283499093,38,5015836622,0.000508,0.001249,0.001928,0.000097,0.000447,0.001259,0.000001,0.000000,0.006035,0.000072,2.433000,0.000000,0.000000,0.000000,0.000349,0,0
277200000000,277500000000,6283499093,38,5015836622,0.000451,0.001257,0.001925,0.000089,0.000357,0.001501,0.000003,0.000000,0.005356,0.000143,3.608000,0.000000,0.000000,0.000000,0.000203,0,0
277500000000,277523000000,6283499093,38,5015836622,0.000714,0.001204,0.001911,0.000135,0.000235,0.001490,0.008789,0.000000,0.002838,0.047300,3.140000,0.000000,0.000000,0.000000,0.000251,0,0
277523000000,277544000000,6283499093,38,5015836622,0.000166,0.000020,0.000000,0.000000,0.000000,0.000413,0.000034,0.000000,0.003483,0.000428,3.140000,0.000000,0.000000,0.000000,0.000000,0,0
277544000000,277546000000,6283499093,38,5015836622,0.000000,0.000000,0.000000,0.000000,0.000000,0.000000,0.000000,0.000000,0.000000,0.000000,3.140000,0.000000,0.000000,0.000000,0.000000,0,0
