272502000000,272644000000,6283499093,380,4802127438,0.000000,0.000000,0.000000,0.000000,0.000000,0.000000,0.000000,0.000000,0.000000,0.000000,0.000000,0.000000,0.000000,0.000000,0.000000,0,0
272644000000,272700000000,6283499093,380,4802127438,0.000946,0.000793,0.001923,0.000040,0.000053,0.000984,0.000402,0.000000,0.010540,0.004074,3.520000,0.000000,0.000000,0.000000,0.000176,0,0
272700000000,273000000000,6283499093,380,4802127438,0.000353,0.000937,0.001925,0.000043,0.000072,0.001099,0.000002,0.000000,0.003929,0.000571,3.606000,0.000000,0.000000,0.000000,0.000304,0,0
273000000000,273300000000,6283499093,380,4802127438,0.000352,0.000929,0.001925,0.000043,0.000064,0.001068,0.000002,0.000000,0.005493,0.000072,2.485000,0.000000,0.000000,0.000000,0.000281,0,0
273300000000,273600000000,6283499093,380,4802127438,0.000331,0.000975,0.001926,0.000043,0.000087,0.001123,0.000001,0.000000,0.004677,0.000072,2.679000,0.000000,0.000000,0.000000,0.000223,0,0
273600000000,273900000000,6283499093,380,4802127438,0.000470,0.000978,0.001925,0.000043,0.000062,0.001099,0.000003,0.000000,0.003815,0.000286,2.514000,0.000000,0.000000,0.000000,0.000470,0,0
273900000000,274200000000,6283499093,380,4802127438,0.000411,0.001022,0.001926,0.000043,0.000095,0.001398,0.000001,0.000000,0.012920,0.000143,3.518000,0.000000,0.000000,0.000000,0.000220,0,0
274200000000,274500000000,6283499093,380,4802127438,0.000349,0.001064,0.001925,0.000042,0.000133,0.001419,0.000001,0.000000,0.004807,0.000143,2.885000,0.000000,0.000000,0.000000,0.000131,0,0
274500000000,274800000000,6283499093,380,4802127438,0.000397,0.001055,0.001925,0.000042,0.000123,0.001415,0.000004,0.000000,0.006531,0.000500,2.512000,0.000000,0.000000,0.000000,0.000238,0,0
274800000000,275100000000,6283499093,380,4802127438,0.000397,0.001045,0.001923,0.000042,0.000102,0.001383,0.000001,0.000000,0.003399,0.000215,2.929000,0.000000,0.000000,0.000000,0.000328,0,0
275100000000,275400000000,6283499093,380,4802127438,0.000400,0.001022,0.001925,0.000042,0.000075,0.001429,0.000000,0.000000,0.004807,0.000072,3.169000,0.000000,0.000000,0.000000,0.000287,0,0
275400000000,275700000000,6283499093,380,4802127438,0.000317,0.001064,0.001923,0.000042,0.000120,0.001423,0.000000,0.000000,0.004585,0.000072,2.899000,0.000000,0.000000,0.000000,0.000194,0,0
275700000000,276000000000,6283499093,380,4802127438,0.000302,0.001019,0.001926,0.000042,0.000075,0.001211,0.000001,0.000000,0.003525,0.000143,3.401000,0.000000,0.000000,0.000000,0.000131,0,0
276000000000,276300000000,6283499093,380,4802127438,0.000377,0.001150,0.001925,0.000042,0.000201,0.001440,0.000002,0.000000,0.010790,0.000072,2.490000,0.000000,0.000000,0.000000,0.000365,0,0
276300000000,276600000000,6283499093,380,4802127438,0.000360,0.001144,0.001925,0.000042,0.000191,0.001442,0.000003,0.000000,0.005959,0.000286,2.945000,0.000000,0.000000,0.000000,0.000169,0,0
276600000000,276900000000,6283499093,380,4802127438,0.000368,0.001141,0.001923,0.000042,0.000184,0.001444,0.000003,0.000000,0.004959,0.000357,2.917000,0.000000,0.000000,0.000000,0.000556,0,0
276900000000,277200000000,6283499093,380,4802127438,0.000339,0.001120,0.001925,0.000042,0.000162,0.001446,0.000000,0.000000,0.013570,0.000000,2.967000,0.000000,0.000000,0.000000,0.000200,0,0
277200000000,277469000000,6283499093,380,4802127438,0.000308,0.000986,0.001925,0.000042,0.000134,0.001446,0.000021,0.000000,0.004738,0.004143,3.052000,0.000000,0.000000,0.000000,0.000209,0,0
277469000000,277485000000,6283499093,380,4802127438,0.000183,0.000004,0.000000,0.000000,0.000000,0.000056,0.000017,0.000000,0.002937,0.000286,2.302000,0.000000,0.000000,0.000000,0.000000,0,0
277485000000,277487000000,6283499093,380,4802127438,0.000000,0.000000,0.000000,0.000000,0.000000,0.000000,0.000000,0.000000,0.000000,0.000000,1.099000,0.000000,0.000000,0.000000,0.000000,0,0
