272500000000,272652000000,6283499093,381,317477873,0.000000,0.000000,0.000000,0.000000,0.000000,0.000000,0.000000,0.000000,0.000000,0.000000,0.000000,0.000000,0.000000,0.000000,0.000000,0,0
272652000000,272700000000,6283499093,381,317477873,0.001471,0.001366,0.001926,0.000350,0.000703,0.001795,0.006340,0.000000,0.013730,0.044800,1.260000,0.001800,0.000000,0.000000,0.001074,0,0
272700000000,273000000000,6283499093,381,317477873,0.000480,0.001236,0.001925,0.000383,0.000828,0.001797,0.000008,0.000000,0.004692,0.002071,2.081000,0.005620,0.000000,0.000000,0.000604,0,0
273000000000,273300000000,6283499093,381,317477873,0.000490,0.001028,0.001925,0.000382,0.000827,0.001036,0.000004,0.000000,0.004196,0.000857,5.146000,0.019650,0.000000,0.000000,0.000412,0,0
273300000000,273600000000,6283499093,381,317477873,0.000340,0.001024,0.001926,0.000382,0.000828,0.001040,0.000001,0.000000,0.004692,0.000215,3.283000,0.011090,0.000000,0.000000,0.000127,0,0
273600000000,273900000000,6283499093,381,317477873,0.000353,0.001053,0.001926,0.000385,0.000831,0.001074,0.000003,0.000000,0.005524,0.000500,2.662000,0.008098,0.000000,0.000000,0.000158,0,0
273900000000,274200000000,6283499093,381,317477873,0.000316,0.001040,0.001926,0.000387,0.000833,0.001049,0.000000,0.000000,0.002121,0.000072,3.467000,0.012220,0.000000,0.000000,0.000151,0,0
274200000000,274500000000,6283499093,381,317477873,0.000885,0.001184,0.002052,0.000297,0.000758,0.001287,0.000039,0.000000,0.038450,0.006645,4.212000,0.015020,0.000000,0.000000,0.000277,0,0
274500000000,274800000000,6283499093,381,317477873,0.000544,0.001165,0.001923,0.000279,0.000744,0.001175,0.000002,0.000000,0.004776,0.000500,3.498000,0.011600,0.000000,0.000000,0.000282,0,0
274800000000,275100000000,6283499093,381,317477873,0.000499,0.001160,0.001925,0.000278,0.000742,0.001190,0.000001,0.000000,0.006325,0.000215,2.115000,0.005234,0.000000,0.000000,0.000314,0,0
275100000000,275400000000,6283499093,381,317477873,0.000374,0.001184,0.001925,0.000277,0.000742,0.001196,0.000000,0.000000,0.008392,0.000000,2.609000,0.007241,0.000000,0.000000,0.000438,0,0
275400000000,275700000000,6283499093,381,317477873,0.000374,0.001175,0.001925,0.000277,0.000742,0.001184,0.000000,0.000000,0.004929,0.000072,3.405000,0.010650,0.000000,0.000000,0.000217,0,0
275700000000,276000000000,6283499093,381,317477873,0.000424,0.001192,0.001925,0.000281,0.000746,0.001217,0.000020,0.000000,0.007065,0.002998,2.814000,0.008596,0.000000,0.000000,0.000239,0,0
276000000000,276300000000,6283499093,381,317477873,0.000580,0.001186,0.001925,0.000283,0.000748,0.001202,0.000007,0.000000,0.009491,0.000714,2.465000,0.006674,0.000000,0.000000,0.000663,0,0
276300000000,276600000000,6283499093,381,317477873,0.000545,0.001198,0.001923,0.000284,0.000749,0.001204,0.000001,0.000000,0.004875,0.000072,3.025000,0.008908,0.000000,0.000000,0.000329,0,0
276600000000,276900000000,6283499093,381,317477873,0.000555,0.001221,0.001923,0.000286,0.000750,0.001245,0.000017,0.000000,0.021550,0.002357,1.738000,0.004013,0.000000,0.000000,0.000863,0,0
276900000000,277200000000,6283499093,381,317477873,0.000399,0.001202,0.001925,0.000284,0.000750,0.001217,0.000001,0.000000,0.004700,0.000357,2.854000,0.008492,0.000000,0.000000,0.000380,0,0
277200000000,277500000000,6283499093,381,317477873,0.000409,0.001204,0.001925,0.000284,0.000750,0.001219,0.000003,0.000000,0.010620,0.000215,2.933000,0.008623,0.000000,0.000000,0.000213,0,0
277500000000,277800000000,6283499093,381,317477873,0.000353,0.001190,0.001925,0.000284,0.000750,0.001196,0.000002,0.000000,0.004395,0.000072,2.583000,0.007298,0.000000,0.000000,0.000197,0,0
277800000000,278100000000,6283499093,381,317477873,0.000388,0.001198,0.001925,0.000284,0.000750,0.001204,0.000006,0.000000,0.007187,0.000500,2.103000,0.005359,0.000000,0.000000,0.000227,0,0
278100000000,278400000000,6283499093,381,317477873,0.000378,0.001188,0.001925,0.000284,0.000750,0.001204,0.000003,0.000000,0.005325,0.000286,1.922000,0.004540,0.000000,0.000000,0.000456,0,0
278400000000,278700000000,6283499093,381,317477873,0.000358,0.001183,0.001925,0.000284,0.000750,0.001196,0.000006,0.000000,0.005470,0.001072,2.678000,0.007582,0.000000,0.000000,0.000298,0,0
278700000000,279000000000,6283499093,381,317477873,0.000423,0.001192,0.001925,0.000283,0.000750,0.001200,0.000002,0.000000,0.007996,0.000143,1.895000,0.004164,0.000000,0.000000,0.006180,0,0
279000000000,279300000000,6283499093,381,317477873,0.000405,0.001169,0.001930,0.000288,0.000754,0.001188,0.000017,0.000000,0.004623,0.002430,2.663000,0.007964,0.000000,0.000000,0.000465,0,0
279300000000,279579000000,6283499093,381,317477873,0.000438,0.001167,0.001932,0.000288,0.000755,0.001179,0.000009,0.000000,0.003803,0.001572,3.224000,0.010170,0.000000,0.000000,0.000089,0,0
279579000000,279591000000,6283499093,381,317477873,0.000208,0.000000,0.000000,0.000000,0.000000,0.000000,0.000000,0.000000,0.002491,0.000000,4.868000,0.016530,0.000000,0.000000,0.000000,0,0
279591000000,279592000000,6283499093,381,317477873,0.000000,0.000000,0.000000,0.000000,0.000000,0.000000,0.000000,0.000000,0.000000,0.000000,4.868000,0.016530,0.000000,0.000000,0.000000,0,0
279592000000,279600000000,6283499093,381,317477873,0.000000,0.000000,0.000000,0.000000,0.000000,0.000000,0.000000,0.000000,0.000000,0.000000,0.000000,0.000000,0.000000,0.000000,0.000000,0,0
