272498000000,272556000000,6283499093,382,257406112,0.000000,0.000000,0.000000,0.000000,0.000000,0.000000,0.000000,0.000000,0.000000,0.000000,0.000000,0.000000,0.000000,0.000000,0.000000,0,0
272556000000,272700000000,6283499093,382,257406112,0.000562,0.000837,0.001930,0.000075,0.000106,0.000978,0.000227,0.000000,0.016390,0.006073,1.789000,0.003970,0.000000,0.000000,0.000138,0,0
272700000000,273000000000,6283499093,382,257406112,0.000297,0.000873,0.001926,0.000077,0.000092,0.000966,0.000000,0.000000,0.003208,0.000143,5.196000,0.017570,0.000000,0.000000,0.000143,0,0
273000000000,273300000000,6283499093,382,257406112,0.000311,0.000898,0.001926,0.000076,0.000113,0.001040,0.000005,0.000000,0.025120,0.001215,3.332000,0.010740,0.000000,0.000000,0.000368,0,0
273300000000,273600000000,6283499093,382,257406112,0.000287,0.000880,0.001926,0.000076,0.000096,0.001013,0.000000,0.000000,0.008362,0.000000,3.176000,0.009324,0.000000,0.000000,0.000171,0,0
273600000000,273900000000,6283499093,382,257406112,0.000263,0.000879,0.001926,0.000076,0.000093,0.001038,0.000002,0.000000,0.004753,0.000571,3.673000,0.010830,0.000000,0.000000,0.000642,0,0
273900000000,274200000000,6283499093,382,257406112,0.000272,0.000893,0.001926,0.000076,0.000107,0.001093,0.000002,0.000000,0.004791,0.000714,2.608000,0.006929,0.000000,0.000000,0.000087,0,0
274200000000,274500000000,6283499093,382,257406112,0.000278,0.000908,0.001926,0.000076,0.000115,0.001215,0.000004,0.000000,0.007629,0.000929,3.823000,0.011620,0.000000,0.000000,0.000218,0,0
274500000000,274800000000,6283499093,382,257406112,0.000342,0.000900,0.001926,0.000076,0.000093,0.000996,0.000001,0.000000,0.006721,0.000215,3.802000,0.011720,0.000000,0.000000,0.000622,0,0
274800000000,275100000000,6283499093,382,257406112,0.000300,0.000904,0.001928,0.000074,0.000089,0.000996,0.000002,0.000000,0.004730,0.000500,3.341000,0.010060,0.000000,0.000000,0.000081,0,0
275100000000,275400000000,6283499093,382,257406112,0.000281,0.000911,0.001926,0.000074,0.000094,0.000997,0.000000,0.000000,0.002739,0.000000,3.532000,0.010570,0.000000,0.000000,0.000189,0,0
275400000000,275700000000,6283499093,382,257406112,0.000267,0.000906,0.001928,0.000074,0.000090,0.000997,0.000000,0.000000,0.005455,0.000072,3.728000,0.011320,0.000000,0.000000,0.000124,0,0
275700000000,276000000000,6283499093,382,257406112,0.000287,0.000916,0.001926,0.000074,0.000098,0.001055,0.000003,0.000000,0.004181,0.000643,2.496000,0.006656,0.000000,0.000000,0.000572,0,0
276000000000,276300000000,6283499093,382,257406112,0.000294,0.000934,0.001926,0.000074,0.000113,0.001118,0.000001,0.000000,0.006844,0.000143,3.001000,0.008382,0.000000,0.000000,0.000151,0,0
276300000000,276600000000,6283499093,382,257406112,0.000275,0.000952,0.001926,0.000074,0.000133,0.001263,0.000001,0.000000,0.003628,0.000286,4.524000,0.014350,0.000000,0.000000,0.000139,0,0
276600000000,276900000000,6283499093,382,257406112,0.000366,0.000996,0.001925,0.000075,0.000160,0.001345,0.000014,0.000000,0.025480,0.001999,3.101000,0.009334,0.000000,0.000000,0.000573,0,0
276900000000,277200000000,6283499093,382,257406112,0.000307,0.000982,0.001925,0.000074,0.000148,0.001345,0.000000,0.000000,0.004143,0.000000,3.063000,0.009117,0.000000,0.000000,0.000263,0,0
277200000000,277500000000,6283499093,382,257406112,0.000305,0.001007,0.001925,0.000074,0.000163,0.001406,0.000010,0.000000,0.009949,0.001286,3.363000,0.009912,0.000000,0.000000,0.000149,0,0
277500000000,277800000000,6283499093,382,257406112,0.000310,0.001007,0.001923,0.000074,0.000136,0.001406,0.000003,0.000000,0.001091,0.000215,2.772000,0.007829,0.000000,0.000000,0.000126,0,0
277800000000,278100000000,6283499093,382,257406112,0.000312,0.001017,0.001923,0.000074,0.000143,0.001406,0.000009,0.000000,0.001266,0.001429,2.808000,0.008095,0.000000,0.000000,0.000199,0,0
278100000000,278400000000,6283499093,382,257406112,0.000304,0.001005,0.001925,0.000074,0.000133,0.001385,0.000006,0.000000,0.005135,0.001072,2.687000,0.007599,0.000000,0.000000,0.000093,0,0
278400000000,278700000000,6283499093,382,257406112,0.000322,0.000990,0.001925,0.000074,0.000113,0.001343,0.000014,0.000000,0.004662,0.001928,2.558000,0.007000,0.000000,0.000000,0.000153,0,0
278700000000,279000000000,6283499093,382,257406112,0.000431,0.000996,0.001923,0.000074,0.000112,0.001251,0.000002,0.000000,0.011730,0.000286,2.513000,0.007400,0.000000,0.000000,0.000510,0,0
279000000000,279300000000,6283499093,382,257406112,0.000449,0.001030,0.001923,0.000074,0.000135,0.001408,0.000006,0.000000,0.005646,0.000857,3.832000,0.013110,0.000000,0.000000,0.000247,0,0
279300000000,279600000000,6283499093,382,257406112,0.000350,0.001036,0.001925,0.000074,0.000136,0.001432,0.000006,0.000000,0.001856,0.001072,3.335000,0.010880,0.000000,0.000000,0.000150,0,0
279600000000,279900000000,6283499093,382,257406112,0.000347,0.001074,0.001923,0.000074,0.000173,0.001436,0.000006,0.000000,0.005035,0.000786,2.581000,0.007608,0.000000,0.000000,0.000230,0,0
279900000000,280039000000,6283499093,382,257406112,0.000400,0.001051,0.001923,0.000074,0.000147,0.001442,0.000004,0.000000,0.007530,0.000215,1.946000,0.004874,0.000000,0.000000,0.000668,0,0
280039000000,280052000000,6283499093,382,257406112,0.000209,0.000000,0.000000,0.000000,0.000000,0.000000,0.000016,0.000000,0.002716,0.000143,2.505000,0.007353,0.000000,0.000000,0.000000,0,0
280052000000,280053000000,6283499093,382,257406112,0.000000,0.000000,0.000000,0.000000,0.000000,0.000000,0.000000,0.000000,0.000000,0.000000,2.505000,0.007353,0.000000,0.000000,0.000000,0,0
