272504000000,272580000000,6283499093,383,1390856073,0.000000,0.000000,0.000000,0.000000,0.000000,0.000000,0.000000,0.000000,0.000000,0.000000,0.000000,0.000000,0.000000,0.000000,0.000000,0,0
272580000000,272700000000,6283499093,383,1390856073,0.000604,0.000940,0.001926,0.000092,0.000130,0.001341,0.000287,0.000000,0.015780,0.011930,1.595000,0.004638,0.000000,0.000000,0.000151,0,0
272700000000,273000000000,6283499093,383,1390856073,0.000269,0.001007,0.001925,0.000092,0.000222,0.001322,0.000000,0.000000,0.001753,0.000000,2.349000,0.009726,0.000000,0.000000,0.000300,0,0
273000000000,273300000000,6283499093,383,1390856073,0.000303,0.001019,0.001925,0.000092,0.000222,0.001335,0.000003,0.000000,0.005157,0.000500,1.880000,0.006461,0.000000,0.000000,0.000337,0,0
273300000000,273600000000,6283499093,383,1390856073,0.000285,0.001003,0.001925,0.000092,0.000206,0.001331,0.000000,0.000000,0.006950,0.000072,2.057000,0.008219,0.000000,0.000000,0.002308,0,0
273600000000,273900000000,6283499093,383,1390856073,0.000286,0.000980,0.001923,0.000092,0.000176,0.001326,0.000001,0.000000,0.003960,0.000143,2.430000,0.010110,0.000000,0.000000,0.000069,0,0
273900000000,274200000000,6283499093,383,1390856073,0.000364,0.000961,0.001925,0.000092,0.000147,0.001205,0.000003,0.000000,0.018340,0.000143,1.686000,0.005230,0.000000,0.000000,0.000116,0,0
274200000000,274500000000,6283499093,383,1390856073,0.000281,0.000951,0.001925,0.000092,0.000124,0.001146,0.000002,0.000000,0.001783,0.000286,2.350000,0.009794,0.000000,0.000000,0.000140,0,0
274500000000,274800000000,6283499093,383,1390856073,0.000278,0.000986,0.001925,0.000092,0.000157,0.001366,0.000000,0.000000,0.004799,0.000072,2.223000,0.008718,0.000000,0.000000,0.000506,0,0
274800000000,275100000000,6283499093,383,1390856073,0.000226,0.000964,0.001926,0.000092,0.000136,0.001366,0.000001,0.000000,0.001471,0.000072,1.993000,0.007291,0.000000,0.000000,0.000063,0,0
275100000000,275400000000,6283499093,383,1390856073,0.000243,0.000970,0.001925,0.000092,0.000143,0.001200,0.000000,0.000000,0.004387,0.000000,1.856000,0.006571,0.000000,0.000000,0.000481,0,0
275400000000,275700000000,6283499093,383,1390856073,0.000256,0.000984,0.001925,0.000092,0.000158,0.001362,0.000002,0.000000,0.004784,0.000571,1.680000,0.005174,0.000000,0.000000,0.000457,0,0
275700000000,276000000000,6283499093,383,1390856073,0.000248,0.001022,0.001926,0.000092,0.000197,0.001364,0.000004,0.000000,0.004341,0.000929,2.318000,0.009593,0.000000,0.000000,0.000571,0,0
276000000000,276300000000,6283499093,383,1390856073,0.000258,0.000975,0.001925,0.000092,0.000148,0.001293,0.000002,0.000000,0.005638,0.000286,2.206000,0.008857,0.000000,0.000000,0.000217,0,0
276300000000,276600000000,6283499093,383,1390856073,0.000244,0.001062,0.001925,0.000092,0.000232,0.001371,0.000002,0.000000,0.004959,0.000286,1.865000,0.006624,0.000000,0.000000,0.000091,0,0
276600000000,276900000000,6283499093,383,1390856073,0.000237,0.001043,0.001925,0.000091,0.000216,0.001364,0.000001,0.000000,0.004898,0.000143,2.428000,0.010370,0.000000,0.000000,0.000112,0,0
276900000000,277200000000,6283499093,383,1390856073,0.000228,0.000986,0.001925,0.000091,0.000157,0.001358,0.000000,0.000000,0.004417,0.000000,2.242000,0.009105,0.000000,0.000000,0.000083,0,0
277200000000,277500000000,6283499093,383,1390856073,0.000252,0.001009,0.001926,0.000091,0.000181,0.001366,0.000003,0.000000,0.004707,0.000215,2.205000,0.008790,0.000000,0.000000,0.000159,0,0
277500000000,277800000000,6283499093,383,1390856073,0.000305,0.001055,0.001925,0.000103,0.000201,0.001423,0.000016,0.000000,0.005272,0.003784,2.136000,0.008421,0.000000,0.000000,0.000073,0,0
277800000000,278100000000,6283499093,383,1390856073,0.000288,0.001020,0.001925,0.000103,0.000175,0.001408,0.000003,0.000000,0.004524,0.000143,2.250000,0.008901,0.000000,0.000000,0.000320,0,0
278100000000,278400000000,6283499093,383,1390856073,0.000261,0.001062,0.001925,0.000103,0.000217,0.001408,0.000002,0.000000,0.005035,0.000143,1.895000,0.006890,0.000000,0.000000,0.000210,0,0
278400000000,278700000000,6283499093,383,1390856073,0.000271,0.001125,0.001926,0.000103,0.000281,0.001410,0.000003,0.000000,0.004974,0.000143,1.891000,0.006639,0.000000,0.000000,0.000188,0,0
278700000000,279000000000,6283499093,383,1390856073,0.000267,0.001097,0.001925,0.000103,0.000243,0.001390,0.000002,0.000000,0.005020,0.000143,1.888000,0.006902,0.000000,0.000000,0.000571,0,0
279000000000,279300000000,6283499093,383,1390856073,0.000285,0.001120,0.001926,0.000097,0.000269,0.001390,0.000003,0.000000,0.005524,0.000286,2.045000,0.006984,0.000000,0.000000,0.000182,0,0
279300000000,279310000000,6283499093,383,1390856073,0.000235,0.001127,0.001925,0.000086,0.000266,0.001371,0.000000,0.000000,0.000881,0.000000,2.127000,0.007382,0.000000,0.000000,0.000568,0,0
279310000000,279315000000,6283499093,383,1390856073,0.000316,0.000948,0.001926,0.000096,0.000101,0.000949,0.002357,0.000000,0.000829,0.011080,2.127000,0.007382,0.000000,0.000000,0.000522,0,0
279315000000,279326000000,6283499093,383,1390856073,0.001480,0.000009,0.000000,0.000000,0.000000,0.000095,0.000077,0.000000,0.016270,0.000929,1.201000,0.002376,0.000000,0.000000,0.000000,1,0
279326000000,279328000000,6283499093,383,1390856073,0.000000,0.000000,0.000000,0.000000,0.000000,0.000000,0.000000,0.000000,0.000000,0.000000,1.133000,0.002005,0.000000,0.000000,0.000000,0,0
279338000000,279600000000,6283499093,383,32084209,0.000210,0.000682,0.001904,0.000084,0.000451,0.000825,0.000356,0.000000,0.015370,0.043460,2.252000,0.007830,0.000000,0.000000,0.000006,0,0
279600000000,279900000000,6283499093,383,32084209,0.000301,0.000583,0.001904,0.000116,0.000378,0.000812,0.000007,0.000000,0.003815,0.000857,2.143000,0.005957,0.000000,0.000000,0.000126,0,0
279900000000,280200000000,6283499093,383,32084209,0.000290,0.000582,0.001917,0.000115,0.000398,0.000761,0.000007,0.000000,0.004265,0.000999,2.230000,0.006211,0.000000,0.000000,0.000225,0,0
280200000000,280500000000,6283499093,383,32084209,0.000327,0.000986,0.001921,0.000114,0.000391,0.001247,0.000008,0.000000,0.006439,0.001358,1.290000,0.002694,0.000000,0.000000,0.000183,0,0
280500000000,280800000000,6283499093,383,32084209,0.000357,0.001066,0.001921,0.000114,0.000373,0.001280,0.000005,0.000000,0.003487,0.000428,2.033000,0.005332,0.000000,0.000000,0.000260,0,0
280800000000,281100000000,6283499093,383,32084209,0.000353,0.001076,0.001921,0.000114,0.000382,0.001274,0.000012,0.000000,0.004868,0.001499,2.302000,0.006559,0.000000,0.000000,0.000254,0,0
281100000000,281400000000,6283499093,383,32084209,0.000358,0.001110,0.001923,0.000114,0.000403,0.001287,0.000008,0.000000,0.008926,0.001429,1.908000,0.004835,0.000000,0.000000,0.000446,0,0
281400000000,281700000000,6283499093,383,32084209,0.000339,0.001106,0.001921,0.000114,0.000397,0.001286,0.000001,0.000000,0.004662,0.000072,2.007000,0.005449,0.000000,0.000000,0.000306,0,0
281700000000,282000000000,6283499093,383,32084209,0.000321,0.001093,0.001921,0.000112,0.000380,0.001286,0.000001,0.000000,0.004570,0.000072,2.044000,0.005433,0.000000,0.000000,0.000562,0,0
282000000000,282300000000,6283499093,383,32084209,0.000573,0.000929,0.001921,0.000110,0.000408,0.001373,0.000027,0.000000,0.015990,0.003784,1.393000,0.002578,0.000000,0.000000,0.000640,0,0
282300000000,282600000000,6283499093,383,32084209,0.000333,0.000692,0.001921,0.000111,0.000373,0.000905,0.000009,0.000000,0.004349,0.001429,2.177000,0.006058,0.000000,0.000000,0.000189,0,0
282600000000,282609000000,6283499093,383,32084209,0.000328,0.000781,0.001926,0.000111,0.000459,0.000902,0.000738,0.000000,0.000786,0.005569,2.047000,0.005786,0.000000,0.000000,0.000125,0,0
282609000000,282620000000,6283499093,383,32084209,0.000251,0.000000,0.000000,0.000000,0.000000,0.000000,0.000312,0.000000,0.002758,0.002930,2.047000,0.005786,0.000000,0.000000,0.000000,0,0
282620000000,282621000000,6283499093,383,32084209,0.000000,0.000000,0.000000,0.000000,0.000000,0.000000,0.000000,0.000000,0.000000,0.000000,2.047000,0.005786,0.000000,0.000000,0.000000,0,0
