272492000000,272613000000,6283499093,384,6567412,0.000000,0.000000,0.000000,0.000000,0.000000,0.000000,0.000001,0.000000,0.000000,0.000072,0.000000,0.000000,0.000000,0.000000,0.000000,0,0
272613000000,272700000000,6283499093,384,6567412,0.000806,0.001242,0.001925,0.000153,0.000454,0.001478,0.001040,0.000000,0.011700,0.023070,2.547000,0.007114,0.000000,0.000000,0.000175,0,0
272700000000,273000000000,6283499093,384,6567412,0.000551,0.001204,0.001923,0.000154,0.000454,0.001410,0.000001,0.000000,0.021610,0.000072,3.142000,0.009529,0.000000,0.000000,0.000292,0,0
273000000000,273300000000,6283499093,384,6567412,0.000571,0.001139,0.001923,0.000154,0.000359,0.001400,0.000030,0.000000,0.016020,0.005783,2.218000,0.006002,0.000000,0.000000,0.000420,0,0
273300000000,273600000000,6283499093,384,6567412,0.000530,0.001049,0.001921,0.000159,0.000259,0.001398,0.000000,0.000000,0.005783,0.000072,2.855000,0.008431,0.000000,0.000000,0.000580,0,0
273600000000,273900000000,6283499093,384,6567412,0.000464,0.000978,0.001923,0.000155,0.000185,0.001127,0.000007,0.000000,0.004875,0.002071,3.107000,0.009277,0.000000,0.000000,0.000206,0,0
273900000000,274200000000,6283499093,384,6567412,0.000440,0.000958,0.001925,0.000156,0.000164,0.001019,0.000001,0.000000,0.005630,0.000143,2.882000,0.008062,0.000000,0.000000,0.000439,0,0
274200000000,274500000000,6283499093,384,6567412,0.000415,0.000956,0.001925,0.000156,0.000162,0.000984,0.000001,0.000000,0.004822,0.000143,3.506000,0.010510,0.000000,0.000000,0.000396,0,0
274500000000,274800000000,6283499093,384,6567412,0.000393,0.001242,0.001926,0.000156,0.000439,0.001410,0.000000,0.000000,0.012390,0.000072,3.460000,0.010340,0.000000,0.000000,0.000146,0,0
274800000000,275100000000,6283499093,384,6567412,0.000384,0.001366,0.001928,0.000156,0.000559,0.001411,0.000008,0.000000,0.001505,0.002144,3.507000,0.010510,0.000000,0.000000,0.000277,0,0
275100000000,275400000000,6283499093,384,6567412,0.000382,0.001377,0.001928,0.000156,0.000570,0.001410,0.000000,0.000000,0.004768,0.000000,2.413000,0.006016,0.000000,0.000000,0.000527,0,0
275400000000,275700000000,6283499093,384,6567412,0.000348,0.001095,0.001925,0.000156,0.000288,0.001406,0.000001,0.000000,0.005051,0.000215,2.541000,0.006655,0.000000,0.000000,0.000174,0,0
275700000000,276000000000,6283499093,384,6567412,0.001122,0.001062,0.001923,0.000158,0.000225,0.001543,0.000070,0.000000,0.065430,0.013430,2.540000,0.006800,0.000000,0.000000,0.000232,0,0
276000000000,276300000000,6283499093,384,6567412,0.000545,0.001284,0.001921,0.000156,0.000391,0.001541,0.000002,0.000000,0.006340,0.000143,3.782000,0.012150,0.000000,0.000000,0.000617,0,0
276300000000,276600000000,6283499093,384,6567412,0.000536,0.001263,0.001923,0.000156,0.000377,0.001511,0.000001,0.000000,0.005913,0.000072,3.368000,0.010260,0.000000,0.000000,0.000291,0,0
276600000000,276900000000,6283499093,384,6567412,0.000541,0.001276,0.001921,0.000156,0.000387,0.001520,0.000055,0.000000,0.020450,0.015930,3.360000,0.010360,0.000000,0.000000,0.000136,0,0
276900000000,277200000000,6283499093,384,6567412,0.000542,0.001295,0.001923,0.000156,0.000403,0.001518,0.000000,0.000000,0.001858,0.000072,4.009000,0.013190,0.000000,0.000000,0.001013,0,0
277200000000,277500000000,6283499093,384,6567412,0.000479,0.001253,0.001921,0.000153,0.000357,0.001514,0.000005,0.000000,0.016450,0.000428,3.480000,0.011090,0.000000,0.000000,0.000518,0,0
277500000000,277800000000,6283499093,384,6567412,0.000340,0.001287,0.001925,0.000153,0.000388,0.001520,0.000005,0.000000,0.005463,0.000786,2.390000,0.006561,0.000000,0.000000,0.000580,0,0
277800000000,278100000000,6283499093,384,6567412,0.000392,0.001245,0.001921,0.000153,0.000335,0.001539,0.000004,0.000000,0.004944,0.000215,2.615000,0.007358,0.000000,0.000000,0.000325,0,0
278100000000,278400000000,6283499093,384,6567412,0.000411,0.001223,0.001921,0.000156,0.000303,0.001539,0.000070,0.000000,0.006897,0.011140,2.630000,0.007454,0.000000,0.000000,0.000124,0,0
278400000000,278700000000,6283499093,384,6567412,0.000386,0.001219,0.001930,0.000194,0.000600,0.001520,0.000018,0.000000,0.002281,0.003216,2.820000,0.008136,0.000000,0.000000,0.000112,0,0
278700000000,279000000000,6283499093,384,6567412,0.000442,0.001154,0.001930,0.000197,0.000607,0.001165,0.000004,0.000000,0.005592,0.000999,2.850000,0.008473,0.000000,0.000000,0.000300,0,0
279000000000,279289000000,6283499093,384,6567412,0.000614,0.001181,0.001930,0.000199,0.000614,0.001247,0.000072,0.000000,0.028230,0.014500,3.014000,0.009009,0.000000,0.000000,0.005562,0,0
279289000000,279300000000,6283499093,384,6567412,0.000380,0.000020,0.000000,0.000061,0.000061,0.000223,0.000104,0.000000,0.004189,0.001072,2.169000,0.005428,0.000000,0.000000,0.000000,0,0
279300000000,279309000000,6283499093,384,6567412,0.000000,0.000000,0.000000,0.000000,0.000000,0.000000,0.000000,0.000000,0.000000,0.000000,2.169000,0.005428,0.000000,0.000000,0.000000,0,0
279309000000,279311000000,6283499093,384,6567412,0.000000,0.000000,0.000000,0.000000,0.000000,0.000000,0.000000,0.000000,0.000000,0.000000,2.169000,0.005428,0.000000,0.000000,0.000000,0,0
