272493000000,272645000000,6283499093,385,369809897,0.000000,0.000000,0.000000,0.000000,0.000000,0.000000,0.000000,0.000000,0.000000,0.000000,0.000000,0.000000,0.000000,0.000000,0.000000,0,0
272645000000,272700000000,6283499093,385,369809897,0.000948,0.000796,0.001930,0.000028,0.000196,0.001343,0.000334,0.000000,0.009979,0.005569,0.000000,0.000000,0.000000,0.000000,0.001154,0,0
272700000000,273000000000,6283499093,385,369809897,0.000341,0.000913,0.001928,0.000029,0.000051,0.001348,0.000004,0.000000,0.004852,0.000428,2.330000,0.006484,0.000000,0.000000,0.000168,0,0
273000000000,273300000000,6283499093,385,369809897,0.000522,0.000980,0.001926,0.000038,0.000055,0.001076,0.000021,0.000000,0.010930,0.003357,2.493000,0.006800,0.000000,0.000000,0.000200,0,0
273300000000,273600000000,6283499093,385,369809897,0.000311,0.000997,0.001926,0.000038,0.000072,0.001175,0.000000,0.000000,0.001621,0.000000,14.380000,0.058520,0.000000,0.000000,0.000100,0,0
273600000000,273900000000,6283499093,385,369809897,0.000404,0.001028,0.001928,0.000035,0.000068,0.001230,0.000014,0.000000,0.013960,0.002499,8.901000,0.035930,0.000000,0.000000,0.000206,0,0
273900000000,274200000000,6283499093,385,369809897,0.000274,0.001040,0.001928,0.000031,0.000093,0.001423,0.000002,0.000000,0.003914,0.000286,5.872000,0.022500,0.000000,0.000000,0.000417,0,0
274200000000,274500000000,6283499093,385,369809897,0.000217,0.001043,0.001928,0.000031,0.000098,0.001402,0.000002,0.000000,0.004089,0.000500,3.855000,0.013200,0.000000,0.000000,0.000224,0,0
274500000000,274800000000,6283499093,385,369809897,0.000220,0.001007,0.001930,0.000031,0.000060,0.001318,0.000000,0.000000,0.004700,0.000072,3.897000,0.012890,0.000000,0.000000,0.000120,0,0
274800000000,275100000000,6283499093,385,369809897,0.000199,0.001072,0.001930,0.000036,0.000126,0.001429,0.000001,0.000000,0.004066,0.000286,3.104000,0.009545,0.000000,0.000000,0.000089,0,0
275100000000,275400000000,6283499093,385,369809897,0.000197,0.001122,0.001930,0.000038,0.000180,0.001431,0.000000,0.000000,0.002007,0.000000,2.669000,0.007430,0.000000,0.000000,0.000272,0,0
275400000000,275700000000,6283499093,385,369809897,0.003426,0.001196,0.001925,0.000042,0.000175,0.001839,0.000018,0.000000,0.076780,0.000999,0.618200,0.000229,0.000000,0.000000,0.000198,0,0
275700000000,276000000000,6283499093,385,369809897,0.000486,0.001257,0.001926,0.000042,0.000112,0.001635,0.000001,0.000000,0.059390,0.000215,1.261000,0.002310,0.000000,0.000000,0.000120,0,0
276000000000,276300000000,6283499093,385,369809897,0.000328,0.001230,0.001930,0.000038,0.000086,0.001631,0.000002,0.000000,0.004082,0.000215,2.727000,0.007398,0.000000,0.000000,0.003483,0,0
276300000000,276600000000,6283499093,385,369809897,0.002213,0.001289,0.001928,0.000042,0.000127,0.001642,0.000015,0.000000,0.059140,0.002357,3.420000,0.010260,0.000000,0.000000,0.000683,0,0
276600000000,276900000000,6283499093,385,369809897,0.000342,0.001228,0.001928,0.000045,0.000109,0.001629,0.000002,0.000000,0.005234,0.000286,4.536000,0.015410,0.000000,0.000000,0.000037,0,0
276900000000,277200000000,6283499093,385,369809897,0.000365,0.001247,0.001928,0.000045,0.000135,0.001629,0.000000,0.000000,0.005852,0.000000,4.307000,0.014570,0.000000,0.000000,0.000281,0,0
277200000000,277500000000,6283499093,385,369809897,0.000322,0.001242,0.001930,0.000046,0.000132,0.001619,0.000017,0.000000,0.006310,0.003571,2.946000,0.008880,0.000000,0.000000,0.000266,0,0
277500000000,277800000000,6283499093,385,369809897,0.000305,0.001196,0.001930,0.000049,0.000091,0.001482,0.000003,0.000000,0.006065,0.000286,3.235000,0.010370,0.000000,0.000000,0.000157,0,0
277800000000,278100000000,6283499093,385,369809897,0.000314,0.001167,0.001930,0.000049,0.000061,0.001287,0.000010,0.000000,0.005096,0.001215,3.502000,0.011190,0.000000,0.000000,0.000226,0,0
278100000000,278400000000,6283499093,385,369809897,0.000382,0.001198,0.001926,0.000050,0.000086,0.001389,0.000017,0.000000,0.009766,0.004143,2.217000,0.005280,0.000000,0.000000,0.000248,0,0
278400000000,278700000000,6283499093,385,369809897,0.000371,0.001205,0.001928,0.000050,0.000087,0.001379,0.000007,0.000000,0.005310,0.000643,2.279000,0.005562,0.000000,0.000000,0.000236,0,0
278700000000,279000000000,6283499093,385,369809897,0.000350,0.001215,0.001928,0.000050,0.000098,0.001377,0.000002,0.000000,0.005653,0.000643,2.614000,0.007154,0.000000,0.000000,0.000647,0,0
279000000000,279300000000,6283499093,385,369809897,0.000330,0.001213,0.001930,0.000051,0.000099,0.001381,0.000018,0.000000,0.004631,0.002571,2.231000,0.005498,0.000000,0.000000,0.000053,0,0
279300000000,279600000000,6283499093,385,369809897,0.000349,0.001213,0.001930,0.000055,0.000102,0.001381,0.000004,0.000000,0.007095,0.000286,2.392000,0.006164,0.000000,0.000000,0.000125,0,0
279600000000,279900000000,6283499093,385,369809897,0.000346,0.001211,0.001930,0.000056,0.000105,0.001377,0.000006,0.000000,0.006104,0.000571,2.473000,0.006563,0.000000,0.000000,0.000145,0,0
279900000000,280200000000,6283499093,385,369809897,0.000332,0.001221,0.001930,0.000056,0.000113,0.001379,0.000003,0.000000,0.004829,0.000215,2.190000,0.005441,0.000000,0.000000,0.001383,0,0
280200000000,280500000000,6283499093,385,369809897,0.000573,0.001139,0.001930,0.000057,0.000129,0.001469,0.000004,0.000000,0.050660,0.000643,2.228000,0.005513,0.000000,0.000000,0.000229,0,0
280500000000,280800000000,6283499093,385,369809897,0.000326,0.000807,0.001930,0.000057,0.000128,0.000964,0.000007,0.000000,0.004837,0.001215,2.205000,0.005349,0.000000,0.000000,0.000599,0,0
280800000000,280909000000,6283499093,385,369809897,0.000339,0.000826,0.001930,0.000058,0.000151,0.000953,0.000005,0.000000,0.005051,0.000286,2.264000,0.005669,0.000000,0.000000,0.000613,0,0
280909000000,280926000000,6283499093,385,369809897,0.000121,0.000000,0.000000,0.000000,0.000000,0.000000,0.000063,0.000000,0.002064,0.001072,2.220000,0.005514,0.000000,0.000000,0.000000,0,0
280926000000,280928000000,6283499093,385,369809897,0.000000,0.000000,0.000000,0.000000,0.000000,0.000000,0.000000,0.000000,0.000000,0.000000,2.220000,0.005514,0.000000,0.000000,0.000000,0,0
