272496000000,272637000000,6283499093,386,61730926,0.000000,0.000000,0.000000,0.000000,0.000000,0.000000,0.000000,0.000000,0.000000,0.000000,0.000000,0.000000,0.000000,0.000000,0.000000,0,0
272637000000,272700000000,6283499093,386,61730926,0.000958,0.000764,0.001925,0.000093,0.000099,0.001019,0.001493,0.000000,0.015550,0.014070,1.239000,0.001655,0.000000,0.000000,0.000365,0,0
272700000000,273000000000,6283499093,386,61730926,0.000425,0.000953,0.001921,0.000103,0.000134,0.001225,0.000005,0.000000,0.003639,0.001215,2.084000,0.005329,0.000000,0.000000,0.000102,0,0
273000000000,273300000000,6283499093,386,61730926,0.000483,0.001232,0.001925,0.000103,0.000411,0.001402,0.000001,0.000000,0.005913,0.000143,2.929000,0.009005,0.000000,0.000000,0.000428,0,0
273300000000,273600000000,6283499093,386,61730926,0.000392,0.001238,0.001923,0.000103,0.000374,0.001419,0.000000,0.000000,0.005119,0.000000,2.770000,0.008215,0.000000,0.000000,0.000889,0,0
273600000000,273900000000,6283499093,386,61730926,0.000483,0.001141,0.001919,0.000103,0.000266,0.001429,0.000003,0.000000,0.051150,0.000286,2.658000,0.007765,0.000000,0.000000,0.000650,0,0
273900000000,274200000000,6283499093,386,61730926,0.000527,0.001038,0.001919,0.000102,0.000161,0.001404,0.000002,0.000000,0.012240,0.000072,2.330000,0.006439,0.000000,0.000000,0.000195,0,0
274200000000,274500000000,6283499093,386,61730926,0.000515,0.001057,0.001919,0.000099,0.000151,0.001396,0.000003,0.000000,0.054630,0.000357,3.066000,0.009462,0.000000,0.000000,0.000208,0,0
274500000000,274800000000,6283499093,386,61730926,0.000427,0.001057,0.001921,0.000100,0.000152,0.001450,0.000001,0.000000,0.011990,0.000143,2.624000,0.007270,0.000000,0.000000,0.000237,0,0
274800000000,275100000000,6283499093,386,61730926,0.000448,0.001066,0.001921,0.000100,0.000167,0.001444,0.000001,0.000000,0.007263,0.000143,2.397000,0.006388,0.000000,0.000000,0.000923,0,0
275100000000,275400000000,6283499093,386,61730926,0.000446,0.001156,0.001921,0.000100,0.000257,0.001448,0.000002,0.000000,0.006790,0.000286,2.594000,0.007175,0.000000,0.000000,0.000627,0,0
275400000000,275700000000,6283499093,386,61730926,0.000418,0.001104,0.001919,0.000100,0.000201,0.001450,0.000001,0.000000,0.005913,0.000143,2.803000,0.008195,0.000000,0.000000,0.000180,0,0
275700000000,276000000000,6283499093,386,61730926,0.000416,0.001120,0.001921,0.000100,0.000217,0.001448,0.000001,0.000000,0.003345,0.000072,2.998000,0.009077,0.000000,0.000000,0.000258,0,0
276000000000,276300000000,6283499093,386,61730926,0.000429,0.001066,0.001921,0.000100,0.000160,0.001446,0.000009,0.000000,0.022610,0.000714,1.539000,0.002928,0.000000,0.000000,0.000509,0,0
276300000000,276600000000,6283499093,386,61730926,0.000498,0.001070,0.001919,0.000101,0.000166,0.001431,0.000004,0.000000,0.005089,0.000500,2.034000,0.004820,0.000000,0.000000,0.000207,0,0
276600000000,276900000000,6283499093,386,61730926,0.000453,0.001051,0.001921,0.000102,0.000146,0.001400,0.000002,0.000000,0.004318,0.000357,3.459000,0.010850,0.000000,0.000000,0.000470,0,0
276900000000,277200000000,6283499093,386,61730926,0.000438,0.001110,0.001921,0.000102,0.000203,0.001455,0.000000,0.000000,0.004562,0.000072,2.667000,0.007558,0.000000,0.000000,0.000396,0,0
277200000000,277479000000,6283499093,386,61730926,0.000445,0.001148,0.001919,0.000102,0.000243,0.001455,0.000004,0.000000,0.011720,0.000428,2.832000,0.008342,0.000000,0.000000,0.000137,0,0
277479000000,277496000000,6283499093,386,61730926,0.000178,0.000000,0.000000,0.000000,0.000000,0.000000,0.000063,0.000000,0.003029,0.000786,2.830000,0.008453,0.000000,0.000000,0.000000,0,0
277496000000,277498000000,6283499093,386,61730926,0.000000,0.000000,0.000000,0.000000,0.000000,0.000000,0.000000,0.000000,0.000000,0.000000,2.830000,0.008453,0.000000,0.000000,0.000000,0,0
277498000000,277500000000,6283499093,386,61730926,0.000000,0.000000,0.000000,0.000000,0.000000,0.000000,0.000000,0.000000,0.000000,0.000000,0.000000,0.000000,0.000000,0.000000,0.000000,0,0
