272494000000,272571000000,6283499093,387,257495892,0.000000,0.000000,0.000000,0.000000,0.000000,0.000000,0.000000,0.000000,0.000000,0.000000,0.000000,0.000000,0.000000,0.000000,0.000000,0,0
272571000000,272700000000,6283499093,387,257495892,0.000572,0.001122,0.001921,0.000175,0.000329,0.001499,0.000706,0.000000,0.012500,0.030640,2.456000,0.007534,0.000000,0.000000,0.000120,0,0
272700000000,273000000000,6283499093,387,257495892,0.000332,0.000980,0.001921,0.000175,0.000279,0.001316,0.000000,0.000000,0.004189,0.000000,2.318000,0.006661,0.000000,0.000000,0.000217,0,0
273000000000,273300000000,6283499093,387,257495892,0.000338,0.001020,0.001921,0.000170,0.000312,0.001326,0.000001,0.000000,0.008163,0.000215,2.308000,0.006722,0.000000,0.000000,0.000373,0,0
273300000000,273600000000,6283499093,387,257495892,0.000320,0.000945,0.001921,0.000170,0.000233,0.001314,0.000000,0.000000,0.003349,0.000072,2.422000,0.006949,0.000000,0.000000,0.000358,0,0
273600000000,273900000000,6283499093,387,257495892,0.000307,0.001047,0.001921,0.000170,0.000333,0.001329,0.000004,0.000000,0.004593,0.000786,2.159000,0.005931,0.000000,0.000000,0.000715,0,0
273900000000,274200000000,6283499093,387,257495892,0.000314,0.001152,0.001923,0.000170,0.000431,0.001337,0.000002,0.000000,0.004845,0.000643,2.240000,0.006113,0.000000,0.000000,0.000116,0,0
274200000000,274500000000,6283499093,387,257495892,0.000360,0.001263,0.001925,0.000170,0.000528,0.001352,0.000003,0.000000,0.009674,0.000286,2.052000,0.005440,0.000000,0.000000,0.000138,0,0
274500000000,274800000000,6283499093,387,257495892,0.000332,0.001110,0.001925,0.000170,0.000373,0.001352,0.000000,0.000000,0.004616,0.000000,2.485000,0.007408,0.000000,0.000000,0.000104,0,0
274800000000,275100000000,6283499093,387,257495892,0.000332,0.000950,0.001921,0.000170,0.000213,0.001186,0.000003,0.000000,0.004372,0.000643,2.321000,0.006527,0.000000,0.000000,0.000076,0,0
275100000000,275400000000,6283499093,387,257495892,0.000320,0.001024,0.001921,0.000169,0.000287,0.001348,0.000000,0.000000,0.009521,0.000072,2.247000,0.006366,0.000000,0.000000,0.000136,0,0
275400000000,275700000000,6283499093,387,257495892,0.000330,0.001122,0.001921,0.000169,0.000380,0.001375,0.000000,0.000000,0.007843,0.000143,2.424000,0.006928,0.000000,0.000000,0.000147,0,0
275700000000,276000000000,6283499093,387,257495892,0.000366,0.001192,0.001923,0.000169,0.000438,0.001371,0.000001,0.000000,0.010820,0.000072,2.221000,0.006024,0.000000,0.000000,0.000110,0,0
276000000000,276300000000,6283499093,387,257495892,0.000394,0.001202,0.001923,0.000170,0.000445,0.001371,0.000001,0.000000,0.004425,0.000143,3.241000,0.010130,0.000000,0.000000,0.000298,0,0
276300000000,276600000000,6283499093,387,257495892,0.000457,0.001259,0.001923,0.000171,0.000483,0.001408,0.000025,0.000000,0.009186,0.005997,2.347000,0.006381,0.000000,0.000000,0.000268,0,0
276600000000,276900000000,6283499093,387,257495892,0.000397,0.001055,0.001923,0.000170,0.000278,0.001392,0.000001,0.000000,0.004921,0.000215,2.504000,0.007226,0.000000,0.000000,0.000716,0,0
276900000000,277200000000,6283499093,387,257495892,0.000473,0.001022,0.001919,0.000170,0.000233,0.001347,0.000001,0.000000,0.008072,0.000143,2.432000,0.007066,0.000000,0.000000,0.000605,0,0
277200000000,277500000000,6283499093,387,257495892,0.000464,0.001074,0.001917,0.000170,0.000274,0.001421,0.000023,0.000000,0.003139,0.002930,2.531000,0.007474,0.000000,0.000000,0.000193,0,0
277500000000,277800000000,6283499093,387,257495892,0.000397,0.001038,0.001921,0.000170,0.000228,0.001421,0.000004,0.000000,0.004921,0.000500,3.446000,0.011240,0.000000,0.000000,0.000108,0,0
277800000000,278049000000,6283499093,387,257495892,0.000386,0.001034,0.001919,0.000170,0.000218,0.001266,0.000008,0.000000,0.005814,0.000857,2.565000,0.007693,0.000000,0.000000,0.000237,0,0
278049000000,278068000000,6283499093,387,257495892,0.000147,0.000000,0.000000,0.000000,0.000000,0.000000,0.000072,0.000000,0.002792,0.000857,2.683000,0.008433,0.000000,0.000000,0.000000,0,0
278068000000,278069000000,6283499093,387,257495892,0.000000,0.000000,0.000000,0.000000,0.000000,0.000000,0.000000,0.000000,0.000000,0.000000,2.683000,0.008433,0.000000,0.000000,0.000000,0,0
