272505000000,272616000000,6283499093,388,257408566,0.000000,0.000000,0.000000,0.000000,0.000000,0.000000,0.000000,0.000000,0.000000,0.000000,0.000000,0.000000,0.000000,0.000000,0.000000,0,0
272616000000,272700000000,6283499093,388,257408566,0.000773,0.001001,0.001923,0.000093,0.000202,0.001402,0.000737,0.000000,0.023800,0.015780,2.660000,0.007820,0.000000,0.000000,0.000677,0,0
272700000000,273000000000,6283499093,388,257408566,0.000491,0.001024,0.001923,0.000096,0.000221,0.001366,0.000002,0.000000,0.009796,0.000072,1.861000,0.004287,0.000000,0.000000,0.000250,0,0
273000000000,273300000000,6283499093,388,257408566,0.000588,0.001030,0.001923,0.000097,0.000220,0.001389,0.000029,0.000000,0.015120,0.003284,2.963000,0.009417,0.000000,0.000000,0.004807,0,0
273300000000,273600000000,6283499093,388,257408566,0.000547,0.001041,0.001921,0.000101,0.000200,0.001389,0.000001,0.000000,0.004631,0.000072,3.730000,0.012820,0.000000,0.000000,0.000309,0,0
273600000000,273900000000,6283499093,388,257408566,0.000477,0.000992,0.001923,0.000098,0.000148,0.001240,0.000003,0.000000,0.004730,0.000571,3.457000,0.011630,0.000000,0.000000,0.000329,0,0
273900000000,274200000000,6283499093,388,257408566,0.000345,0.000988,0.001925,0.000098,0.000146,0.001385,0.000000,0.000000,0.010350,0.000072,2.680000,0.007950,0.000000,0.000000,0.000455,0,0
274200000000,274500000000,6283499093,388,257408566,0.000379,0.001040,0.001923,0.000098,0.000197,0.001383,0.000001,0.000000,0.004288,0.000072,2.221000,0.005765,0.000000,0.000000,0.000637,0,0
274500000000,274800000000,6283499093,388,257408566,0.000360,0.001022,0.001923,0.000098,0.000179,0.001316,0.000000,0.000000,0.006676,0.000072,2.527000,0.007147,0.000000,0.000000,0.000153,0,0
274800000000,275100000000,6283499093,388,257408566,0.000376,0.001026,0.001923,0.000098,0.000180,0.001352,0.000004,0.000000,0.013280,0.000929,2.498000,0.006904,0.000000,0.000000,0.000130,0,0
275100000000,275400000000,6283499093,388,257408566,0.000337,0.001099,0.001923,0.000094,0.000249,0.001394,0.000000,0.000000,0.005005,0.000072,3.041000,0.009079,0.000000,0.000000,0.000456,0,0
275400000000,275700000000,6283499093,388,257408566,0.000490,0.001179,0.001925,0.000095,0.000321,0.001404,0.000022,0.000000,0.019930,0.005211,2.442000,0.006786,0.000000,0.000000,0.000776,0,0
275700000000,276000000000,6283499093,388,257408566,0.000463,0.001131,0.001923,0.000093,0.000265,0.001406,0.000002,0.000000,0.005775,0.000215,2.290000,0.006186,0.000000,0.000000,0.000723,0,0
276000000000,276300000000,6283499093,388,257408566,0.000453,0.001139,0.001923,0.000093,0.000273,0.001408,0.000002,0.000000,0.004410,0.000072,3.268000,0.010550,0.000000,0.000000,0.000258,0,0
276300000000,276600000000,6283499093,388,257408566,0.000367,0.001089,0.001923,0.000093,0.000222,0.001406,0.000001,0.000000,0.004143,0.000072,2.647000,0.007681,0.000000,0.000000,0.000503,0,0
276600000000,276900000000,6283499093,388,257408566,0.000342,0.001049,0.001923,0.000093,0.000182,0.001402,0.000003,0.000000,0.004524,0.000786,2.474000,0.006918,0.000000,0.000000,0.000158,0,0
276900000000,277200000000,6283499093,388,257408566,0.000396,0.001146,0.001925,0.000093,0.000276,0.001419,0.000001,0.000000,0.017120,0.000072,2.437000,0.006776,0.000000,0.000000,0.000523,0,0
277200000000,277500000000,6283499093,388,257408566,0.000420,0.001127,0.001923,0.000093,0.000240,0.001425,0.000008,0.000000,0.005318,0.001215,3.727000,0.012530,0.000000,0.000000,0.000145,0,0
277500000000,277800000000,6283499093,388,257408566,0.000445,0.001095,0.001923,0.000093,0.000207,0.001429,0.000002,0.000000,0.004776,0.000143,2.508000,0.007253,0.000000,0.000000,0.000519,0,0
277800000000,277899000000,6283499093,388,257408566,0.000399,0.001160,0.001923,0.000094,0.000280,0.001429,0.000044,0.000000,0.004433,0.003357,2.768000,0.008374,0.000000,0.000000,0.000254,0,0
277899000000,277912000000,6283499093,388,257408566,0.000226,0.000000,0.000000,0.000000,0.000000,0.000000,0.000153,0.000000,0.002937,0.001928,2.273000,0.006139,0.000000,0.000000,0.000000,0,0
277912000000,277914000000,6283499093,388,257408566,0.000000,0.000000,0.000000,0.000000,0.000000,0.000000,0.000000,0.000000,0.000000,0.000000,2.273000,0.006139,0.000000,0.000000,0.000000,0,0
