272499000000,272700000000,6283499093,389,317508562,0.000000,0.000000,0.000000,0.000000,0.000000,0.000000,0.000000,0.000000,0.000000,0.000000,0.000000,0.000000,0.000000,0.000000,0.000000,0,0
272700000000,272705000000,6283499093,389,317508562,0.000000,0.000000,0.000000,0.000000,0.000000,0.000000,0.000000,0.000000,0.000000,0.000000,0.000000,0.000000,0.000000,0.000000,0.000000,0,0
272705000000,273000000000,6283499093,389,317508562,0.000361,0.000941,0.001928,0.000133,0.000223,0.001352,0.000164,0.000000,0.011030,0.011000,1.795000,0.003660,0.000000,0.000000,0.000095,0,0
273000000000,273300000000,6283499093,389,317508562,0.000262,0.000917,0.001926,0.000133,0.000199,0.001230,0.000001,0.000000,0.004951,0.000072,4.914000,0.016460,0.000000,0.000000,0.000730,0,0
273300000000,273600000000,6283499093,389,317508562,0.000263,0.000976,0.001925,0.000133,0.000257,0.001295,0.000001,0.000000,0.001320,0.000357,3.303000,0.009673,0.000000,0.000000,0.000098,0,0
273600000000,273900000000,6283499093,389,317508562,0.000309,0.001055,0.001925,0.000133,0.000326,0.001310,0.000001,0.000000,0.004387,0.000286,2.155000,0.005379,0.000000,0.000000,0.000158,0,0
273900000000,274200000000,6283499093,389,317508562,0.000312,0.001099,0.001926,0.000134,0.000368,0.001312,0.000001,0.000000,0.006721,0.000072,3.133000,0.009099,0.000000,0.000000,0.000421,0,0
274200000000,274500000000,6283499093,389,317508562,0.000300,0.001162,0.001926,0.000134,0.000426,0.001314,0.000000,0.000000,0.004196,0.000000,2.593000,0.007088,0.000000,0.000000,0.000507,0,0
274500000000,274800000000,6283499093,389,317508562,0.000300,0.001207,0.001928,0.000134,0.000469,0.001324,0.000002,0.000000,0.005745,0.000143,2.522000,0.006988,0.000000,0.000000,0.000269,0,0
274800000000,275100000000,6283499093,389,317508562,0.000321,0.001200,0.001928,0.000134,0.000453,0.001328,0.000000,0.000000,0.004845,0.000072,2.799000,0.007669,0.000000,0.000000,0.000110,0,0
275100000000,275400000000,6283499093,389,317508562,0.000330,0.001032,0.001926,0.000131,0.000273,0.001335,0.000001,0.000000,0.002480,0.000215,2.588000,0.006880,0.000000,0.000000,0.000230,0,0
275400000000,275700000000,6283499093,389,317508562,0.000298,0.001072,0.001926,0.000127,0.000312,0.001335,0.000000,0.000000,0.004555,0.000000,3.264000,0.009876,0.000000,0.000000,0.000096,0,0
275700000000,276000000000,6283499093,389,317508562,0.000312,0.001114,0.001926,0.000128,0.000354,0.001337,0.000003,0.000000,0.006233,0.000571,3.062000,0.008790,0.000000,0.000000,0.000072,0,0
276000000000,276300000000,6283499093,389,317508562,0.000531,0.001125,0.001923,0.000129,0.000305,0.001448,0.000006,0.000000,0.027040,0.000571,3.752000,0.012090,0.000000,0.000000,0.000241,0,0
276300000000,276600000000,6283499093,389,317508562,0.000778,0.001278,0.001919,0.000133,0.000355,0.001537,0.000019,0.000000,0.011900,0.004356,6.847000,0.025790,0.000000,0.000000,0.000491,0,0
276600000000,276900000000,6283499093,389,317508562,0.000605,0.001226,0.001919,0.000130,0.000294,0.001528,0.000001,0.000000,0.002106,0.000072,5.548000,0.019780,0.000000,0.000000,0.000515,0,0
276900000000,277200000000,6283499093,389,317508562,0.003429,0.001228,0.002052,0.000131,0.000248,0.002087,0.000010,0.000000,0.071780,0.000929,3.404000,0.010440,0.000000,0.000000,0.055110,0,0
277200000000,277493000000,6283499093,389,317508562,0.000569,0.001291,0.001925,0.000131,0.000243,0.001671,0.000423,0.000000,0.031800,0.041380,1.015000,0.001787,0.000000,0.000000,0.000300,0,0
277493000000,277500000000,6283499093,389,317508562,0.000230,0.000000,0.000000,0.000000,0.000000,0.000000,0.000357,0.000000,0.001608,0.002499,0.637500,0.000380,0.000000,0.000000,0.000000,0,0
277500000000,277515000000,6283499093,389,317508562,0.000000,0.000000,0.000000,0.000000,0.000000,0.000000,0.000000,0.000000,0.000000,0.000000,0.637500,0.000380,0.000000,0.000000,0.000000,0,0
277515000000,277517000000,6283499093,389,317508562,0.000000,0.000000,0.000000,0.000000,0.000000,0.000000,0.000000,0.000000,0.000000,0.000000,0.637500,0.000380,0.000000,0.000000,0.000000,0,0
