272498000000,272584000000,6283499093,39,336021534,0.000000,0.000000,0.000000,0.000000,0.000000,0.000000,0.000000,0.000000,0.000000,0.000000,0.000000,0.000000,0.000000,0.000000,0.000000,0,0
272584000000,272700000000,6283499093,39,336021534,0.000665,0.001585,0.001925,0.000367,0.000794,0.001717,0.002022,0.000000,0.014250,0.059880,2.039000,0.005502,0.000000,0.000000,0.000288,0,0
272700000000,273000000000,6283499093,39,336021534,0.000365,0.001015,0.001925,0.000368,0.000812,0.001408,0.000000,0.000000,0.004265,0.000000,2.486000,0.007660,0.000000,0.000000,0.000141,0,0
273000000000,273300000000,6283499093,39,336021534,0.000370,0.000958,0.001926,0.000367,0.000811,0.000969,0.000000,0.000000,0.004456,0.000072,2.730000,0.008608,0.000000,0.000000,0.000434,0,0
273300000000,273600000000,6283499093,39,336021534,0.000342,0.000959,0.001926,0.000365,0.000810,0.000984,0.000000,0.000000,0.006355,0.000072,2.553000,0.007822,0.000000,0.000000,0.000400,0,0
273600000000,273900000000,6283499093,39,336021534,0.000328,0.000973,0.001926,0.000366,0.000810,0.000984,0.000002,0.000000,0.004097,0.000643,2.283000,0.006622,0.000000,0.000000,0.000723,0,0
273900000000,274200000000,6283499093,39,336021534,0.000321,0.000968,0.001926,0.000366,0.000810,0.000971,0.000000,0.000000,0.001568,0.000072,2.379000,0.006984,0.000000,0.000000,0.000207,0,0
274200000000,274500000000,6283499093,39,336021534,0.000366,0.000988,0.001926,0.000365,0.000810,0.000997,0.000004,0.000000,0.004501,0.000643,2.287000,0.006545,0.000000,0.000000,0.000630,0,0
274500000000,274800000000,6283499093,39,336021534,0.000584,0.001059,0.001925,0.000360,0.000813,0.001183,0.000030,0.000000,0.065550,0.004929,2.276000,0.006696,0.000000,0.000000,0.000325,0,0
274800000000,275100000000,6283499093,39,336021534,0.000417,0.001089,0.001925,0.000349,0.000813,0.001158,0.000002,0.000000,0.005486,0.000643,2.892000,0.009561,0.000000,0.000000,0.000403,0,0
275100000000,275400000000,6283499093,39,336021534,0.000403,0.001091,0.001925,0.000349,0.000813,0.001099,0.000000,0.000000,0.004555,0.000000,2.730000,0.008736,0.000000,0.000000,0.000451,0,0
275400000000,275700000000,6283499093,39,336021534,0.000341,0.001087,0.001926,0.000349,0.000813,0.001110,0.000000,0.000000,0.004524,0.000072,2.728000,0.008789,0.000000,0.000000,0.000121,0,0
275700000000,276000000000,6283499093,39,336021534,0.000331,0.001087,0.001926,0.000348,0.000813,0.001110,0.000000,0.000000,0.004990,0.000000,2.407000,0.007115,0.000000,0.000000,0.000205,0,0
276000000000,276300000000,6283499093,39,336021534,0.000341,0.001095,0.001926,0.000348,0.000813,0.001106,0.000002,0.000000,0.004738,0.000072,2.308000,0.006585,0.000000,0.000000,0.000464,0,0
276300000000,276600000000,6283499093,39,336021534,0.000333,0.001097,0.001926,0.000348,0.000813,0.001106,0.000005,0.000000,0.006073,0.001143,2.454000,0.007364,0.000000,0.000000,0.000447,0,0
276600000000,276900000000,6283499093,39,336021534,0.000318,0.001080,0.001926,0.000348,0.000813,0.001093,0.000001,0.000000,0.004692,0.000072,2.652000,0.008112,0.000000,0.000000,0.000252,0,0
276900000000,277200000000,6283499093,39,336021534,0.000327,0.001085,0.001926,0.000348,0.000813,0.001101,0.000000,0.000000,0.004410,0.000072,2.251000,0.006554,0.000000,0.000000,0.000158,0,0
277200000000,277500000000,6283499093,39,336021534,0.000318,0.001072,0.001926,0.000349,0.000813,0.001078,0.000003,0.000000,0.004532,0.000072,2.476000,0.007287,0.000000,0.000000,0.000175,0,0
277500000000,277800000000,6283499093,39,336021534,0.000335,0.001118,0.001925,0.000347,0.000776,0.001459,0.000006,0.000000,0.004440,0.000643,2.508000,0.007541,0.000000,0.000000,0.000149,0,0
277800000000,278100000000,6283499093,39,336021534,0.000318,0.001125,0.001921,0.000378,0.000485,0.001459,0.000471,0.000000,0.004875,0.019710,2.554000,0.007362,0.000000,0.000000,0.000150,0,0
278100000000,278400000000,6283499093,39,336021534,0.000351,0.001049,0.001919,0.000349,0.000411,0.001110,0.000003,0.000000,0.004807,0.000072,2.026000,0.005364,0.000000,0.000000,0.000218,0,0
278400000000,278700000000,6283499093,39,336021534,0.000357,0.001070,0.001919,0.000349,0.000416,0.001133,0.000003,0.000000,0.004936,0.000072,2.285000,0.006270,0.000000,0.000000,0.000185,0,0
278700000000,279000000000,6283499093,39,336021534,0.000373,0.001074,0.001921,0.000348,0.000409,0.001156,0.000006,0.000000,0.004501,0.000571,2.480000,0.007343,0.000000,0.000000,0.000327,0,0
279000000000,279300000000,6283499093,39,336021534,0.000382,0.001080,0.001919,0.000347,0.000410,0.001156,0.000002,0.000000,0.004585,0.000072,2.883000,0.009144,0.000000,0.000000,0.000333,0,0
279300000000,279409000000,6283499093,39,336021534,0.000377,0.001083,0.001921,0.000347,0.000424,0.001154,0.000003,0.000000,0.004898,0.000072,2.240000,0.006328,0.000000,0.000000,0.000108,0,0
279409000000,279424000000,6283499093,39,336021534,0.000174,0.000000,0.000000,0.000000,0.000000,0.000000,0.000157,0.000000,0.002598,0.002357,1.842000,0.004579,0.000000,0.000000,0.000000,0,0
279424000000,279425000000,6283499093,39,336021534,0.000000,0.000000,0.000000,0.000000,0.000000,0.000000,0.000000,0.000000,0.000000,0.000000,1.057000,0.001376,0.000000,0.000000,0.000000,0,0
