272492000000,272700000000,6283499093,390,4802479771,0.000000,0.000000,0.000000,0.000000,0.000000,0.000000,0.000000,0.000000,0.000000,0.000000,0.000000,0.000000,0.000000,0.000000,0.000000,0,0
272700000000,272867000000,6283499093,390,4802479771,0.000000,0.000000,0.000000,0.000000,0.000000,0.000000,0.000000,0.000000,0.000000,0.000000,0.000000,0.000000,0.000000,0.000000,0.000000,0,0
272867000000,273000000000,6283499093,390,4802479771,0.000439,0.000681,0.001930,0.000061,0.000123,0.001348,0.000403,0.000000,0.007286,0.004570,2.326000,0.000000,0.000000,0.000000,0.000090,0,0
273000000000,273300000000,6283499093,390,4802479771,0.000281,0.000970,0.001926,0.000066,0.000172,0.001312,0.000001,0.000000,0.003708,0.000072,2.121000,0.000000,0.000000,0.000000,0.000153,0,0
273300000000,273600000000,6283499093,390,4802479771,0.000280,0.000977,0.001926,0.000065,0.000155,0.001328,0.000000,0.000000,0.004120,0.000072,1.708000,0.000000,0.000000,0.000000,0.000225,0,0
273600000000,273900000000,6283499093,390,4802479771,0.000320,0.000951,0.001928,0.000064,0.000126,0.001322,0.000001,0.000000,0.005478,0.000072,2.286000,0.000000,0.000000,0.000000,0.000197,0,0
273900000000,274200000000,6283499093,390,4802479771,0.000279,0.001001,0.001928,0.000064,0.000170,0.001341,0.000001,0.000000,0.004288,0.000143,2.154000,0.000000,0.000000,0.000000,0.000234,0,0
274200000000,274500000000,6283499093,390,4802479771,0.000275,0.001053,0.001928,0.000064,0.000222,0.001341,0.000000,0.000000,0.004440,0.000000,2.184000,0.000000,0.000000,0.000000,0.000179,0,0
274500000000,274800000000,6283499093,390,4802479771,0.000268,0.001104,0.001926,0.000064,0.000274,0.001341,0.000001,0.000000,0.004402,0.000143,2.312000,0.000000,0.000000,0.000000,0.000533,0,0
274800000000,275100000000,6283499093,390,4802479771,0.000290,0.001102,0.001928,0.000064,0.000269,0.001343,0.000000,0.000000,0.010650,0.000072,1.985000,0.000000,0.000000,0.000000,0.000564,0,0
275100000000,275400000000,6283499093,390,4802479771,0.000293,0.001143,0.001928,0.000065,0.000302,0.001343,0.000001,0.000000,0.004128,0.000143,2.470000,0.000000,0.000000,0.000000,0.000186,0,0
275400000000,275700000000,6283499093,390,4802479771,0.000267,0.001135,0.001928,0.000065,0.000300,0.001343,0.000000,0.000000,0.006874,0.000072,2.147000,0.000000,0.000000,0.000000,0.000094,0,0
275700000000,276000000000,6283499093,390,4802479771,0.000274,0.000997,0.001928,0.000061,0.000154,0.001348,0.000000,0.000000,0.004059,0.000072,2.301000,0.000000,0.000000,0.000000,0.000141,0,0
276000000000,276300000000,6283499093,390,4802479771,0.000298,0.000976,0.001926,0.000060,0.000133,0.001352,0.000002,0.000000,0.004044,0.000286,2.292000,0.000000,0.000000,0.000000,0.000143,0,0
276300000000,276600000000,6283499093,390,4802479771,0.000290,0.001036,0.001926,0.000060,0.000177,0.001368,0.000001,0.000000,0.004066,0.000143,2.296000,0.000000,0.000000,0.000000,0.000137,0,0
276600000000,276900000000,6283499093,390,4802479771,0.000271,0.001085,0.001926,0.000060,0.000223,0.001368,0.000002,0.000000,0.004074,0.000571,2.359000,0.000000,0.000000,0.000000,0.000322,0,0
276900000000,277200000000,6283499093,390,4802479771,0.000300,0.001120,0.001928,0.000060,0.000255,0.001387,0.000001,0.000000,0.007706,0.000215,1.897000,0.000000,0.000000,0.000000,0.000087,0,0
277200000000,277500000000,6283499093,390,4802479771,0.000306,0.001154,0.001928,0.000060,0.000272,0.001387,0.000003,0.000000,0.004089,0.000286,2.348000,0.000000,0.000000,0.000000,0.000104,0,0
277500000000,277779000000,6283499093,390,4802479771,0.000356,0.001158,0.001928,0.000060,0.000297,0.001387,0.000006,0.000000,0.008789,0.000643,2.379000,0.000000,0.000000,0.000000,0.000105,0,0
277779000000,277791000000,6283499093,390,4802479771,0.000282,0.000000,0.000000,0.000000,0.000000,0.000000,0.000035,0.000000,0.003391,0.000428,1.684000,0.000000,0.000000,0.000000,0.000000,0,0
277791000000,277792000000,6283499093,390,4802479771,0.000000,0.000000,0.000000,0.000000,0.000000,0.000000,0.000000,0.000000,0.000000,0.000000,1.684000,0.000000,0.000000,0.000000,0.000000,0,0
277792000000,277800000000,6283499093,390,4802479771,0.000000,0.000000,0.000000,0.000000,0.000000,0.000000,0.000000,0.000000,0.000000,0.000000,0.000000,0.000000,0.000000,0.000000,0.000000,0,0
