272498000000,272599000000,6283499093,391,5656207113,0.000000,0.000000,0.000000,0.000000,0.000000,0.000000,0.000000,0.000000,0.000000,0.000000,0.000000,0.000000,0.000000,0.000000,0.000000,0,0
272599000000,272700000000,6283499093,391,5656207113,0.000919,0.000937,0.001923,0.000067,0.000130,0.001377,0.000397,0.000000,0.013570,0.009506,4.003000,0.000000,0.000000,0.000000,0.000205,0,0
272700000000,273000000000,6283499093,391,5656207113,0.000403,0.000945,0.001925,0.000068,0.000087,0.001091,0.000000,0.000000,0.004326,0.000000,3.125000,0.000000,0.000000,0.000000,0.000180,0,0
273000000000,273300000000,6283499093,391,5656207113,0.000394,0.001001,0.001923,0.000068,0.000142,0.001368,0.000003,0.000000,0.004211,0.000643,2.805000,0.000000,0.000000,0.000000,0.000206,0,0
273300000000,273600000000,6283499093,391,5656207113,0.000285,0.000973,0.001926,0.000062,0.000110,0.001369,0.000000,0.000000,0.004128,0.000072,2.329000,0.000000,0.000000,0.000000,0.000112,0,0
273600000000,273900000000,6283499093,391,5656207113,0.000301,0.000938,0.001926,0.000065,0.000073,0.001038,0.000001,0.000000,0.004425,0.000215,2.141000,0.000000,0.000000,0.000000,0.000233,0,0
273900000000,274200000000,6283499093,391,5656207113,0.000371,0.000956,0.001926,0.000065,0.000084,0.001085,0.000001,0.000000,0.005966,0.000072,2.249000,0.000000,0.000000,0.000000,0.000284,0,0
274200000000,274500000000,6283499093,391,5656207113,0.000337,0.000964,0.001926,0.000065,0.000089,0.001106,0.000001,0.000000,0.004272,0.000143,2.777000,0.000000,0.000000,0.000000,0.000395,0,0
274500000000,274800000000,6283499093,391,5656207113,0.000304,0.000974,0.001926,0.000065,0.000101,0.001179,0.000000,0.000000,0.004242,0.000000,2.350000,0.000000,0.000000,0.000000,0.000302,0,0
274800000000,275100000000,6283499093,391,5656207113,0.000289,0.000971,0.001926,0.000065,0.000098,0.001268,0.000000,0.000000,0.004089,0.000072,2.073000,0.000000,0.000000,0.000000,0.000248,0,0
275100000000,275400000000,6283499093,391,5656207113,0.000386,0.001020,0.001925,0.000065,0.000136,0.001408,0.000015,0.000000,0.015320,0.003929,1.769000,0.000000,0.000000,0.000000,0.000116,0,0
275400000000,275700000000,6283499093,391,5656207113,0.000380,0.001041,0.001925,0.000068,0.000153,0.001398,0.000001,0.000000,0.004318,0.000215,1.841000,0.000000,0.000000,0.000000,0.000163,0,0
275700000000,276000000000,6283499093,391,5656207113,0.000385,0.001045,0.001925,0.000064,0.000143,0.001419,0.000000,0.000000,0.004272,0.000072,2.672000,0.000000,0.000000,0.000000,0.000207,0,0
276000000000,276300000000,6283499093,391,5656207113,0.000358,0.001001,0.001925,0.000065,0.000106,0.001385,0.000004,0.000000,0.005577,0.000428,3.085000,0.000000,0.000000,0.000000,0.000180,0,0
276300000000,276600000000,6283499093,391,5656207113,0.000327,0.000999,0.001926,0.000065,0.000105,0.001236,0.000002,0.000000,0.004234,0.000428,2.625000,0.000000,0.000000,0.000000,0.000198,0,0
276600000000,276900000000,6283499093,391,5656207113,0.000317,0.000972,0.001926,0.000065,0.000076,0.001083,0.000001,0.000000,0.004974,0.000072,2.342000,0.000000,0.000000,0.000000,0.000646,0,0
276900000000,277200000000,6283499093,391,5656207113,0.000403,0.001001,0.001925,0.000066,0.000106,0.001297,0.000009,0.000000,0.018160,0.001215,2.054000,0.000000,0.000000,0.000000,0.000100,0,0
277200000000,277399000000,6283499093,391,5656207113,0.000373,0.000664,0.001923,0.000067,0.000133,0.001051,0.000016,0.000000,0.004120,0.001143,2.440000,0.000000,0.000000,0.000000,0.000493,0,0
277399000000,277411000000,6283499093,391,5656207113,0.000298,0.000032,0.000000,0.000000,0.000000,0.000392,0.000292,0.000000,0.003574,0.002857,2.380000,0.000000,0.000000,0.000000,0.000000,0,0
277411000000,277412000000,6283499093,391,5656207113,0.000000,0.000000,0.000000,0.000000,0.000000,0.000000,0.000000,0.000000,0.000000,0.000000,2.380000,0.000000,0.000000,0.000000,0.000000,0,0
