272492000000,272568000000,6283499093,392,257408482,0.000000,0.000000,0.000000,0.000000,0.000000,0.000000,0.000000,0.000000,0.000000,0.000000,0.000000,0.000000,0.000000,0.000000,0.000000,0,0
272568000000,272700000000,6283499093,392,257408482,0.000613,0.000999,0.001911,0.000059,0.000207,0.001350,0.000427,0.000000,0.013720,0.018430,1.466000,0.003261,0.000000,0.000000,0.000622,0,0
272700000000,273000000000,6283499093,392,257408482,0.000376,0.001053,0.001925,0.000060,0.000263,0.001295,0.000000,0.000000,0.006142,0.000000,2.852000,0.008419,0.000000,0.000000,0.000458,0,0
273000000000,273300000000,6283499093,392,257408482,0.000391,0.001059,0.001925,0.000060,0.000260,0.001307,0.000005,0.000000,0.003777,0.001286,2.667000,0.007694,0.000000,0.000000,0.000523,0,0
273300000000,273600000000,6283499093,392,257408482,0.000370,0.001036,0.001925,0.000060,0.000230,0.001314,0.000000,0.000000,0.001499,0.000000,2.590000,0.007257,0.000000,0.000000,0.000218,0,0
273600000000,273900000000,6283499093,392,257408482,0.000331,0.000908,0.001925,0.000060,0.000097,0.001116,0.000001,0.000000,0.004547,0.000143,2.322000,0.006112,0.000000,0.000000,0.000992,0,0
273900000000,274200000000,6283499093,392,257408482,0.000326,0.000923,0.001925,0.000060,0.000111,0.001167,0.000000,0.000000,0.005516,0.000072,2.474000,0.006674,0.000000,0.000000,0.000072,0,0
274200000000,274500000000,6283499093,392,257408482,0.000317,0.000891,0.001925,0.000060,0.000077,0.001034,0.000003,0.000000,0.005859,0.000714,2.296000,0.006084,0.000000,0.000000,0.000161,0,0
274500000000,274800000000,6283499093,392,257408482,0.000303,0.000925,0.001925,0.000060,0.000112,0.001198,0.000000,0.000000,0.012300,0.000072,2.432000,0.006584,0.000000,0.000000,0.000305,0,0
274800000000,275100000000,6283499093,392,257408482,0.000347,0.000968,0.001923,0.000060,0.000155,0.001316,0.000001,0.000000,0.005630,0.000143,2.352000,0.006460,0.000000,0.000000,0.000492,0,0
275100000000,275400000000,6283499093,392,257408482,0.000331,0.000974,0.001925,0.000060,0.000160,0.001318,0.000000,0.000000,0.004898,0.000000,2.763000,0.008019,0.000000,0.000000,0.000463,0,0
275400000000,275700000000,6283499093,392,257408482,0.000317,0.000916,0.001925,0.000060,0.000103,0.001184,0.000002,0.000000,0.004448,0.000571,2.278000,0.005916,0.000000,0.000000,0.000061,0,0
275700000000,276000000000,6283499093,392,257408482,0.000314,0.000962,0.001923,0.000060,0.000147,0.001316,0.000000,0.000000,0.005341,0.000143,2.376000,0.006403,0.000000,0.000000,0.000115,0,0
276000000000,276300000000,6283499093,392,257408482,0.000298,0.000952,0.001925,0.000060,0.000136,0.001318,0.000001,0.000000,0.005318,0.000143,2.532000,0.007058,0.000000,0.000000,0.000175,0,0
276300000000,276600000000,6283499093,392,257408482,0.000311,0.001024,0.001925,0.000057,0.000207,0.001320,0.000001,0.000000,0.006172,0.000143,2.524000,0.006981,0.000000,0.000000,0.000147,0,0
276600000000,276900000000,6283499093,392,257408482,0.000333,0.001059,0.001926,0.000057,0.000240,0.001324,0.000001,0.000000,0.006004,0.000286,2.351000,0.006328,0.000000,0.000000,0.000223,0,0
276900000000,277200000000,6283499093,392,257408482,0.000388,0.000801,0.001925,0.000058,0.000152,0.001324,0.000000,0.000000,0.004875,0.000072,3.046000,0.009309,0.000000,0.000000,0.000157,0,0
277200000000,277319000000,6283499093,392,257408482,0.000389,0.000468,0.001925,0.000058,0.000062,0.000492,0.000025,0.000000,0.004974,0.002571,2.784000,0.008443,0.000000,0.000000,0.000190,0,0
277319000000,277334000000,6283499093,392,257408482,0.000199,0.000000,0.000000,0.000000,0.000000,0.000000,0.000029,0.000000,0.002991,0.000357,1.949000,0.005164,0.000000,0.000000,0.000000,0,0
277334000000,277335000000,6283499093,392,257408482,0.000000,0.000000,0.000000,0.000000,0.000000,0.000000,0.000000,0.000000,0.000000,0.000000,1.758000,0.004411,0.000000,0.000000,0.000000,0,0
