272491000000,272663000000,6283499093,393,317488449,0.000000,0.000000,0.000000,0.000000,0.000000,0.000000,0.000000,0.000000,0.000000,0.000000,0.000000,0.000000,0.000000,0.000000,0.000000,0,0
272663000000,272700000000,6283499093,393,317488449,0.001095,0.000704,0.001928,0.000076,0.000247,0.001272,0.000639,0.000000,0.009689,0.007431,15.250000,0.062710,0.000000,0.000000,0.001158,0,0
272700000000,273000000000,6283499093,393,317488449,0.000251,0.001070,0.001925,0.000087,0.000285,0.001375,0.000007,0.000000,0.001789,0.000999,6.483000,0.024740,0.000000,0.000000,0.000238,0,0
273000000000,273300000000,6283499093,393,317488449,0.002995,0.001089,0.002323,0.000081,0.000197,0.002331,0.000072,0.000000,0.055240,0.013640,1.108000,0.001771,0.000000,0.000000,0.000188,0,0
273300000000,273600000000,6283499093,393,317488449,0.000720,0.001343,0.002045,0.000019,0.000106,0.002403,0.000001,0.000000,0.037660,0.000357,0.600300,0.000355,0.000000,0.000000,0.000634,0,0
273600000000,273900000000,6283499093,393,317488449,0.002003,0.001276,0.001925,0.000019,0.000093,0.001692,0.000056,0.000000,0.066890,0.011140,0.734600,0.000733,0.000000,0.000000,0.000486,0,0
273900000000,274200000000,6283499093,393,317488449,0.000389,0.001259,0.001925,0.000020,0.000140,0.001623,0.000007,0.000000,0.004494,0.000999,3.382000,0.010960,0.000000,0.000000,0.000512,0,0
274200000000,274500000000,6283499093,393,317488449,0.000379,0.001247,0.001925,0.000019,0.000149,0.001585,0.000002,0.000000,0.001381,0.000714,4.405000,0.014770,0.000000,0.000000,0.000320,0,0
274500000000,274800000000,6283499093,393,317488449,0.000288,0.001207,0.001926,0.000020,0.000112,0.001581,0.000001,0.000000,0.004417,0.000215,2.904000,0.008271,0.000000,0.000000,0.000504,0,0
274800000000,275100000000,6283499093,393,317488449,0.000251,0.001211,0.001925,0.000019,0.000112,0.001585,0.000000,0.000000,0.005539,0.000072,3.921000,0.012100,0.000000,0.000000,0.000153,0,0
275100000000,275400000000,6283499093,393,317488449,0.000288,0.001192,0.001926,0.000019,0.000095,0.001568,0.000004,0.000000,0.002731,0.001143,2.127000,0.004848,0.000000,0.000000,0.000633,0,0
275400000000,275700000000,6283499093,393,317488449,0.000306,0.001175,0.001928,0.000019,0.000072,0.001568,0.000004,0.000000,0.006531,0.000786,3.137000,0.008910,0.000000,0.000000,0.000184,0,0
275700000000,276000000000,6283499093,393,317488449,0.000327,0.001184,0.001928,0.000020,0.000083,0.001566,0.000002,0.000000,0.003605,0.000500,3.645000,0.011230,0.000000,0.000000,0.000106,0,0
276000000000,276300000000,6283499093,393,317488449,0.000427,0.001223,0.001928,0.000020,0.000120,0.001585,0.000004,0.000000,0.009033,0.000428,2.424000,0.007091,0.000000,0.000000,0.000279,0,0
276300000000,276600000000,6283499093,393,317488449,0.000414,0.001245,0.001926,0.000020,0.000144,0.001585,0.000002,0.000000,0.005325,0.000286,4.437000,0.015970,0.000000,0.000000,0.000416,0,0
276600000000,276900000000,6283499093,393,317488449,0.000321,0.001177,0.001928,0.000020,0.000077,0.001587,0.000001,0.000000,0.010770,0.000143,4.116000,0.013970,0.000000,0.000000,0.000298,0,0
276900000000,277200000000,6283499093,393,317488449,0.000313,0.001230,0.001925,0.000020,0.000131,0.001587,0.000002,0.000000,0.004753,0.000428,3.680000,0.012280,0.000000,0.000000,0.000158,0,0
277200000000,277479000000,6283499093,393,317488449,0.000313,0.000864,0.001925,0.000020,0.000134,0.001394,0.000034,0.000000,0.023500,0.002785,5.287000,0.019210,0.000000,0.000000,0.000289,0,0
277479000000,277500000000,6283499093,393,317488449,0.000156,0.000000,0.000000,0.000000,0.000000,0.000000,0.000048,0.000000,0.003277,0.000929,2.885000,0.008805,0.000000,0.000000,0.000000,0,0
277500000000,277501000000,6283499093,393,317488449,0.000000,0.000000,0.000000,0.000000,0.000000,0.000000,0.000000,0.000000,0.000000,0.000000,2.885000,0.008805,0.000000,0.000000,0.000000,0,0
277501000000,277502000000,6283499093,393,317488449,0.000000,0.000000,0.000000,0.000000,0.000000,0.000000,0.000000,0.000000,0.000000,0.000000,2.885000,0.008805,0.000000,0.000000,0.000000,0,0
