272490000000,272653000000,6283499093,394,4820149848,0.000000,0.000000,0.000000,0.000000,0.000000,0.000000,0.000000,0.000000,0.000000,0.000000,0.000000,0.000000,0.000000,0.000000,0.000000,0,0
272653000000,272700000000,6283499093,394,4820149848,0.001158,0.000819,0.001926,0.000114,0.000213,0.001499,0.002220,0.000000,0.039980,0.029080,1.172000,0.000000,0.000000,0.000000,0.000600,0,0
272700000000,273000000000,6283499093,394,4820149848,0.001440,0.001150,0.001921,0.000133,0.000263,0.001534,0.000009,0.000000,0.064210,0.001715,2.146000,0.000000,0.000000,0.000000,0.000575,0,0
273000000000,273300000000,6283499093,394,4820149848,0.004112,0.001387,0.002205,0.000120,0.000216,0.002762,0.000082,0.000000,0.110200,0.009720,1.472000,0.000000,0.000000,0.000000,0.000553,0,0
273300000000,273600000000,6283499093,394,4820149848,0.000849,0.001423,0.002060,0.000031,0.000107,0.002014,0.000056,0.000000,0.031370,0.008789,4.827000,0.000000,0.000000,0.000000,0.000666,0,0
273600000000,273900000000,6283499093,394,4820149848,0.000670,0.001358,0.001919,0.000027,0.000099,0.001570,0.000006,0.000000,0.005348,0.001358,4.653000,0.000000,0.000000,0.000000,0.000527,0,0
273900000000,274200000000,6283499093,394,4820149848,0.000440,0.001371,0.001923,0.000031,0.000141,0.001575,0.000043,0.000000,0.009933,0.007500,3.352000,0.000000,0.000000,0.000000,0.000178,0,0
274200000000,274500000000,6283499093,394,4820149848,0.000400,0.001310,0.001925,0.000032,0.000101,0.001526,0.000000,0.000000,0.004059,0.000072,3.554000,0.000000,0.000000,0.000000,0.000247,0,0
274500000000,274800000000,6283499093,394,4820149848,0.000407,0.001308,0.001925,0.000032,0.000099,0.001534,0.000000,0.000000,0.005219,0.000072,2.622000,0.000000,0.000000,0.000000,0.000201,0,0
274800000000,275100000000,6283499093,394,4820149848,0.000379,0.001310,0.001925,0.000039,0.000108,0.001534,0.000009,0.000000,0.004929,0.002357,2.841000,0.000000,0.000000,0.000000,0.000199,0,0
275100000000,275400000000,6283499093,394,4820149848,0.000338,0.001358,0.001925,0.000039,0.000160,0.001522,0.000001,0.000000,0.005127,0.000072,3.050000,0.000000,0.000000,0.000000,0.000137,0,0
275400000000,275700000000,6283499093,394,4820149848,0.000306,0.001345,0.001925,0.000039,0.000148,0.001524,0.000000,0.000000,0.006462,0.000072,2.589000,0.000000,0.000000,0.000000,0.000112,0,0
275700000000,276000000000,6283499093,394,4820149848,0.000355,0.001333,0.001925,0.000039,0.000138,0.001522,0.000001,0.000000,0.004791,0.000178,2.851000,0.000000,0.000000,0.000000,0.000655,0,0
276000000000,276300000000,6283499093,394,4820149848,0.000455,0.001343,0.001923,0.000043,0.000138,0.001543,0.000036,0.000000,0.008041,0.009506,1.846000,0.000000,0.000000,0.000000,0.000318,0,0
276300000000,276600000000,6283499093,394,4820149848,0.000531,0.001337,0.001923,0.000045,0.000123,0.001568,0.000006,0.000000,0.007088,0.001215,2.791000,0.000000,0.000000,0.000000,0.000616,0,0
276600000000,276900000000,6283499093,394,4820149848,0.000539,0.001352,0.001921,0.000037,0.000119,0.001558,0.000042,0.000000,0.007408,0.011350,2.490000,0.000000,0.000000,0.000000,0.000309,0,0
276900000000,277200000000,6283499093,394,4820149848,0.000444,0.001316,0.001925,0.000040,0.000096,0.001545,0.000002,0.000000,0.005310,0.000215,2.694000,0.000000,0.000000,0.000000,0.000492,0,0
277200000000,277500000000,6283499093,394,4820149848,0.000408,0.001326,0.001923,0.000035,0.000107,0.001543,0.000013,0.000000,0.005463,0.001286,3.587000,0.000000,0.000000,0.000000,0.000435,0,0
277500000000,277800000000,6283499093,394,4820149848,0.000409,0.001335,0.001923,0.000021,0.000103,0.001541,0.000009,0.000000,0.006264,0.001143,2.802000,0.000000,0.000000,0.000000,0.000558,0,0
277800000000,278100000000,6283499093,394,4820149848,0.000432,0.001310,0.001923,0.000021,0.000077,0.001541,0.000009,0.000000,0.007484,0.001072,3.408000,0.000000,0.000000,0.000000,0.000294,0,0
278100000000,278400000000,6283499093,394,4820149848,0.000400,0.001331,0.001923,0.000021,0.000097,0.001545,0.000002,0.000000,0.001648,0.000143,3.210000,0.000000,0.000000,0.000000,0.000152,0,0
278400000000,278700000000,6283499093,394,4820149848,0.000376,0.001326,0.001925,0.000036,0.000099,0.001545,0.000072,0.000000,0.005127,0.009949,2.202000,0.000000,0.000000,0.000000,0.000197,0,0
278700000000,279000000000,6283499093,394,4820149848,0.000362,0.001347,0.001923,0.000052,0.000141,0.001518,0.000002,0.000000,0.024540,0.000357,2.884000,0.000000,0.000000,0.000000,0.000315,0,0
279000000000,279300000000,6283499093,394,4820149848,0.000358,0.001360,0.001925,0.000060,0.000160,0.001530,0.000106,0.000000,0.006538,0.015430,2.680000,0.000000,0.000000,0.000000,0.000357,0,0
279300000000,279600000000,6283499093,394,4820149848,0.000334,0.001345,0.001925,0.000069,0.000166,0.001543,0.000003,0.000000,0.001587,0.000215,2.361000,0.000000,0.000000,0.000000,0.000134,0,0
279600000000,279900000000,6283499093,394,4820149848,0.000322,0.001360,0.001925,0.000069,0.000181,0.001522,0.000010,0.000000,0.005760,0.001858,2.582000,0.000000,0.000000,0.000000,0.000235,0,0
279900000000,280001000000,6283499093,394,4820149848,0.000382,0.001385,0.001926,0.000069,0.000211,0.001534,0.000245,0.000000,0.004173,0.014860,4.845000,0.000000,0.000000,0.000000,0.000131,0,0
280001000000,280015000000,6283499093,394,4820149848,0.000282,0.000026,0.000000,0.000010,0.000027,0.000355,0.000057,0.000000,0.003952,0.000643,1.861000,0.000000,0.000000,0.000000,0.000000,0,0
280015000000,280017000000,6283499093,394,4820149848,0.000000,0.000000,0.000000,0.000000,0.000000,0.000000,0.000000,0.000000,0.000000,0.000000,1.192000,0.000000,0.000000,0.000000,0.000000,0,0
