272494000000,272569000000,6283499093,395,257335620,0.000000,0.000000,0.000000,0.000000,0.000000,0.000000,0.000001,0.000000,0.000000,0.000072,0.000000,0.000000,0.000000,0.000000,0.000000,0,0
272569000000,272700000000,6283499093,395,257335620,0.000818,0.001116,0.001925,0.000041,0.000245,0.001431,0.000226,0.000000,0.046390,0.009933,1.276000,0.001946,0.000000,0.000000,0.000666,0,0
272700000000,273000000000,6283499093,395,257335620,0.000406,0.001040,0.001923,0.000041,0.000146,0.001387,0.000000,0.000000,0.011830,0.000072,2.653000,0.007480,0.000000,0.000000,0.000198,0,0
273000000000,273300000000,6283499093,395,257335620,0.000380,0.001013,0.001925,0.000040,0.000130,0.001366,0.000001,0.000000,0.008331,0.000215,2.791000,0.008062,0.000000,0.000000,0.000203,0,0
273300000000,273600000000,6283499093,395,257335620,0.000379,0.000949,0.001925,0.000040,0.000067,0.001112,0.000000,0.000000,0.004150,0.000072,2.549000,0.007177,0.000000,0.000000,0.000194,0,0
273600000000,273900000000,6283499093,395,257335620,0.000408,0.000994,0.001925,0.000040,0.000100,0.001398,0.000003,0.000000,0.014690,0.000786,2.372000,0.006363,0.000000,0.000000,0.000203,0,0
273900000000,274200000000,6283499093,395,257335620,0.000373,0.001045,0.001923,0.000040,0.000125,0.001398,0.000001,0.000000,0.004257,0.000072,2.443000,0.006759,0.000000,0.000000,0.000180,0,0
274200000000,274500000000,6283499093,395,257335620,0.000382,0.000992,0.001925,0.000040,0.000068,0.001183,0.000003,0.000000,0.001904,0.000500,2.934000,0.008725,0.000000,0.000000,0.000360,0,0
274500000000,274800000000,6283499093,395,257335620,0.003334,0.001108,0.002056,0.000042,0.000066,0.002056,0.000022,0.000000,0.083500,0.003784,0.581500,0.000192,0.000000,0.000000,0.000202,0,0
274800000000,275100000000,6283499093,395,257335620,0.001272,0.001257,0.001923,0.000035,0.000104,0.001677,0.000049,0.000000,0.062870,0.011350,0.918800,0.001449,0.000000,0.000000,0.000525,0,0
275100000000,275400000000,6283499093,395,257335620,0.000487,0.001257,0.001923,0.000037,0.000121,0.001638,0.000000,0.000000,0.005745,0.000000,3.223000,0.010070,0.000000,0.000000,0.000293,0,0
275400000000,275700000000,6283499093,395,257335620,0.000417,0.001266,0.001923,0.000037,0.000120,0.001656,0.000003,0.000000,0.006218,0.000643,2.356000,0.006239,0.000000,0.000000,0.000257,0,0
275700000000,276000000000,6283499093,395,257335620,0.000371,0.001255,0.001923,0.000037,0.000099,0.001661,0.000002,0.000000,0.003498,0.000500,2.332000,0.005958,0.000000,0.000000,0.000167,0,0
276000000000,276300000000,6283499093,395,257335620,0.000389,0.001270,0.001923,0.000037,0.000112,0.001663,0.000001,0.000000,0.004936,0.000143,2.566000,0.007011,0.000000,0.000000,0.000345,0,0
276300000000,276600000000,6283499093,395,257335620,0.000372,0.001274,0.001923,0.000037,0.000115,0.001663,0.000001,0.000000,0.005119,0.000072,3.210000,0.009553,0.000000,0.000000,0.000147,0,0
276600000000,276900000000,6283499093,395,257335620,0.000345,0.001268,0.001923,0.000037,0.000112,0.001659,0.000007,0.000000,0.005142,0.001072,2.611000,0.007266,0.000000,0.000000,0.000157,0,0
276900000000,277200000000,6283499093,395,257335620,0.000374,0.001286,0.001923,0.000037,0.000127,0.001661,0.000001,0.000000,0.004463,0.000215,2.425000,0.006431,0.000000,0.000000,0.000163,0,0
277200000000,277500000000,6283499093,395,257335620,0.000437,0.001266,0.001921,0.000037,0.000110,0.001671,0.000009,0.000000,0.005089,0.001215,2.664000,0.007526,0.000000,0.000000,0.000278,0,0
277500000000,277800000000,6283499093,395,257335620,0.000449,0.001266,0.001921,0.000038,0.000112,0.001661,0.000005,0.000000,0.005310,0.000786,3.452000,0.010950,0.000000,0.000000,0.000291,0,0
277800000000,278100000000,6283499093,395,257335620,0.000410,0.001276,0.001921,0.000038,0.000119,0.001663,0.000008,0.000000,0.006111,0.001072,3.561000,0.011180,0.000000,0.000000,0.000562,0,0
278100000000,278400000000,6283499093,395,257335620,0.000362,0.001263,0.001923,0.000049,0.000109,0.001663,0.000068,0.000000,0.005333,0.017490,2.643000,0.007427,0.000000,0.000000,0.000286,0,0
278400000000,278700000000,6283499093,395,257335620,0.000384,0.001232,0.001923,0.000063,0.000099,0.001320,0.000010,0.000000,0.005035,0.001286,2.062000,0.005257,0.000000,0.000000,0.000157,0,0
278700000000,279000000000,6283499093,395,257335620,0.000382,0.001242,0.001923,0.000071,0.000110,0.001352,0.000064,0.000000,0.005241,0.018800,2.602000,0.007486,0.000000,0.000000,0.000417,0,0
279000000000,279300000000,6283499093,395,257335620,0.000373,0.001261,0.001925,0.000092,0.000150,0.001335,0.000032,0.000000,0.006027,0.005211,2.838000,0.008581,0.000000,0.000000,0.000165,0,0
279300000000,279539000000,6283499093,395,257335620,0.000351,0.001249,0.001925,0.000099,0.000157,0.001324,0.000111,0.000000,0.018650,0.017490,2.334000,0.006595,0.000000,0.000000,0.000561,0,0
279539000000,279554000000,6283499093,395,257335620,0.000240,0.000000,0.000000,0.000000,0.000000,0.000000,0.000110,0.000000,0.003605,0.001072,1.978000,0.005182,0.000000,0.000000,0.000000,0,0
279554000000,279555000000,6283499093,395,257335620,0.000000,0.000000,0.000000,0.000000,0.000000,0.000000,0.000000,0.000000,0.000000,0.000000,1.912000,0.004888,0.000000,0.000000,0.000000,0,0
