272493000000,272664000000,6283499093,396,3936580988,0.000000,0.000000,0.000000,0.000000,0.000000,0.000000,0.000000,0.000000,0.000000,0.000000,0.000000,0.000000,0.000000,0.000000,0.000000,0,0
272664000000,272700000000,6283499093,396,3936580988,0.001181,0.000498,0.001919,0.000076,0.000096,0.000986,0.001596,0.000000,0.018950,0.009644,0.000000,0.000000,0.000000,0.000000,0.000775,0,0
272700000000,273000000000,6283499093,396,3936580988,0.000382,0.000918,0.001915,0.000092,0.000132,0.001078,0.000008,0.000000,0.005257,0.000786,2.697000,0.007489,0.000000,0.000000,0.000185,0,0
273000000000,273300000000,6283499093,396,3936580988,0.000376,0.000927,0.001917,0.000092,0.000145,0.001099,0.000003,0.000000,0.004578,0.000714,4.092000,0.012920,0.000000,0.000000,0.000607,0,0
273300000000,273600000000,6283499093,396,3936580988,0.000366,0.000950,0.001919,0.000092,0.000164,0.001245,0.000000,0.000000,0.004829,0.000072,2.797000,0.007899,0.000000,0.000000,0.000089,0,0
273600000000,273900000000,6283499093,396,3936580988,0.000298,0.000982,0.001919,0.000091,0.000195,0.001320,0.000002,0.000000,0.003784,0.000286,3.107000,0.008757,0.000000,0.000000,0.000077,0,0
273900000000,274200000000,6283499093,396,3936580988,0.000305,0.001005,0.001921,0.000088,0.000213,0.001299,0.000002,0.000000,0.004318,0.000714,2.661000,0.007019,0.000000,0.000000,0.000106,0,0
274200000000,274500000000,6283499093,396,3936580988,0.000320,0.001026,0.001921,0.000088,0.000236,0.001297,0.000002,0.000000,0.001268,0.000286,2.668000,0.007182,0.000000,0.000000,0.000152,0,0
274500000000,274800000000,6283499093,396,3936580988,0.000328,0.001059,0.001923,0.000088,0.000261,0.001314,0.000000,0.000000,0.005638,0.000072,2.821000,0.007649,0.000000,0.000000,0.000613,0,0
274800000000,275100000000,6283499093,396,3936580988,0.000410,0.001072,0.001925,0.000085,0.000252,0.001341,0.000017,0.000000,0.015430,0.002499,2.206000,0.005322,0.000000,0.000000,0.000765,0,0
275100000000,275400000000,6283499093,396,3936580988,0.000352,0.000968,0.001923,0.000084,0.000134,0.001303,0.000000,0.000000,0.004051,0.000072,2.737000,0.007570,0.000000,0.000000,0.000108,0,0
275400000000,275700000000,6283499093,396,3936580988,0.000334,0.001024,0.001923,0.000084,0.000191,0.001339,0.000002,0.000000,0.004456,0.000571,3.397000,0.009991,0.000000,0.000000,0.000256,0,0
275700000000,276000000000,6283499093,396,3936580988,0.000271,0.001062,0.001923,0.000084,0.000229,0.001341,0.000001,0.000000,0.004028,0.000286,3.009000,0.007991,0.000000,0.000000,0.000516,0,0
276000000000,276300000000,6283499093,396,3936580988,0.000337,0.001062,0.001923,0.000084,0.000228,0.001345,0.000004,0.000000,0.002510,0.000643,2.044000,0.004546,0.000000,0.000000,0.000152,0,0
276300000000,276600000000,6283499093,396,3936580988,0.000577,0.001095,0.001923,0.000084,0.000219,0.001396,0.000003,0.000000,0.050660,0.000215,1.531000,0.002461,0.000000,0.000000,0.000855,0,0
276600000000,276900000000,6283499093,396,3936580988,0.000390,0.001072,0.001923,0.000084,0.000188,0.001390,0.000005,0.000000,0.004265,0.000999,3.613000,0.011190,0.000000,0.000000,0.000169,0,0
276900000000,277200000000,6283499093,396,3936580988,0.001251,0.001099,0.001923,0.000087,0.000168,0.001516,0.000010,0.000000,0.055540,0.001286,2.522000,0.006652,0.000000,0.000000,0.001005,0,0
277200000000,277489000000,6283499093,396,3936580988,0.000765,0.000851,0.001921,0.000086,0.000180,0.001575,0.000021,0.000000,0.049990,0.004501,2.873000,0.008090,0.000000,0.000000,0.000083,0,0
277489000000,277500000000,6283499093,396,3936580988,0.000304,0.000000,0.000000,0.000000,0.000000,0.000000,0.000078,0.000000,0.003345,0.000714,4.890000,0.016130,0.000000,0.000000,0.000000,0,0
277500000000,277503000000,6283499093,396,3936580988,0.000000,0.000000,0.000000,0.000000,0.000000,0.000000,0.000000,0.000000,0.000000,0.000000,4.890000,0.016130,0.000000,0.000000,0.000000,0,0
277503000000,277504000000,6283499093,396,3936580988,0.000000,0.000000,0.000000,0.000000,0.000000,0.000000,0.000000,0.000000,0.000000,0.000000,4.890000,0.016130,0.000000,0.000000,0.000000,0,0
