272496000000,272658000000,6283499093,397,317484322,0.000000,0.000000,0.000000,0.000000,0.000000,0.000000,0.000000,0.000000,0.000000,0.000000,0.000000,0.000000,0.000000,0.000000,0.000000,0,0
272658000000,272700000000,6283499093,397,317484322,0.001078,0.000903,0.001928,0.000028,0.000242,0.001314,0.000440,0.000000,0.008911,0.008926,0.000000,0.000000,0.000000,0.000000,0.000155,0,0
272700000000,273000000000,6283499093,397,317484322,0.000294,0.000932,0.001926,0.000031,0.000110,0.001320,0.000007,0.000000,0.001751,0.001858,4.045000,0.012020,0.000000,0.000000,0.000197,0,0
273000000000,273300000000,6283499093,397,317484322,0.000320,0.000936,0.001925,0.000028,0.000105,0.001278,0.000002,0.000000,0.004417,0.000215,2.481000,0.006254,0.000000,0.000000,0.000543,0,0
273300000000,273600000000,6283499093,397,317484322,0.000562,0.001003,0.001923,0.000029,0.000110,0.001379,0.000007,0.000000,0.008041,0.001715,2.006000,0.004502,0.000000,0.000000,0.000229,0,0
273600000000,273900000000,6283499093,397,317484322,0.000394,0.001007,0.001925,0.000029,0.000093,0.001389,0.000002,0.000000,0.001806,0.000428,4.068000,0.013080,0.000000,0.000000,0.000297,0,0
273900000000,274200000000,6283499093,397,317484322,0.000382,0.000994,0.001925,0.000029,0.000090,0.001381,0.000001,0.000000,0.001991,0.000072,2.582000,0.006852,0.000000,0.000000,0.000182,0,0
274200000000,274500000000,6283499093,397,317484322,0.000330,0.001019,0.001925,0.000029,0.000117,0.001371,0.000004,0.000000,0.004509,0.000786,3.414000,0.010520,0.000000,0.000000,0.000133,0,0
274500000000,274800000000,6283499093,397,317484322,0.000334,0.001028,0.001926,0.000028,0.000124,0.001377,0.000001,0.000000,0.005943,0.000143,3.776000,0.011380,0.000000,0.000000,0.000251,0,0
274800000000,275100000000,6283499093,397,317484322,0.000530,0.001083,0.001925,0.000030,0.000157,0.001411,0.000019,0.000000,0.022550,0.003357,2.960000,0.008231,0.000000,0.000000,0.000392,0,0
275100000000,275400000000,6283499093,397,317484322,0.000802,0.001110,0.001921,0.000030,0.000114,0.001524,0.000003,0.000000,0.040100,0.000643,0.828800,0.001056,0.000000,0.000000,0.000114,0,0
275400000000,275700000000,6283499093,397,317484322,0.006767,0.001360,0.001921,0.000030,0.000127,0.001877,0.000021,0.000000,0.092530,0.003429,0.627800,0.000318,0.000000,0.000000,0.000424,0,0
275700000000,276000000000,6283499093,397,317484322,0.004807,0.001408,0.001921,0.000027,0.000087,0.001871,0.000008,0.000000,0.071660,0.000428,0.665800,0.000409,0.000000,0.000000,0.060060,0,0
276000000000,276300000000,6283499093,397,317484322,0.005379,0.001446,0.001923,0.000029,0.000095,0.001850,0.000013,0.000000,0.070920,0.001286,0.747600,0.000722,0.000000,0.000000,0.000317,0,0
276300000000,276600000000,6283499093,397,317484322,0.001284,0.001404,0.001925,0.000025,0.000088,0.001814,0.000006,0.000000,0.059690,0.000428,0.630200,0.000355,0.000000,0.000000,0.000219,0,0
276600000000,276900000000,6283499093,397,317484322,0.003265,0.001410,0.001923,0.000026,0.000088,0.001780,0.000006,0.000000,0.063720,0.000428,0.654800,0.000431,0.000000,0.000000,0.000294,0,0
276900000000,277200000000,6283499093,397,317484322,0.001204,0.001295,0.001923,0.000028,0.000096,0.001818,0.000041,0.000000,0.050840,0.006783,0.823100,0.000959,0.000000,0.000000,0.000132,0,0
277200000000,277500000000,6283499093,397,317484322,0.000444,0.001274,0.001923,0.000029,0.000119,0.001661,0.000007,0.000000,0.008408,0.000500,1.698000,0.003666,0.000000,0.000000,0.000162,0,0
277500000000,277800000000,6283499093,397,317484322,0.000453,0.001230,0.001923,0.000031,0.000084,0.001650,0.000009,0.000000,0.016140,0.001286,1.792000,0.003530,0.000000,0.000000,0.000545,0,0
277800000000,278100000000,6283499093,397,317484322,0.000370,0.001207,0.001926,0.000054,0.000092,0.001616,0.000103,0.000000,0.005165,0.014860,2.618000,0.006880,0.000000,0.000000,0.000101,0,0
278100000000,278400000000,6283499093,397,317484322,0.000348,0.001221,0.001928,0.000069,0.000124,0.001410,0.000015,0.000000,0.005013,0.002430,2.128000,0.005108,0.000000,0.000000,0.000553,0,0
278400000000,278700000000,6283499093,397,317484322,0.000374,0.001215,0.001926,0.000071,0.000121,0.001408,0.000009,0.000000,0.006271,0.001143,2.122000,0.004934,0.000000,0.000000,0.000090,0,0
278700000000,279000000000,6283499093,397,317484322,0.000386,0.001226,0.001926,0.000072,0.000142,0.001410,0.000003,0.000000,0.005341,0.000714,2.042000,0.004474,0.000000,0.000000,0.000240,0,0
279000000000,279300000000,6283499093,397,317484322,0.000412,0.001223,0.001926,0.000072,0.000138,0.001402,0.000016,0.000000,0.008011,0.003929,2.962000,0.008578,0.000000,0.000000,0.000252,0,0
279300000000,279509000000,6283499093,397,317484322,0.001392,0.001204,0.001926,0.000075,0.000130,0.001392,0.000027,0.000000,0.054930,0.003716,3.065000,0.009100,0.000000,0.000000,0.000140,0,0
279509000000,279519000000,6283499093,397,317484322,0.000237,0.000000,0.000000,0.000000,0.000000,0.000000,0.000014,0.000000,0.002377,0.000072,2.558000,0.007251,0.000000,0.000000,0.000000,0,0
279519000000,279521000000,6283499093,397,317484322,0.000000,0.000000,0.000000,0.000000,0.000000,0.000000,0.000000,0.000000,0.000000,0.000000,2.558000,0.007251,0.000000,0.000000,0.000000,0,0
