272493000000,272700000000,6283499093,398,2113205802,0.000000,0.000000,0.000000,0.000000,0.000000,0.000000,0.000000,0.000000,0.000000,0.000000,0.000000,0.000000,0.000000,0.000000,0.000000,0,0
272700000000,272809000000,6283499093,398,2113205802,0.000000,0.000000,0.000000,0.000000,0.000000,0.000000,0.000000,0.000000,0.000000,0.000000,0.000000,0.000000,0.000000,0.000000,0.000000,0,0
272809000000,273000000000,6283499093,398,2113205802,0.000351,0.001118,0.001928,0.000089,0.000402,0.001389,0.000190,0.000000,0.008530,0.007935,7.038000,0.028100,0.000000,0.000000,0.000081,0,0
273000000000,273300000000,6283499093,398,2113205802,0.000184,0.000894,0.001926,0.000091,0.000107,0.000946,0.000016,0.000000,0.001711,0.002785,5.150000,0.019530,0.000000,0.000000,0.000115,0,0
273300000000,273600000000,6283499093,398,2113205802,0.000199,0.000915,0.001926,0.000088,0.000110,0.000969,0.000010,0.000000,0.002674,0.002930,18.540000,0.080790,0.000000,0.000000,0.000178,0,0
273600000000,273900000000,6283499093,398,2113205802,0.000175,0.000913,0.001926,0.000068,0.000079,0.000977,0.000004,0.000000,0.002777,0.000999,21.220000,0.093670,0.000000,0.000000,0.000069,0,0
273900000000,274200000000,6283499093,398,2113205802,0.000178,0.000942,0.001926,0.000068,0.000087,0.000990,0.000000,0.000000,0.004089,0.000143,5.074000,0.018840,0.000000,0.000000,0.000073,0,0
274200000000,274500000000,6283499093,398,2113205802,0.000155,0.000945,0.001928,0.000068,0.000090,0.001009,0.000000,0.000000,0.002644,0.000000,6.427000,0.025860,0.000000,0.000000,0.000193,0,0
274500000000,274800000000,6283499093,398,2113205802,0.000175,0.000971,0.001928,0.000068,0.000101,0.001392,0.000005,0.000000,0.003647,0.000857,15.610000,0.066350,0.000000,0.000000,0.000080,0,0
274800000000,275100000000,6283499093,398,2113205802,0.003273,0.001337,0.002151,0.000046,0.000173,0.002567,0.000042,0.000000,0.052730,0.004356,0.663000,0.000443,0.000000,0.000000,0.000145,0,0
275100000000,275400000000,6283499093,398,2113205802,0.000265,0.001215,0.001928,0.000005,0.000056,0.001589,0.000002,0.000000,0.014980,0.000357,18.000000,0.078160,0.000000,0.000000,0.000101,0,0
275400000000,275700000000,6283499093,398,2113205802,0.000212,0.001284,0.001926,0.000005,0.000130,0.001585,0.000000,0.000000,0.004265,0.000000,8.912000,0.036400,0.000000,0.000000,0.000094,0,0
275700000000,276000000000,6283499093,398,2113205802,0.001326,0.001291,0.001928,0.000007,0.000142,0.001570,0.000025,0.000000,0.037600,0.002071,0.672900,0.000540,0.000000,0.000000,0.001183,0,0
276000000000,276300000000,6283499093,398,2113205802,0.000211,0.001116,0.001928,0.000012,0.000072,0.001524,0.000006,0.000000,0.002048,0.000607,22.460000,0.097490,0.000000,0.000000,0.000081,0,0
276300000000,276600000000,6283499093,398,2113205802,0.000202,0.001125,0.001928,0.000012,0.000089,0.001490,0.000006,0.000000,0.002316,0.001429,24.810000,0.108800,0.000000,0.000000,0.000131,0,0
276600000000,276900000000,6283499093,398,2113205802,0.000153,0.001171,0.001928,0.000012,0.000137,0.001404,0.000001,0.000000,0.003483,0.000072,7.089000,0.027920,0.000000,0.000000,0.000167,0,0
276900000000,277200000000,6283499093,398,2113205802,0.000197,0.001080,0.001932,0.000011,0.000030,0.001087,0.000005,0.000000,0.003101,0.000786,10.640000,0.043130,0.000000,0.000000,0.000271,0,0
277200000000,277500000000,6283499093,398,2113205802,0.000264,0.001198,0.001928,0.000011,0.000160,0.001488,0.000008,0.000000,0.013670,0.000857,4.926000,0.018130,0.000000,0.000000,0.000097,0,0
277500000000,277800000000,6283499093,398,2113205802,0.000290,0.001143,0.001928,0.000021,0.000091,0.001501,0.000080,0.000000,0.004173,0.012710,8.557000,0.033040,0.000000,0.000000,0.000147,0,0
277800000000,278100000000,6283499093,398,2113205802,0.000238,0.001123,0.001930,0.000042,0.000095,0.001291,0.000009,0.000000,0.002487,0.000857,4.230000,0.015080,0.000000,0.000000,0.000127,0,0
278100000000,278400000000,6283499093,398,2113205802,0.000222,0.001125,0.001928,0.000044,0.000099,0.001312,0.000021,0.000000,0.004723,0.003784,2.799000,0.008836,0.000000,0.000000,0.000081,0,0
278400000000,278700000000,6283499093,398,2113205802,0.000189,0.001165,0.001925,0.000046,0.000139,0.001322,0.000017,0.000000,0.001034,0.002144,14.960000,0.063730,0.000000,0.000000,0.000116,0,0
278700000000,279000000000,6283499093,398,2113205802,0.000241,0.001148,0.001926,0.000046,0.000123,0.001318,0.000012,0.000000,0.005203,0.002357,18.040000,0.078300,0.000000,0.000000,0.000218,0,0
279000000000,279300000000,6283499093,398,2113205802,0.000179,0.001137,0.001926,0.000046,0.000109,0.001320,0.000010,0.000000,0.001451,0.001858,19.020000,0.082910,0.000000,0.000000,0.000093,0,0
279300000000,279600000000,6283499093,398,2113205802,0.000185,0.001148,0.001926,0.000056,0.000123,0.001343,0.000023,0.000000,0.001217,0.003998,21.710000,0.095540,0.000000,0.000000,0.000086,0,0
279600000000,279900000000,6283499093,398,2113205802,0.000179,0.001152,0.001926,0.000087,0.000147,0.001328,0.000053,0.000000,0.002106,0.006500,17.380000,0.075620,0.000000,0.000000,0.000149,0,0
279900000000,280200000000,6283499093,398,2113205802,0.000243,0.001137,0.001928,0.000098,0.000155,0.001230,0.000020,0.000000,0.004402,0.002071,4.888000,0.019180,0.000000,0.000000,0.000147,0,0
280200000000,280500000000,6283499093,398,2113205802,0.000247,0.001137,0.001926,0.000101,0.000175,0.001232,0.000015,0.000000,0.003704,0.002357,3.604000,0.012450,0.000000,0.000000,0.000144,0,0
280500000000,280800000000,6283499093,398,2113205802,0.000213,0.000709,0.001928,0.000099,0.000155,0.000805,0.000008,0.000000,0.004829,0.001215,2.318000,0.006748,0.000000,0.000000,0.000113,0,0
280800000000,281100000000,6283499093,398,2113205802,0.000190,0.000724,0.001930,0.000100,0.000175,0.000799,0.000025,0.000000,0.000951,0.002930,3.266000,0.011590,0.000000,0.000000,0.000573,0,0
281100000000,281400000000,6283499093,398,2113205802,0.000175,0.000712,0.001930,0.000100,0.000163,0.000801,0.000009,0.000000,0.004028,0.001143,4.221000,0.016070,0.000000,0.000000,0.000291,0,0
281400000000,281445000000,6283499093,398,2113205802,0.000218,0.000677,0.001928,0.000106,0.000154,0.000799,0.000287,0.000000,0.002792,0.004288,5.975000,0.024620,0.000000,0.000000,0.000113,0,0
281445000000,281462000000,6283499093,398,2113205802,0.000027,0.000000,0.000000,0.000000,0.000000,0.000000,0.000075,0.000000,0.000451,0.001286,2.614000,0.008767,0.000000,0.000000,0.000000,0,0
281462000000,281463000000,6283499093,398,2113205802,0.000000,0.000000,0.000000,0.000000,0.000000,0.000000,0.000000,0.000000,0.000000,0.000000,2.614000,0.008767,0.000000,0.000000,0.000000,0,0
