272502000000,272663000000,6283499093,399,317341786,0.000000,0.000000,0.000000,0.000000,0.000000,0.000000,0.000000,0.000000,0.000000,0.000000,0.000000,0.000000,0.000000,0.000000,0.000000,0,0
272663000000,272700000000,6283499093,399,317341786,0.001867,0.000638,0.001928,0.000120,0.000157,0.001081,0.001795,0.000000,0.042420,0.015560,0.000000,0.000000,0.000000,0.000000,0.000347,0,0
272700000000,273000000000,6283499093,399,317341786,0.000549,0.000958,0.001921,0.000137,0.000168,0.001127,0.000007,0.000000,0.004662,0.001642,5.439000,0.019360,0.000000,0.000000,0.000848,0,0
273000000000,273300000000,6283499093,399,317341786,0.000594,0.001013,0.001921,0.000134,0.000234,0.001362,0.000004,0.000000,0.003578,0.000643,4.456000,0.014740,0.000000,0.000000,0.000488,0,0
273300000000,273600000000,6283499093,399,317341786,0.000360,0.001053,0.001923,0.000134,0.000271,0.001364,0.000000,0.000000,0.004593,0.000000,3.531000,0.010900,0.000000,0.000000,0.000073,0,0
273600000000,273900000000,6283499093,399,317341786,0.000330,0.001093,0.001923,0.000133,0.000307,0.001368,0.000002,0.000000,0.004311,0.000571,3.087000,0.008842,0.000000,0.000000,0.000199,0,0
273900000000,274200000000,6283499093,399,317341786,0.000348,0.001146,0.001925,0.000132,0.000354,0.001373,0.000002,0.000000,0.004784,0.000643,2.658000,0.007254,0.000000,0.000000,0.000208,0,0
274200000000,274500000000,6283499093,399,317341786,0.000333,0.001175,0.001925,0.000131,0.000382,0.001371,0.000001,0.000000,0.005424,0.000072,3.610000,0.010460,0.000000,0.000000,0.000367,0,0
274500000000,274800000000,6283499093,399,317341786,0.000300,0.001211,0.001926,0.000130,0.000418,0.001371,0.000001,0.000000,0.004280,0.000143,3.980000,0.012050,0.000000,0.000000,0.000096,0,0
274800000000,275100000000,6283499093,399,317341786,0.000461,0.001255,0.001926,0.000131,0.000448,0.001398,0.000024,0.000000,0.008072,0.003071,4.085000,0.012680,0.000000,0.000000,0.000226,0,0
275100000000,275400000000,6283499093,399,317341786,0.000471,0.001282,0.001926,0.000130,0.000453,0.001410,0.000001,0.000000,0.016820,0.000215,2.100000,0.004895,0.000000,0.000000,0.000186,0,0
275400000000,275700000000,6283499093,399,317341786,0.000423,0.001257,0.001925,0.000130,0.000432,0.001406,0.000003,0.000000,0.005348,0.000643,4.941000,0.016500,0.000000,0.000000,0.000260,0,0
275700000000,276000000000,6283499093,399,317341786,0.000363,0.001225,0.001925,0.000130,0.000398,0.001406,0.000001,0.000000,0.004440,0.000143,3.470000,0.010740,0.000000,0.000000,0.000175,0,0
276000000000,276300000000,6283499093,399,317341786,0.000346,0.001190,0.001925,0.000130,0.000360,0.001408,0.000002,0.000000,0.012530,0.000215,3.051000,0.008603,0.000000,0.000000,0.000118,0,0
276300000000,276600000000,6283499093,399,317341786,0.000329,0.001156,0.001923,0.000130,0.000325,0.001408,0.000004,0.000000,0.005775,0.001143,3.368000,0.010090,0.000000,0.000000,0.000165,0,0
276600000000,276900000000,6283499093,399,317341786,0.000332,0.001127,0.001923,0.000130,0.000295,0.001410,0.000005,0.000000,0.001442,0.001215,3.044000,0.008709,0.000000,0.000000,0.000931,0,0
276900000000,277200000000,6283499093,399,317341786,0.000339,0.001062,0.001923,0.000129,0.000242,0.001410,0.000002,0.000000,0.006424,0.000286,3.697000,0.010790,0.000000,0.000000,0.000237,0,0
277200000000,277480000000,6283499093,399,317341786,0.000292,0.000638,0.001923,0.000130,0.000224,0.000982,0.000222,0.000000,0.003883,0.026580,3.858000,0.011930,0.000000,0.000000,0.000832,0,0
277480000000,277500000000,6283499093,399,317341786,0.000164,0.000000,0.000000,0.000000,0.000000,0.000000,0.000029,0.000000,0.003288,0.000571,2.465000,0.006602,0.000000,0.000000,0.000000,0,0
277500000000,277503000000,6283499093,399,317341786,0.000000,0.000000,0.000000,0.000000,0.000000,0.000000,0.000000,0.000000,0.000000,0.000000,2.465000,0.006602,0.000000,0.000000,0.000000,0,0
277503000000,277504000000,6283499093,399,317341786,0.000000,0.000000,0.000000,0.000000,0.000000,0.000000,0.000000,0.000000,0.000000,0.000000,2.465000,0.006602,0.000000,0.000000,0.000000,0,0
