272498000000,272620000000,6283499093,4,4820445919,0.000000,0.000000,0.000000,0.000000,0.000000,0.000000,0.000000,0.000000,0.000000,0.000000,0.000000,0.000000,0.000000,0.000000,0.000000,0,0
272620000000,272700000000,6283499093,4,4820445919,0.000997,0.001221,0.001923,0.000162,0.000465,0.001516,0.001341,0.000000,0.018890,0.019990,2.952000,0.000000,0.000000,0.000000,0.000296,0,0
272700000000,273000000000,6283499093,4,4820445919,0.000375,0.001196,0.001921,0.000170,0.000447,0.001476,0.000000,0.000000,0.004593,0.000072,3.381000,0.000000,0.000000,0.000000,0.000706,0,0
273000000000,273300000000,6283499093,4,4820445919,0.000374,0.001175,0.001921,0.000170,0.000435,0.001375,0.000001,0.000000,0.008789,0.000143,3.443000,0.000000,0.000000,0.000000,0.002327,0,0
273300000000,273600000000,6283499093,4,4820445919,0.000385,0.001226,0.001923,0.000170,0.000459,0.001383,0.000000,0.000000,0.006599,0.000072,3.192000,0.000000,0.000000,0.000000,0.000293,0,0
273600000000,273900000000,6283499093,4,4820445919,0.000427,0.001225,0.001921,0.000170,0.000447,0.001394,0.000002,0.000000,0.005531,0.000357,3.482000,0.000000,0.000000,0.000000,0.000396,0,0
273900000000,274200000000,6283499093,4,4820445919,0.000356,0.001219,0.001921,0.000170,0.000440,0.001394,0.000000,0.000000,0.004776,0.000072,3.400000,0.000000,0.000000,0.000000,0.000126,0,0
274200000000,274500000000,6283499093,4,4820445919,0.000324,0.001200,0.001923,0.000170,0.000421,0.001394,0.000002,0.000000,0.004738,0.000143,3.294000,0.000000,0.000000,0.000000,0.000063,0,0
274500000000,274800000000,6283499093,4,4820445919,0.000388,0.001255,0.001923,0.000170,0.000460,0.001415,0.000000,0.000000,0.005157,0.000072,3.509000,0.000000,0.000000,0.000000,0.000158,0,0
274800000000,275100000000,6283499093,4,4820445919,0.000375,0.001295,0.001923,0.000170,0.000493,0.001415,0.000001,0.000000,0.005470,0.000072,3.727000,0.000000,0.000000,0.000000,0.000176,0,0
275100000000,275400000000,6283499093,4,4820445919,0.000338,0.001240,0.001923,0.000170,0.000440,0.001415,0.000000,0.000000,0.004608,0.000000,3.394000,0.000000,0.000000,0.000000,0.000363,0,0
275400000000,275700000000,6283499093,4,4820445919,0.001987,0.001305,0.001921,0.000176,0.000455,0.001598,0.000126,0.000000,0.096680,0.017640,0.787600,0.000000,0.000000,0.000000,0.000121,0,0
275700000000,276000000000,6283499093,4,4820445919,0.000617,0.001408,0.001917,0.000183,0.000485,0.001598,0.000001,0.000000,0.016080,0.000178,1.306000,0.000000,0.000000,0.000000,0.000668,0,0
276000000000,276300000000,6283499093,4,4820445919,0.000541,0.001356,0.001921,0.000182,0.000446,0.001558,0.000003,0.000000,0.008286,0.000428,3.877000,0.000000,0.000000,0.000000,0.000477,0,0
276300000000,276600000000,6283499093,4,4820445919,0.000360,0.001352,0.001919,0.000182,0.000432,0.001534,0.000000,0.000000,0.008270,0.000072,2.985000,0.000000,0.000000,0.000000,0.001011,0,0
276600000000,276900000000,6283499093,4,4820445919,0.000360,0.001392,0.001921,0.000181,0.000469,0.001534,0.000001,0.000000,0.005699,0.000143,3.476000,0.000000,0.000000,0.000000,0.000116,0,0
276900000000,277200000000,6283499093,4,4820445919,0.000356,0.001387,0.001921,0.000182,0.000464,0.001532,0.000000,0.000000,0.013720,0.000000,3.391000,0.000000,0.000000,0.000000,0.000309,0,0
277200000000,277500000000,6283499093,4,4820445919,0.000360,0.001375,0.001921,0.000181,0.000455,0.001526,0.000004,0.000000,0.004700,0.000428,3.153000,0.000000,0.000000,0.000000,0.000333,0,0
277500000000,277800000000,6283499093,4,4820445919,0.000438,0.001369,0.001921,0.000182,0.000445,0.001543,0.000007,0.000000,0.005829,0.000428,3.331000,0.000000,0.000000,0.000000,0.001169,0,0
277800000000,278100000000,6283499093,4,4820445919,0.000452,0.001413,0.001921,0.000182,0.000476,0.001545,0.000020,0.000000,0.008545,0.004646,3.131000,0.000000,0.000000,0.000000,0.000380,0,0
278100000000,278400000000,6283499093,4,4820445919,0.000449,0.001390,0.001921,0.000181,0.000454,0.001545,0.000003,0.000000,0.006691,0.000072,4.097000,0.000000,0.000000,0.000000,0.000618,0,0
278400000000,278700000000,6283499093,4,4820445919,0.000366,0.001413,0.001921,0.000181,0.000477,0.001545,0.000004,0.000000,0.004593,0.000571,3.230000,0.000000,0.000000,0.000000,0.000337,0,0
278700000000,279000000000,6283499093,4,4820445919,0.000402,0.001400,0.001921,0.000182,0.000468,0.001545,0.000040,0.000000,0.007782,0.010860,3.027000,0.000000,0.000000,0.000000,0.000102,0,0
279000000000,279014000000,6283499093,4,4820445919,0.000237,0.000007,0.000000,0.000000,0.000000,0.000088,0.000029,0.000000,0.003304,0.000428,2.748000,0.000000,0.000000,0.000000,0.000000,0,0
279014000000,279017000000,6283499093,4,4820445919,0.000000,0.000000,0.000000,0.000000,0.000000,0.000000,0.000000,0.000000,0.000000,0.000000,2.748000,0.000000,0.000000,0.000000,0.000000,0,0
279358000000,279600000000,6283499093,4,1340743,0.000258,0.000754,0.001936,0.000377,0.000794,0.001135,0.001184,0.000000,0.009232,0.059020,2.333000,0.007832,0.000000,0.000000,0.000003,0,0
279600000000,279900000000,6283499093,4,1340743,0.000320,0.000517,0.001932,0.000359,0.000810,0.000565,0.000003,0.000000,0.004021,0.000072,2.360000,0.006412,0.000000,0.000000,0.000195,0,0
279900000000,280200000000,6283499093,4,1340743,0.000312,0.000487,0.001932,0.000357,0.000810,0.000497,0.000005,0.000000,0.003937,0.000215,2.213000,0.006122,0.000000,0.000000,0.000106,0,0
280200000000,280500000000,6283499093,4,1340743,0.000398,0.000925,0.001930,0.000356,0.000815,0.001034,0.000027,0.000000,0.025700,0.007286,1.517000,0.003461,0.000000,0.000000,0.000503,0,0
280500000000,280800000000,6283499093,4,1340743,0.000405,0.000990,0.001930,0.000355,0.000815,0.001009,0.000002,0.000000,0.002708,0.000215,2.910000,0.009052,0.000000,0.000000,0.000281,0,0
280800000000,281100000000,6283499093,4,1340743,0.000409,0.001009,0.001930,0.000349,0.000810,0.001045,0.000004,0.000000,0.006165,0.000215,2.478000,0.007142,0.000000,0.000000,0.000621,0,0
281100000000,281400000000,6283499093,4,1340743,0.000397,0.000994,0.001930,0.000349,0.000810,0.001011,0.000001,0.000000,0.004944,0.000072,2.759000,0.008350,0.000000,0.000000,0.000673,0,0
281400000000,281700000000,6283499093,4,1340743,0.000376,0.001011,0.001932,0.000349,0.000810,0.001036,0.000002,0.000000,0.002003,0.000215,2.711000,0.008123,0.000000,0.000000,0.000228,0,0
281700000000,282000000000,6283499093,4,1340743,0.000382,0.000997,0.001932,0.000350,0.000811,0.001013,0.000000,0.000000,0.005112,0.000072,2.285000,0.006080,0.000000,0.000000,0.000573,0,0
282000000000,282300000000,6283499093,4,1340743,0.000421,0.001041,0.001930,0.000350,0.000811,0.001068,0.000002,0.000000,0.005836,0.000215,2.878000,0.008810,0.000000,0.000000,0.000416,0,0
282300000000,282600000000,6283499093,4,1340743,0.000389,0.001040,0.001930,0.000350,0.000811,0.001064,0.000009,0.000000,0.004509,0.001215,2.488000,0.007322,0.000000,0.000000,0.000157,0,0
282600000000,282900000000,6283499093,4,1340743,0.000321,0.001032,0.001932,0.000350,0.000811,0.001060,0.000004,0.000000,0.005005,0.000215,2.437000,0.007071,0.000000,0.000000,0.000521,0,0
282900000000,283200000000,6283499093,4,1340743,0.000329,0.001034,0.001932,0.000351,0.000812,0.001060,0.000009,0.000000,0.006065,0.001715,2.080000,0.005323,0.000000,0.000000,0.000117,0,0
283200000000,283500000000,6283499093,4,1340743,0.000327,0.001022,0.001932,0.000351,0.000812,0.001038,0.000002,0.000000,0.004570,0.000215,2.234000,0.006240,0.000000,0.000000,0.000154,0,0
283500000000,283659000000,6283499093,4,1340743,0.000388,0.001045,0.001930,0.000351,0.000812,0.001066,0.000010,0.000000,0.004654,0.000571,2.518000,0.007247,0.000000,0.000000,0.000297,0,0
283659000000,283670000000,6283499093,4,1340743,0.000275,0.000000,0.000000,0.000000,0.000000,0.000000,0.000072,0.000000,0.003017,0.000428,2.404000,0.007100,0.000000,0.000000,0.000000,0,0
283670000000,283671000000,6283499093,4,1340743,0.000000,0.000000,0.000000,0.000000,0.000000,0.000000,0.000000,0.000000,0.000000,0.000000,2.404000,0.007100,0.000000,0.000000,0.000000,0,0
