272490000000,272586000000,6283499093,40,567920,0.000000,0.000000,0.000000,0.000000,0.000000,0.000000,0.000000,0.000000,0.000000,0.000000,0.000000,0.000000,0.000000,0.000000,0.000000,0,0
272586000000,272700000000,6283499093,40,567920,0.000650,0.001184,0.001926,0.000114,0.000408,0.001406,0.000730,0.000000,0.016050,0.020780,2.760000,0.007737,0.000000,0.000000,0.000240,0,0
272700000000,273000000000,6283499093,40,567920,0.000360,0.001167,0.001926,0.000098,0.000404,0.001314,0.000001,0.000000,0.004631,0.000072,2.579000,0.006807,0.000000,0.000000,0.000265,0,0
273000000000,273300000000,6283499093,40,567920,0.000358,0.001173,0.001928,0.000098,0.000405,0.001312,0.000001,0.000000,0.004845,0.000072,2.781000,0.007381,0.000000,0.000000,0.000252,0,0
273300000000,273600000000,6283499093,40,567920,0.000340,0.000976,0.001925,0.000096,0.000203,0.001312,0.000000,0.000000,0.004608,0.000000,2.560000,0.006480,0.000000,0.000000,0.000180,0,0
273600000000,273900000000,6283499093,40,567920,0.000336,0.000937,0.001923,0.000096,0.000156,0.001318,0.000002,0.000000,0.004692,0.000714,2.421000,0.005989,0.000000,0.000000,0.000145,0,0
273900000000,274200000000,6283499093,40,567920,0.000363,0.001034,0.001925,0.000096,0.000251,0.001326,0.000000,0.000000,0.004753,0.000072,2.813000,0.007592,0.000000,0.000000,0.000333,0,0
274200000000,274500000000,6283499093,40,567920,0.000376,0.001118,0.001925,0.000094,0.000322,0.001339,0.000001,0.000000,0.004883,0.000072,2.152000,0.004937,0.000000,0.000000,0.000596,0,0
274500000000,274800000000,6283499093,40,567920,0.000350,0.000941,0.001923,0.000090,0.000141,0.001322,0.000000,0.000000,0.005524,0.000000,2.660000,0.006936,0.000000,0.000000,0.000523,0,0
274800000000,275100000000,6283499093,40,567920,0.000337,0.001041,0.001923,0.000090,0.000239,0.001339,0.000001,0.000000,0.004921,0.000215,1.948000,0.004157,0.000000,0.000000,0.000270,0,0
275100000000,275400000000,6283499093,40,567920,0.000399,0.001080,0.001925,0.000090,0.000273,0.001345,0.000000,0.000000,0.007706,0.000143,2.526000,0.006510,0.000000,0.000000,0.000089,0,0
275400000000,275700000000,6283499093,40,567920,0.000448,0.001066,0.001923,0.000090,0.000254,0.001352,0.000001,0.000000,0.006477,0.000072,2.821000,0.008068,0.000000,0.000000,0.000369,0,0
275700000000,276000000000,6283499093,40,567920,0.000551,0.001020,0.001921,0.000092,0.000162,0.001451,0.000017,0.000000,0.010500,0.004570,3.579000,0.011230,0.000000,0.000000,0.000367,0,0
276000000000,276300000000,6283499093,40,567920,0.000485,0.001137,0.001921,0.000091,0.000241,0.001457,0.000003,0.000000,0.005676,0.000286,3.557000,0.010830,0.000000,0.000000,0.000249,0,0
276300000000,276600000000,6283499093,40,567920,0.000416,0.001144,0.001921,0.000091,0.000237,0.001469,0.000000,0.000000,0.005875,0.000000,2.912000,0.008054,0.000000,0.000000,0.000458,0,0
276600000000,276900000000,6283499093,40,567920,0.000363,0.001093,0.001921,0.000091,0.000179,0.001469,0.000002,0.000000,0.006279,0.000357,2.811000,0.007497,0.000000,0.000000,0.000250,0,0
276900000000,277200000000,6283499093,40,567920,0.000375,0.001089,0.001921,0.000091,0.000183,0.001463,0.000000,0.000000,0.004982,0.000072,2.731000,0.007165,0.000000,0.000000,0.000664,0,0
277200000000,277500000000,6283499093,40,567920,0.000378,0.001148,0.001921,0.000091,0.000242,0.001463,0.000002,0.000000,0.006325,0.000072,2.583000,0.006706,0.000000,0.000000,0.000804,0,0
277500000000,277800000000,6283499093,40,567920,0.000386,0.001104,0.001923,0.000095,0.000204,0.001453,0.000052,0.000000,0.004967,0.009506,2.456000,0.006079,0.000000,0.000000,0.000187,0,0
277800000000,278100000000,6283499093,40,567920,0.000370,0.001089,0.001921,0.000108,0.000207,0.001352,0.000004,0.000000,0.004997,0.000286,2.699000,0.007395,0.000000,0.000000,0.000197,0,0
278100000000,278400000000,6283499093,40,567920,0.000380,0.001097,0.001919,0.000098,0.000204,0.001356,0.000002,0.000000,0.006454,0.000072,3.185000,0.008949,0.000000,0.000000,0.000348,0,0
278400000000,278700000000,6283499093,40,567920,0.000385,0.001066,0.001921,0.000098,0.000174,0.001360,0.000002,0.000000,0.005051,0.000143,2.714000,0.007499,0.000000,0.000000,0.000379,0,0
278700000000,279000000000,6283499093,40,567920,0.000390,0.001095,0.001921,0.000098,0.000200,0.001368,0.000003,0.000000,0.006699,0.000286,2.907000,0.008001,0.000000,0.000000,0.000780,0,0
279000000000,279300000000,6283499093,40,567920,0.000369,0.001114,0.001921,0.000098,0.000217,0.001368,0.000003,0.000000,0.005379,0.000072,2.644000,0.007040,0.000000,0.000000,0.000148,0,0
279300000000,279600000000,6283499093,40,567920,0.000399,0.001060,0.001921,0.000098,0.000162,0.001369,0.000003,0.000000,0.005486,0.000215,2.457000,0.006255,0.000000,0.000000,0.000172,0,0
279600000000,279689000000,6283499093,40,567920,0.000695,0.001055,0.001921,0.000098,0.000153,0.001350,0.000014,0.000000,0.061710,0.000714,3.263000,0.009109,0.000000,0.000000,0.000549,0,0
279689000000,279703000000,6283499093,40,567920,0.000251,0.000000,0.000000,0.000000,0.000000,0.000000,0.000051,0.000000,0.003510,0.000643,4.766000,0.015430,0.000000,0.000000,0.000000,0,0
279703000000,279704000000,6283499093,40,567920,0.000000,0.000000,0.000000,0.000000,0.000000,0.000000,0.000000,0.000000,0.000000,0.000000,4.766000,0.015430,0.000000,0.000000,0.000000,0,0
