272502000000,272590000000,6283499093,400,2107896493,0.000000,0.000000,0.000000,0.000000,0.000000,0.000000,0.000000,0.000000,0.000000,0.000000,0.000000,0.000000,0.000000,0.000000,0.000000,0,0
272590000000,272700000000,6283499093,400,2107896493,0.000655,0.000992,0.001925,0.000067,0.000214,0.001347,0.000313,0.000000,0.014680,0.010360,1.892000,0.004296,0.000000,0.000000,0.000136,0,0
272700000000,273000000000,6283499093,400,2107896493,0.000702,0.001040,0.001925,0.000066,0.000210,0.001352,0.000008,0.000000,0.007278,0.001143,3.835000,0.012300,0.000000,0.000000,0.001263,0,0
273000000000,273300000000,6283499093,400,2107896493,0.000629,0.001152,0.001923,0.000066,0.000307,0.001360,0.000002,0.000000,0.004715,0.000714,4.206000,0.013540,0.000000,0.000000,0.000455,0,0
273300000000,273600000000,6283499093,400,2107896493,0.000400,0.001123,0.001925,0.000067,0.000278,0.001362,0.000006,0.000000,0.004051,0.001642,3.340000,0.010010,0.000000,0.000000,0.000072,0,0
273600000000,273900000000,6283499093,400,2107896493,0.000320,0.000984,0.001926,0.000067,0.000140,0.001356,0.000002,0.000000,0.004578,0.000428,2.333000,0.005889,0.000000,0.000000,0.000100,0,0
273900000000,274200000000,6283499093,400,2107896493,0.000320,0.000976,0.001923,0.000065,0.000133,0.001289,0.000000,0.000000,0.004425,0.000000,2.330000,0.005919,0.000000,0.000000,0.000255,0,0
274200000000,274500000000,6283499093,400,2107896493,0.000327,0.001015,0.001923,0.000065,0.000173,0.001350,0.000006,0.000000,0.004471,0.001358,2.330000,0.006174,0.000000,0.000000,0.000209,0,0
274500000000,274800000000,6283499093,400,2107896493,0.000326,0.001001,0.001925,0.000065,0.000158,0.001341,0.000000,0.000000,0.003960,0.000072,2.965000,0.008340,0.000000,0.000000,0.000296,0,0
274800000000,275100000000,6283499093,400,2107896493,0.000343,0.000982,0.001923,0.000065,0.000137,0.001242,0.000003,0.000000,0.006165,0.000571,2.591000,0.006912,0.000000,0.000000,0.000165,0,0
275100000000,275400000000,6283499093,400,2107896493,0.000340,0.000949,0.001925,0.000065,0.000101,0.001131,0.000000,0.000000,0.004448,0.000000,2.774000,0.007724,0.000000,0.000000,0.000289,0,0
275400000000,275700000000,6283499093,400,2107896493,0.000368,0.001017,0.001925,0.000065,0.000165,0.001375,0.000001,0.000000,0.009140,0.000072,2.264000,0.005674,0.000000,0.000000,0.000602,0,0
275700000000,276000000000,6283499093,400,2107896493,0.000376,0.001137,0.001925,0.000065,0.000272,0.001375,0.000000,0.000000,0.005814,0.000000,2.872000,0.008315,0.000000,0.000000,0.000232,0,0
276000000000,276300000000,6283499093,400,2107896493,0.000434,0.001144,0.001925,0.000066,0.000280,0.001398,0.000021,0.000000,0.007317,0.005432,2.715000,0.007408,0.000000,0.000000,0.004738,0,0
276300000000,276600000000,6283499093,400,2107896493,0.000404,0.001123,0.001925,0.000069,0.000243,0.001400,0.000002,0.000000,0.004700,0.000072,3.353000,0.010650,0.000000,0.000000,0.000144,0,0
276600000000,276900000000,6283499093,400,2107896493,0.000408,0.001087,0.001925,0.000065,0.000198,0.001404,0.000001,0.000000,0.004646,0.000143,2.812000,0.008038,0.000000,0.000000,0.000209,0,0
276900000000,277200000000,6283499093,400,2107896493,0.000358,0.001053,0.001925,0.000065,0.000161,0.001402,0.000001,0.000000,0.004051,0.000072,2.570000,0.007044,0.000000,0.000000,0.000194,0,0
277200000000,277500000000,6283499093,400,2107896493,0.000395,0.001064,0.001923,0.000065,0.000169,0.001406,0.000003,0.000000,0.004936,0.000143,2.692000,0.007449,0.000000,0.000000,0.000694,0,0
277500000000,277800000000,6283499093,400,2107896493,0.000395,0.001045,0.001925,0.000065,0.000146,0.001404,0.000007,0.000000,0.005196,0.000786,2.703000,0.007577,0.000000,0.000000,0.000657,0,0
277800000000,278100000000,6283499093,400,2107896493,0.000433,0.001003,0.001923,0.000065,0.000100,0.001240,0.000003,0.000000,0.008835,0.000286,3.564000,0.010660,0.000000,0.000000,0.000245,0,0
278100000000,278400000000,6283499093,400,2107896493,0.001242,0.001209,0.001926,0.000082,0.000289,0.001553,0.000126,0.000000,0.057370,0.016360,2.808000,0.008242,0.000000,0.000000,0.000249,0,0
278400000000,278519000000,6283499093,400,2107896493,0.001976,0.001303,0.001925,0.000174,0.000360,0.001528,0.000142,0.000000,0.060670,0.008423,0.795500,0.000951,0.000000,0.000000,0.000202,0,0
278519000000,278529000000,6283499093,400,2107896493,0.000360,0.000000,0.000000,0.000000,0.000000,0.000000,0.000357,0.000000,0.003601,0.003571,0.682200,0.000552,0.000000,0.000000,0.000000,0,0
278529000000,278530000000,6283499093,400,2107896493,0.000000,0.000000,0.000000,0.000000,0.000000,0.000000,0.000000,0.000000,0.000000,0.000000,5.505000,0.018510,0.000000,0.000000,0.000000,0,0
