272499000000,272574000000,6283499093,401,6201459631,0.000000,0.000000,0.000000,0.000000,0.000000,0.000000,0.000000,0.000000,0.000000,0.000000,0.000000,0.000000,0.000000,0.000000,0.000000,0,0
272574000000,272700000000,6283499093,401,6201459631,0.000561,0.000876,0.001925,0.000025,0.000058,0.001297,0.000103,0.000000,0.014430,0.005211,2.830000,0.000000,0.000000,0.000000,0.000165,0,0
272700000000,273000000000,6283499093,401,6201459631,0.000312,0.000879,0.001925,0.000022,0.000038,0.001041,0.000000,0.000000,0.004265,0.000072,2.524000,0.000000,0.000000,0.000000,0.000132,0,0
273000000000,273300000000,6283499093,401,6201459631,0.000339,0.000921,0.001923,0.000014,0.000053,0.001148,0.000001,0.000000,0.006714,0.000215,1.559000,0.000000,0.000000,0.000000,0.000133,0,0
273300000000,273600000000,6283499093,401,6201459631,0.000307,0.000945,0.001923,0.000014,0.000075,0.001173,0.000000,0.000000,0.001287,0.000000,2.747000,0.000000,0.000000,0.000000,0.000126,0,0
273600000000,273900000000,6283499093,401,6201459631,0.000317,0.000944,0.001923,0.000014,0.000072,0.001299,0.000000,0.000000,0.005363,0.000072,3.055000,0.000000,0.000000,0.000000,0.000202,0,0
273900000000,274200000000,6283499093,401,6201459631,0.000295,0.000965,0.001926,0.000014,0.000092,0.001329,0.000000,0.000000,0.004120,0.000072,2.473000,0.000000,0.000000,0.000000,0.000092,0,0
274200000000,274500000000,6283499093,401,6201459631,0.000258,0.000962,0.001926,0.000014,0.000088,0.001329,0.000003,0.000000,0.003254,0.000714,2.633000,0.000000,0.000000,0.000000,0.000539,0,0
274500000000,274800000000,6283499093,401,6201459631,0.000283,0.000964,0.001926,0.000014,0.000088,0.001244,0.000001,0.000000,0.001568,0.000143,2.484000,0.000000,0.000000,0.000000,0.000189,0,0
274800000000,275100000000,6283499093,401,6201459631,0.000295,0.000942,0.001926,0.000014,0.000066,0.001175,0.000000,0.000000,0.009964,0.000072,2.735000,0.000000,0.000000,0.000000,0.000085,0,0
275100000000,275400000000,6283499093,401,6201459631,0.000345,0.000956,0.001926,0.000014,0.000072,0.001095,0.000000,0.000000,0.004196,0.000072,2.039000,0.000000,0.000000,0.000000,0.000368,0,0
275400000000,275700000000,6283499093,401,6201459631,0.000469,0.000917,0.001926,0.000015,0.000022,0.001032,0.000035,0.000000,0.029240,0.006287,2.985000,0.000000,0.000000,0.000000,0.000543,0,0
275700000000,276000000000,6283499093,401,6201459631,0.000403,0.001076,0.001921,0.000026,0.000105,0.001463,0.000002,0.000000,0.004707,0.000286,2.810000,0.000000,0.000000,0.000000,0.000702,0,0
276000000000,276300000000,6283499093,401,6201459631,0.000459,0.001028,0.001921,0.000026,0.000063,0.001387,0.000002,0.000000,0.008301,0.000143,3.687000,0.000000,0.000000,0.000000,0.001396,0,0
276300000000,276600000000,6283499093,401,6201459631,0.000371,0.001074,0.001925,0.000026,0.000091,0.001459,0.000001,0.000000,0.015990,0.000143,2.126000,0.000000,0.000000,0.000000,0.000165,0,0
277334000000,277500000000,6283499093,401,4802850526,0.000237,0.000683,0.001930,0.000080,0.000433,0.000839,0.001375,0.000000,0.013440,0.047670,1.172000,0.000000,0.000000,0.000000,0.000010,1,0
277500000000,277509000000,6283499093,401,4802850526,0.000111,0.000531,0.001932,0.000113,0.000503,0.000550,0.000334,0.000000,0.000800,0.002998,28.170000,0.000000,0.000000,0.000000,0.000026,0,0
277509000000,277527000000,6283499093,401,4802850526,0.000105,0.000000,0.000000,0.000000,0.000000,0.000000,0.000044,0.000000,0.001886,0.000643,7.836000,0.000000,0.000000,0.000000,0.000000,0,0
277527000000,277528000000,6283499093,401,4802850526,0.000000,0.000000,0.000000,0.000000,0.000000,0.000000,0.000000,0.000000,0.000000,0.000000,4.982000,0.000000,0.000000,0.000000,0.000000,0,0
282172000000,282206000000,6283499093,401,6201459631,0.000000,0.001463,0.001945,0.000000,0.000000,0.001463,0.000000,0.000000,0.000000,0.000000,0.000000,0.000000,0.000000,0.000000,0.000000,0,0
282206000000,282231000000,6283499093,401,6201459631,0.000000,0.000000,0.000000,0.000000,0.000000,0.000000,0.000000,0.000000,0.000000,0.000000,0.000000,0.000000,0.000000,0.000000,0.000000,0,0
282231000000,282234000000,6283499093,401,6201459631,0.000000,0.000000,0.000000,0.000000,0.000000,0.000000,0.000000,0.000000,0.000000,0.000000,0.000000,0.000000,0.000000,0.000000,0.000000,0,0
