272502000000,272578000000,6283499093,402,257498392,0.000000,0.000000,0.000000,0.000000,0.000000,0.000000,0.000000,0.000000,0.000000,0.000000,0.000000,0.000000,0.000000,0.000000,0.000000,0,0
272578000000,272700000000,6283499093,402,257498392,0.000624,0.001080,0.001904,0.000206,0.000217,0.001244,0.000867,0.000000,0.034000,0.031860,2.467000,0.007871,0.000000,0.000000,0.000385,0,0
272700000000,273000000000,6283499093,402,257498392,0.000346,0.000949,0.001919,0.000200,0.000209,0.000999,0.000000,0.000000,0.003551,0.000072,2.389000,0.007404,0.000000,0.000000,0.000212,0,0
273000000000,273300000000,6283499093,402,257498392,0.000360,0.000950,0.001919,0.000200,0.000209,0.001001,0.000001,0.000000,0.003727,0.000215,2.366000,0.007149,0.000000,0.000000,0.000195,0,0
273300000000,273600000000,6283499093,402,257498392,0.000330,0.001091,0.001921,0.000200,0.000344,0.001390,0.000000,0.000000,0.004021,0.000000,2.694000,0.008452,0.000000,0.000000,0.000125,0,0
273600000000,273900000000,6283499093,402,257498392,0.000333,0.001358,0.001923,0.000200,0.000611,0.001392,0.000000,0.000000,0.006294,0.000072,2.350000,0.006899,0.000000,0.000000,0.000213,0,0
273900000000,274200000000,6283499093,402,257498392,0.000297,0.001320,0.001923,0.000198,0.000570,0.001392,0.000000,0.000000,0.004623,0.000000,2.153000,0.005958,0.000000,0.000000,0.000241,0,0
274200000000,274500000000,6283499093,402,257498392,0.000374,0.001295,0.001921,0.000195,0.000532,0.001410,0.000002,0.000000,0.004524,0.000143,2.477000,0.007360,0.000000,0.000000,0.000388,0,0
274500000000,274800000000,6283499093,402,257498392,0.000642,0.001223,0.001915,0.000199,0.000425,0.001450,0.000033,0.000000,0.008713,0.009354,1.898000,0.005133,0.000000,0.000000,0.000730,0,0
274800000000,275100000000,6283499093,402,257498392,0.000521,0.001154,0.001915,0.000200,0.000356,0.001448,0.000000,0.000000,0.004494,0.000072,3.962000,0.013930,0.000000,0.000000,0.000691,0,0
275100000000,275400000000,6283499093,402,257498392,0.000343,0.001095,0.001917,0.000196,0.000297,0.001442,0.000000,0.000000,0.004120,0.000000,2.541000,0.007384,0.000000,0.000000,0.000077,0,0
275400000000,275700000000,6283499093,402,257498392,0.000338,0.001030,0.001917,0.000195,0.000234,0.001291,0.000001,0.000000,0.005592,0.000143,2.281000,0.006291,0.000000,0.000000,0.000065,0,0
275700000000,276000000000,6283499093,402,257498392,0.000393,0.001373,0.001921,0.000195,0.000576,0.001440,0.000000,0.000000,0.006470,0.000143,2.358000,0.006723,0.000000,0.000000,0.000167,0,0
276000000000,276300000000,6283499093,402,257498392,0.000843,0.001352,0.001917,0.000202,0.000493,0.001583,0.000046,0.000000,0.034850,0.011990,0.682100,0.000564,0.000000,0.000000,0.000631,0,0
276300000000,276600000000,6283499093,402,257498392,0.000488,0.001307,0.001917,0.000206,0.000445,0.001535,0.000002,0.000000,0.002483,0.000500,3.529000,0.011970,0.000000,0.000000,0.000236,0,0
276600000000,276900000000,6283499093,402,257498392,0.000366,0.001287,0.001917,0.000202,0.000423,0.001532,0.000000,0.000000,0.005226,0.000072,2.650000,0.008083,0.000000,0.000000,0.000074,0,0
276900000000,277200000000,6283499093,402,257498392,0.000334,0.001253,0.001917,0.000199,0.000385,0.001535,0.000001,0.000000,0.006355,0.000215,2.187000,0.005927,0.000000,0.000000,0.000081,0,0
277200000000,277500000000,6283499093,402,257498392,0.000349,0.001270,0.001919,0.000200,0.000407,0.001535,0.000005,0.000000,0.001495,0.000428,2.369000,0.006561,0.000000,0.000000,0.000288,0,0
277500000000,277800000000,6283499093,402,257498392,0.000330,0.001286,0.001923,0.000199,0.000419,0.001535,0.000003,0.000000,0.004608,0.000143,2.224000,0.006474,0.000000,0.000000,0.000175,0,0
277800000000,278100000000,6283499093,402,257498392,0.000351,0.001320,0.001923,0.000199,0.000454,0.001535,0.000002,0.000000,0.006126,0.000215,2.417000,0.007571,0.000000,0.000000,0.000266,0,0
278100000000,278400000000,6283499093,402,257498392,0.000356,0.001266,0.001923,0.000200,0.000400,0.001534,0.000001,0.000000,0.004822,0.000143,2.181000,0.006325,0.000000,0.000000,0.000481,0,0
278400000000,278700000000,6283499093,402,257498392,0.000340,0.001360,0.001923,0.000199,0.000495,0.001535,0.000001,0.000000,0.005066,0.000143,2.339000,0.007264,0.000000,0.000000,0.005066,0,0
278700000000,279000000000,6283499093,402,257498392,0.000375,0.001190,0.001921,0.000199,0.000325,0.001534,0.000002,0.000000,0.005142,0.000215,2.436000,0.007667,0.000000,0.000000,0.004829,0,0
279000000000,279300000000,6283499093,402,257498392,0.000337,0.001396,0.001925,0.000199,0.000530,0.001537,0.000001,0.000000,0.005028,0.000143,2.423000,0.007649,0.000000,0.000000,0.000434,0,0
279300000000,279600000000,6283499093,402,257498392,0.000313,0.001268,0.001921,0.000199,0.000403,0.001535,0.000000,0.000000,0.004692,0.000000,2.227000,0.006376,0.000000,0.000000,0.000332,0,0
279600000000,279900000000,6283499093,402,257498392,0.000302,0.001293,0.001923,0.000199,0.000426,0.001537,0.000002,0.000000,0.004784,0.000286,2.034000,0.004971,0.000000,0.000000,0.000364,0,0
279900000000,280200000000,6283499093,402,257498392,0.000302,0.001343,0.001923,0.000200,0.000478,0.001537,0.000001,0.000000,0.004929,0.000286,1.969000,0.004509,0.000000,0.000000,0.000347,0,0
280200000000,280500000000,6283499093,402,257498392,0.000327,0.001183,0.001923,0.000200,0.000316,0.001535,0.000001,0.000000,0.007256,0.000143,1.870000,0.004181,0.000000,0.000000,0.000663,0,0
280500000000,280800000000,6283499093,402,257498392,0.000327,0.001413,0.001925,0.000200,0.000547,0.001539,0.000003,0.000000,0.006203,0.000500,2.122000,0.005363,0.000000,0.000000,0.000414,0,0
280800000000,281100000000,6283499093,402,257498392,0.000316,0.001324,0.001926,0.000206,0.000565,0.001535,0.000027,0.000000,0.004959,0.007286,2.133000,0.005768,0.000000,0.000000,0.000075,0,0
281100000000,281400000000,6283499093,402,257498392,0.000300,0.001135,0.001928,0.000211,0.000659,0.001167,0.000000,0.000000,0.004700,0.000000,1.959000,0.005012,0.000000,0.000000,0.000162,0,0
281400000000,281559000000,6283499093,402,257498392,0.000306,0.001125,0.001928,0.000211,0.000659,0.001150,0.000052,0.000000,0.003155,0.008148,1.867000,0.004195,0.000000,0.000000,0.000112,0,0
281559000000,281569000000,6283499093,402,257498392,0.000210,0.000000,0.000000,0.000000,0.000000,0.000000,0.000029,0.000000,0.002094,0.000215,1.793000,0.003744,0.000000,0.000000,0.000000,0,0
281569000000,281570000000,6283499093,402,257498392,0.000000,0.000000,0.000000,0.000000,0.000000,0.000000,0.000000,0.000000,0.000000,0.000000,1.793000,0.003744,0.000000,0.000000,0.000000,0,0
