272503000000,272615000000,6283499093,403,3416697113,0.000000,0.000000,0.000000,0.000000,0.000000,0.000000,0.000000,0.000000,0.000000,0.000000,0.000000,0.000000,0.000000,0.000000,0.000000,0,0
272615000000,272700000000,6283499093,403,3416697113,0.000642,0.000871,0.001926,0.000079,0.000088,0.000967,0.000547,0.000000,0.013850,0.016570,0.998200,0.001552,0.000000,0.000000,0.000311,0,0
272700000000,273000000000,6283499093,403,3416697113,0.000305,0.000853,0.001926,0.000076,0.000081,0.000939,0.000001,0.000000,0.004135,0.000428,3.093000,0.009911,0.000000,0.000000,0.000200,0,0
273000000000,273300000000,6283499093,403,3416697113,0.000323,0.000887,0.001926,0.000076,0.000106,0.001307,0.000002,0.000000,0.004974,0.000643,2.350000,0.006406,0.000000,0.000000,0.000192,0,0
273300000000,273600000000,6283499093,403,3416697113,0.000282,0.000939,0.001925,0.000077,0.000149,0.001312,0.000000,0.000000,0.004478,0.000072,2.615000,0.007594,0.000000,0.000000,0.000532,0,0
273600000000,273900000000,6283499093,403,3416697113,0.000302,0.001047,0.001925,0.000077,0.000253,0.001316,0.000000,0.000000,0.004181,0.000072,2.461000,0.006734,0.000000,0.000000,0.000131,0,0
273900000000,274200000000,6283499093,403,3416697113,0.000314,0.001116,0.001926,0.000077,0.000302,0.001337,0.000001,0.000000,0.003445,0.000357,2.560000,0.007509,0.000000,0.000000,0.000178,0,0
274200000000,274500000000,6283499093,403,3416697113,0.000298,0.001083,0.001928,0.000077,0.000267,0.001339,0.000006,0.000000,0.004646,0.000857,2.391000,0.006699,0.000000,0.000000,0.000168,0,0
274500000000,274800000000,6283499093,403,3416697113,0.000290,0.000990,0.001925,0.000077,0.000177,0.001329,0.000000,0.000000,0.004585,0.000072,2.006000,0.004816,0.000000,0.000000,0.000158,0,0
274800000000,275100000000,6283499093,403,3416697113,0.000300,0.000948,0.001926,0.000078,0.000133,0.001331,0.000003,0.000000,0.004677,0.000714,2.202000,0.005837,0.000000,0.000000,0.000251,0,0
275100000000,275400000000,6283499093,403,3416697113,0.000268,0.000996,0.001925,0.000077,0.000180,0.001337,0.000000,0.000000,0.004532,0.000000,2.501000,0.006890,0.000000,0.000000,0.000447,0,0
275400000000,275700000000,6283499093,403,3416697113,0.000286,0.001034,0.001925,0.000073,0.000215,0.001337,0.000000,0.000000,0.004738,0.000072,2.527000,0.007168,0.000000,0.000000,0.000110,0,0
275700000000,276000000000,6283499093,403,3416697113,0.000272,0.000948,0.001926,0.000073,0.000129,0.001335,0.000004,0.000000,0.004349,0.001072,2.056000,0.004977,0.000000,0.000000,0.000140,0,0
276000000000,276300000000,6283499093,403,3416697113,0.000279,0.001007,0.001925,0.000073,0.000188,0.001335,0.000000,0.000000,0.005058,0.000072,2.167000,0.005544,0.000000,0.000000,0.000232,0,0
276300000000,276600000000,6283499093,403,3416697113,0.000260,0.001022,0.001926,0.000073,0.000204,0.001339,0.000000,0.000000,0.004616,0.000000,2.494000,0.006592,0.000000,0.000000,0.000182,0,0
276600000000,276900000000,6283499093,403,3416697113,0.000268,0.001038,0.001926,0.000073,0.000217,0.001343,0.000001,0.000000,0.018310,0.000143,1.759000,0.003961,0.000000,0.000000,0.000179,0,0
276900000000,277200000000,6283499093,403,3416697113,0.000278,0.000950,0.001926,0.000073,0.000126,0.001268,0.000001,0.000000,0.004929,0.000143,2.517000,0.007499,0.000000,0.000000,0.000148,0,0
277200000000,277500000000,6283499093,403,3416697113,0.000260,0.000951,0.001926,0.000073,0.000128,0.001299,0.000005,0.000000,0.003159,0.000643,2.843000,0.008849,0.000000,0.000000,0.000406,0,0
277500000000,277800000000,6283499093,403,3416697113,0.000256,0.001036,0.001926,0.000073,0.000212,0.001345,0.000006,0.000000,0.004456,0.000786,2.811000,0.008813,0.000000,0.000000,0.000122,0,0
277800000000,277819000000,6283499093,403,3416697113,0.000498,0.001032,0.001925,0.000074,0.000281,0.001343,0.000428,0.000000,0.004616,0.007782,2.371000,0.007091,0.000000,0.000000,0.000148,0,0
277819000000,277835000000,6283499093,403,3416697113,0.000153,0.000000,0.000000,0.000000,0.000000,0.000000,0.000005,0.000000,0.002445,0.000072,2.371000,0.007091,0.000000,0.000000,0.000000,0,0
277835000000,277837000000,6283499093,403,3416697113,0.000000,0.000000,0.000000,0.000000,0.000000,0.000000,0.000000,0.000000,0.000000,0.000000,2.371000,0.007091,0.000000,0.000000,0.000000,0,0
