272500000000,272620000000,6283499093,404,257388824,0.000000,0.000000,0.000000,0.000000,0.000000,0.000000,0.000000,0.000000,0.000000,0.000000,0.000000,0.000000,0.000000,0.000000,0.000000,0,0
272620000000,272700000000,6283499093,404,257388824,0.000824,0.000922,0.001926,0.000114,0.000166,0.001217,0.001194,0.000000,0.044130,0.017700,3.664000,0.011050,0.000000,0.000000,0.000302,0,0
272700000000,273000000000,6283499093,404,257388824,0.000500,0.001005,0.001923,0.000117,0.000209,0.001343,0.000001,0.000000,0.004433,0.000143,3.108000,0.009704,0.000000,0.000000,0.000234,0,0
273000000000,273300000000,6283499093,404,257388824,0.000467,0.000958,0.001923,0.000117,0.000165,0.001253,0.000000,0.000000,0.005333,0.000072,3.415000,0.011270,0.000000,0.000000,0.000213,0,0
273300000000,273600000000,6283499093,404,257388824,0.000417,0.000973,0.001925,0.000116,0.000176,0.001360,0.000000,0.000000,0.004677,0.000072,2.387000,0.006609,0.000000,0.000000,0.000131,0,0
273600000000,273900000000,6283499093,404,257388824,0.000387,0.001041,0.001925,0.000116,0.000230,0.001371,0.000000,0.000000,0.004555,0.000143,2.704000,0.007970,0.000000,0.000000,0.000277,0,0
273900000000,274200000000,6283499093,404,257388824,0.000430,0.001101,0.001923,0.000117,0.000280,0.001394,0.000015,0.000000,0.013730,0.004074,2.682000,0.008109,0.000000,0.000000,0.000184,0,0
274200000000,274500000000,6283499093,404,257388824,0.000374,0.001154,0.001925,0.000117,0.000328,0.001390,0.000002,0.000000,0.004723,0.000215,2.066000,0.005061,0.000000,0.000000,0.000345,0,0
274500000000,274800000000,6283499093,404,257388824,0.000342,0.001162,0.001923,0.000117,0.000334,0.001390,0.000000,0.000000,0.004395,0.000000,2.643000,0.007437,0.000000,0.000000,0.000104,0,0
274800000000,275100000000,6283499093,404,257388824,0.000340,0.001118,0.001925,0.000117,0.000290,0.001390,0.000000,0.000000,0.002293,0.000072,2.560000,0.007076,0.000000,0.000000,0.000160,0,0
275100000000,275400000000,6283499093,404,257388824,0.000324,0.001110,0.001925,0.000117,0.000281,0.001390,0.000000,0.000000,0.004387,0.000072,2.788000,0.008158,0.000000,0.000000,0.000612,0,0
275400000000,275700000000,6283499093,404,257388824,0.000334,0.001070,0.001923,0.000117,0.000243,0.001390,0.000000,0.000000,0.001215,0.000072,2.876000,0.008386,0.000000,0.000000,0.000129,0,0
275700000000,276000000000,6283499093,404,257388824,0.000345,0.001030,0.001925,0.000117,0.000201,0.001389,0.000002,0.000000,0.004791,0.000357,2.150000,0.005444,0.000000,0.000000,0.000125,0,0
276000000000,276300000000,6283499093,404,257388824,0.000486,0.000996,0.001923,0.000117,0.000157,0.001253,0.000001,0.000000,0.004463,0.000143,3.322000,0.010630,0.000000,0.000000,0.000252,0,0
276300000000,276600000000,6283499093,404,257388824,0.000586,0.001003,0.001923,0.000118,0.000160,0.001171,0.000031,0.000000,0.015430,0.006927,2.837000,0.008650,0.000000,0.000000,0.003532,0,0
276600000000,276900000000,6283499093,404,257388824,0.000388,0.000992,0.001925,0.000117,0.000145,0.001169,0.000001,0.000000,0.006264,0.000357,3.099000,0.009653,0.000000,0.000000,0.000219,0,0
276900000000,277200000000,6283499093,404,257388824,0.000403,0.001059,0.001923,0.000117,0.000206,0.001312,0.000003,0.000000,0.007629,0.000500,2.237000,0.005985,0.000000,0.000000,0.000724,0,0
277200000000,277500000000,6283499093,404,257388824,0.000367,0.001076,0.001925,0.000117,0.000220,0.001427,0.000014,0.000000,0.011460,0.001572,2.519000,0.007235,0.000000,0.000000,0.000157,0,0
277500000000,277800000000,6283499093,404,257388824,0.000328,0.001114,0.001923,0.000117,0.000254,0.001425,0.000010,0.000000,0.005096,0.001358,2.789000,0.008458,0.000000,0.000000,0.000431,0,0
277800000000,278100000000,6283499093,404,257388824,0.000412,0.001133,0.001923,0.000117,0.000270,0.001432,0.000002,0.000000,0.011580,0.000286,2.417000,0.006856,0.000000,0.000000,0.000667,0,0
278100000000,278400000000,6283499093,404,257388824,0.000382,0.001150,0.001923,0.000117,0.000290,0.001423,0.000003,0.000000,0.005119,0.000786,2.904000,0.009063,0.000000,0.000000,0.000270,0,0
278400000000,278489000000,6283499093,404,257388824,0.000638,0.001177,0.001923,0.000117,0.000317,0.001431,0.000026,0.000000,0.021480,0.001785,1.721000,0.003806,0.000000,0.000000,0.000154,0,0
278489000000,278504000000,6283499093,404,257388824,0.000168,0.000026,0.000000,0.000009,0.000031,0.000389,0.000000,0.000000,0.002510,0.000000,1.333000,0.002083,0.000000,0.000000,0.000000,0,0
278504000000,278505000000,6283499093,404,257388824,0.000000,0.000000,0.000000,0.000000,0.000000,0.000000,0.000000,0.000000,0.000000,0.000000,1.333000,0.002083,0.000000,0.000000,0.000000,0,0
