272504000000,272636000000,6283499093,405,317508468,0.000000,0.000000,0.000000,0.000000,0.000000,0.000000,0.000000,0.000000,0.000000,0.000000,0.000000,0.000000,0.000000,0.000000,0.000000,0,0
272636000000,272700000000,6283499093,405,317508468,0.000827,0.000856,0.001925,0.000111,0.000142,0.001064,0.000876,0.000000,0.020230,0.015000,0.759800,0.000448,0.000000,0.000000,0.000173,0,0
272700000000,273000000000,6283499093,405,317508468,0.000344,0.000908,0.001925,0.000114,0.000153,0.001144,0.000001,0.000000,0.005318,0.000072,3.228000,0.009241,0.000000,0.000000,0.000210,0,0
273000000000,273300000000,6283499093,405,317508468,0.000314,0.000964,0.001923,0.000113,0.000203,0.001282,0.000004,0.000000,0.004395,0.001143,2.331000,0.005854,0.000000,0.000000,0.004395,0,0
273300000000,273600000000,6283499093,405,317508468,0.000316,0.000988,0.001923,0.000113,0.000224,0.001322,0.000000,0.000000,0.004547,0.000000,3.990000,0.012820,0.000000,0.000000,0.000186,0,0
273600000000,273900000000,6283499093,405,317508468,0.000604,0.001072,0.001921,0.000114,0.000273,0.001411,0.000023,0.000000,0.017940,0.004501,1.590000,0.003108,0.000000,0.000000,0.000561,0,0
273900000000,274200000000,6283499093,405,317508468,0.000580,0.001104,0.001919,0.000113,0.000253,0.001421,0.000000,0.000000,0.005028,0.000072,7.356000,0.027820,0.000000,0.000000,0.000382,0,0
274200000000,274500000000,6283499093,405,317508468,0.000515,0.001064,0.001921,0.000113,0.000202,0.001417,0.000003,0.000000,0.005035,0.000786,5.452000,0.019800,0.000000,0.000000,0.000466,0,0
274500000000,274800000000,6283499093,405,317508468,0.002144,0.001095,0.001923,0.000109,0.000180,0.001680,0.000004,0.000000,0.059570,0.000500,2.983000,0.008883,0.000000,0.000000,0.000084,0,0
274800000000,275100000000,6283499093,405,317508468,0.000920,0.001244,0.001921,0.000108,0.000209,0.001602,0.000019,0.000000,0.051940,0.003357,1.052000,0.001898,0.000000,0.000000,0.000202,0,0
275100000000,275400000000,6283499093,405,317508468,0.000519,0.001261,0.001921,0.000106,0.000238,0.001596,0.000006,0.000000,0.005836,0.000929,3.692000,0.011640,0.000000,0.000000,0.000419,0,0
275400000000,275700000000,6283499093,405,317508468,0.000369,0.001274,0.001923,0.000105,0.000258,0.001585,0.000001,0.000000,0.005432,0.000143,4.074000,0.013360,0.000000,0.000000,0.000148,0,0
275700000000,276000000000,6283499093,405,317508468,0.000329,0.001276,0.001921,0.000105,0.000262,0.001585,0.000001,0.000000,0.004463,0.000286,2.395000,0.006324,0.000000,0.000000,0.000129,0,0
276000000000,276300000000,6283499093,405,317508468,0.000943,0.001282,0.001921,0.000107,0.000255,0.001606,0.000020,0.000000,0.059020,0.004143,1.323000,0.001821,0.000000,0.000000,0.000726,0,0
276300000000,276600000000,6283499093,405,317508468,0.000794,0.001328,0.001917,0.000132,0.000291,0.001657,0.000010,0.000000,0.002663,0.002213,5.168000,0.018990,0.000000,0.000000,0.000584,0,0
276600000000,276900000000,6283499093,405,317508468,0.000737,0.001310,0.001917,0.000131,0.000281,0.001631,0.000010,0.000000,0.007462,0.001499,6.905000,0.025820,0.000000,0.000000,0.000417,0,0
276900000000,277200000000,6283499093,405,317508468,0.000465,0.001259,0.001921,0.000133,0.000276,0.001604,0.000026,0.000000,0.006691,0.004501,1.793000,0.004107,0.000000,0.000000,0.000278,0,0
277200000000,277500000000,6283499093,405,317508468,0.000397,0.001234,0.001921,0.000132,0.000259,0.001572,0.000003,0.000000,0.006416,0.000143,4.027000,0.013330,0.000000,0.000000,0.000681,0,0
277500000000,277800000000,6283499093,405,317508468,0.000400,0.001257,0.001921,0.000131,0.000282,0.001574,0.000008,0.000000,0.007065,0.000714,3.073000,0.009109,0.000000,0.000000,0.000430,0,0
277800000000,278100000000,6283499093,405,317508468,0.000369,0.001249,0.001923,0.000131,0.000275,0.001574,0.000002,0.000000,0.001802,0.000286,2.978000,0.008788,0.000000,0.000000,0.000350,0,0
278100000000,278400000000,6283499093,405,317508468,0.000434,0.001310,0.001930,0.000136,0.000604,0.001575,0.000020,0.000000,0.004532,0.005928,3.054000,0.009150,0.000000,0.000000,0.000634,0,0
278400000000,278700000000,6283499093,405,317508468,0.000407,0.001183,0.001930,0.000136,0.000605,0.001194,0.000003,0.000000,0.005135,0.000714,3.411000,0.010960,0.000000,0.000000,0.000554,0,0
278700000000,278849000000,6283499093,405,317508468,0.000382,0.001183,0.001932,0.000136,0.000605,0.001192,0.000068,0.000000,0.005096,0.009933,2.884000,0.009013,0.000000,0.000000,0.000578,0,0
278849000000,278862000000,6283499093,405,317508468,0.000189,0.000000,0.000000,0.000000,0.000000,0.000000,0.000038,0.000000,0.002453,0.000357,2.682000,0.007830,0.000000,0.000000,0.000000,0,0
278862000000,278863000000,6283499093,405,317508468,0.000000,0.000000,0.000000,0.000000,0.000000,0.000000,0.000000,0.000000,0.000000,0.000000,2.682000,0.007830,0.000000,0.000000,0.000000,0,0
