272530000000,272622000000,6283499093,406,2378314353,0.000000,0.000000,0.000000,0.000000,0.000000,0.000000,0.000000,0.000000,0.000000,0.000000,0.000000,0.000000,0.000000,0.000000,0.000000,0,0
272622000000,272700000000,6283499093,406,2378314353,0.000859,0.001207,0.001926,0.000167,0.000445,0.001493,0.001217,0.000000,0.033140,0.018920,2.809000,0.008038,0.000000,0.000000,0.000146,0,0
272700000000,273000000000,6283499093,406,2378314353,0.000385,0.001173,0.001926,0.000173,0.000462,0.001427,0.000000,0.000000,0.004547,0.000000,2.763000,0.007876,0.000000,0.000000,0.000325,0,0
273000000000,273300000000,6283499093,406,2378314353,0.000412,0.001162,0.001926,0.000173,0.000455,0.001324,0.000000,0.000000,0.014300,0.000143,2.895000,0.008714,0.000000,0.000000,0.000893,0,0
273300000000,273600000000,6283499093,406,2378314353,0.000385,0.001154,0.001926,0.000174,0.000444,0.001329,0.000001,0.000000,0.004776,0.000215,2.668000,0.007737,0.000000,0.000000,0.000163,0,0
273600000000,273900000000,6283499093,406,2378314353,0.000351,0.001078,0.001925,0.000168,0.000362,0.001337,0.000000,0.000000,0.005417,0.000072,2.679000,0.007656,0.000000,0.000000,0.000375,0,0
273900000000,274200000000,6283499093,406,2378314353,0.000327,0.001080,0.001925,0.000166,0.000361,0.001329,0.000000,0.000000,0.004570,0.000000,2.634000,0.007498,0.000000,0.000000,0.000111,0,0
274200000000,274500000000,6283499093,406,2378314353,0.000387,0.001093,0.001925,0.000166,0.000356,0.001360,0.000003,0.000000,0.004280,0.000215,2.375000,0.006382,0.000000,0.000000,0.000194,0,0
274500000000,274800000000,6283499093,406,2378314353,0.000374,0.001068,0.001925,0.000166,0.000318,0.001360,0.000000,0.000000,0.001848,0.000000,3.281000,0.010030,0.000000,0.000000,0.000666,0,0
274800000000,275100000000,6283499093,406,2378314353,0.001198,0.001225,0.001921,0.000168,0.000346,0.001553,0.000023,0.000000,0.045900,0.003998,2.166000,0.005826,0.000000,0.000000,0.004478,0,0
275100000000,275400000000,6283499093,406,2378314353,0.000552,0.001226,0.001921,0.000166,0.000307,0.001553,0.000000,0.000000,0.005119,0.000000,3.471000,0.011430,0.000000,0.000000,0.000630,0,0
275400000000,275700000000,6283499093,406,2378314353,0.002716,0.001188,0.001923,0.000169,0.000230,0.001755,0.000007,0.000000,0.085330,0.000571,0.639300,0.000301,0.000000,0.000000,0.000446,0,0
275700000000,276000000000,6283499093,406,2378314353,0.000973,0.001337,0.001923,0.000169,0.000298,0.001743,0.000005,0.000000,0.052920,0.000643,0.815200,0.000936,0.000000,0.000000,0.000340,0,0
276000000000,276300000000,6283499093,406,2378314353,0.000409,0.001337,0.001923,0.000168,0.000327,0.001648,0.000000,0.000000,0.005501,0.000072,3.090000,0.009455,0.000000,0.000000,0.000284,0,0
276300000000,276600000000,6283499093,406,2378314353,0.000475,0.001291,0.001923,0.000164,0.000295,0.001631,0.000000,0.000000,0.008408,0.000072,3.049000,0.009098,0.000000,0.000000,0.000447,0,0
276600000000,276900000000,6283499093,406,2378314353,0.000431,0.001301,0.001923,0.000158,0.000300,0.001627,0.000006,0.000000,0.006554,0.000929,3.151000,0.009632,0.000000,0.000000,0.000348,0,0
276900000000,277200000000,6283499093,406,2378314353,0.000434,0.001335,0.001923,0.000159,0.000332,0.001631,0.000000,0.000000,0.002895,0.000072,3.167000,0.009881,0.000000,0.000000,0.000307,0,0
277200000000,277459000000,6283499093,406,2378314353,0.001829,0.001310,0.002071,0.000122,0.000245,0.001881,0.000027,0.000000,0.079470,0.004425,0.626600,0.000295,0.000000,0.000000,0.000193,0,0
277459000000,277474000000,6283499093,406,2378314353,0.000249,0.000000,0.000000,0.000000,0.000000,0.000000,0.000133,0.000000,0.003742,0.001499,0.756800,0.000769,0.000000,0.000000,0.000000,0,0
277474000000,277475000000,6283499093,406,2378314353,0.000000,0.000000,0.000000,0.000000,0.000000,0.000000,0.000000,0.000000,0.000000,0.000000,0.756800,0.000769,0.000000,0.000000,0.000000,0,0
