272493000000,272579000000,6283499093,41,227424758,0.000000,0.000000,0.000000,0.000000,0.000000,0.000000,0.000000,0.000000,0.000000,0.000000,0.000000,0.000000,0.000000,0.000000,0.000000,0,0
272579000000,272700000000,6283499093,41,227424758,0.000667,0.001312,0.001926,0.000116,0.000505,0.001451,0.000791,0.000000,0.021000,0.019290,2.694000,0.008114,0.000000,0.000000,0.000399,0,0
272700000000,273000000000,6283499093,41,227424758,0.000414,0.001244,0.001926,0.000114,0.000464,0.001341,0.000000,0.000000,0.004021,0.000000,3.293000,0.010530,0.000000,0.000000,0.000251,0,0
273000000000,273300000000,6283499093,41,227424758,0.000434,0.001163,0.001925,0.000106,0.000364,0.001371,0.000013,0.000000,0.007996,0.003429,2.822000,0.008711,0.000000,0.000000,0.000291,0,0
273300000000,273600000000,6283499093,41,227424758,0.000369,0.001066,0.001923,0.000107,0.000259,0.001362,0.000001,0.000000,0.005638,0.000215,2.267000,0.006041,0.000000,0.000000,0.000133,0,0
273600000000,273900000000,6283499093,41,227424758,0.000420,0.000996,0.001923,0.000107,0.000182,0.001366,0.000005,0.000000,0.024510,0.001143,2.369000,0.006550,0.000000,0.000000,0.000163,0,0
273900000000,274200000000,6283499093,41,227424758,0.000537,0.001102,0.001921,0.000111,0.000243,0.001467,0.000057,0.000000,0.010960,0.006432,3.226000,0.010510,0.000000,0.000000,0.000124,0,0
274200000000,274500000000,6283499093,41,227424758,0.000486,0.001024,0.001921,0.000112,0.000141,0.001299,0.000003,0.000000,0.005280,0.000643,2.554000,0.007428,0.000000,0.000000,0.000684,0,0
274500000000,274800000000,6283499093,41,227424758,0.000412,0.001160,0.001921,0.000107,0.000269,0.001463,0.000000,0.000000,0.005005,0.000072,3.166000,0.010120,0.000000,0.000000,0.000400,0,0
274800000000,275100000000,6283499093,41,227424758,0.000420,0.001198,0.001921,0.000106,0.000304,0.001471,0.000001,0.000000,0.010180,0.000072,2.102000,0.005345,0.000000,0.000000,0.000431,0,0
275100000000,275400000000,6283499093,41,227424758,0.000489,0.001102,0.001923,0.000106,0.000193,0.001476,0.000002,0.000000,0.015750,0.000215,2.601000,0.007479,0.000000,0.000000,0.000191,0,0
275400000000,275700000000,6283499093,41,227424758,0.000443,0.001158,0.001923,0.000106,0.000250,0.001480,0.000000,0.000000,0.004311,0.000072,3.402000,0.010970,0.000000,0.000000,0.000343,0,0
275700000000,276000000000,6283499093,41,227424758,0.000468,0.001184,0.001921,0.000110,0.000277,0.001499,0.000027,0.000000,0.015290,0.007217,1.812000,0.004296,0.000000,0.000000,0.000530,0,0
276000000000,276300000000,6283499093,41,227424758,0.000374,0.001219,0.001923,0.000107,0.000310,0.001482,0.000002,0.000000,0.004532,0.000143,2.549000,0.007204,0.000000,0.000000,0.000148,0,0
276300000000,276600000000,6283499093,41,227424758,0.000378,0.001120,0.001921,0.000107,0.000204,0.001490,0.000001,0.000000,0.004890,0.000286,2.580000,0.007365,0.000000,0.000000,0.000287,0,0
276600000000,276900000000,6283499093,41,227424758,0.000361,0.001223,0.001921,0.000108,0.000306,0.001492,0.000001,0.000000,0.006714,0.000072,2.865000,0.008275,0.000000,0.000000,0.000191,0,0
276900000000,277200000000,6283499093,41,227424758,0.000353,0.001265,0.001923,0.000108,0.000346,0.001492,0.000000,0.000000,0.005638,0.000000,2.455000,0.006713,0.000000,0.000000,0.000443,0,0
277200000000,277500000000,6283499093,41,227424758,0.000339,0.001209,0.001923,0.000108,0.000296,0.001492,0.000003,0.000000,0.005096,0.000072,2.854000,0.008359,0.000000,0.000000,0.000196,0,0
277500000000,277800000000,6283499093,41,227424758,0.000334,0.001177,0.001923,0.000108,0.000272,0.001484,0.000005,0.000000,0.001516,0.000428,2.429000,0.006757,0.000000,0.000000,0.000151,0,0
277800000000,278100000000,6283499093,41,227424758,0.000365,0.001209,0.001923,0.000108,0.000292,0.001492,0.000009,0.000000,0.004440,0.000643,2.333000,0.006419,0.000000,0.000000,0.000261,0,0
278100000000,278400000000,6283499093,41,227424758,0.000357,0.001240,0.001923,0.000108,0.000326,0.001490,0.000005,0.000000,0.005196,0.000428,2.669000,0.007976,0.000000,0.000000,0.000283,0,0
278400000000,278700000000,6283499093,41,227424758,0.000358,0.001251,0.001928,0.000109,0.000438,0.001497,0.000003,0.000000,0.006058,0.000286,3.000000,0.009363,0.000000,0.000000,0.000424,0,0
278700000000,279000000000,6283499093,41,227424758,0.000333,0.001129,0.001930,0.000118,0.000452,0.001175,0.000071,0.000000,0.005318,0.017910,3.096000,0.009899,0.000000,0.000000,0.000165,0,0
279000000000,279300000000,6283499093,41,227424758,0.000369,0.001125,0.001930,0.000133,0.000470,0.001154,0.000010,0.000000,0.005981,0.002144,2.368000,0.006742,0.000000,0.000000,0.000133,0,0
279300000000,279600000000,6283499093,41,227424758,0.000384,0.001114,0.001930,0.000133,0.000470,0.001127,0.000005,0.000000,0.004974,0.000714,2.574000,0.008140,0.000000,0.000000,0.000115,0,0
279600000000,279900000000,6283499093,41,227424758,0.001368,0.001156,0.001930,0.000137,0.000474,0.001526,0.000010,0.000000,0.074830,0.000999,2.072000,0.006332,0.000000,0.000000,0.000247,0,0
279900000000,279960000000,6283499093,41,227424758,0.000915,0.001097,0.001926,0.000165,0.000497,0.001308,0.000327,0.000000,0.013260,0.011000,0.662100,0.000514,0.000000,0.000000,0.000202,0,0
279960000000,279971000000,6283499093,41,227424758,0.000116,0.000000,0.000000,0.000000,0.000000,0.000000,0.000000,0.000000,0.001284,0.000000,8.688000,0.036270,0.000000,0.000000,0.000000,0,0
279971000000,279972000000,6283499093,41,227424758,0.000000,0.000000,0.000000,0.000000,0.000000,0.000000,0.000000,0.000000,0.000000,0.000000,8.688000,0.036270,0.000000,0.000000,0.000000,0,0
