272494000000,272580000000,6283499093,42,1324986,0.000000,0.000000,0.000000,0.000000,0.000000,0.000000,0.000001,0.000000,0.000000,0.000072,0.000000,0.000000,0.000000,0.000000,0.000000,0,0
272580000000,272700000000,6283499093,42,1324986,0.000633,0.001066,0.001923,0.000138,0.000267,0.001451,0.000728,0.000000,0.012240,0.024570,2.590000,0.007723,0.000000,0.000000,0.000117,0,0
272700000000,273000000000,6283499093,42,1324986,0.000342,0.000992,0.001923,0.000141,0.000263,0.001312,0.000000,0.000000,0.004799,0.000000,2.485000,0.007028,0.000000,0.000000,0.000197,0,0
273000000000,273300000000,6283499093,42,1324986,0.000388,0.000997,0.001923,0.000140,0.000256,0.001329,0.000004,0.000000,0.006783,0.000999,2.286000,0.006194,0.000000,0.000000,0.000132,0,0
273300000000,273600000000,6283499093,42,1324986,0.000380,0.000984,0.001923,0.000141,0.000235,0.001328,0.000000,0.000000,0.004250,0.000000,2.813000,0.008514,0.000000,0.000000,0.000635,0,0
273600000000,273900000000,6283499093,42,1324986,0.000368,0.000950,0.001923,0.000141,0.000198,0.001209,0.000003,0.000000,0.004799,0.000714,2.677000,0.007853,0.000000,0.000000,0.000325,0,0
273900000000,274200000000,6283499093,42,1324986,0.000355,0.000953,0.001923,0.000141,0.000197,0.001141,0.000000,0.000000,0.004478,0.000072,2.383000,0.006569,0.000000,0.000000,0.000286,0,0
274200000000,274500000000,6283499093,42,1324986,0.000386,0.000953,0.001923,0.000141,0.000196,0.001141,0.000004,0.000000,0.003998,0.000643,1.993000,0.004886,0.000000,0.000000,0.000434,0,0
274500000000,274800000000,6283499093,42,1324986,0.000346,0.000980,0.001923,0.000141,0.000217,0.001345,0.000000,0.000000,0.004684,0.000000,2.488000,0.006858,0.000000,0.000000,0.000219,0,0
274800000000,275100000000,6283499093,42,1324986,0.000352,0.001034,0.001923,0.000141,0.000270,0.001348,0.000001,0.000000,0.004471,0.000143,2.697000,0.007762,0.000000,0.000000,0.000808,0,0
275100000000,275400000000,6283499093,42,1324986,0.000423,0.001080,0.001923,0.000142,0.000307,0.001379,0.000014,0.000000,0.012010,0.003429,2.576000,0.007310,0.000000,0.000000,0.000513,0,0
275400000000,275700000000,6283499093,42,1324986,0.000400,0.001051,0.001921,0.000141,0.000265,0.001371,0.000000,0.000000,0.004356,0.000072,3.011000,0.009326,0.000000,0.000000,0.000253,0,0
275700000000,276000000000,6283499093,42,1324986,0.000382,0.001019,0.001923,0.000141,0.000233,0.001373,0.000000,0.000000,0.004745,0.000000,3.196000,0.010250,0.000000,0.000000,0.000389,0,0
276000000000,276300000000,6283499093,42,1324986,0.000359,0.001091,0.001923,0.000141,0.000303,0.001383,0.000002,0.000000,0.004532,0.000215,2.490000,0.006989,0.000000,0.000000,0.000353,0,0
276300000000,276600000000,6283499093,42,1324986,0.000347,0.001055,0.001923,0.000141,0.000258,0.001389,0.000000,0.000000,0.005180,0.000072,2.836000,0.008478,0.000000,0.000000,0.001728,0,0
276600000000,276900000000,6283499093,42,1324986,0.000320,0.001013,0.001923,0.000141,0.000200,0.001364,0.000002,0.000000,0.004318,0.000143,2.588000,0.007599,0.000000,0.000000,0.000428,0,0
276900000000,277200000000,6283499093,42,1324986,0.000353,0.001245,0.001928,0.000140,0.000433,0.001400,0.000001,0.000000,0.003426,0.000072,2.512000,0.007253,0.000000,0.000000,0.000182,0,0
277200000000,277500000000,6283499093,42,1324986,0.000351,0.001310,0.001928,0.000139,0.000497,0.001400,0.000007,0.000000,0.004440,0.001429,2.744000,0.008309,0.000000,0.000000,0.000295,0,0
277500000000,277800000000,6283499093,42,1324986,0.000388,0.001234,0.001925,0.000135,0.000392,0.001450,0.000012,0.000000,0.004684,0.002430,2.810000,0.008468,0.000000,0.000000,0.000243,0,0
277800000000,278100000000,6283499093,42,1324986,0.000357,0.001106,0.001921,0.000135,0.000262,0.001444,0.000004,0.000000,0.004486,0.000143,2.927000,0.008980,0.000000,0.000000,0.000242,0,0
278100000000,278400000000,6283499093,42,1324986,0.000339,0.001183,0.001923,0.000135,0.000335,0.001446,0.000002,0.000000,0.004379,0.000072,2.337000,0.006228,0.000000,0.000000,0.000195,0,0
278400000000,278700000000,6283499093,42,1324986,0.000468,0.001301,0.001925,0.000135,0.000414,0.001497,0.000003,0.000000,0.016270,0.000143,2.532000,0.007066,0.000000,0.000000,0.000534,0,0
278700000000,279000000000,6283499093,42,1324986,0.000368,0.001326,0.001925,0.000136,0.000436,0.001488,0.000016,0.000000,0.009064,0.003571,2.401000,0.006572,0.000000,0.000000,0.000116,0,0
279000000000,279300000000,6283499093,42,1324986,0.000336,0.001348,0.001926,0.000138,0.000464,0.001484,0.000002,0.000000,0.005150,0.000143,2.378000,0.006398,0.000000,0.000000,0.000212,0,0
279300000000,279600000000,6283499093,42,1324986,0.000379,0.001406,0.001928,0.000138,0.000528,0.001484,0.000003,0.000000,0.005615,0.000428,1.877000,0.004226,0.000000,0.000000,0.000333,0,0
279600000000,279900000000,6283499093,42,1324986,0.000382,0.001303,0.001926,0.000138,0.000428,0.001476,0.000004,0.000000,0.002003,0.000286,2.753000,0.008082,0.000000,0.000000,0.000428,0,0
279900000000,280049000000,6283499093,42,1324986,0.000826,0.001055,0.001923,0.000138,0.000180,0.001305,0.000052,0.000000,0.052000,0.002499,2.802000,0.008133,0.000000,0.000000,0.000421,0,0
280049000000,280065000000,6283499093,42,1324986,0.000200,0.000000,0.000000,0.000000,0.000000,0.000000,0.000049,0.000000,0.003204,0.000786,3.951000,0.012360,0.000000,0.000000,0.000000,0,0
280065000000,280066000000,6283499093,42,1324986,0.000000,0.000000,0.000000,0.000000,0.000000,0.000000,0.000000,0.000000,0.000000,0.000000,3.951000,0.012360,0.000000,0.000000,0.000000,0,0
