272499000000,272632000000,6283499093,43,4820094425,0.000000,0.000000,0.000000,0.000000,0.000000,0.000000,0.000000,0.000000,0.000000,0.000000,0.000000,0.000000,0.000000,0.000000,0.000000,0,0
272632000000,272700000000,6283499093,43,4820094425,0.001205,0.000906,0.001909,0.000081,0.000088,0.001011,0.000651,0.000000,0.032590,0.021510,2.151000,0.000000,0.000000,0.000000,0.002785,0,0
272700000000,273000000000,6283499093,43,4820094425,0.000535,0.000949,0.001909,0.000076,0.000084,0.000997,0.000003,0.000000,0.015960,0.000286,2.512000,0.000000,0.000000,0.000000,0.000378,0,0
273000000000,273300000000,6283499093,43,4820094425,0.000468,0.000950,0.001911,0.000076,0.000086,0.001015,0.000000,0.000000,0.004944,0.000072,3.682000,0.000000,0.000000,0.000000,0.000480,0,0
273300000000,273600000000,6283499093,43,4820094425,0.000380,0.000974,0.001911,0.000076,0.000093,0.001070,0.000001,0.000000,0.004234,0.000143,3.447000,0.000000,0.000000,0.000000,0.000314,0,0
273600000000,273900000000,6283499093,43,4820094425,0.000328,0.000980,0.001911,0.000076,0.000096,0.001074,0.000000,0.000000,0.003044,0.000072,3.073000,0.000000,0.000000,0.000000,0.000112,0,0
273900000000,274200000000,6283499093,43,4820094425,0.000325,0.000982,0.001911,0.000076,0.000097,0.001108,0.000000,0.000000,0.004044,0.000000,2.573000,0.000000,0.000000,0.000000,0.000171,0,0
274200000000,274500000000,6283499093,43,4820094425,0.000379,0.000996,0.001911,0.000076,0.000108,0.001146,0.000008,0.000000,0.005142,0.001499,2.609000,0.000000,0.000000,0.000000,0.000629,0,0
274500000000,274800000000,6283499093,43,4820094425,0.000356,0.001001,0.001909,0.000076,0.000107,0.001146,0.000000,0.000000,0.001844,0.000000,2.984000,0.000000,0.000000,0.000000,0.001009,0,0
274800000000,275100000000,6283499093,43,4820094425,0.000592,0.001017,0.001909,0.000077,0.000109,0.001219,0.000004,0.000000,0.060910,0.000999,0.986900,0.000000,0.000000,0.000000,0.000318,0,0
275100000000,275400000000,6283499093,43,4820094425,0.000709,0.001181,0.001909,0.000078,0.000208,0.001558,0.000029,0.000000,0.053280,0.004356,0.942000,0.000000,0.000000,0.000000,0.000264,0,0
275400000000,275700000000,6283499093,43,4820094425,0.000455,0.001207,0.001907,0.000077,0.000213,0.001539,0.000004,0.000000,0.005157,0.000571,3.502000,0.000000,0.000000,0.000000,0.000523,0,0
275700000000,276000000000,6283499093,43,4820094425,0.000392,0.001221,0.001909,0.000077,0.000227,0.001537,0.000000,0.000000,0.005333,0.000072,3.777000,0.000000,0.000000,0.000000,0.004898,0,0
276000000000,276300000000,6283499093,43,4820094425,0.000364,0.001249,0.001905,0.000077,0.000254,0.001537,0.000002,0.000000,0.005859,0.000143,3.173000,0.000000,0.000000,0.000000,0.000157,0,0
276300000000,276600000000,6283499093,43,4820094425,0.000375,0.001268,0.001905,0.000077,0.000271,0.001541,0.000000,0.000000,0.002502,0.000072,3.386000,0.000000,0.000000,0.000000,0.000290,0,0
276600000000,276900000000,6283499093,43,4820094425,0.000377,0.001177,0.001905,0.000077,0.000183,0.001537,0.000001,0.000000,0.002888,0.000143,3.145000,0.000000,0.000000,0.000000,0.000198,0,0
276900000000,277200000000,6283499093,43,4820094425,0.000354,0.001228,0.001907,0.000077,0.000231,0.001543,0.000001,0.000000,0.006287,0.000143,3.321000,0.000000,0.000000,0.000000,0.000063,0,0
277200000000,277500000000,6283499093,43,4820094425,0.000385,0.001366,0.001909,0.000077,0.000367,0.001547,0.000005,0.000000,0.005501,0.000714,3.186000,0.000000,0.000000,0.000000,0.000219,0,0
277500000000,277800000000,6283499093,43,4820094425,0.000426,0.001251,0.001905,0.000078,0.000248,0.001551,0.000007,0.000000,0.030300,0.000893,3.820000,0.000000,0.000000,0.000000,0.000605,0,0
277800000000,278100000000,6283499093,43,4820094425,0.000402,0.001265,0.001904,0.000078,0.000260,0.001549,0.000008,0.000000,0.003883,0.000786,3.511000,0.000000,0.000000,0.000000,0.000722,0,0
278100000000,278400000000,6283499093,43,4820094425,0.000416,0.001278,0.001907,0.000077,0.000263,0.001560,0.000003,0.000000,0.006737,0.000215,2.902000,0.000000,0.000000,0.000000,0.000545,0,0
278400000000,278700000000,6283499093,43,4820094425,0.000399,0.001436,0.001909,0.000077,0.000421,0.001560,0.000004,0.000000,0.008530,0.000571,3.456000,0.000000,0.000000,0.000000,0.001331,0,0
278700000000,279000000000,6283499093,43,4820094425,0.000364,0.001337,0.001905,0.000077,0.000324,0.001558,0.000010,0.000000,0.005463,0.002071,2.973000,0.000000,0.000000,0.000000,0.000221,0,0
279000000000,279300000000,6283499093,43,4820094425,0.000402,0.001326,0.001913,0.000077,0.000423,0.001566,0.000014,0.000000,0.009033,0.002644,2.923000,0.000000,0.000000,0.000000,0.000382,0,0
279300000000,279600000000,6283499093,43,4820094425,0.000378,0.001162,0.001919,0.000078,0.000547,0.001183,0.000004,0.000000,0.005730,0.000857,2.892000,0.000000,0.000000,0.000000,0.000958,0,0
279600000000,279639000000,6283499093,43,4820094425,0.000563,0.001125,0.001915,0.000091,0.000547,0.001165,0.000016,0.000000,0.004898,0.000500,2.504000,0.000000,0.000000,0.000000,0.000470,0,0
279639000000,279652000000,6283499093,43,4820094425,0.000254,0.000000,0.000000,0.000040,0.000040,0.000000,0.000000,0.000000,0.001646,0.000000,2.284000,0.000000,0.000000,0.000000,0.000000,0,0
279652000000,279655000000,6283499093,43,4820094425,0.000000,0.000000,0.000000,0.000000,0.000000,0.000000,0.000000,0.000000,0.000000,0.000000,2.284000,0.000000,0.000000,0.000000,0.000000,0,0
