272501000000,272601000000,6283499093,44,2055325818,0.000000,0.000000,0.000000,0.000000,0.000000,0.000000,0.000000,0.000000,0.000000,0.000000,0.000000,0.000000,0.000000,0.000000,0.000000,0,0
272601000000,272700000000,6283499093,44,2055325818,0.000775,0.001314,0.001925,0.000204,0.000517,0.001522,0.000974,0.000000,0.015000,0.021940,2.718000,0.008363,0.000000,0.000000,0.000314,0,0
272700000000,273000000000,6283499093,44,2055325818,0.000378,0.001228,0.001925,0.000200,0.000552,0.001413,0.000000,0.000000,0.005569,0.000000,3.602000,0.012060,0.000000,0.000000,0.000645,0,0
273000000000,273300000000,6283499093,44,2055325818,0.000425,0.001310,0.001926,0.000198,0.000589,0.001381,0.000001,0.000000,0.006271,0.000072,2.987000,0.009148,0.000000,0.000000,0.000260,0,0
273300000000,273600000000,6283499093,44,2055325818,0.000341,0.001314,0.001926,0.000198,0.000575,0.001383,0.000000,0.000000,0.005234,0.000000,2.645000,0.007793,0.000000,0.000000,0.000197,0,0
273600000000,273900000000,6283499093,44,2055325818,0.003967,0.001394,0.001923,0.000213,0.000469,0.001711,0.000017,0.000000,0.070190,0.001928,0.616100,0.000277,0.000000,0.000000,0.000238,0,0
273900000000,274200000000,6283499093,44,2055325818,0.000389,0.001318,0.001921,0.000224,0.000431,0.001564,0.000000,0.000000,0.004395,0.000072,3.234000,0.010460,0.000000,0.000000,0.000241,0,0
274200000000,274500000000,6283499093,44,2055325818,0.000350,0.001282,0.001921,0.000215,0.000390,0.001556,0.000002,0.000000,0.005699,0.000143,2.764000,0.008371,0.000000,0.000000,0.000187,0,0
274500000000,274800000000,6283499093,44,2055325818,0.000331,0.001310,0.001923,0.000197,0.000421,0.001543,0.000000,0.000000,0.004524,0.000000,2.391000,0.006700,0.000000,0.000000,0.000161,0,0
274800000000,275100000000,6283499093,44,2055325818,0.000334,0.001299,0.001921,0.000197,0.000414,0.001532,0.000000,0.000000,0.004005,0.000072,2.561000,0.007464,0.000000,0.000000,0.000218,0,0
275100000000,275400000000,6283499093,44,2055325818,0.000370,0.001286,0.001923,0.000197,0.000391,0.001545,0.000003,0.000000,0.004654,0.000929,2.636000,0.007961,0.000000,0.000000,0.000165,0,0
275400000000,275700000000,6283499093,44,2055325818,0.000376,0.001299,0.001923,0.000197,0.000396,0.001549,0.000000,0.000000,0.005165,0.000072,2.787000,0.008659,0.000000,0.000000,0.000382,0,0
275700000000,276000000000,6283499093,44,2055325818,0.002071,0.001369,0.002052,0.000183,0.000423,0.001881,0.000011,0.000000,0.072630,0.003143,0.754700,0.000846,0.000000,0.000000,0.000154,0,0
276000000000,276300000000,6283499093,44,2055325818,0.002026,0.001411,0.001921,0.000097,0.000297,0.001745,0.000013,0.000000,0.054500,0.000999,0.629900,0.000373,0.000000,0.000000,0.001375,0,0
276300000000,276600000000,6283499093,44,2055325818,0.001717,0.001400,0.001917,0.000095,0.000298,0.001760,0.000029,0.000000,0.055850,0.005432,0.787500,0.000789,0.000000,0.000000,0.000421,0,0
276600000000,276900000000,6283499093,44,2055325818,0.000763,0.001404,0.001917,0.000092,0.000329,0.001635,0.000003,0.000000,0.006744,0.000643,5.551000,0.021860,0.000000,0.000000,0.000378,0,0
276900000000,277200000000,6283499093,44,2055325818,0.000611,0.001198,0.001919,0.000092,0.000327,0.001635,0.000000,0.000000,0.005928,0.000072,2.465000,0.006854,0.000000,0.000000,0.000229,0,0
277200000000,277389000000,6283499093,44,2055325818,0.000354,0.000872,0.001921,0.000092,0.000309,0.001122,0.000019,0.000000,0.005539,0.003429,2.708000,0.008011,0.000000,0.000000,0.000125,0,0
277389000000,277405000000,6283499093,44,2055325818,0.000238,0.000000,0.000000,0.000000,0.000000,0.000000,0.000197,0.000001,0.003811,0.003357,2.675000,0.007999,0.000000,0.000000,0.000000,0,0
277405000000,277407000000,6283499093,44,2055325818,0.000000,0.000000,0.000000,0.000000,0.000000,0.000000,0.000000,0.000001,0.000000,0.000000,2.675000,0.007999,0.000000,0.000000,0.000000,0,0
