277457000000,277500000000,6283499093,444,105885020,0.000508,0.000570,0.001925,0.000018,0.000266,0.000780,0.000123,0.000000,0.017610,0.002930,2.190000,0.007038,0.000000,0.000000,0.000017,0,0
277500000000,277800000000,6283499093,444,105885020,0.000349,0.001064,0.001923,0.000021,0.000344,0.001331,0.000021,0.000000,0.008057,0.005569,2.185000,0.005745,0.000000,0.000000,0.000713,0,0
277800000000,278100000000,6283499093,444,105885020,0.000350,0.001041,0.001919,0.000017,0.000175,0.001331,0.000001,0.000000,0.005630,0.000072,2.382000,0.006483,0.000000,0.000000,0.000377,0,0
278100000000,278400000000,6283499093,444,105885020,0.000328,0.001139,0.001921,0.000017,0.000268,0.001331,0.000000,0.000000,0.004082,0.000000,2.474000,0.006800,0.000000,0.000000,0.000084,0,0
278400000000,278700000000,6283499093,444,105885020,0.000372,0.001244,0.001921,0.000026,0.000349,0.001400,0.000061,0.000000,0.005692,0.016780,2.364000,0.006524,0.000000,0.000000,0.000336,0,0
278700000000,279000000000,6283499093,444,105885020,0.000365,0.001108,0.001917,0.000029,0.000218,0.001377,0.000001,0.000000,0.005028,0.000072,2.815000,0.008260,0.000000,0.000000,0.000186,0,0
279000000000,279300000000,6283499093,444,105885020,0.000359,0.001308,0.001923,0.000029,0.000406,0.001396,0.000000,0.000000,0.004921,0.000072,2.576000,0.007224,0.000000,0.000000,0.000191,0,0
279300000000,279600000000,6283499093,444,105885020,0.000333,0.001028,0.001917,0.000029,0.000124,0.001394,0.000003,0.000000,0.002537,0.000215,2.196000,0.005643,0.000000,0.000000,0.000631,0,0
279600000000,279900000000,6283499093,444,105885020,0.000400,0.001141,0.001917,0.000029,0.000222,0.001419,0.000000,0.000000,0.005020,0.000072,2.134000,0.005510,0.000000,0.000000,0.000148,0,0
279900000000,280200000000,6283499093,444,105885020,0.000384,0.001270,0.001923,0.000030,0.000379,0.001421,0.000007,0.000000,0.004883,0.001499,2.440000,0.006797,0.000000,0.000000,0.000145,0,0
280200000000,280500000000,6283499093,444,105885020,0.000351,0.001026,0.001926,0.000031,0.000492,0.001064,0.000000,0.000000,0.005173,0.000072,2.666000,0.007668,0.000000,0.000000,0.000191,0,0
280500000000,280800000000,6283499093,444,105885020,0.000346,0.001009,0.001926,0.000031,0.000492,0.001028,0.000001,0.000000,0.004868,0.000143,2.254000,0.006124,0.000000,0.000000,0.000113,0,0
280800000000,281100000000,6283499093,444,105885020,0.000416,0.001043,0.001926,0.000031,0.000492,0.001072,0.000001,0.000000,0.025630,0.000143,2.116000,0.005598,0.000000,0.000000,0.000668,0,0
281100000000,281400000000,6283499093,444,105885020,0.000409,0.000916,0.001925,0.000033,0.000494,0.001070,0.000026,0.000000,0.004082,0.007286,2.349000,0.006531,0.000000,0.000000,0.000219,0,0
281400000000,281700000000,6283499093,444,105885020,0.000350,0.000580,0.001926,0.000036,0.000498,0.000610,0.000002,0.000000,0.004936,0.000143,2.479000,0.006788,0.000000,0.000000,0.000134,0,0
281700000000,282000000000,6283499093,444,105885020,0.000317,0.000564,0.001926,0.000036,0.000498,0.000608,0.000000,0.000000,0.006187,0.000000,2.450000,0.006597,0.000000,0.000000,0.001152,0,0
282000000000,282049000000,6283499093,444,105885020,0.000298,0.000557,0.001926,0.000047,0.000499,0.000557,0.000325,0.000000,0.000850,0.015930,2.160000,0.005559,0.000000,0.000000,0.000141,0,0
282049000000,282060000000,6283499093,444,105885020,0.000239,0.000000,0.000000,0.000000,0.000000,0.000000,0.000058,0.000000,0.002636,0.000643,1.678000,0.003720,0.000000,0.000000,0.000000,0,0
282060000000,282061000000,6283499093,444,105885020,0.000000,0.000000,0.000000,0.000000,0.000000,0.000000,0.000000,0.000000,0.000000,0.000000,1.651000,0.003615,0.000000,0.000000,0.000000,0,0
