272489000000,272575000000,6283499093,45,1436310560,0.000000,0.000000,0.000000,0.000000,0.000000,0.000000,0.000000,0.000000,0.000000,0.000000,0.000000,0.000000,0.000000,0.000000,0.000000,0,0
272575000000,272700000000,6283499093,45,1436310560,0.000575,0.001101,0.001928,0.000137,0.000462,0.001453,0.000470,0.000000,0.007317,0.007645,1.316000,0.002119,0.000000,0.000000,0.000086,0,0
272700000000,273000000000,6283499093,45,1436310560,0.000364,0.000906,0.001925,0.000133,0.000160,0.001085,0.000001,0.000000,0.003124,0.000143,4.051000,0.014130,0.000000,0.000000,0.000168,0,0
273000000000,273300000000,6283499093,45,1436310560,0.000359,0.000978,0.001923,0.000133,0.000230,0.001316,0.000001,0.000000,0.005493,0.000286,5.213000,0.019100,0.000000,0.000000,0.000360,0,0
273300000000,273600000000,6283499093,45,1436310560,0.000314,0.001019,0.001925,0.000133,0.000270,0.001352,0.000000,0.000000,0.006706,0.000072,4.004000,0.013520,0.000000,0.000000,0.000266,0,0
273600000000,273900000000,6283499093,45,1436310560,0.000317,0.001091,0.001923,0.000133,0.000316,0.001352,0.000000,0.000000,0.004845,0.000072,3.202000,0.010150,0.000000,0.000000,0.000322,0,0
273900000000,274200000000,6283499093,45,1436310560,0.000400,0.001146,0.001923,0.000137,0.000364,0.001371,0.000016,0.000000,0.009384,0.002930,2.906000,0.009008,0.000000,0.000000,0.000288,0,0
274200000000,274500000000,6283499093,45,1436310560,0.000340,0.001196,0.001925,0.000138,0.000414,0.001390,0.000013,0.000000,0.012910,0.002285,3.965000,0.013480,0.000000,0.000000,0.000241,0,0
274500000000,274800000000,6283499093,45,1436310560,0.000382,0.001249,0.001925,0.000138,0.000432,0.001411,0.000000,0.000000,0.006714,0.000072,3.218000,0.010510,0.000000,0.000000,0.000118,0,0
274800000000,275100000000,6283499093,45,1436310560,0.000385,0.001120,0.001923,0.000137,0.000298,0.001406,0.000010,0.000000,0.005913,0.002930,3.135000,0.009863,0.000000,0.000000,0.000349,0,0
275100000000,275400000000,6283499093,45,1436310560,0.000300,0.001165,0.001925,0.000136,0.000341,0.001406,0.000000,0.000000,0.005440,0.000000,4.431000,0.015160,0.000000,0.000000,0.000193,0,0
275400000000,275700000000,6283499093,45,1436310560,0.000271,0.001167,0.001925,0.000133,0.000340,0.001406,0.000002,0.000000,0.001913,0.000571,3.277000,0.010220,0.000000,0.000000,0.000429,0,0
275700000000,276000000000,6283499093,45,1436310560,0.000266,0.001143,0.001925,0.000133,0.000313,0.001408,0.000001,0.000000,0.001760,0.000072,4.926000,0.016590,0.000000,0.000000,0.000288,0,0
276000000000,276300000000,6283499093,45,1436310560,0.000315,0.001158,0.001925,0.000133,0.000323,0.001417,0.000007,0.000000,0.007103,0.000929,2.955000,0.008622,0.000000,0.000000,0.000238,0,0
276300000000,276600000000,6283499093,45,1436310560,0.001478,0.001278,0.001923,0.000136,0.000340,0.001686,0.000039,0.000000,0.061520,0.004929,0.617800,0.000296,0.000000,0.000000,0.000725,0,0
276600000000,276900000000,6283499093,45,1436310560,0.000547,0.001287,0.001919,0.000133,0.000313,0.001579,0.000008,0.000000,0.005402,0.001999,6.427000,0.023900,0.000000,0.000000,0.000315,0,0
276900000000,277200000000,6283499093,45,1436310560,0.000556,0.001253,0.001919,0.000134,0.000289,0.001575,0.000005,0.000000,0.006920,0.001179,4.400000,0.015510,0.000000,0.000000,0.000172,0,0
277200000000,277500000000,6283499093,45,1436310560,0.000393,0.001251,0.001921,0.000129,0.000289,0.001558,0.000009,0.000000,0.005997,0.001215,4.235000,0.014370,0.000000,0.000000,0.000292,0,0
277500000000,277800000000,6283499093,45,1436310560,0.000350,0.001207,0.001921,0.000128,0.000240,0.001562,0.000006,0.000000,0.005630,0.000571,3.844000,0.012720,0.000000,0.000000,0.000279,0,0
277800000000,278100000000,6283499093,45,1436310560,0.000320,0.001225,0.001923,0.000149,0.000266,0.001564,0.000161,0.000000,0.001265,0.025510,3.363000,0.010420,0.000000,0.000000,0.000130,0,0
278100000000,278400000000,6283499093,45,1436310560,0.000342,0.001112,0.001923,0.000136,0.000151,0.001209,0.000049,0.000000,0.006653,0.008148,3.764000,0.011890,0.000000,0.000000,0.000317,0,0
278400000000,278700000000,6283499093,45,1436310560,0.000354,0.001137,0.001925,0.000140,0.000178,0.001213,0.000034,0.000000,0.005859,0.009293,3.286000,0.010320,0.000000,0.000000,0.000203,0,0
278700000000,279000000000,6283499093,45,1436310560,0.000352,0.001162,0.001928,0.000161,0.000234,0.001225,0.000122,0.000000,0.008072,0.021420,4.063000,0.013990,0.000000,0.000000,0.000338,0,0
279000000000,279300000000,6283499093,45,1436310560,0.000335,0.001156,0.001925,0.000173,0.000242,0.001244,0.000062,0.000000,0.005928,0.018160,3.298000,0.010480,0.000000,0.000000,0.000221,0,0
279300000000,279600000000,6283499093,45,1436310560,0.000317,0.001154,0.001928,0.000175,0.000255,0.001215,0.000004,0.000000,0.001640,0.000500,3.641000,0.011510,0.000000,0.000000,0.000289,0,0
279600000000,279900000000,6283499093,45,1436310560,0.000301,0.001146,0.001928,0.000175,0.000251,0.001213,0.000019,0.000000,0.004601,0.002071,2.459000,0.006769,0.000000,0.000000,0.001406,0,0
279900000000,279990000000,6283499093,45,1436310560,0.000374,0.001156,0.001926,0.000176,0.000278,0.001213,0.000632,0.000000,0.005699,0.029630,4.280000,0.013320,0.000000,0.000000,0.000340,0,0
279990000000,280000000000,6283499093,45,1436310560,0.000286,0.000023,0.000000,0.000000,0.000000,0.000231,0.000114,0.000000,0.002861,0.000857,2.053000,0.004128,0.000000,0.000000,0.000000,0,0
280000000000,280001000000,6283499093,45,1436310560,0.000000,0.000000,0.000000,0.000000,0.000000,0.000000,0.000000,0.000000,0.000000,0.000000,2.053000,0.004128,0.000000,0.000000,0.000000,0,0
