272490000000,272599000000,6283499093,46,16915754,0.000000,0.000000,0.000000,0.000000,0.000000,0.000000,0.000000,0.000000,0.000000,0.000000,0.000000,0.000000,0.000000,0.000000,0.000000,0,0
272599000000,272700000000,6283499093,46,16915754,0.001221,0.001318,0.001925,0.000178,0.000513,0.001530,0.001333,0.000000,0.020420,0.031490,2.710000,0.008006,0.000000,0.000000,0.000526,0,0
272700000000,273000000000,6283499093,46,16915754,0.000656,0.001341,0.001925,0.000183,0.000610,0.001432,0.000000,0.000000,0.004852,0.000000,4.005000,0.013320,0.000000,0.000000,0.001028,0,0
273000000000,273300000000,6283499093,46,16915754,0.000651,0.001316,0.001926,0.000182,0.000586,0.001364,0.000000,0.000000,0.006287,0.000072,4.536000,0.015460,0.000000,0.000000,0.000952,0,0
273300000000,273600000000,6283499093,46,16915754,0.000369,0.001278,0.001928,0.000182,0.000547,0.001360,0.000000,0.000000,0.004662,0.000072,2.690000,0.007498,0.000000,0.000000,0.000258,0,0
273600000000,273900000000,6283499093,46,16915754,0.000353,0.001223,0.001926,0.000179,0.000490,0.001368,0.000001,0.000000,0.004837,0.000072,2.549000,0.006706,0.000000,0.000000,0.000657,0,0
273900000000,274200000000,6283499093,46,16915754,0.000344,0.001162,0.001925,0.000173,0.000420,0.001360,0.000000,0.000000,0.016300,0.000000,2.538000,0.006555,0.000000,0.000000,0.000186,0,0
274200000000,274500000000,6283499093,46,16915754,0.000351,0.001186,0.001926,0.000174,0.000441,0.001369,0.000005,0.000000,0.005020,0.000857,2.341000,0.006050,0.000000,0.000000,0.000133,0,0
274500000000,274800000000,6283499093,46,16915754,0.000352,0.001135,0.001925,0.000174,0.000386,0.001368,0.000000,0.000000,0.004921,0.000072,2.450000,0.006530,0.000000,0.000000,0.000062,0,0
274800000000,275100000000,6283499093,46,16915754,0.000336,0.001167,0.001925,0.000173,0.000420,0.001368,0.000000,0.000000,0.004875,0.000072,2.525000,0.006793,0.000000,0.000000,0.000588,0,0
275100000000,275400000000,6283499093,46,16915754,0.000996,0.001202,0.001951,0.000174,0.000425,0.001766,0.000019,0.000000,0.062130,0.004997,2.251000,0.005697,0.000000,0.000000,0.000121,0,0
275400000000,275700000000,6283499093,46,16915754,0.005219,0.001577,0.002533,0.000153,0.000443,0.001829,0.000032,0.000000,0.101800,0.005432,0.604300,0.000252,0.000000,0.000000,0.000250,0,0
275700000000,276000000000,6283499093,46,16915754,0.000687,0.001389,0.001919,0.000108,0.000287,0.001709,0.000004,0.000000,0.005478,0.000786,4.458000,0.015110,0.000000,0.000000,0.000509,0,0
276000000000,276300000000,6283499093,46,16915754,0.000485,0.001463,0.001925,0.000108,0.000378,0.001659,0.000002,0.000000,0.005791,0.000215,3.638000,0.011530,0.000000,0.000000,0.000285,0,0
276300000000,276600000000,6283499093,46,16915754,0.000406,0.001337,0.001923,0.000108,0.000253,0.001657,0.000000,0.000000,0.005417,0.000072,2.399000,0.006276,0.000000,0.000000,0.000549,0,0
276600000000,276900000000,6283499093,46,16915754,0.000391,0.001492,0.001925,0.000108,0.000413,0.001657,0.000002,0.000000,0.005264,0.000286,2.522000,0.006530,0.000000,0.000000,0.000155,0,0
276900000000,277200000000,6283499093,46,16915754,0.000432,0.001354,0.001925,0.000108,0.000279,0.001652,0.000002,0.000000,0.012730,0.000143,2.656000,0.007183,0.000000,0.000000,0.000592,0,0
277200000000,277500000000,6283499093,46,16915754,0.000404,0.001423,0.001923,0.000108,0.000359,0.001640,0.000005,0.000000,0.005508,0.000714,2.772000,0.007946,0.000000,0.000000,0.000197,0,0
277500000000,277800000000,6283499093,46,16915754,0.000430,0.001408,0.001925,0.000111,0.000343,0.001659,0.000007,0.000000,0.005646,0.000786,2.314000,0.005820,0.000000,0.000000,0.000749,0,0
277800000000,277909000000,6283499093,46,16915754,0.000971,0.001442,0.001923,0.000133,0.000397,0.001654,0.000042,0.000000,0.050110,0.003071,2.185000,0.005303,0.000000,0.000000,0.000269,0,0
277909000000,277927000000,6283499093,46,16915754,0.000143,0.000000,0.000000,0.000000,0.000000,0.000000,0.000004,0.000000,0.002579,0.000072,2.059000,0.004766,0.000000,0.000000,0.000000,0,0
277927000000,277928000000,6283499093,46,16915754,0.000000,0.000000,0.000000,0.000000,0.000000,0.000000,0.000000,0.000000,0.000000,0.000000,2.059000,0.004766,0.000000,0.000000,0.000000,0,0
