272490000000,272611000000,6283499093,47,7778342,0.000000,0.000000,0.000000,0.000000,0.000000,0.000000,0.000000,0.000000,0.000000,0.000000,0.000000,0.000000,0.000000,0.000000,0.000000,0,0
272611000000,272700000000,6283499093,47,7778342,0.000915,0.001045,0.001923,0.000199,0.000261,0.001318,0.001633,0.000000,0.014800,0.034910,1.267000,0.002265,0.000000,0.000000,0.000000,0,0
272700000000,273000000000,6283499093,47,7778342,0.000395,0.000938,0.001923,0.000202,0.000247,0.001190,0.000000,0.000000,0.004845,0.000072,2.479000,0.006864,0.000000,0.000000,0.000184,0,0
273000000000,273300000000,6283499093,47,7778342,0.000398,0.000906,0.001925,0.000202,0.000221,0.001041,0.000000,0.000000,0.004440,0.000072,3.024000,0.009290,0.000000,0.000000,0.000303,0,0
273300000000,273600000000,6283499093,47,7778342,0.000335,0.001266,0.001928,0.000201,0.000578,0.001347,0.000001,0.000000,0.004982,0.000072,2.314000,0.006071,0.000000,0.000000,0.000179,0,0
273600000000,273900000000,6283499093,47,7778342,0.000359,0.001295,0.001928,0.000201,0.000593,0.001348,0.000003,0.000000,0.006073,0.000571,2.274000,0.005921,0.000000,0.000000,0.000592,0,0
273900000000,274200000000,6283499093,47,7778342,0.000352,0.001265,0.001928,0.000201,0.000563,0.001350,0.000000,0.000000,0.004700,0.000000,2.567000,0.007187,0.000000,0.000000,0.000840,0,0
274200000000,274500000000,6283499093,47,7778342,0.000325,0.001270,0.001928,0.000201,0.000567,0.001352,0.000001,0.000000,0.004074,0.000072,2.565000,0.007144,0.000000,0.000000,0.000129,0,0
274500000000,274800000000,6283499093,47,7778342,0.000315,0.001280,0.001928,0.000202,0.000573,0.001354,0.000000,0.000000,0.007256,0.000000,2.533000,0.007039,0.000000,0.000000,0.000105,0,0
274800000000,275100000000,6283499093,47,7778342,0.000334,0.001305,0.001930,0.000202,0.000596,0.001356,0.000000,0.000000,0.004272,0.000072,2.264000,0.005799,0.000000,0.000000,0.000320,0,0
275100000000,275400000000,6283499093,47,7778342,0.000326,0.001322,0.001930,0.000202,0.000611,0.001358,0.000000,0.000000,0.001669,0.000072,2.384000,0.006363,0.000000,0.000000,0.000349,0,0
275400000000,275700000000,6283499093,47,7778342,0.000339,0.001335,0.001930,0.000202,0.000624,0.001358,0.000000,0.000000,0.006523,0.000072,2.406000,0.006505,0.000000,0.000000,0.000580,0,0
275700000000,276000000000,6283499093,47,7778342,0.001274,0.001368,0.001926,0.000203,0.000570,0.001541,0.000039,0.000000,0.065060,0.006714,2.604000,0.007307,0.000000,0.000000,0.000205,0,0
276000000000,276300000000,6283499093,47,7778342,0.000490,0.001253,0.001923,0.000197,0.000414,0.001511,0.000002,0.000000,0.004768,0.000215,3.744000,0.012200,0.000000,0.000000,0.000244,0,0
276300000000,276600000000,6283499093,47,7778342,0.000442,0.001238,0.001923,0.000195,0.000400,0.001499,0.000000,0.000000,0.005051,0.000072,3.410000,0.010770,0.000000,0.000000,0.000285,0,0
276600000000,276900000000,6283499093,47,7778342,0.000344,0.001261,0.001925,0.000195,0.000420,0.001505,0.000001,0.000000,0.004845,0.000072,2.598000,0.007263,0.000000,0.000000,0.000248,0,0
276900000000,277200000000,6283499093,47,7778342,0.000372,0.001280,0.001925,0.000195,0.000438,0.001503,0.000000,0.000000,0.004936,0.000000,2.788000,0.008064,0.000000,0.000000,0.000667,0,0
277200000000,277500000000,6283499093,47,7778342,0.000350,0.001257,0.001925,0.000195,0.000417,0.001503,0.000003,0.000000,0.005325,0.000143,2.828000,0.008322,0.000000,0.000000,0.000221,0,0
277500000000,277800000000,6283499093,47,7778342,0.000347,0.001219,0.001923,0.000195,0.000377,0.001507,0.000005,0.000000,0.005409,0.000143,2.606000,0.007409,0.000000,0.000000,0.000962,0,0
277800000000,278100000000,6283499093,47,7778342,0.000364,0.001280,0.001925,0.000195,0.000437,0.001514,0.000004,0.000000,0.004745,0.000143,2.439000,0.006609,0.000000,0.000000,0.000233,0,0
278100000000,278400000000,6283499093,47,7778342,0.000382,0.001234,0.001925,0.000194,0.000379,0.001514,0.000003,0.000000,0.004875,0.000143,2.686000,0.007743,0.000000,0.000000,0.000344,0,0
278400000000,278700000000,6283499093,47,7778342,0.000356,0.001259,0.001928,0.000270,0.000437,0.001513,0.000341,0.000000,0.001436,0.047060,2.858000,0.008531,0.000000,0.000000,0.000160,0,0
278700000000,279000000000,6283499093,47,7778342,0.000329,0.001125,0.001932,0.000347,0.000429,0.001154,0.000061,0.000000,0.004585,0.017060,2.391000,0.006289,0.000000,0.000000,0.000155,0,0
279000000000,279300000000,6283499093,47,7778342,0.000379,0.001158,0.001932,0.000371,0.000485,0.001205,0.000098,0.000000,0.004616,0.023710,2.738000,0.007928,0.000000,0.000000,0.000098,0,0
279300000000,279600000000,6283499093,47,7778342,0.000354,0.001116,0.001932,0.000380,0.000504,0.001118,0.000003,0.000000,0.004517,0.000357,2.500000,0.006892,0.000000,0.000000,0.000144,0,0
279600000000,279900000000,6283499093,47,7778342,0.000369,0.001143,0.001932,0.000380,0.000504,0.001165,0.000012,0.000000,0.005554,0.001572,2.478000,0.006827,0.000000,0.000000,0.000460,0,0
279900000000,280200000000,6283499093,47,7778342,0.000349,0.001137,0.001932,0.000380,0.000505,0.001175,0.000006,0.000000,0.005486,0.000428,2.591000,0.007220,0.000000,0.000000,0.000472,0,0
280200000000,280500000000,6283499093,47,7778342,0.000371,0.001032,0.001930,0.000379,0.000508,0.001175,0.000003,0.000000,0.006676,0.000714,2.435000,0.006615,0.000000,0.000000,0.000257,0,0
280500000000,280750000000,6283499093,47,7778342,0.000346,0.000680,0.001932,0.000380,0.000510,0.000706,0.000141,0.000000,0.004753,0.024930,2.491000,0.006775,0.000000,0.000000,0.000133,0,0
280750000000,280765000000,6283499093,47,7778342,0.000125,0.000000,0.000000,0.000000,0.000000,0.000000,0.000062,0.000000,0.001871,0.000857,2.422000,0.006540,0.000000,0.000000,0.000000,0,0
280765000000,280766000000,6283499093,47,7778342,0.000000,0.000000,0.000000,0.000000,0.000000,0.000000,0.000000,0.000000,0.000000,0.000000,2.422000,0.006540,0.000000,0.000000,0.000000,0,0
