272498000000,272618000000,6283499093,48,4802151519,0.000000,0.000000,0.000000,0.000000,0.000000,0.000000,0.000001,0.000000,0.000000,0.000072,0.000000,0.000000,0.000000,0.000000,0.000000,0,0
272618000000,272700000000,6283499093,48,4802151519,0.000634,0.000835,0.001928,0.000072,0.000083,0.001040,0.000483,0.000000,0.016880,0.006714,1.017000,0.000000,0.000000,0.000000,0.000189,0,0
272700000000,273000000000,6283499093,48,4802151519,0.000274,0.000937,0.001928,0.000076,0.000116,0.001215,0.000000,0.000000,0.003960,0.000072,2.381000,0.000000,0.000000,0.000000,0.000265,0,0
273000000000,273300000000,6283499093,48,4802151519,0.000278,0.000915,0.001926,0.000076,0.000098,0.001236,0.000000,0.000000,0.004112,0.000072,2.407000,0.000000,0.000000,0.000000,0.000123,0,0
273300000000,273600000000,6283499093,48,4802151519,0.000263,0.000911,0.001928,0.000076,0.000093,0.001120,0.000001,0.000000,0.004417,0.000143,2.284000,0.000000,0.000000,0.000000,0.000136,0,0
273600000000,273900000000,6283499093,48,4802151519,0.000290,0.000924,0.001928,0.000074,0.000092,0.001312,0.000000,0.000000,0.004082,0.000143,2.085000,0.000000,0.000000,0.000000,0.000046,0,0
273900000000,274200000000,6283499093,48,4802151519,0.000295,0.000959,0.001928,0.000072,0.000119,0.001345,0.000000,0.000000,0.004280,0.000000,2.312000,0.000000,0.000000,0.000000,0.000163,0,0
274200000000,274500000000,6283499093,48,4802151519,0.000300,0.000970,0.001926,0.000070,0.000124,0.001356,0.000001,0.000000,0.004257,0.000143,2.711000,0.000000,0.000000,0.000000,0.000091,0,0
274500000000,274800000000,6283499093,48,4802151519,0.000421,0.001062,0.001925,0.000069,0.000175,0.001402,0.000000,0.000000,0.006088,0.000072,3.199000,0.000000,0.000000,0.000000,0.000246,0,0
274800000000,275100000000,6283499093,48,4802151519,0.000395,0.001089,0.001926,0.000069,0.000198,0.001404,0.000000,0.000000,0.004517,0.000072,3.100000,0.000000,0.000000,0.000000,0.000385,0,0
275100000000,275400000000,6283499093,48,4802151519,0.000298,0.001122,0.001926,0.000069,0.000233,0.001400,0.000000,0.000000,0.004486,0.000000,2.503000,0.000000,0.000000,0.000000,0.000428,0,0
275400000000,275700000000,6283499093,48,4802151519,0.000313,0.001133,0.001926,0.000069,0.000246,0.001410,0.000002,0.000000,0.009033,0.000428,2.356000,0.000000,0.000000,0.000000,0.000541,0,0
275700000000,276000000000,6283499093,48,4802151519,0.000301,0.001114,0.001926,0.000069,0.000219,0.001411,0.000001,0.000000,0.004829,0.000143,2.387000,0.000000,0.000000,0.000000,0.000153,0,0
276000000000,276300000000,6283499093,48,4802151519,0.000305,0.001087,0.001926,0.000069,0.000198,0.001411,0.000003,0.000000,0.004005,0.000500,2.956000,0.000000,0.000000,0.000000,0.000507,0,0
276300000000,276600000000,6283499093,48,4802151519,0.000296,0.001005,0.001926,0.000069,0.000118,0.001402,0.000000,0.000000,0.004341,0.000000,2.414000,0.000000,0.000000,0.000000,0.000127,0,0
276600000000,276900000000,6283499093,48,4802151519,0.000268,0.001001,0.001926,0.000069,0.000112,0.001350,0.000001,0.000000,0.012500,0.000143,2.416000,0.000000,0.000000,0.000000,0.000142,0,0
276900000000,277200000000,6283499093,48,4802151519,0.000268,0.001032,0.001926,0.000069,0.000142,0.001402,0.000000,0.000000,0.004791,0.000072,2.564000,0.000000,0.000000,0.000000,0.000556,0,0
277200000000,277500000000,6283499093,48,4802151519,0.000288,0.001047,0.001926,0.000069,0.000156,0.001419,0.000003,0.000000,0.004181,0.000143,2.303000,0.000000,0.000000,0.000000,0.000118,0,0
277500000000,277800000000,6283499093,48,4802151519,0.000340,0.001110,0.001926,0.000069,0.000185,0.001448,0.000004,0.000000,0.011440,0.000286,2.146000,0.000000,0.000000,0.000000,0.000170,0,0
277800000000,278100000000,6283499093,48,4802151519,0.000320,0.001127,0.001926,0.000070,0.000204,0.001478,0.000031,0.000000,0.005119,0.007286,2.500000,0.000000,0.000000,0.000000,0.000193,0,0
278100000000,278400000000,6283499093,48,4802151519,0.000374,0.001066,0.001925,0.000072,0.000127,0.001474,0.000006,0.000000,0.005013,0.000999,2.445000,0.000000,0.000000,0.000000,0.000540,0,0
278400000000,278700000000,6283499093,48,4802151519,0.000336,0.001049,0.001925,0.000072,0.000113,0.001434,0.000013,0.000000,0.004753,0.001715,2.439000,0.000000,0.000000,0.000000,0.000558,0,0
278700000000,279000000000,6283499093,48,4802151519,0.000312,0.001123,0.001925,0.000072,0.000191,0.001467,0.000002,0.000000,0.004234,0.000072,2.279000,0.000000,0.000000,0.000000,0.000169,0,0
279000000000,279300000000,6283499093,48,4802151519,0.000385,0.001165,0.001925,0.000078,0.000224,0.001478,0.000033,0.000000,0.005142,0.004715,2.220000,0.000000,0.000000,0.000000,0.000195,0,0
279300000000,279409000000,6283499093,48,4802151519,0.001665,0.001297,0.001925,0.000082,0.000352,0.001472,0.000135,0.000000,0.068360,0.007996,0.927900,0.000000,0.000000,0.000000,0.000190,0,0
279409000000,279424000000,6283499093,48,4802151519,0.000261,0.000000,0.000000,0.000000,0.000000,0.000000,0.000091,0.000000,0.003922,0.001358,0.682700,0.000000,0.000000,0.000000,0.000000,0,0
279424000000,279425000000,6283499093,48,4802151519,0.000000,0.000000,0.000000,0.000000,0.000000,0.000000,0.000000,0.000000,0.000000,0.000000,0.682700,0.000000,0.000000,0.000000,0.000000,0,0
