272498000000,272536000000,6283499093,49,1335573,0.000000,0.000000,0.000000,0.000000,0.000000,0.000000,0.000000,0.000000,0.000000,0.000000,0.000000,0.000000,0.000000,0.000000,0.000000,0,0
272536000000,272700000000,6283499093,49,1335573,0.000549,0.001068,0.001921,0.000129,0.000272,0.001469,0.000564,0.000000,0.014420,0.017850,2.592000,0.007699,0.000000,0.000000,0.000316,0,0
272700000000,273000000000,6283499093,49,1335573,0.000340,0.000990,0.001921,0.000129,0.000231,0.001329,0.000000,0.000000,0.003990,0.000000,2.362000,0.006557,0.000000,0.000000,0.000220,0,0
273000000000,273300000000,6283499093,49,1335573,0.000382,0.000999,0.001921,0.000128,0.000219,0.001343,0.000001,0.000000,0.004646,0.000143,2.267000,0.006049,0.000000,0.000000,0.000680,0,0
273300000000,273600000000,6283499093,49,1335573,0.000395,0.000982,0.001921,0.000128,0.000194,0.001299,0.000000,0.000000,0.004448,0.000000,2.546000,0.007237,0.000000,0.000000,0.000678,0,0
273600000000,273900000000,6283499093,49,1335573,0.000415,0.000965,0.001923,0.000128,0.000150,0.001146,0.000001,0.000000,0.005028,0.000286,2.751000,0.008118,0.000000,0.000000,0.000835,0,0
273900000000,274200000000,6283499093,49,1335573,0.002949,0.001352,0.001919,0.000105,0.000271,0.001808,0.000031,0.000000,0.083860,0.007431,2.059000,0.005355,0.000000,0.000000,0.000938,0,0
274200000000,274500000000,6283499093,49,1335573,0.000526,0.001255,0.001921,0.000092,0.000231,0.001585,0.000003,0.000000,0.004318,0.000500,3.556000,0.011420,0.000000,0.000000,0.000148,0,0
274500000000,274800000000,6283499093,49,1335573,0.000549,0.001301,0.001921,0.000092,0.000273,0.001595,0.000003,0.000000,0.010680,0.000428,2.683000,0.007911,0.000000,0.000000,0.000133,0,0
274800000000,275100000000,6283499093,49,1335573,0.000517,0.001249,0.001921,0.000094,0.000236,0.001583,0.000021,0.000000,0.007004,0.003284,3.582000,0.011750,0.000000,0.000000,0.000689,0,0
275100000000,275400000000,6283499093,49,1335573,0.000447,0.001272,0.001923,0.000092,0.000265,0.001566,0.000000,0.000000,0.004929,0.000000,2.954000,0.008911,0.000000,0.000000,0.000143,0,0
275400000000,275700000000,6283499093,49,1335573,0.000360,0.001268,0.001923,0.000092,0.000263,0.001564,0.000002,0.000000,0.007416,0.000571,2.596000,0.007172,0.000000,0.000000,0.000134,0,0
275700000000,276000000000,6283499093,49,1335573,0.000367,0.001236,0.001923,0.000092,0.000231,0.001564,0.000002,0.000000,0.007271,0.000143,2.137000,0.005241,0.000000,0.000000,0.007271,0,0
276000000000,276300000000,6283499093,49,1335573,0.000457,0.001274,0.001923,0.000092,0.000262,0.001574,0.000002,0.000000,0.009445,0.000143,1.459000,0.002418,0.000000,0.000000,0.000259,0,0
276300000000,276600000000,6283499093,49,1335573,0.000399,0.001255,0.001923,0.000092,0.000241,0.001574,0.000000,0.000000,0.004997,0.000000,2.894000,0.008483,0.000000,0.000000,0.000411,0,0
276600000000,276900000000,6283499093,49,1335573,0.000351,0.001274,0.001925,0.000092,0.000261,0.001572,0.000001,0.000000,0.004379,0.000143,2.267000,0.006041,0.000000,0.000000,0.000110,0,0
276900000000,277200000000,6283499093,49,1335573,0.000364,0.001263,0.001923,0.000093,0.000242,0.001585,0.000000,0.000000,0.011950,0.000072,2.186000,0.005560,0.000000,0.000000,0.000646,0,0
277200000000,277419000000,6283499093,49,1335573,0.000427,0.001261,0.001923,0.000093,0.000246,0.001596,0.000005,0.000000,0.004692,0.000500,2.627000,0.007333,0.000000,0.000000,0.000183,0,0
277419000000,277431000000,6283499093,49,1335573,0.000253,0.000000,0.000000,0.000000,0.000000,0.000000,0.000137,0.000000,0.003036,0.001642,2.405000,0.006615,0.000000,0.000000,0.000000,0,0
277431000000,277432000000,6283499093,49,1335573,0.000000,0.000000,0.000000,0.000000,0.000000,0.000000,0.000000,0.000000,0.000000,0.000000,2.405000,0.006615,0.000000,0.000000,0.000000,0,0
