272507000000,272608000000,6283499093,5,6641558,0.000000,0.000000,0.000000,0.000000,0.000000,0.000000,0.000001,0.000000,0.000000,0.000072,0.000000,0.000000,0.000000,0.000000,0.000000,0,0
272608000000,272700000000,6283499093,5,6641558,0.000771,0.000909,0.001923,0.000122,0.000206,0.001394,0.000879,0.000000,0.020750,0.010640,2.914000,0.008683,0.000000,0.000000,0.000358,0,0
272700000000,273000000000,6283499093,5,6641558,0.000365,0.000969,0.001923,0.000127,0.000234,0.001301,0.000000,0.000000,0.004173,0.000072,2.696000,0.007876,0.000000,0.000000,0.000844,0,0
273000000000,273300000000,6283499093,5,6641558,0.000365,0.001005,0.001923,0.000127,0.000272,0.001312,0.000001,0.000000,0.004166,0.000072,3.043000,0.009068,0.000000,0.000000,0.000184,0,0
273300000000,273600000000,6283499093,5,6641558,0.000350,0.001053,0.001923,0.000127,0.000313,0.001312,0.000000,0.000000,0.004982,0.000072,2.680000,0.007328,0.000000,0.000000,0.001158,0,0
273600000000,273900000000,6283499093,5,6641558,0.000373,0.000982,0.001925,0.000126,0.000233,0.001320,0.000001,0.000000,0.004555,0.000072,2.583000,0.006944,0.000000,0.000000,0.000549,0,0
273900000000,274200000000,6283499093,5,6641558,0.000450,0.001062,0.001925,0.000125,0.000306,0.001333,0.000001,0.000000,0.009064,0.000072,2.220000,0.005611,0.000000,0.000000,0.000360,0,0
274200000000,274500000000,6283499093,5,6641558,0.001255,0.001226,0.001925,0.000128,0.000412,0.001465,0.000026,0.000000,0.039730,0.003998,1.604000,0.003060,0.000000,0.000000,0.000647,0,0
274500000000,274800000000,6283499093,5,6641558,0.000877,0.001131,0.001921,0.000125,0.000232,0.001495,0.000001,0.000000,0.061100,0.000072,1.300000,0.001689,0.000000,0.000000,0.000845,0,0
274800000000,275100000000,6283499093,5,6641558,0.000531,0.001143,0.001923,0.000127,0.000252,0.001471,0.000025,0.000000,0.008469,0.002857,2.462000,0.006575,0.000000,0.000000,0.000942,0,0
275100000000,275400000000,6283499093,5,6641558,0.000380,0.001081,0.001923,0.000126,0.000231,0.001429,0.000000,0.000000,0.004807,0.000072,2.630000,0.007237,0.000000,0.000000,0.000129,0,0
275400000000,275700000000,6283499093,5,6641558,0.000372,0.001093,0.001923,0.000125,0.000243,0.001423,0.000002,0.000000,0.005341,0.000571,2.826000,0.008014,0.000000,0.000000,0.000138,0,0
275700000000,276000000000,6283499093,5,6641558,0.000326,0.001057,0.001923,0.000126,0.000206,0.001423,0.000000,0.000000,0.005714,0.000000,2.351000,0.005939,0.000000,0.000000,0.000116,0,0
276000000000,276300000000,6283499093,5,6641558,0.000333,0.001165,0.001925,0.000127,0.000316,0.001423,0.000005,0.000000,0.006088,0.000643,2.453000,0.006279,0.000000,0.000000,0.000217,0,0
276300000000,276600000000,6283499093,5,6641558,0.000350,0.001045,0.001923,0.000128,0.000196,0.001421,0.000000,0.000000,0.004913,0.000000,2.044000,0.004780,0.000000,0.000000,0.000663,0,0
276600000000,276900000000,6283499093,5,6641558,0.000339,0.001213,0.001926,0.000128,0.000368,0.001419,0.000006,0.000000,0.005135,0.001143,2.463000,0.006618,0.000000,0.000000,0.000121,0,0
276900000000,277200000000,6283499093,5,6641558,0.000364,0.001175,0.001923,0.000128,0.000326,0.001423,0.000001,0.000000,0.005386,0.000072,2.579000,0.007109,0.000000,0.000000,0.000067,0,0
277200000000,277500000000,6283499093,5,6641558,0.000355,0.001020,0.001925,0.000128,0.000174,0.001419,0.000003,0.000000,0.005791,0.000143,2.735000,0.007698,0.000000,0.000000,0.000088,0,0
277500000000,277800000000,6283499093,5,6641558,0.000385,0.001217,0.001925,0.000128,0.000367,0.001434,0.000004,0.000000,0.008575,0.000072,2.693000,0.007533,0.000000,0.000000,0.000237,0,0
277800000000,278100000000,6283499093,5,6641558,0.000412,0.001125,0.001923,0.000128,0.000259,0.001440,0.000004,0.000000,0.005135,0.000072,2.733000,0.007820,0.000000,0.000000,0.000292,0,0
278100000000,278239000000,6283499093,5,6641558,0.000463,0.001083,0.001921,0.000128,0.000226,0.001440,0.000003,0.000000,0.007080,0.000072,3.331000,0.010930,0.000000,0.000000,0.000924,0,0
278239000000,278253000000,6283499093,5,6641558,0.000198,0.000000,0.000000,0.000000,0.000000,0.000000,0.000102,0.000000,0.002769,0.001358,3.321000,0.010780,0.000000,0.000000,0.000000,0,0
278253000000,278254000000,6283499093,5,6641558,0.000000,0.000000,0.000000,0.000000,0.000000,0.000000,0.000000,0.000000,0.000000,0.000000,2.455000,0.007003,0.000000,0.000000,0.000000,0,0
