272493000000,272542000000,6283499093,50,5792765,0.000000,0.000000,0.000000,0.000000,0.000000,0.000000,0.000000,0.000000,0.000000,0.000000,0.000000,0.000000,0.000000,0.000000,0.000000,0,0
272542000000,272700000000,6283499093,50,5792765,0.000583,0.001572,0.001904,0.000379,0.000811,0.001793,0.001266,0.000000,0.012890,0.049800,4.503000,0.020170,0.000000,0.000000,0.000279,0,0
272700000000,273000000000,6283499093,50,5792765,0.000379,0.001047,0.001904,0.000384,0.000827,0.001230,0.000000,0.000000,0.004059,0.000000,3.596000,0.014330,0.000000,0.000000,0.000463,0,0
273000000000,273300000000,6283499093,50,5792765,0.000530,0.001064,0.002033,0.000378,0.000821,0.001167,0.000026,0.000000,0.016540,0.002998,3.318000,0.012670,0.000000,0.000000,0.000317,0,0
273300000000,273600000000,6283499093,50,5792765,0.000315,0.001112,0.001904,0.000359,0.000804,0.001152,0.000000,0.000000,0.001106,0.000000,3.811000,0.015430,0.000000,0.000000,0.000282,0,0
273600000000,273900000000,6283499093,50,5792765,0.000400,0.001116,0.001904,0.000359,0.000804,0.001143,0.000001,0.000000,0.030210,0.000215,2.851000,0.010390,0.000000,0.000000,0.000629,0,0
273900000000,274200000000,6283499093,50,5792765,0.000259,0.001125,0.001905,0.000356,0.000800,0.001139,0.000000,0.000000,0.004066,0.000000,2.881000,0.010010,0.000000,0.000000,0.000205,0,0
274200000000,274500000000,6283499093,50,5792765,0.000260,0.001125,0.001905,0.000350,0.000796,0.001131,0.000005,0.000000,0.004425,0.001072,2.339000,0.007482,0.000000,0.000000,0.000051,0,0
274500000000,274800000000,6283499093,50,5792765,0.000239,0.001129,0.001905,0.000350,0.000796,0.001141,0.000000,0.000000,0.001137,0.000000,2.583000,0.008614,0.000000,0.000000,0.000064,0,0
274800000000,275100000000,6283499093,50,5792765,0.000245,0.001106,0.001905,0.000351,0.000796,0.001118,0.000002,0.000000,0.004471,0.000357,2.860000,0.009903,0.000000,0.000000,0.000515,0,0
275100000000,275400000000,6283499093,50,5792765,0.000291,0.001120,0.001905,0.000345,0.000791,0.001133,0.000000,0.000000,0.004242,0.000000,2.442000,0.008018,0.000000,0.000000,0.000207,0,0
275400000000,275700000000,6283499093,50,5792765,0.000285,0.001112,0.001905,0.000339,0.000784,0.001125,0.000000,0.000000,0.004333,0.000072,2.666000,0.008902,0.000000,0.000000,0.000198,0,0
275700000000,276000000000,6283499093,50,5792765,0.000324,0.001120,0.001904,0.000339,0.000784,0.001135,0.000006,0.000000,0.004089,0.001286,2.303000,0.007114,0.000000,0.000000,0.000181,0,0
276000000000,276300000000,6283499093,50,5792765,0.000326,0.001125,0.001904,0.000340,0.000785,0.001152,0.000031,0.000000,0.005943,0.004074,2.951000,0.010240,0.000000,0.000000,0.000352,0,0
276300000000,276600000000,6283499093,50,5792765,0.000311,0.001135,0.001904,0.000345,0.000791,0.001165,0.000001,0.000000,0.003845,0.000215,2.773000,0.009428,0.000000,0.000000,0.000526,0,0
276600000000,276900000000,6283499093,50,5792765,0.000312,0.001129,0.001904,0.000340,0.000786,0.001141,0.000015,0.000000,0.005920,0.002357,2.416000,0.008049,0.000000,0.000000,0.000590,0,0
276900000000,277200000000,6283499093,50,5792765,0.000352,0.001133,0.001904,0.000339,0.000784,0.001143,0.000001,0.000000,0.010030,0.000072,2.338000,0.007617,0.000000,0.000000,0.000094,0,0
277200000000,277500000000,6283499093,50,5792765,0.000407,0.001150,0.001904,0.000339,0.000784,0.001160,0.000008,0.000000,0.007332,0.000857,2.159000,0.006652,0.000000,0.000000,0.000871,0,0
277500000000,277539000000,6283499093,50,5792765,0.000543,0.001114,0.001902,0.000339,0.000785,0.001156,0.000046,0.000000,0.007576,0.001358,2.794000,0.009819,0.000000,0.000000,0.000752,0,0
277539000000,277554000000,6283499093,50,5792765,0.000191,0.000000,0.000000,0.000000,0.000000,0.000000,0.000409,0.000000,0.002861,0.006142,2.810000,0.009892,0.000000,0.000000,0.000000,0,0
277554000000,277555000000,6283499093,50,5792765,0.000000,0.000000,0.000000,0.000000,0.000000,0.000000,0.000000,0.000000,0.000000,0.000000,2.810000,0.009892,0.000000,0.000000,0.000000,0,0
