272497000000,272517000000,6283499093,51,257500430,0.000000,0.000000,0.000000,0.000000,0.000000,0.000000,0.000096,0.000000,0.000000,0.001072,0.000000,0.000000,0.000000,0.000000,0.000000,0,0
272517000000,272700000000,6283499093,51,257500430,0.000730,0.001041,0.001917,0.000003,0.000151,0.001343,0.000022,0.000000,0.020970,0.003071,1.510000,0.003226,0.000000,0.000000,0.000313,0,0
272700000000,273000000000,6283499093,51,257500430,0.000526,0.001078,0.001917,0.000002,0.000172,0.001375,0.000002,0.000000,0.005966,0.000571,4.098000,0.014960,0.000000,0.000000,0.000504,0,0
273000000000,273300000000,6283499093,51,257500430,0.000465,0.001091,0.001917,0.000002,0.000159,0.001381,0.000000,0.000000,0.004608,0.000143,3.977000,0.015300,0.000000,0.000000,0.000426,0,0
273300000000,273600000000,6283499093,51,257500430,0.003521,0.001181,0.001919,0.000009,0.000184,0.001732,0.000029,0.000000,0.081910,0.006783,0.566000,0.000162,0.000000,0.000000,0.000367,0,0
273600000000,273900000000,6283499093,51,257500430,0.000378,0.001322,0.001919,0.000003,0.000172,0.001616,0.000000,0.000000,0.004440,0.000072,0.658400,0.000556,0.000000,0.000000,0.000200,0,0
273900000000,274200000000,6283499093,51,257500430,0.000377,0.001289,0.001919,0.000003,0.000141,0.001600,0.000000,0.000000,0.004478,0.000072,2.632000,0.008278,0.000000,0.000000,0.000314,0,0
274200000000,274500000000,6283499093,51,257500430,0.000318,0.001348,0.001921,0.000002,0.000206,0.001600,0.000014,0.000000,0.004845,0.001858,2.677000,0.008537,0.000000,0.000000,0.000056,0,0
274500000000,274800000000,6283499093,51,257500430,0.000394,0.001307,0.001921,0.000002,0.000165,0.001595,0.000000,0.000000,0.004868,0.000000,3.522000,0.012480,0.000000,0.000000,0.000309,0,0
274800000000,275100000000,6283499093,51,257500430,0.000326,0.001266,0.001921,0.000002,0.000136,0.001593,0.000000,0.000000,0.004448,0.000072,3.850000,0.014260,0.000000,0.000000,0.000067,0,0
275100000000,275400000000,6283499093,51,257500430,0.000313,0.001328,0.001921,0.000002,0.000202,0.001579,0.000009,0.000000,0.004845,0.002357,2.093000,0.005517,0.000000,0.000000,0.000190,0,0
275400000000,275700000000,6283499093,51,257500430,0.000251,0.001245,0.001923,0.000002,0.000119,0.001579,0.000000,0.000000,0.002209,0.000072,3.125000,0.010460,0.000000,0.000000,0.000152,0,0
275700000000,276000000000,6283499093,51,257500430,0.003208,0.001335,0.001921,0.000023,0.000168,0.001728,0.000004,0.000000,0.085080,0.000428,2.322000,0.006662,0.000000,0.000000,0.000352,0,0
276000000000,276300000000,6283499093,51,257500430,0.003078,0.001398,0.001921,0.000011,0.000173,0.001757,0.000007,0.000000,0.066890,0.000357,2.531000,0.007866,0.000000,0.000000,0.000269,0,0
276300000000,276600000000,6283499093,51,257500430,0.000810,0.001511,0.001923,0.000005,0.000267,0.001818,0.000043,0.000000,0.042480,0.007286,1.048000,0.001735,0.000000,0.000000,0.000038,0,0
276600000000,276900000000,6283499093,51,257500430,0.000420,0.001417,0.001921,0.000004,0.000199,0.001690,0.000010,0.000000,0.005264,0.001215,2.817000,0.009222,0.000000,0.000000,0.000509,0,0
276900000000,277200000000,6283499093,51,257500430,0.000388,0.001394,0.001919,0.000005,0.000175,0.001692,0.000000,0.000000,0.005066,0.000143,2.711000,0.008638,0.000000,0.000000,0.000475,0,0
277200000000,277500000000,6283499093,51,257500430,0.000341,0.001383,0.001919,0.000005,0.000158,0.001701,0.000013,0.000000,0.001913,0.001286,2.422000,0.007559,0.000000,0.000000,0.000175,0,0
277500000000,277800000000,6283499093,51,257500430,0.000350,0.001385,0.001919,0.000005,0.000177,0.001680,0.000020,0.000000,0.004868,0.001429,2.339000,0.006811,0.000000,0.000000,0.000534,0,0
277800000000,278100000000,6283499093,51,257500430,0.000409,0.001371,0.001919,0.000005,0.000174,0.001680,0.000046,0.000000,0.003727,0.002930,2.927000,0.010030,0.000000,0.000000,0.000642,0,0
278100000000,278400000000,6283499093,51,257500430,0.000413,0.001337,0.001921,0.000005,0.000141,0.001669,0.000007,0.000000,0.005455,0.000999,2.793000,0.009211,0.000000,0.000000,0.000289,0,0
278400000000,278700000000,6283499093,51,257500430,0.000323,0.001358,0.001925,0.000005,0.000166,0.001671,0.000010,0.000000,0.001936,0.001072,2.768000,0.009257,0.000000,0.000000,0.000199,0,0
278700000000,279000000000,6283499093,51,257500430,0.000321,0.001358,0.001921,0.000005,0.000161,0.001673,0.000002,0.000000,0.005112,0.000072,2.586000,0.007757,0.000000,0.000000,0.000891,0,0
279000000000,279300000000,6283499093,51,257500430,0.000288,0.001383,0.001919,0.000005,0.000192,0.001665,0.000006,0.000000,0.004265,0.001358,2.436000,0.007430,0.000000,0.000000,0.000348,0,0
279300000000,279349000000,6283499093,51,257500430,0.000379,0.001043,0.001919,0.000005,0.000094,0.001631,0.000058,0.000000,0.005920,0.001572,1.819000,0.004548,0.000000,0.000000,0.000597,0,0
279349000000,279362000000,6283499093,51,257500430,0.000197,0.000000,0.000000,0.000000,0.000000,0.000000,0.000000,0.000000,0.002560,0.000000,1.794000,0.004456,0.000000,0.000000,0.000000,0,0
279362000000,279363000000,6283499093,51,257500430,0.000000,0.000000,0.000000,0.000000,0.000000,0.000000,0.000000,0.000000,0.000000,0.000000,1.794000,0.004456,0.000000,0.000000,0.000000,0,0
