272496000000,272572000000,6283499093,52,554323517,0.000000,0.000000,0.000000,0.000000,0.000000,0.000000,0.000000,0.000000,0.000000,0.000000,0.000000,0.000000,0.000000,0.000000,0.000000,0,0
272572000000,272700000000,6283499093,52,554323517,0.000755,0.001194,0.001923,0.000140,0.000403,0.001474,0.000597,0.000000,0.018860,0.016360,3.012000,0.010520,0.000000,0.000000,0.000283,0,0
272700000000,273000000000,6283499093,52,554323517,0.000427,0.001211,0.001923,0.000124,0.000448,0.001331,0.000000,0.000000,0.004173,0.000000,3.110000,0.010340,0.000000,0.000000,0.000197,0,0
273000000000,273300000000,6283499093,52,554323517,0.000380,0.001162,0.001921,0.000122,0.000396,0.001337,0.000006,0.000000,0.001600,0.001143,2.800000,0.009171,0.000000,0.000000,0.000214,0,0
273300000000,273600000000,6283499093,52,554323517,0.000302,0.001123,0.001923,0.000122,0.000357,0.001343,0.000000,0.000000,0.009995,0.000072,2.181000,0.005761,0.000000,0.000000,0.000548,0,0
273600000000,273900000000,6283499093,52,554323517,0.000284,0.001104,0.001923,0.000122,0.000328,0.001345,0.000000,0.000000,0.003330,0.000072,2.349000,0.006724,0.000000,0.000000,0.000258,0,0
273900000000,274200000000,6283499093,52,554323517,0.000294,0.001076,0.001921,0.000122,0.000298,0.001345,0.000000,0.000000,0.004234,0.000072,2.226000,0.006154,0.000000,0.000000,0.000610,0,0
274200000000,274500000000,6283499093,52,554323517,0.000288,0.001081,0.001921,0.000122,0.000297,0.001362,0.000008,0.000000,0.004730,0.001928,2.185000,0.005869,0.000000,0.000000,0.000527,0,0
274500000000,274800000000,6283499093,52,554323517,0.000284,0.001112,0.001921,0.000122,0.000318,0.001362,0.000000,0.000000,0.004128,0.000000,2.367000,0.006559,0.000000,0.000000,0.000114,0,0
274800000000,275100000000,6283499093,52,554323517,0.000296,0.001123,0.001921,0.000131,0.000336,0.001369,0.000004,0.000000,0.001987,0.001143,2.226000,0.006484,0.000000,0.000000,0.000084,0,0
275100000000,275400000000,6283499093,52,554323517,0.000291,0.001148,0.001923,0.000131,0.000362,0.001362,0.000004,0.000000,0.003937,0.001215,2.094000,0.005578,0.000000,0.000000,0.000150,0,0
275400000000,275700000000,6283499093,52,554323517,0.000334,0.001186,0.001923,0.000131,0.000392,0.001377,0.000004,0.000000,0.005508,0.000786,1.904000,0.004764,0.000000,0.000000,0.000603,0,0
275700000000,276000000000,6283499093,52,554323517,0.000327,0.001215,0.001923,0.000131,0.000419,0.001373,0.000000,0.000000,0.004028,0.000000,1.966000,0.005069,0.000000,0.000000,0.000282,0,0
276000000000,276300000000,6283499093,52,554323517,0.000642,0.001249,0.001921,0.000136,0.000405,0.001520,0.000078,0.000000,0.054140,0.007286,0.723000,0.000675,0.000000,0.000000,0.000257,0,0
276300000000,276600000000,6283499093,52,554323517,0.000456,0.001205,0.001921,0.000139,0.000337,0.001474,0.000001,0.000000,0.001781,0.000143,2.675000,0.008693,0.000000,0.000000,0.000249,0,0
276600000000,276900000000,6283499093,52,554323517,0.000374,0.001232,0.001921,0.000138,0.000360,0.001476,0.000007,0.000000,0.005531,0.001642,2.760000,0.008978,0.000000,0.000000,0.000296,0,0
276900000000,277200000000,6283499093,52,554323517,0.000320,0.001251,0.001923,0.000137,0.000375,0.001484,0.000001,0.000000,0.004456,0.000357,2.371000,0.006538,0.000000,0.000000,0.000103,0,0
277200000000,277500000000,6283499093,52,554323517,0.000302,0.001261,0.001923,0.000135,0.000382,0.001486,0.000006,0.000000,0.004967,0.000500,2.384000,0.006616,0.000000,0.000000,0.000374,0,0
277500000000,277799000000,6283499093,52,554323517,0.000359,0.001234,0.001921,0.000135,0.000351,0.001495,0.000015,0.000000,0.005577,0.003284,2.404000,0.006750,0.000000,0.000000,0.000261,0,0
277799000000,277800000000,6283499093,52,554323517,0.001493,0.000000,0.000000,0.000000,0.000000,0.000000,0.000643,0.000000,0.001493,0.000643,2.194000,0.005931,0.000000,0.000000,0.000000,0,0
277800000000,277812000000,6283499093,52,554323517,0.000000,0.000000,0.000000,0.000000,0.000000,0.000000,0.000000,0.000000,0.000000,0.000000,2.194000,0.005931,0.000000,0.000000,0.000000,0,0
277812000000,277813000000,6283499093,52,554323517,0.000000,0.000000,0.000000,0.000000,0.000000,0.000000,0.000000,0.000000,0.000000,0.000000,2.194000,0.005931,0.000000,0.000000,0.000000,0,0
