272496000000,272534000000,6283499093,53,1436370694,0.000000,0.000000,0.000000,0.000000,0.000000,0.000000,0.000000,0.000000,0.000000,0.000000,0.000000,0.000000,0.000000,0.000000,0.000000,0,0
272534000000,272700000000,6283499093,53,1436370694,0.000565,0.001432,0.001932,0.000362,0.000794,0.001684,0.001329,0.000000,0.016910,0.052000,3.065000,0.009765,0.000000,0.000000,0.000556,0,0
272700000000,273000000000,6283499093,53,1436370694,0.000323,0.000933,0.001934,0.000366,0.000808,0.001043,0.000003,0.000000,0.004646,0.000999,2.572000,0.007716,0.000000,0.000000,0.000100,0,0
273000000000,273300000000,6283499093,53,1436370694,0.000402,0.000972,0.001932,0.000364,0.000808,0.000994,0.000002,0.000000,0.004402,0.000143,2.196000,0.005941,0.000000,0.000000,0.000309,0,0
273300000000,273600000000,6283499093,53,1436370694,0.000365,0.000975,0.001934,0.000364,0.000808,0.000992,0.000000,0.000000,0.004860,0.000072,2.915000,0.009094,0.000000,0.000000,0.000185,0,0
273600000000,273900000000,6283499093,53,1436370694,0.000326,0.000973,0.001934,0.000364,0.000808,0.000977,0.000000,0.000000,0.004303,0.000072,2.660000,0.008058,0.000000,0.000000,0.000191,0,0
273900000000,274200000000,6283499093,53,1436370694,0.000306,0.000972,0.001934,0.000364,0.000808,0.000974,0.000000,0.000000,0.003643,0.000072,2.956000,0.009182,0.000000,0.000000,0.000086,0,0
274200000000,274500000000,6283499093,53,1436370694,0.000345,0.000986,0.001934,0.000364,0.000808,0.001007,0.000002,0.000000,0.004272,0.000215,1.985000,0.004964,0.000000,0.000000,0.000107,0,0
274500000000,274800000000,6283499093,53,1436370694,0.000349,0.000988,0.001934,0.000364,0.000808,0.001003,0.000000,0.000000,0.004807,0.000000,2.713000,0.008345,0.000000,0.000000,0.000343,0,0
274800000000,275100000000,6283499093,53,1436370694,0.000333,0.000994,0.001934,0.000364,0.000809,0.001005,0.000004,0.000000,0.004410,0.000643,3.350000,0.010770,0.000000,0.000000,0.000152,0,0
275100000000,275400000000,6283499093,53,1436370694,0.000309,0.000988,0.001934,0.000364,0.000809,0.000996,0.000000,0.000000,0.002773,0.000000,2.649000,0.007530,0.000000,0.000000,0.000418,0,0
275400000000,275700000000,6283499093,53,1436370694,0.000295,0.000988,0.001934,0.000364,0.000809,0.000996,0.000000,0.000000,0.004906,0.000072,2.800000,0.008420,0.000000,0.000000,0.000667,0,0
275700000000,276000000000,6283499093,53,1436370694,0.000332,0.000997,0.001934,0.000364,0.000809,0.001013,0.000000,0.000000,0.003414,0.000072,2.533000,0.007311,0.000000,0.000000,0.000977,0,0
276000000000,276300000000,6283499093,53,1436370694,0.000378,0.001015,0.001932,0.000364,0.000809,0.001020,0.000003,0.000000,0.004562,0.000428,2.652000,0.007863,0.000000,0.000000,0.000655,0,0
276300000000,276600000000,6283499093,53,1436370694,0.000470,0.001043,0.001932,0.000368,0.000814,0.001072,0.000022,0.000000,0.007935,0.006142,2.737000,0.008425,0.000000,0.000000,0.001045,0,0
276600000000,276900000000,6283499093,53,1436370694,0.000352,0.001020,0.001932,0.000368,0.000813,0.001028,0.000007,0.000000,0.005234,0.001858,3.286000,0.010660,0.000000,0.000000,0.000188,0,0
276900000000,277200000000,6283499093,53,1436370694,0.000359,0.001034,0.001932,0.000368,0.000813,0.001040,0.000001,0.000000,0.005157,0.000143,2.872000,0.008807,0.000000,0.000000,0.000121,0,0
277200000000,277500000000,6283499093,53,1436370694,0.000379,0.001074,0.001932,0.000361,0.000814,0.001127,0.000020,0.000000,0.004807,0.004570,2.862000,0.008763,0.000000,0.000000,0.000088,0,0
277500000000,277800000000,6283499093,53,1436370694,0.000352,0.001059,0.001932,0.000356,0.000815,0.001091,0.000010,0.000000,0.005135,0.001143,2.906000,0.009576,0.000000,0.000000,0.000247,0,0
277800000000,278100000000,6283499093,53,1436370694,0.000374,0.001070,0.001932,0.000356,0.000815,0.001087,0.000012,0.000000,0.006096,0.001499,3.002000,0.009604,0.000000,0.000000,0.000251,0,0
278100000000,278400000000,6283499093,53,1436370694,0.000385,0.001081,0.001932,0.000356,0.000815,0.001089,0.000004,0.000000,0.005226,0.000215,2.859000,0.008961,0.000000,0.000000,0.000487,0,0
278400000000,278700000000,6283499093,53,1436370694,0.000392,0.001087,0.001932,0.000356,0.000815,0.001108,0.000012,0.000000,0.004776,0.001072,2.662000,0.008367,0.000000,0.000000,0.000592,0,0
278700000000,279000000000,6283499093,53,1436370694,0.000364,0.001097,0.001932,0.000355,0.000815,0.001125,0.000003,0.000000,0.004662,0.000428,3.118000,0.009950,0.000000,0.000000,0.000139,0,0
279000000000,279300000000,6283499093,53,1436370694,0.000358,0.001078,0.001932,0.000355,0.000815,0.001087,0.000007,0.000000,0.005653,0.001358,2.686000,0.008181,0.000000,0.000000,0.000564,0,0
279300000000,279600000000,6283499093,53,1436370694,0.000344,0.001080,0.001932,0.000355,0.000816,0.001091,0.000005,0.000000,0.005371,0.000714,2.994000,0.009708,0.000000,0.000000,0.000151,0,0
279600000000,279799000000,6283499093,53,1436370694,0.000373,0.001080,0.001932,0.000355,0.000816,0.001091,0.000029,0.000000,0.006569,0.003643,2.646000,0.007924,0.000000,0.000000,0.000198,0,0
279799000000,279808000000,6283499093,53,1436370694,0.000372,0.000000,0.000000,0.000000,0.000000,0.000000,0.000008,0.000000,0.003345,0.000072,2.327000,0.006589,0.000000,0.000000,0.000000,0,0
279808000000,279809000000,6283499093,53,1436370694,0.000000,0.000000,0.000000,0.000000,0.000000,0.000000,0.000000,0.000000,0.000000,0.000000,2.327000,0.006589,0.000000,0.000000,0.000000,0,0
