272490000000,272600000000,6283499093,54,1274214,0.000000,0.000000,0.000000,0.000000,0.000000,0.000000,0.000000,0.000000,0.000000,0.000000,0.000000,0.000000,0.000000,0.000000,0.000000,0,0
272600000000,272700000000,6283499093,54,1274214,0.001013,0.001177,0.001923,0.000175,0.000369,0.001543,0.001314,0.000000,0.016880,0.023070,3.812000,0.013330,0.000000,0.000000,0.001137,0,0
272700000000,273000000000,6283499093,54,1274214,0.000629,0.001211,0.001923,0.000181,0.000449,0.001442,0.000002,0.000000,0.009338,0.000072,2.142000,0.005524,0.000000,0.000000,0.000350,0,0
273000000000,273300000000,6283499093,54,1274214,0.000586,0.001183,0.001921,0.000181,0.000406,0.001406,0.000001,0.000000,0.005463,0.000143,4.129000,0.014290,0.000000,0.000000,0.000761,0,0
273300000000,273600000000,6283499093,54,1274214,0.000414,0.001114,0.001921,0.000180,0.000344,0.001396,0.000000,0.000000,0.005959,0.000072,2.491000,0.007097,0.000000,0.000000,0.000585,0,0
273600000000,273900000000,6283499093,54,1274214,0.000493,0.001059,0.001921,0.000179,0.000281,0.001410,0.000012,0.000000,0.021760,0.003429,3.026000,0.009448,0.000000,0.000000,0.000677,0,0
273900000000,274200000000,6283499093,54,1274214,0.000431,0.000992,0.001921,0.000180,0.000216,0.001217,0.000000,0.000000,0.004768,0.000000,2.939000,0.009189,0.000000,0.000000,0.000708,0,0
274200000000,274500000000,6283499093,54,1274214,0.000361,0.001366,0.001928,0.000178,0.000588,0.001402,0.000002,0.000000,0.005325,0.000143,2.807000,0.008319,0.000000,0.000000,0.000589,0,0
274500000000,274800000000,6283499093,54,1274214,0.000316,0.001337,0.001928,0.000176,0.000555,0.001400,0.000000,0.000000,0.004303,0.000000,2.283000,0.005939,0.000000,0.000000,0.000150,0,0
274800000000,275100000000,6283499093,54,1274214,0.000344,0.001329,0.001928,0.000175,0.000545,0.001415,0.000001,0.000000,0.007141,0.000072,2.641000,0.007451,0.000000,0.000000,0.000252,0,0
275100000000,275400000000,6283499093,54,1274214,0.000320,0.001341,0.001928,0.000175,0.000545,0.001415,0.000000,0.000000,0.005188,0.000000,2.463000,0.006663,0.000000,0.000000,0.000194,0,0
275400000000,275700000000,6283499093,54,1274214,0.005638,0.001421,0.001925,0.000175,0.000461,0.001764,0.000035,0.000000,0.114000,0.002857,0.595600,0.000178,0.000000,0.000000,0.000724,0,0
275700000000,276000000000,6283499093,54,1274214,0.000690,0.001410,0.001925,0.000162,0.000386,0.001669,0.000001,0.000000,0.029600,0.000072,0.952700,0.001438,0.000000,0.000000,0.000342,0,0
276000000000,276300000000,6283499093,54,1274214,0.005516,0.001541,0.002201,0.000087,0.000288,0.002476,0.000106,0.000000,0.142600,0.017210,0.664100,0.000486,0.000000,0.000000,0.000714,0,0
276300000000,276600000000,6283499093,54,1274214,0.000526,0.001450,0.001921,0.000039,0.000228,0.001738,0.000001,0.000001,0.004616,0.000072,2.058000,0.004709,0.000000,0.000000,0.000714,0,0
276600000000,276900000000,6283499093,54,1274214,0.000486,0.001474,0.001923,0.000039,0.000247,0.001732,0.000001,0.000001,0.001688,0.000286,3.620000,0.011620,0.000000,0.000000,0.000819,0,0
276900000000,277200000000,6283499093,54,1274214,0.000347,0.001457,0.001925,0.000039,0.000231,0.001732,0.000000,0.000001,0.005249,0.000000,2.745000,0.007822,0.000000,0.000000,0.000237,0,0
277200000000,277500000000,6283499093,54,1274214,0.003372,0.001619,0.002228,0.000022,0.000217,0.002605,0.000019,0.000001,0.079220,0.001072,0.915900,0.001374,0.000000,0.000000,0.000609,0,0
277500000000,277800000000,6283499093,54,1274214,0.000414,0.001621,0.001923,0.000001,0.000208,0.001883,0.000004,0.000001,0.004845,0.000143,2.833000,0.008365,0.000000,0.000000,0.000103,0,0
277800000000,278100000000,6283499093,54,1274214,0.000403,0.001619,0.001923,0.000003,0.000218,0.001875,0.000019,0.000001,0.005333,0.004143,2.800000,0.008232,0.000000,0.000000,0.000414,0,0
278100000000,278400000000,6283499093,54,1274214,0.000384,0.001596,0.001925,0.000005,0.000200,0.001871,0.000004,0.000001,0.005104,0.000143,3.093000,0.009042,0.000000,0.000000,0.000683,0,0
278400000000,278700000000,6283499093,54,1274214,0.005798,0.001663,0.002331,0.000010,0.000198,0.002022,0.000010,0.000001,0.082520,0.000428,0.767900,0.000813,0.000000,0.000000,0.000676,0,0
278700000000,279000000000,6283499093,54,1274214,0.000427,0.001585,0.001923,0.000001,0.000177,0.001841,0.000003,0.000001,0.005760,0.000357,3.033000,0.008962,0.000000,0.000000,0.000300,0,0
279000000000,279300000000,6283499093,54,1274214,0.000399,0.001583,0.001925,0.000005,0.000185,0.001841,0.000028,0.000001,0.005974,0.006569,2.605000,0.007351,0.000000,0.000000,0.000481,0,0
279300000000,279600000000,6283499093,54,1274214,0.000403,0.001595,0.001925,0.000032,0.000251,0.001827,0.000014,0.000001,0.005943,0.001499,2.601000,0.007049,0.000000,0.000000,0.000940,0,0
279600000000,279900000000,6283499093,54,1274214,0.001869,0.001610,0.002056,0.000031,0.000340,0.001804,0.000012,0.000001,0.071410,0.000571,2.014000,0.004971,0.000000,0.000000,0.000089,0,0
279900000000,279909000000,6283499093,54,1274214,0.000307,0.001287,0.001930,0.000055,0.000340,0.001352,0.001858,0.000001,0.000408,0.016360,1.197000,0.001529,0.000000,0.000000,0.000211,0,0
279909000000,279924000000,6283499093,54,1274214,0.000209,0.000015,0.000000,0.000000,0.000000,0.000226,0.000043,0.000001,0.003136,0.000571,1.197000,0.001529,0.000000,0.000000,0.000000,0,0
279924000000,279925000000,6283499093,54,1274214,0.000000,0.000000,0.000000,0.000000,0.000000,0.000000,0.000000,0.000001,0.000000,0.000000,1.197000,0.001529,0.000000,0.000000,0.000000,0,0
