272491000000,272600000000,6283499093,55,1268158,0.000000,0.000000,0.000000,0.000000,0.000000,0.000000,0.000000,0.000000,0.000000,0.000000,0.000000,0.000000,0.000000,0.000000,0.000000,0,0
272600000000,272700000000,6283499093,55,1268158,0.000625,0.000977,0.001926,0.000133,0.000204,0.001423,0.000773,0.000000,0.019780,0.018430,2.787000,0.008433,0.000000,0.000000,0.000207,0,0
272700000000,273000000000,6283499093,55,1268158,0.000326,0.000879,0.001925,0.000136,0.000158,0.000986,0.000000,0.000000,0.003643,0.000000,2.947000,0.008977,0.000000,0.000000,0.000428,0,0
273000000000,273300000000,6283499093,55,1268158,0.000390,0.000913,0.001923,0.000135,0.000180,0.001060,0.000002,0.000000,0.004745,0.000571,3.085000,0.009811,0.000000,0.000000,0.000406,0,0
273300000000,273600000000,6283499093,55,1268158,0.000443,0.000922,0.001925,0.000134,0.000169,0.001333,0.000000,0.000000,0.001396,0.000000,3.649000,0.012190,0.000000,0.000000,0.000785,0,0
273600000000,273900000000,6283499093,55,1268158,0.000410,0.001329,0.001926,0.000134,0.000567,0.001345,0.000001,0.000000,0.004562,0.000143,2.138000,0.005785,0.000000,0.000000,0.000624,0,0
273900000000,274200000000,6283499093,55,1268158,0.000355,0.001308,0.001928,0.000135,0.000541,0.001369,0.000016,0.000000,0.006752,0.004784,2.889000,0.008437,0.000000,0.000000,0.000145,0,0
274200000000,274500000000,6283499093,55,1268158,0.000327,0.001280,0.001928,0.000135,0.000504,0.001360,0.000002,0.000000,0.004051,0.000215,2.610000,0.007673,0.000000,0.000000,0.000157,0,0
274500000000,274800000000,6283499093,55,1268158,0.000320,0.001263,0.001928,0.000134,0.000483,0.001360,0.000003,0.000000,0.001051,0.000999,2.558000,0.007412,0.000000,0.000000,0.000197,0,0
274800000000,275100000000,6283499093,55,1268158,0.000316,0.001295,0.001928,0.000134,0.000513,0.001369,0.000003,0.000000,0.004753,0.000714,2.191000,0.005899,0.000000,0.000000,0.004112,0,0
275100000000,275400000000,6283499093,55,1268158,0.000317,0.001217,0.001925,0.000133,0.000424,0.001375,0.000000,0.000000,0.004074,0.000072,2.279000,0.006220,0.000000,0.000000,0.000224,0,0
275400000000,275700000000,6283499093,55,1268158,0.000443,0.001207,0.001925,0.000133,0.000404,0.001394,0.000004,0.000000,0.011900,0.000714,1.674000,0.003455,0.000000,0.000000,0.000681,0,0
275700000000,276000000000,6283499093,55,1268158,0.000426,0.001179,0.001923,0.000133,0.000361,0.001398,0.000001,0.000000,0.004623,0.000072,2.265000,0.006327,0.000000,0.000000,0.000715,0,0
276000000000,276300000000,6283499093,55,1268158,0.000403,0.001200,0.001925,0.000133,0.000377,0.001404,0.000010,0.000000,0.003796,0.002499,2.109000,0.005688,0.000000,0.000000,0.000445,0,0
276300000000,276600000000,6283499093,55,1268158,0.000400,0.001219,0.001925,0.000134,0.000396,0.001406,0.000038,0.000000,0.010100,0.008148,2.712000,0.008346,0.000000,0.000000,0.000127,0,0
276600000000,276900000000,6283499093,55,1268158,0.000349,0.001183,0.001925,0.000133,0.000362,0.001400,0.000001,0.000000,0.004745,0.000143,3.429000,0.011370,0.000000,0.000000,0.000439,0,0
276900000000,277200000000,6283499093,55,1268158,0.000318,0.001181,0.001925,0.000133,0.000360,0.001400,0.000001,0.000000,0.005013,0.000143,2.788000,0.008398,0.000000,0.000000,0.000110,0,0
277200000000,277500000000,6283499093,55,1268158,0.000289,0.001225,0.001926,0.000133,0.000404,0.001400,0.000008,0.000000,0.005089,0.001072,2.388000,0.006851,0.000000,0.000000,0.000125,0,0
277500000000,277800000000,6283499093,55,1268158,0.000347,0.001184,0.001925,0.000133,0.000360,0.001406,0.000011,0.000000,0.004730,0.001072,2.287000,0.006602,0.000000,0.000000,0.000211,0,0
277800000000,278100000000,6283499093,55,1268158,0.000326,0.001207,0.001925,0.000133,0.000368,0.001427,0.000018,0.000000,0.004860,0.001358,3.017000,0.009583,0.000000,0.000000,0.001509,0,0
278100000000,278400000000,6283499093,55,1268158,0.000360,0.001223,0.001925,0.000128,0.000372,0.001431,0.000010,0.000000,0.017640,0.000999,1.492000,0.002702,0.000000,0.000000,0.000172,0,0
278400000000,278700000000,6283499093,55,1268158,0.000315,0.001144,0.001932,0.000128,0.000571,0.001419,0.000008,0.000000,0.004532,0.001715,2.422000,0.007294,0.000000,0.000000,0.000135,0,0
278700000000,279000000000,6283499093,55,1268158,0.000324,0.001032,0.001932,0.000128,0.000571,0.001041,0.000009,0.000000,0.004524,0.001286,2.129000,0.005987,0.000000,0.000000,0.000238,0,0
279000000000,279300000000,6283499093,55,1268158,0.000375,0.001080,0.001932,0.000129,0.000583,0.001129,0.000018,0.000000,0.004852,0.003784,2.490000,0.007691,0.000000,0.000000,0.000193,0,0
279300000000,279600000000,6283499093,55,1268158,0.000360,0.001059,0.001930,0.000130,0.000588,0.001078,0.000007,0.000000,0.004242,0.001572,2.705000,0.008565,0.000000,0.000000,0.000219,0,0
279600000000,279769000000,6283499093,55,1268158,0.000503,0.001059,0.001930,0.000133,0.000589,0.001135,0.000019,0.000000,0.049870,0.001286,1.567000,0.003970,0.000000,0.000000,0.000273,0,0
279769000000,279783000000,6283499093,55,1268158,0.000198,0.000000,0.000000,0.000000,0.000000,0.000000,0.000015,0.000000,0.002769,0.000215,0.706200,0.000603,0.000000,0.000000,0.000000,0,0
279783000000,279784000000,6283499093,55,1268158,0.000000,0.000000,0.000000,0.000000,0.000000,0.000000,0.000000,0.000000,0.000000,0.000000,0.706200,0.000603,0.000000,0.000000,0.000000,0,0
