272497000000,272659000000,6283499093,56,351651618,0.000000,0.000000,0.000000,0.000000,0.000000,0.000000,0.000000,0.000000,0.000000,0.000000,0.000000,0.000000,0.000000,0.000000,0.000000,0,0
272659000000,272700000000,6283499093,56,351651618,0.001001,0.000827,0.001926,0.000148,0.000197,0.001114,0.001423,0.000000,0.009811,0.013570,0.746400,0.000443,0.000000,0.000000,0.001825,0,0
272700000000,273000000000,6283499093,56,351651618,0.000259,0.000927,0.001925,0.000159,0.000189,0.001083,0.000003,0.000000,0.003983,0.000571,4.941000,0.019680,0.000000,0.000000,0.000149,0,0
273000000000,273300000000,6283499093,56,351651618,0.000258,0.000909,0.001925,0.000146,0.000164,0.000975,0.000005,0.000000,0.005211,0.001143,5.526000,0.021800,0.000000,0.000000,0.000272,0,0
273300000000,273600000000,6283499093,56,351651618,0.000202,0.001129,0.001926,0.000148,0.000375,0.001303,0.000008,0.000000,0.001247,0.001715,5.483000,0.021320,0.000000,0.000000,0.000130,0,0
273600000000,273900000000,6283499093,56,351651618,0.000197,0.001093,0.001926,0.000148,0.000341,0.001297,0.000000,0.000000,0.002056,0.000072,3.564000,0.013160,0.000000,0.000000,0.000193,0,0
273900000000,274200000000,6283499093,56,351651618,0.000217,0.001108,0.001926,0.000148,0.000347,0.001310,0.000000,0.000000,0.004250,0.000000,3.031000,0.009868,0.000000,0.000000,0.000134,0,0
274200000000,274500000000,6283499093,56,351651618,0.003380,0.001247,0.002068,0.000139,0.000327,0.002228,0.000007,0.000000,0.055730,0.000571,0.631600,0.000399,0.000000,0.000000,0.000141,0,0
274500000000,274800000000,6283499093,56,351651618,0.000250,0.001259,0.001926,0.000090,0.000242,0.001514,0.000001,0.000000,0.001081,0.000286,0.642400,0.000457,0.000000,0.000000,0.000219,0,0
274800000000,275100000000,6283499093,56,351651618,0.000277,0.001280,0.001926,0.000086,0.000270,0.001507,0.000001,0.000000,0.004921,0.000072,5.446000,0.019730,0.000000,0.000000,0.000547,0,0
275100000000,275400000000,6283499093,56,351651618,0.000246,0.001127,0.001930,0.000085,0.000139,0.001474,0.000000,0.000000,0.003807,0.000072,5.118000,0.017990,0.000000,0.000000,0.000643,0,0
275400000000,275700000000,6283499093,56,351651618,0.000252,0.001232,0.001930,0.000085,0.000246,0.001472,0.000000,0.000000,0.004326,0.000000,3.212000,0.010870,0.000000,0.000000,0.000241,0,0
275700000000,276000000000,6283499093,56,351651618,0.000240,0.001141,0.001928,0.000085,0.000156,0.001472,0.000000,0.000000,0.004349,0.000072,3.347000,0.012090,0.000000,0.000000,0.000205,0,0
276000000000,276300000000,6283499093,56,351651618,0.000258,0.001259,0.001930,0.000085,0.000292,0.001472,0.000004,0.000000,0.004021,0.000428,2.862000,0.009700,0.000000,0.000000,0.000125,0,0
276300000000,276600000000,6283499093,56,351651618,0.000197,0.001204,0.001926,0.000085,0.000222,0.001469,0.000000,0.000000,0.004189,0.000000,3.697000,0.012850,0.000000,0.000000,0.000668,0,0
276600000000,276900000000,6283499093,56,351651618,0.000201,0.001196,0.001926,0.000085,0.000214,0.001471,0.000006,0.000000,0.000967,0.000857,5.810000,0.022220,0.000000,0.000000,0.000164,0,0
276900000000,277200000000,6283499093,56,351651618,0.000191,0.001165,0.001926,0.000085,0.000183,0.001469,0.000000,0.000000,0.004570,0.000000,2.908000,0.009421,0.000000,0.000000,0.000160,0,0
277200000000,277500000000,6283499093,56,351651618,0.000179,0.001217,0.001926,0.000085,0.000233,0.001471,0.000002,0.000000,0.003239,0.000072,3.726000,0.012830,0.000000,0.000000,0.000133,0,0
277500000000,277570000000,6283499093,56,351651618,0.004669,0.001328,0.001925,0.000087,0.000257,0.001762,0.000105,0.000000,0.061650,0.004784,12.430000,0.053920,0.000000,0.000000,0.010730,0,0
277570000000,277581000000,6283499093,56,351651618,0.000210,0.000000,0.000000,0.000000,0.000000,0.000000,0.000032,0.000000,0.002308,0.000357,10.150000,0.043190,0.000000,0.000000,0.000000,0,0
277581000000,277582000000,6283499093,56,351651618,0.000000,0.000000,0.000000,0.000000,0.000000,0.000000,0.000000,0.000000,0.000000,0.000000,10.150000,0.043190,0.000000,0.000000,0.000000,0,0
