272490000000,272653000000,6283499093,57,1093692,0.000000,0.000000,0.000000,0.000000,0.000000,0.000000,0.000000,0.000000,0.000000,0.000000,0.000000,0.000000,0.000000,0.000000,0.000000,0,0
272653000000,272700000000,6283499093,57,1093692,0.000956,0.000921,0.001907,0.000179,0.000253,0.001375,0.004097,0.000000,0.010030,0.026370,2.324000,0.006719,0.000000,0.000000,0.000237,0,0
272700000000,273000000000,6283499093,57,1093692,0.000366,0.001007,0.001904,0.000208,0.000269,0.001366,0.000001,0.000000,0.004280,0.000072,1.958000,0.004898,0.000000,0.000000,0.000268,0,0
273000000000,273300000000,6283499093,57,1093692,0.000355,0.000959,0.001905,0.000191,0.000227,0.001135,0.000000,0.000000,0.004410,0.000072,2.440000,0.007179,0.000000,0.000000,0.000234,0,0
273300000000,273600000000,6283499093,57,1093692,0.000382,0.000996,0.001904,0.000186,0.000255,0.001322,0.000000,0.000000,0.004425,0.000072,2.280000,0.006143,0.000000,0.000000,0.000871,0,0
273600000000,273900000000,6283499093,57,1093692,0.000409,0.001059,0.001904,0.000186,0.000309,0.001381,0.000014,0.000000,0.006111,0.004143,2.344000,0.006638,0.000000,0.000000,0.000662,0,0
273900000000,274200000000,6283499093,57,1093692,0.000359,0.001112,0.001904,0.000191,0.000344,0.001406,0.000001,0.000000,0.004417,0.000143,1.923000,0.004757,0.000000,0.000000,0.000188,0,0
274200000000,274500000000,6283499093,57,1093692,0.000359,0.001104,0.001904,0.000186,0.000323,0.001429,0.000002,0.000000,0.038760,0.000072,1.358000,0.002153,0.000000,0.000000,0.000088,0,0
274500000000,274800000000,6283499093,57,1093692,0.000294,0.001066,0.001904,0.000187,0.000272,0.001423,0.000000,0.000000,0.003334,0.000072,2.593000,0.007534,0.000000,0.000000,0.000149,0,0
274800000000,275100000000,6283499093,57,1093692,0.000333,0.001127,0.001907,0.000187,0.000333,0.001427,0.000000,0.000000,0.006645,0.000072,2.224000,0.006103,0.000000,0.000000,0.000102,0,0
275100000000,275400000000,6283499093,57,1093692,0.000331,0.001360,0.001909,0.000187,0.000568,0.001425,0.000000,0.000000,0.004082,0.000000,2.261000,0.006271,0.000000,0.000000,0.000114,0,0
275400000000,275700000000,6283499093,57,1093692,0.000322,0.001284,0.001907,0.000186,0.000492,0.001427,0.000001,0.000000,0.004654,0.000072,2.302000,0.006382,0.000000,0.000000,0.000088,0,0
275700000000,276000000000,6283499093,57,1093692,0.000347,0.001221,0.001905,0.000185,0.000423,0.001436,0.000001,0.000000,0.004219,0.000072,2.343000,0.006428,0.000000,0.000000,0.000170,0,0
276000000000,276300000000,6283499093,57,1093692,0.000346,0.001162,0.001904,0.000185,0.000356,0.001438,0.000002,0.000000,0.003952,0.000072,2.441000,0.006981,0.000000,0.000000,0.000127,0,0
276300000000,276600000000,6283499093,57,1093692,0.000341,0.001116,0.001904,0.000185,0.000304,0.001442,0.000000,0.000000,0.012590,0.000072,2.123000,0.005717,0.000000,0.000000,0.000161,0,0
276600000000,276900000000,6283499093,57,1093692,0.000311,0.001081,0.001904,0.000185,0.000268,0.001423,0.000001,0.000000,0.001972,0.000072,2.131000,0.005596,0.000000,0.000000,0.000192,0,0
276900000000,277200000000,6283499093,57,1093692,0.001537,0.001228,0.001905,0.000190,0.000421,0.001617,0.000021,0.000000,0.128700,0.005074,0.930000,0.001500,0.000000,0.000000,0.000274,0,0
277200000000,277479000000,6283499093,57,1093692,0.000361,0.000879,0.001904,0.000180,0.000403,0.001131,0.000002,0.000000,0.004669,0.000072,2.757000,0.008641,0.000000,0.000000,0.000179,0,0
277479000000,277492000000,6283499093,57,1093692,0.000198,0.000000,0.000000,0.000000,0.000000,0.000000,0.000046,0.000000,0.002579,0.000643,2.618000,0.008055,0.000000,0.000000,0.000000,0,0
277492000000,277494000000,6283499093,57,1093692,0.000000,0.000000,0.000000,0.000000,0.000000,0.000000,0.000000,0.000000,0.000000,0.000000,2.618000,0.008055,0.000000,0.000000,0.000000,0,0
277494000000,277500000000,6283499093,57,1093692,0.000000,0.000000,0.000000,0.000000,0.000000,0.000000,0.000000,0.000000,0.000000,0.000000,0.000000,0.000000,0.000000,0.000000,0.000000,0,0
