272493000000,272560000000,6283499093,58,257499257,0.000000,0.000000,0.000000,0.000000,0.000000,0.000000,0.000000,0.000000,0.000000,0.000000,0.000000,0.000000,0.000000,0.000000,0.000000,0,0
272560000000,272700000000,6283499093,58,257499257,0.000607,0.001114,0.001911,0.000123,0.000287,0.001467,0.000588,0.000000,0.013320,0.022280,4.406000,0.014880,0.000000,0.000000,0.000235,0,0
272700000000,273000000000,6283499093,58,257499257,0.000455,0.000928,0.001921,0.000104,0.000126,0.001352,0.000001,0.000000,0.007278,0.000072,2.459000,0.006832,0.000000,0.000000,0.000351,0,0
273000000000,273300000000,6283499093,58,257499257,0.000403,0.000915,0.001921,0.000103,0.000110,0.000947,0.000000,0.000000,0.004158,0.000072,2.877000,0.008908,0.000000,0.000000,0.000661,0,0
273300000000,273600000000,6283499093,58,257499257,0.000349,0.000913,0.001923,0.000103,0.000109,0.000949,0.000000,0.000000,0.005051,0.000072,2.985000,0.009074,0.000000,0.000000,0.000083,0,0
273600000000,273900000000,6283499093,58,257499257,0.000355,0.000924,0.001923,0.000101,0.000117,0.001310,0.000009,0.000000,0.005142,0.002357,2.666000,0.007680,0.000000,0.000000,0.000110,0,0
273900000000,274200000000,6283499093,58,257499257,0.000335,0.001020,0.001919,0.000096,0.000205,0.001354,0.000000,0.000000,0.001467,0.000000,2.745000,0.007978,0.000000,0.000000,0.000582,0,0
274200000000,274500000000,6283499093,58,257499257,0.000398,0.000961,0.001919,0.000096,0.000144,0.001238,0.000003,0.000000,0.005241,0.000215,2.007000,0.004751,0.000000,0.000000,0.000177,0,0
274500000000,274800000000,6283499093,58,257499257,0.000417,0.000999,0.001919,0.000096,0.000168,0.001366,0.000001,0.000000,0.004883,0.000072,2.023000,0.004843,0.000000,0.000000,0.000350,0,0
274800000000,275100000000,6283499093,58,257499257,0.000385,0.001043,0.001921,0.000096,0.000209,0.001375,0.000000,0.000000,0.004539,0.000072,3.076000,0.009439,0.000000,0.000000,0.000329,0,0
275100000000,275400000000,6283499093,58,257499257,0.000350,0.001116,0.001921,0.000096,0.000277,0.001379,0.000000,0.000000,0.005547,0.000000,1.898000,0.004282,0.000000,0.000000,0.000211,0,0
275400000000,275700000000,6283499093,58,257499257,0.000369,0.001093,0.001921,0.000097,0.000258,0.001392,0.000018,0.000000,0.008453,0.004143,2.495000,0.006686,0.000000,0.000000,0.000191,0,0
275700000000,276000000000,6283499093,58,257499257,0.000357,0.001026,0.001919,0.000097,0.000183,0.001389,0.000001,0.000000,0.005043,0.000072,2.460000,0.006718,0.000000,0.000000,0.000606,0,0
276000000000,276300000000,6283499093,58,257499257,0.000354,0.001013,0.001919,0.000097,0.000167,0.001385,0.000006,0.000000,0.004913,0.001143,2.551000,0.007029,0.000000,0.000000,0.000147,0,0
276300000000,276600000000,6283499093,58,257499257,0.000365,0.001007,0.001919,0.000097,0.000158,0.001328,0.000000,0.000000,0.004738,0.000072,2.689000,0.007538,0.000000,0.000000,0.000154,0,0
276600000000,276900000000,6283499093,58,257499257,0.000392,0.001003,0.001919,0.000097,0.000153,0.001394,0.000003,0.000000,0.008896,0.000286,2.813000,0.008257,0.000000,0.000000,0.000128,0,0
276900000000,277200000000,6283499093,58,257499257,0.000383,0.001047,0.001921,0.000097,0.000194,0.001398,0.000000,0.000000,0.014650,0.000072,2.329000,0.005963,0.000000,0.000000,0.000100,0,0
277200000000,277500000000,6283499093,58,257499257,0.000404,0.001163,0.001921,0.000097,0.000308,0.001400,0.000010,0.000000,0.005005,0.001715,2.293000,0.005949,0.000000,0.000000,0.000225,0,0
277500000000,277800000000,6283499093,58,257499257,0.000387,0.001123,0.001919,0.000096,0.000264,0.001404,0.000013,0.000000,0.006134,0.002430,2.830000,0.008397,0.000000,0.000000,0.000264,0,0
277800000000,278100000000,6283499093,58,257499257,0.000382,0.001040,0.001919,0.000100,0.000176,0.001406,0.000037,0.000000,0.005081,0.006569,2.983000,0.008869,0.000000,0.000000,0.000261,0,0
278100000000,278359000000,6283499093,58,257499257,0.000455,0.001062,0.001919,0.000102,0.000211,0.001333,0.000019,0.000000,0.005730,0.003216,2.067000,0.005138,0.000000,0.000000,0.000076,0,0
278359000000,278377000000,6283499093,58,257499257,0.000145,0.000000,0.000000,0.000000,0.000000,0.000000,0.000175,0.000000,0.002602,0.002213,3.050000,0.009554,0.000000,0.000000,0.000000,0,0
278377000000,278378000000,6283499093,58,257499257,0.000000,0.000000,0.000000,0.000000,0.000000,0.000000,0.000000,0.000000,0.000000,0.000000,3.050000,0.009554,0.000000,0.000000,0.000000,0,0
