272496000000,272553000000,6283499093,59,5303534650,0.000000,0.000000,0.000000,0.000000,0.000000,0.000000,0.000003,0.000000,0.000000,0.000143,0.000000,0.000000,0.000000,0.000000,0.000000,0,0
272553000000,272700000000,6283499093,59,5303534650,0.006866,0.001476,0.001921,0.000142,0.000457,0.001804,0.000589,0.000000,0.071290,0.036130,0.579200,0.000151,0.000000,0.000000,0.000588,0,0
272700000000,273000000000,6283499093,59,5303534650,0.000443,0.001299,0.001919,0.000149,0.000349,0.001574,0.000000,0.000000,0.003147,0.000000,2.927000,0.009601,0.000000,0.000000,0.000370,0,0
273000000000,273300000000,6283499093,59,5303534650,0.000877,0.001278,0.001921,0.000133,0.000311,0.001589,0.000004,0.000000,0.049440,0.000143,2.825000,0.009114,0.000000,0.000000,0.000284,0,0
273300000000,273600000000,6283499093,59,5303534650,0.000886,0.001379,0.001919,0.000125,0.000359,0.001638,0.000030,0.000000,0.050780,0.006432,2.670000,0.008494,0.000000,0.000000,0.000291,0,0
273600000000,273900000000,6283499093,59,5303534650,0.000448,0.001354,0.001919,0.000117,0.000334,0.001602,0.000000,0.000000,0.005402,0.000072,2.914000,0.009647,0.000000,0.000000,0.000384,0,0
273900000000,274200000000,6283499093,59,5303534650,0.000377,0.001366,0.001919,0.000117,0.000345,0.001604,0.000002,0.000000,0.005066,0.000571,3.106000,0.010280,0.000000,0.000000,0.000444,0,0
274200000000,274500000000,6283499093,59,5303534650,0.000333,0.001417,0.001921,0.000117,0.000380,0.001623,0.000001,0.000000,0.004562,0.000072,2.231000,0.006504,0.000000,0.000000,0.000497,0,0
274500000000,274800000000,6283499093,59,5303534650,0.001398,0.001274,0.001919,0.000119,0.000226,0.001621,0.000039,0.000000,0.064940,0.010860,0.669400,0.000540,0.000000,0.000000,0.000252,0,0
274800000000,275100000000,6283499093,59,5303534650,0.000355,0.001448,0.001921,0.000119,0.000419,0.001614,0.000001,0.000000,0.004723,0.000143,0.892200,0.001439,0.000000,0.000000,0.000171,0,0
275100000000,275400000000,6283499093,59,5303534650,0.000341,0.001444,0.001921,0.000118,0.000414,0.001614,0.000001,0.000000,0.004555,0.000072,2.210000,0.006402,0.000000,0.000000,0.000125,0,0
275400000000,275700000000,6283499093,59,5303534650,0.000300,0.001326,0.001919,0.000118,0.000297,0.001614,0.000001,0.000000,0.004570,0.000072,2.059000,0.005517,0.000000,0.000000,0.000096,0,0
275700000000,276000000000,6283499093,59,5303534650,0.000298,0.001219,0.001919,0.000118,0.000190,0.001612,0.000000,0.000000,0.004211,0.000000,2.166000,0.006088,0.000000,0.000000,0.000072,0,0
276000000000,276300000000,6283499093,59,5303534650,0.000312,0.001503,0.001925,0.000118,0.000472,0.001616,0.000002,0.000000,0.005432,0.000072,2.121000,0.005928,0.000000,0.000000,0.000230,0,0
276300000000,276600000000,6283499093,59,5303534650,0.000318,0.001434,0.001921,0.000118,0.000404,0.001617,0.000001,0.000000,0.004852,0.000072,2.394000,0.006962,0.000000,0.000000,0.000101,0,0
276600000000,276900000000,6283499093,59,5303534650,0.000305,0.001329,0.001919,0.000118,0.000297,0.001617,0.000006,0.000000,0.005585,0.001572,2.167000,0.006054,0.000000,0.000000,0.000205,0,0
276900000000,277200000000,6283499093,59,5303534650,0.000322,0.001217,0.001919,0.000118,0.000183,0.001616,0.000000,0.000000,0.004799,0.000072,1.997000,0.005245,0.000000,0.000000,0.000437,0,0
277200000000,277500000000,6283499093,59,5303534650,0.000344,0.001522,0.001923,0.000118,0.000488,0.001625,0.000003,0.000000,0.005844,0.000143,2.119000,0.005855,0.000000,0.000000,0.001652,0,0
277500000000,277800000000,6283499093,59,5303534650,0.000352,0.001453,0.001921,0.000117,0.000416,0.001625,0.000004,0.000000,0.005295,0.000072,2.261000,0.006474,0.000000,0.000000,0.000395,0,0
277800000000,278100000000,6283499093,59,5303534650,0.000332,0.001348,0.001919,0.000117,0.000309,0.001625,0.000010,0.000000,0.005531,0.002499,2.423000,0.007147,0.000000,0.000000,0.000499,0,0
278100000000,278400000000,6283499093,59,5303534650,0.000305,0.001251,0.001919,0.000117,0.000211,0.001625,0.000002,0.000000,0.001532,0.000072,1.881000,0.004597,0.000000,0.000000,0.000544,0,0
278400000000,278700000000,6283499093,59,5303534650,0.000364,0.001490,0.001923,0.000117,0.000446,0.001631,0.000005,0.000000,0.005745,0.000571,2.028000,0.005367,0.000000,0.000000,0.000402,0,0
278700000000,279000000000,6283499093,59,5303534650,0.000344,0.001320,0.001926,0.000117,0.000586,0.001633,0.000002,0.000000,0.004417,0.000072,2.264000,0.006812,0.000000,0.000000,0.000135,0,0
279000000000,279300000000,6283499093,59,5303534650,0.000330,0.001219,0.001926,0.000117,0.000586,0.001228,0.000008,0.000000,0.005211,0.001715,2.324000,0.006920,0.000000,0.000000,0.000131,0,0
279300000000,279600000000,6283499093,59,5303534650,0.000316,0.001217,0.001926,0.000117,0.000586,0.001228,0.000004,0.000000,0.004570,0.000714,2.246000,0.006138,0.000000,0.000000,0.000134,0,0
279600000000,279900000000,6283499093,59,5303534650,0.000330,0.001240,0.001926,0.000117,0.000588,0.001265,0.000004,0.000000,0.005005,0.000215,2.315000,0.006975,0.000000,0.000000,0.000257,0,0
279900000000,280200000000,6283499093,59,5303534650,0.000333,0.001242,0.001926,0.000117,0.000588,0.001268,0.000027,0.000000,0.004532,0.003571,2.188000,0.006438,0.000000,0.000000,0.000244,0,0
280200000000,280500000000,6283499093,59,5303534650,0.000337,0.001221,0.001926,0.000117,0.000588,0.001247,0.000001,0.000000,0.007423,0.000072,2.314000,0.006698,0.000000,0.000000,0.000365,0,0
280500000000,280800000000,6283499093,59,5303534650,0.000354,0.001244,0.001926,0.000118,0.000588,0.001270,0.000011,0.000000,0.002441,0.002857,2.394000,0.007112,0.000000,0.000000,0.000267,0,0
280800000000,280919000000,6283499093,59,5303534650,0.000379,0.001225,0.001926,0.000122,0.000588,0.001242,0.000003,0.000000,0.003605,0.000072,2.494000,0.007384,0.000000,0.000000,0.000426,0,0
280919000000,280935000000,6283499093,59,5303534650,0.000182,0.000000,0.000000,0.000000,0.000000,0.000000,0.000183,0.000000,0.002907,0.002857,2.660000,0.007847,0.000000,0.000000,0.000000,0,0
280935000000,280936000000,6283499093,59,5303534650,0.000000,0.000000,0.000000,0.000000,0.000000,0.000000,0.000000,0.000000,0.000000,0.000000,2.660000,0.007847,0.000000,0.000000,0.000000,0,0
