272498000000,272660000000,6283499093,6,4820183560,0.000000,0.000000,0.000000,0.000000,0.000000,0.000000,0.000000,0.000000,0.000000,0.000000,0.000000,0.000000,0.000000,0.000000,0.000000,0,0
272660000000,272700000000,6283499093,6,4820183560,0.001360,0.000712,0.001925,0.000153,0.000197,0.001238,0.003517,0.000000,0.025630,0.018860,0.775400,0.000000,0.000000,0.000000,0.000396,0,0
272700000000,273000000000,6283499093,6,4820183560,0.000453,0.001343,0.001921,0.000199,0.000549,0.001539,0.000002,0.000000,0.004326,0.000143,2.715000,0.000000,0.000000,0.000000,0.000282,0,0
273000000000,273300000000,6283499093,6,4820183560,0.000430,0.001305,0.001921,0.000178,0.000530,0.001398,0.000004,0.000000,0.005478,0.001072,2.591000,0.000000,0.000000,0.000000,0.000372,0,0
273300000000,273600000000,6283499093,6,4820183560,0.000388,0.001265,0.001919,0.000178,0.000485,0.001410,0.000000,0.000000,0.004486,0.000072,2.456000,0.000000,0.000000,0.000000,0.000126,0,0
273600000000,273900000000,6283499093,6,4820183560,0.000716,0.001261,0.001913,0.000178,0.000378,0.001547,0.000046,0.000000,0.044250,0.010640,3.532000,0.000000,0.000000,0.000000,0.000353,0,0
273900000000,274200000000,6283499093,6,4820183560,0.000541,0.001305,0.001915,0.000175,0.000421,0.001535,0.000001,0.000000,0.004997,0.000143,3.385000,0.000000,0.000000,0.000000,0.000516,0,0
274200000000,274500000000,6283499093,6,4820183560,0.002434,0.001429,0.002041,0.000036,0.000254,0.001938,0.000018,0.000000,0.077760,0.002071,1.127000,0.000000,0.000000,0.000000,0.000266,0,0
274500000000,274800000000,6283499093,6,4820183560,0.000723,0.001394,0.001913,0.000039,0.000257,0.001659,0.000042,0.000000,0.016140,0.011290,3.350000,0.000000,0.000000,0.000000,0.000324,0,0
274800000000,275100000000,6283499093,6,4820183560,0.000460,0.001431,0.001917,0.000039,0.000302,0.001635,0.000002,0.000000,0.004143,0.000643,2.741000,0.000000,0.000000,0.000000,0.000277,0,0
275100000000,275400000000,6283499093,6,4820183560,0.000394,0.001373,0.001917,0.000039,0.000256,0.001625,0.000000,0.000000,0.005081,0.000072,3.092000,0.000000,0.000000,0.000000,0.000203,0,0
275400000000,275700000000,6283499093,6,4820183560,0.000357,0.001366,0.001917,0.000039,0.000247,0.001625,0.000001,0.000000,0.005333,0.000143,2.841000,0.000000,0.000000,0.000000,0.000219,0,0
275700000000,276000000000,6283499093,6,4820183560,0.000344,0.001343,0.001915,0.000039,0.000216,0.001625,0.000000,0.000000,0.005531,0.000072,2.965000,0.000000,0.000000,0.000000,0.000578,0,0
276000000000,276300000000,6283499093,6,4820183560,0.000377,0.001249,0.001915,0.000035,0.000123,0.001623,0.000002,0.000000,0.005264,0.000143,3.317000,0.000000,0.000000,0.000000,0.000101,0,0
276300000000,276600000000,6283499093,6,4820183560,0.000354,0.001356,0.001921,0.000034,0.000226,0.001631,0.000001,0.000000,0.005104,0.000215,3.551000,0.000000,0.000000,0.000000,0.000188,0,0
276600000000,276900000000,6283499093,6,4820183560,0.000317,0.001532,0.001921,0.000034,0.000402,0.001631,0.000001,0.000000,0.004822,0.000143,2.585000,0.000000,0.000000,0.000000,0.000396,0,0
276900000000,277200000000,6283499093,6,4820183560,0.000340,0.001495,0.001919,0.000034,0.000364,0.001631,0.000000,0.000000,0.005737,0.000072,2.175000,0.000000,0.000000,0.000000,0.000441,0,0
277200000000,277500000000,6283499093,6,4820183560,0.000333,0.001482,0.001917,0.000034,0.000323,0.001631,0.000005,0.000000,0.004829,0.000215,2.620000,0.000000,0.000000,0.000000,0.000249,0,0
277500000000,277800000000,6283499093,6,4820183560,0.000336,0.001255,0.001926,0.000035,0.000398,0.001490,0.000007,0.000000,0.009766,0.000786,2.830000,0.000000,0.000000,0.000000,0.000180,0,0
277800000000,277849000000,6283499093,6,4820183560,0.000412,0.001213,0.001926,0.000043,0.000399,0.001240,0.000201,0.000000,0.005936,0.007355,3.199000,0.000000,0.000000,0.000000,0.000102,0,0
277849000000,277865000000,6283499093,6,4820183560,0.000309,0.000000,0.000000,0.000000,0.000000,0.000000,0.000023,0.000000,0.004936,0.000286,4.391000,0.000000,0.000000,0.000000,0.000000,0,0
277865000000,277870000000,6283499093,6,4820183560,0.000000,0.000000,0.000000,0.000000,0.000000,0.000000,0.000000,0.000000,0.000000,0.000000,4.391000,0.000000,0.000000,0.000000,0.000000,0,0
