272491000000,272644000000,6283499093,60,431075307,0.000000,0.000000,0.000000,0.000000,0.000000,0.000000,0.000000,0.000000,0.000000,0.000000,0.000000,0.000000,0.000000,0.000000,0.000000,0,0
272644000000,272700000000,6283499093,60,431075307,0.000900,0.000888,0.001926,0.000081,0.000263,0.001381,0.001247,0.000000,0.011550,0.014360,1.488000,0.002722,0.000000,0.000000,0.000670,0,0
272700000000,273000000000,6283499093,60,431075307,0.000318,0.000874,0.001926,0.000086,0.000095,0.001339,0.000001,0.000000,0.004379,0.000143,2.621000,0.007466,0.000000,0.000000,0.000260,0,0
273000000000,273300000000,6283499093,60,431075307,0.000314,0.000874,0.001926,0.000085,0.000104,0.001015,0.000000,0.000000,0.003738,0.000072,2.742000,0.007918,0.000000,0.000000,0.000129,0,0
273300000000,273600000000,6283499093,60,431075307,0.000303,0.000909,0.001925,0.000085,0.000133,0.001165,0.000000,0.000000,0.003265,0.000000,2.620000,0.007253,0.000000,0.000000,0.000192,0,0
273600000000,273900000000,6283499093,60,431075307,0.000374,0.000958,0.001923,0.000085,0.000164,0.001331,0.000002,0.000000,0.018770,0.000143,2.161000,0.005411,0.000000,0.000000,0.000720,0,0
273900000000,274200000000,6283499093,60,431075307,0.000336,0.000994,0.001923,0.000085,0.000180,0.001333,0.000000,0.000000,0.004120,0.000072,2.647000,0.007568,0.000000,0.000000,0.000070,0,0
274200000000,274500000000,6283499093,60,431075307,0.000303,0.000994,0.001925,0.000085,0.000168,0.001345,0.000001,0.000000,0.003990,0.000143,3.088000,0.009340,0.000000,0.000000,0.000191,0,0
274500000000,274800000000,6283499093,60,431075307,0.000289,0.000997,0.001925,0.000085,0.000168,0.001341,0.000000,0.000000,0.010970,0.000072,4.151000,0.013120,0.000000,0.000000,0.000617,0,0
274800000000,275100000000,6283499093,60,431075307,0.000258,0.000967,0.001925,0.000085,0.000138,0.001234,0.000000,0.000000,0.001225,0.000072,2.865000,0.008249,0.000000,0.000000,0.000100,0,0
275100000000,275400000000,6283499093,60,431075307,0.000287,0.000973,0.001925,0.000085,0.000143,0.001158,0.000000,0.000000,0.003857,0.000000,2.633000,0.007384,0.000000,0.000000,0.000040,0,0
275400000000,275700000000,6283499093,60,431075307,0.000287,0.000982,0.001925,0.000084,0.000145,0.001196,0.000001,0.000000,0.004868,0.000143,3.692000,0.010990,0.000000,0.000000,0.000234,0,0
275700000000,276000000000,6283499093,60,431075307,0.000295,0.000963,0.001925,0.000083,0.000119,0.001183,0.000000,0.000000,0.013350,0.000072,2.605000,0.007365,0.000000,0.000000,0.000603,0,0
276000000000,276300000000,6283499093,60,431075307,0.000285,0.001005,0.001923,0.000083,0.000170,0.001310,0.000002,0.000000,0.004051,0.000357,2.750000,0.007746,0.000000,0.000000,0.000217,0,0
276300000000,276600000000,6283499093,60,431075307,0.000291,0.001009,0.001925,0.000083,0.000174,0.001350,0.000000,0.000000,0.002392,0.000000,3.591000,0.011240,0.000000,0.000000,0.000132,0,0
276600000000,276900000000,6283499093,60,431075307,0.000280,0.001009,0.001923,0.000083,0.000175,0.001352,0.000001,0.000000,0.005737,0.000143,2.654000,0.007392,0.000000,0.000000,0.000177,0,0
276900000000,277200000000,6283499093,60,431075307,0.000285,0.001036,0.001925,0.000083,0.000199,0.001364,0.000000,0.000000,0.002094,0.000000,2.828000,0.008086,0.000000,0.000000,0.000142,0,0
277200000000,277500000000,6283499093,60,431075307,0.000267,0.001072,0.001925,0.000083,0.000236,0.001366,0.000003,0.000000,0.001516,0.000357,2.597000,0.007217,0.000000,0.000000,0.000221,0,0
277500000000,277800000000,6283499093,60,431075307,0.000290,0.001022,0.001925,0.000083,0.000182,0.001368,0.000007,0.000000,0.004433,0.000571,2.902000,0.008634,0.000000,0.000000,0.000461,0,0
277800000000,277939000000,6283499093,60,431075307,0.001059,0.001057,0.001923,0.000085,0.000191,0.001413,0.000010,0.000000,0.023070,0.000500,2.317000,0.006502,0.000000,0.000000,0.000281,0,0
277939000000,277955000000,6283499093,60,431075307,0.000197,0.000003,0.000000,0.000006,0.000008,0.000048,0.000000,0.000000,0.003162,0.000000,1.012000,0.001649,0.000000,0.000000,0.000000,0,0
277955000000,277956000000,6283499093,60,431075307,0.000000,0.000000,0.000000,0.000000,0.000000,0.000000,0.000000,0.000000,0.000000,0.000000,1.012000,0.001649,0.000000,0.000000,0.000000,0,0
