272494000000,272570000000,6283499093,61,257405937,0.000000,0.000000,0.000000,0.000000,0.000000,0.000000,0.000000,0.000000,0.000000,0.000000,0.000000,0.000000,0.000000,0.000000,0.000000,0,0
272570000000,272700000000,6283499093,61,257405937,0.000625,0.001205,0.001926,0.000196,0.000437,0.001511,0.000616,0.000000,0.018890,0.018590,1.349000,0.002321,0.000000,0.000000,0.000252,0,0
272700000000,273000000000,6283499093,61,257405937,0.000338,0.001019,0.001925,0.000196,0.000341,0.001316,0.000000,0.000000,0.004646,0.000000,2.625000,0.008012,0.000000,0.000000,0.000242,0,0
273000000000,273300000000,6283499093,61,257405937,0.000415,0.000996,0.001923,0.000190,0.000307,0.001322,0.000000,0.000000,0.004105,0.000143,2.923000,0.009594,0.000000,0.000000,0.000394,0,0
273300000000,273600000000,6283499093,61,257405937,0.000392,0.000992,0.001925,0.000190,0.000290,0.001343,0.000000,0.000000,0.005539,0.000000,3.214000,0.010820,0.000000,0.000000,0.000372,0,0
273600000000,273900000000,6283499093,61,257405937,0.000389,0.001043,0.001926,0.000190,0.000323,0.001362,0.000001,0.000000,0.009949,0.000143,2.741000,0.008475,0.000000,0.000000,0.000186,0,0
273900000000,274200000000,6283499093,61,257405937,0.000398,0.001133,0.001925,0.000189,0.000396,0.001369,0.000001,0.000000,0.023220,0.000286,3.234000,0.010900,0.000000,0.000000,0.000375,0,0
274200000000,274500000000,6283499093,61,257405937,0.000386,0.001211,0.001926,0.000189,0.000473,0.001371,0.000001,0.000000,0.001614,0.000215,2.877000,0.009456,0.000000,0.000000,0.000327,0,0
274500000000,274800000000,6283499093,61,257405937,0.000316,0.001310,0.001930,0.000189,0.000574,0.001371,0.000000,0.000000,0.005180,0.000000,2.399000,0.006988,0.000000,0.000000,0.000128,0,0
274800000000,275100000000,6283499093,61,257405937,0.000403,0.001015,0.001926,0.000189,0.000276,0.001385,0.000004,0.000000,0.052670,0.001143,0.817300,0.001075,0.000000,0.000000,0.000075,0,0
275100000000,275400000000,6283499093,61,257405937,0.000946,0.001228,0.001919,0.000185,0.000394,0.001507,0.000033,0.000000,0.046450,0.009506,1.098000,0.002428,0.000000,0.000000,0.000427,0,0
275400000000,275700000000,6283499093,61,257405937,0.000684,0.001276,0.001923,0.000180,0.000443,0.001480,0.000000,0.000000,0.006416,0.000072,3.916000,0.014240,0.000000,0.000000,0.001028,0,0
275700000000,276000000000,6283499093,61,257405937,0.000417,0.001160,0.001925,0.000180,0.000333,0.001476,0.000000,0.000000,0.004639,0.000072,3.134000,0.010250,0.000000,0.000000,0.000477,0,0
276000000000,276300000000,6283499093,61,257405937,0.000513,0.001295,0.001925,0.000182,0.000461,0.001509,0.000025,0.000000,0.023680,0.005997,2.995000,0.009529,0.000000,0.000000,0.000466,0,0
276300000000,276600000000,6283499093,61,257405937,0.000480,0.001295,0.001925,0.000182,0.000443,0.001505,0.000000,0.000000,0.005142,0.000000,3.548000,0.012210,0.000000,0.000000,0.000452,0,0
276600000000,276900000000,6283499093,61,257405937,0.000423,0.001219,0.001923,0.000180,0.000362,0.001505,0.000002,0.000000,0.005699,0.000357,3.078000,0.010290,0.000000,0.000000,0.000380,0,0
276900000000,277200000000,6283499093,61,257405937,0.000361,0.001305,0.001926,0.000180,0.000446,0.001511,0.000003,0.000000,0.004898,0.000714,2.545000,0.007540,0.000000,0.000000,0.000155,0,0
277200000000,277500000000,6283499093,61,257405937,0.000429,0.001255,0.001925,0.000180,0.000383,0.001537,0.000012,0.000000,0.005157,0.002930,2.441000,0.007124,0.000000,0.000000,0.000090,0,0
277500000000,277800000000,6283499093,61,257405937,0.000488,0.001249,0.001923,0.000179,0.000367,0.001541,0.000004,0.000000,0.005112,0.000143,3.108000,0.010160,0.000000,0.000000,0.000385,0,0
277800000000,278100000000,6283499093,61,257405937,0.000456,0.001465,0.001928,0.000179,0.000576,0.001549,0.000015,0.000000,0.004822,0.001858,2.924000,0.009357,0.000000,0.000000,0.000301,0,0
278100000000,278400000000,6283499093,61,257405937,0.000385,0.001394,0.001925,0.000179,0.000491,0.001551,0.000003,0.000000,0.004845,0.000143,2.505000,0.007448,0.000000,0.000000,0.000242,0,0
278400000000,278559000000,6283499093,61,257405937,0.003922,0.001474,0.002167,0.000131,0.000340,0.002483,0.000135,0.000000,0.099000,0.008713,0.561100,0.000188,0.000000,0.000000,0.000494,0,0
278559000000,278572000000,6283499093,61,257405937,0.000339,0.000000,0.000000,0.000000,0.000000,0.000000,0.000143,0.000000,0.004395,0.001785,0.535700,0.000091,0.000000,0.000000,0.000000,0,0
278572000000,278573000000,6283499093,61,257405937,0.000000,0.000000,0.000000,0.000000,0.000000,0.000000,0.000000,0.000000,0.000000,0.000000,0.535700,0.000091,0.000000,0.000000,0.000000,0,0
