272501000000,272601000000,6283499093,62,1268958,0.000000,0.000000,0.000000,0.000000,0.000000,0.000000,0.000000,0.000000,0.000000,0.000000,0.000000,0.000000,0.000000,0.000000,0.000000,0,0
272601000000,272700000000,6283499093,62,1268958,0.000876,0.001472,0.001923,0.000249,0.000670,0.001596,0.001711,0.000000,0.023830,0.060550,2.697000,0.007791,0.000000,0.000000,0.000328,0,0
272700000000,273000000000,6283499093,62,1268958,0.000399,0.001013,0.001925,0.000250,0.000693,0.001390,0.000000,0.000000,0.004311,0.000072,2.802000,0.008476,0.000000,0.000000,0.000437,0,0
273000000000,273300000000,6283499093,62,1268958,0.000395,0.000954,0.001925,0.000250,0.000693,0.000971,0.000000,0.000000,0.003860,0.000072,2.626000,0.007655,0.000000,0.000000,0.000540,0,0
273300000000,273600000000,6283499093,62,1268958,0.000353,0.000963,0.001925,0.000250,0.000694,0.000978,0.000000,0.000000,0.004997,0.000072,2.338000,0.006330,0.000000,0.000000,0.000158,0,0
273600000000,273900000000,6283499093,62,1268958,0.000354,0.000969,0.001925,0.000250,0.000694,0.000977,0.000000,0.000000,0.004616,0.000072,2.688000,0.007987,0.000000,0.000000,0.000199,0,0
273900000000,274200000000,6283499093,62,1268958,0.000459,0.000992,0.001925,0.000250,0.000694,0.001003,0.000013,0.000000,0.007660,0.002644,1.952000,0.004691,0.000000,0.000000,0.000192,0,0
274200000000,274500000000,6283499093,62,1268958,0.000377,0.000982,0.001925,0.000250,0.000694,0.000984,0.000003,0.000000,0.005188,0.000500,2.916000,0.008703,0.000000,0.000000,0.000159,0,0
274500000000,274800000000,6283499093,62,1268958,0.000360,0.000988,0.001925,0.000250,0.000694,0.000997,0.000000,0.000000,0.004959,0.000072,2.953000,0.008922,0.000000,0.000000,0.000282,0,0
274800000000,275100000000,6283499093,62,1268958,0.000315,0.000977,0.001925,0.000250,0.000695,0.000978,0.000000,0.000000,0.004440,0.000072,2.488000,0.007041,0.000000,0.000000,0.000295,0,0
275100000000,275400000000,6283499093,62,1268958,0.000380,0.000997,0.001925,0.000251,0.000695,0.001015,0.000000,0.000000,0.007805,0.000072,1.912000,0.004611,0.000000,0.000000,0.000177,0,0
275400000000,275700000000,6283499093,62,1268958,0.000350,0.000996,0.001925,0.000251,0.000695,0.001009,0.000000,0.000000,0.004135,0.000072,2.684000,0.007862,0.000000,0.000000,0.000132,0,0
275700000000,276000000000,6283499093,62,1268958,0.000345,0.000999,0.001925,0.000251,0.000695,0.001011,0.000000,0.000000,0.004929,0.000072,2.473000,0.006872,0.000000,0.000000,0.000131,0,0
276000000000,276300000000,6283499093,62,1268958,0.000323,0.000994,0.001925,0.000251,0.000695,0.000999,0.000002,0.000000,0.004150,0.000286,2.325000,0.006274,0.000000,0.000000,0.000194,0,0
276300000000,276600000000,6283499093,62,1268958,0.000403,0.001038,0.001923,0.000251,0.000696,0.001062,0.000024,0.000000,0.012150,0.005356,2.579000,0.007597,0.000000,0.000000,0.000668,0,0
276600000000,276900000000,6283499093,62,1268958,0.000335,0.001019,0.001925,0.000250,0.000695,0.001028,0.000003,0.000000,0.001354,0.000643,2.418000,0.007003,0.000000,0.000000,0.000118,0,0
276900000000,277200000000,6283499093,62,1268958,0.000337,0.001028,0.001923,0.000248,0.000693,0.001036,0.000000,0.000000,0.004341,0.000000,2.961000,0.009281,0.000000,0.000000,0.000308,0,0
277200000000,277500000000,6283499093,62,1268958,0.000333,0.001022,0.001925,0.000247,0.000692,0.001036,0.000014,0.000000,0.004692,0.001999,2.854000,0.008852,0.000000,0.000000,0.000668,0,0
277500000000,277800000000,6283499093,62,1268958,0.000396,0.001038,0.001923,0.000247,0.000692,0.001078,0.000010,0.000000,0.005188,0.001215,2.520000,0.007550,0.000000,0.000000,0.000140,0,0
277800000000,278100000000,6283499093,62,1268958,0.000459,0.001087,0.001921,0.000237,0.000697,0.001118,0.000005,0.000000,0.005356,0.000571,2.982000,0.009798,0.000000,0.000000,0.000140,0,0
278100000000,278400000000,6283499093,62,1268958,0.000424,0.001049,0.001923,0.000237,0.000697,0.001060,0.000010,0.000000,0.001802,0.001642,2.885000,0.009105,0.000000,0.000000,0.000545,0,0
278400000000,278700000000,6283499093,62,1268958,0.000423,0.001068,0.001923,0.000237,0.000697,0.001076,0.000003,0.000000,0.005959,0.000286,2.774000,0.008264,0.000000,0.000000,0.004280,0,0
278700000000,279000000000,6283499093,62,1268958,0.000394,0.001055,0.001923,0.000237,0.000697,0.001059,0.000006,0.000000,0.005623,0.000786,2.903000,0.008733,0.000000,0.000000,0.000305,0,0
279000000000,279300000000,6283499093,62,1268958,0.000346,0.001064,0.001923,0.000237,0.000698,0.001081,0.000007,0.000000,0.004623,0.000999,2.398000,0.006586,0.000000,0.000000,0.000105,0,0
279300000000,279600000000,6283499093,62,1268958,0.000337,0.001049,0.001923,0.000237,0.000698,0.001051,0.000002,0.000000,0.004890,0.000072,2.477000,0.006798,0.000000,0.000000,0.000210,0,0
279600000000,279900000000,6283499093,62,1268958,0.000341,0.001051,0.001928,0.000237,0.000698,0.001055,0.000010,0.000000,0.005325,0.000999,2.389000,0.006268,0.000000,0.000000,0.005325,0,0
279900000000,280049000000,6283499093,62,1268958,0.000353,0.001040,0.001932,0.000240,0.000698,0.001049,0.000014,0.000000,0.005501,0.001785,2.424000,0.006383,0.000000,0.000000,0.000187,0,0
280049000000,280061000000,6283499093,62,1268958,0.000245,0.000000,0.000000,0.000000,0.000000,0.000000,0.000006,0.000000,0.002945,0.000072,2.315000,0.006188,0.000000,0.000000,0.000000,0,0
280061000000,280062000000,6283499093,62,1268958,0.000000,0.000000,0.000000,0.000000,0.000000,0.000000,0.000000,0.000000,0.000000,0.000000,2.315000,0.006188,0.000000,0.000000,0.000000,0,0
