272499000000,272598000000,6283499093,63,1340452,0.000000,0.000000,0.000000,0.000000,0.000000,0.000000,0.000000,0.000000,0.000000,0.000000,0.000000,0.000000,0.000000,0.000000,0.000000,0,0
272598000000,272700000000,6283499093,63,1340452,0.000868,0.001451,0.002037,0.000241,0.000655,0.001743,0.003830,0.000000,0.014680,0.059200,1.777000,0.004152,0.000000,0.000000,0.000615,0,0
272700000000,273000000000,6283499093,63,1340452,0.000539,0.000994,0.001917,0.000247,0.000691,0.001335,0.000008,0.000000,0.006310,0.000786,1.925000,0.005501,0.000000,0.000000,0.000114,0,0
273000000000,273300000000,6283499093,63,1340452,0.000520,0.000973,0.001930,0.000246,0.000691,0.001007,0.000006,0.000000,0.004440,0.001715,3.678000,0.013580,0.000000,0.000000,0.000212,0,0
273300000000,273600000000,6283499093,63,1340452,0.000399,0.000964,0.001934,0.000247,0.000692,0.000967,0.000000,0.000000,0.004768,0.000072,3.323000,0.011780,0.000000,0.000000,0.000192,0,0
273600000000,273900000000,6283499093,63,1340452,0.000358,0.001011,0.001936,0.000247,0.000692,0.001032,0.000001,0.000000,0.016450,0.000072,1.942000,0.005216,0.000000,0.000000,0.000125,0,0
273900000000,274200000000,6283499093,63,1340452,0.000303,0.001011,0.001936,0.000247,0.000692,0.001028,0.000000,0.000000,0.004189,0.000000,2.295000,0.006623,0.000000,0.000000,0.000781,0,0
274200000000,274500000000,6283499093,63,1340452,0.000402,0.001013,0.001936,0.000247,0.000692,0.001024,0.000008,0.000000,0.020540,0.000786,2.568000,0.008138,0.000000,0.000000,0.000559,0,0
274500000000,274800000000,6283499093,63,1340452,0.000371,0.001007,0.001936,0.000247,0.000692,0.001017,0.000000,0.000000,0.004349,0.000072,2.684000,0.008585,0.000000,0.000000,0.000157,0,0
274800000000,275100000000,6283499093,63,1340452,0.000355,0.000999,0.001936,0.000247,0.000692,0.001009,0.000000,0.000000,0.004097,0.000072,2.636000,0.008381,0.000000,0.000000,0.000287,0,0
275100000000,275400000000,6283499093,63,1340452,0.000318,0.000984,0.001938,0.000244,0.000690,0.000988,0.000000,0.000000,0.004066,0.000143,2.294000,0.006924,0.000000,0.000000,0.000148,0,0
275400000000,275700000000,6283499093,63,1340452,0.000416,0.001009,0.001936,0.000241,0.000687,0.001036,0.000023,0.000000,0.009155,0.004860,2.638000,0.008286,0.000000,0.000000,0.000189,0,0
275700000000,276000000000,6283499093,63,1340452,0.000449,0.001011,0.001936,0.000242,0.000688,0.001019,0.000004,0.000000,0.005150,0.000786,2.167000,0.006205,0.000000,0.000000,0.000305,0,0
276000000000,276300000000,6283499093,63,1340452,0.000557,0.001032,0.001934,0.000242,0.000688,0.001060,0.000009,0.000000,0.019350,0.000643,2.262000,0.006616,0.000000,0.000000,0.000820,0,0
276300000000,276600000000,6283499093,63,1340452,0.000428,0.001009,0.001936,0.000239,0.000685,0.001024,0.000000,0.000000,0.004959,0.000000,3.011000,0.010320,0.000000,0.000000,0.000227,0,0
276600000000,276900000000,6283499093,63,1340452,0.000331,0.001017,0.001936,0.000237,0.000682,0.001024,0.000002,0.000000,0.003937,0.000357,2.381000,0.007189,0.000000,0.000000,0.000143,0,0
276900000000,277200000000,6283499093,63,1340452,0.000318,0.001005,0.001938,0.000237,0.000682,0.001020,0.000000,0.000000,0.004196,0.000000,2.525000,0.007728,0.000000,0.000000,0.000128,0,0
277200000000,277500000000,6283499093,63,1340452,0.000320,0.001030,0.001936,0.000236,0.000645,0.001385,0.000007,0.000000,0.004623,0.001499,2.286000,0.006607,0.000000,0.000000,0.000320,0,0
277500000000,277800000000,6283499093,63,1340452,0.000326,0.001167,0.001930,0.000234,0.000463,0.001389,0.000008,0.000000,0.005791,0.000929,2.560000,0.007670,0.000000,0.000000,0.000237,0,0
277800000000,278100000000,6283499093,63,1340452,0.000308,0.001049,0.001930,0.000265,0.000359,0.001389,0.000419,0.000000,0.004761,0.063350,2.401000,0.007038,0.000000,0.000000,0.000163,0,0
278100000000,278400000000,6283499093,63,1340452,0.000312,0.000982,0.001928,0.000260,0.000311,0.001043,0.000010,0.000000,0.005035,0.001785,2.370000,0.006970,0.000000,0.000000,0.000143,0,0
278400000000,278700000000,6283499093,63,1340452,0.000315,0.000990,0.001928,0.000253,0.000303,0.001062,0.000003,0.000000,0.002678,0.000072,2.119000,0.005732,0.000000,0.000000,0.000212,0,0
278700000000,279000000000,6283499093,63,1340452,0.000344,0.001011,0.001930,0.000249,0.000312,0.001064,0.000002,0.000000,0.008575,0.000072,2.464000,0.007284,0.000000,0.000000,0.000665,0,0
279000000000,279300000000,6283499093,63,1340452,0.000459,0.001057,0.001928,0.000249,0.000320,0.001177,0.000027,0.000000,0.005142,0.005287,2.745000,0.008829,0.000000,0.000000,0.000548,0,0
279300000000,279600000000,6283499093,63,1340452,0.000416,0.001099,0.001926,0.000249,0.000334,0.001177,0.000002,0.000000,0.004898,0.000072,2.816000,0.009326,0.000000,0.000000,0.000313,0,0
279600000000,279719000000,6283499093,63,1340452,0.004173,0.001104,0.001926,0.000249,0.000318,0.001453,0.000035,0.000000,0.077150,0.001499,2.681000,0.008553,0.000000,0.000000,0.000280,0,0
279719000000,279738000000,6283499093,63,1340452,0.000161,0.000000,0.000000,0.000000,0.000000,0.000000,0.000154,0.000000,0.003059,0.002930,2.828000,0.009273,0.000000,0.000000,0.000000,0,0
279738000000,279739000000,6283499093,63,1340452,0.000000,0.000000,0.000000,0.000000,0.000000,0.000000,0.000000,0.000000,0.000000,0.000000,2.828000,0.009273,0.000000,0.000000,0.000000,0,0
