272495000000,272637000000,6283499093,64,705724,0.000000,0.000000,0.000000,0.000000,0.000000,0.000000,0.000000,0.000000,0.000000,0.000000,0.000000,0.000000,0.000000,0.000000,0.000000,0,0
272637000000,272700000000,6283499093,64,705724,0.001099,0.001520,0.001932,0.000368,0.000764,0.001732,0.005402,0.000000,0.018250,0.047970,2.283000,0.005985,0.000000,0.000000,0.000403,0,0
272700000000,273000000000,6283499093,64,705724,0.000439,0.001139,0.001932,0.000392,0.000835,0.001730,0.000002,0.000000,0.004875,0.000072,2.722000,0.007971,0.000000,0.000000,0.000690,0,0
273000000000,273300000000,6283499093,64,705724,0.000447,0.000978,0.001932,0.000392,0.000835,0.000988,0.000000,0.000000,0.004623,0.000072,2.724000,0.008009,0.000000,0.000000,0.000650,0,0
273300000000,273600000000,6283499093,64,705724,0.000373,0.000970,0.001932,0.000391,0.000835,0.000980,0.000000,0.000000,0.005470,0.000000,2.750000,0.007958,0.000000,0.000000,0.000210,0,0
273600000000,273900000000,6283499093,64,705724,0.000362,0.000974,0.001934,0.000391,0.000835,0.000999,0.000003,0.000000,0.003288,0.000571,2.347000,0.006392,0.000000,0.000000,0.000208,0,0
273900000000,274200000000,6283499093,64,705724,0.000359,0.000980,0.001932,0.000391,0.000835,0.000999,0.000000,0.000000,0.005081,0.000000,2.616000,0.007602,0.000000,0.000000,0.000909,0,0
274200000000,274500000000,6283499093,64,705724,0.000374,0.000982,0.001932,0.000392,0.000836,0.000992,0.000003,0.000000,0.009491,0.000286,2.836000,0.008410,0.000000,0.000000,0.000671,0,0
274500000000,274800000000,6283499093,64,705724,0.000324,0.001051,0.001928,0.000373,0.000705,0.001371,0.000000,0.000000,0.004669,0.000072,2.315000,0.006152,0.000000,0.000000,0.000603,0,0
274800000000,275100000000,6283499093,64,705724,0.000322,0.001089,0.001923,0.000366,0.000536,0.001364,0.000000,0.000000,0.004890,0.000072,2.292000,0.005996,0.000000,0.000000,0.000123,0,0
275100000000,275400000000,6283499093,64,705724,0.000340,0.001030,0.001923,0.000367,0.000479,0.001364,0.000000,0.000000,0.005829,0.000000,2.398000,0.006181,0.000000,0.000000,0.000216,0,0
275400000000,275700000000,6283499093,64,705724,0.000408,0.000978,0.001923,0.000367,0.000424,0.001318,0.000005,0.000000,0.020140,0.000714,2.405000,0.006124,0.000000,0.000000,0.000167,0,0
275700000000,276000000000,6283499093,64,705724,0.000436,0.001215,0.001926,0.000366,0.000641,0.001387,0.000001,0.000000,0.005081,0.000072,2.779000,0.007715,0.000000,0.000000,0.000408,0,0
276000000000,276300000000,6283499093,64,705724,0.000416,0.001270,0.001926,0.000366,0.000696,0.001389,0.000004,0.000000,0.001442,0.000643,2.908000,0.008418,0.000000,0.000000,0.000303,0,0
276300000000,276600000000,6283499093,64,705724,0.000336,0.001205,0.001926,0.000364,0.000629,0.001389,0.000000,0.000000,0.001301,0.000000,2.611000,0.007010,0.000000,0.000000,0.000460,0,0
276600000000,276900000000,6283499093,64,705724,0.000362,0.001253,0.001928,0.000362,0.000673,0.001389,0.000001,0.000000,0.004082,0.000072,2.420000,0.006187,0.000000,0.000000,0.000538,0,0
276900000000,277200000000,6283499093,64,705724,0.000365,0.001286,0.001928,0.000362,0.000705,0.001389,0.000000,0.000000,0.005791,0.000000,2.499000,0.006672,0.000000,0.000000,0.000353,0,0
277200000000,277500000000,6283499093,64,705724,0.000355,0.001257,0.001926,0.000361,0.000674,0.001390,0.000007,0.000000,0.004730,0.001215,2.518000,0.006763,0.000000,0.000000,0.000179,0,0
277500000000,277800000000,6283499093,64,705724,0.000355,0.001257,0.001926,0.000361,0.000671,0.001400,0.000005,0.000000,0.005066,0.000428,1.904000,0.004197,0.000000,0.000000,0.000079,0,0
277800000000,278100000000,6283499093,64,705724,0.000377,0.001278,0.001926,0.000361,0.000685,0.001400,0.000006,0.000000,0.004608,0.000714,2.524000,0.006699,0.000000,0.000000,0.000165,0,0
278100000000,278400000000,6283499093,64,705724,0.000419,0.001261,0.001925,0.000354,0.000642,0.001436,0.000010,0.000000,0.005173,0.001215,2.644000,0.007144,0.000000,0.000000,0.000251,0,0
278400000000,278700000000,6283499093,64,705724,0.000360,0.001270,0.001925,0.000350,0.000637,0.001434,0.000006,0.000000,0.005638,0.000643,2.723000,0.007529,0.000000,0.000000,0.000362,0,0
278700000000,279000000000,6283499093,64,705724,0.000339,0.001268,0.001925,0.000350,0.000633,0.001434,0.000009,0.000000,0.005180,0.001072,2.532000,0.006825,0.000000,0.000000,0.000352,0,0
279000000000,279300000000,6283499093,64,705724,0.000353,0.001278,0.001926,0.000350,0.000635,0.001448,0.000009,0.000000,0.005135,0.001715,2.378000,0.006314,0.000000,0.000000,0.000218,0,0
279300000000,279600000000,6283499093,64,705724,0.000342,0.001284,0.001926,0.000350,0.000635,0.001448,0.000004,0.000000,0.004814,0.000643,2.108000,0.005278,0.000000,0.000000,0.000517,0,0
279600000000,279900000000,6283499093,64,705724,0.000348,0.001307,0.001926,0.000350,0.000657,0.001450,0.000012,0.000000,0.005447,0.001429,2.322000,0.005905,0.000000,0.000000,0.000475,0,0
279900000000,280200000000,6283499093,64,705724,0.000338,0.001287,0.001926,0.000351,0.000637,0.001451,0.000010,0.000000,0.004730,0.001429,2.379000,0.006251,0.000000,0.000000,0.000145,0,0
280200000000,280500000000,6283499093,64,705724,0.000354,0.001196,0.001926,0.000350,0.000646,0.001451,0.000001,0.000000,0.004883,0.000072,2.075000,0.004858,0.000000,0.000000,0.000210,0,0
280500000000,280800000000,6283499093,64,705724,0.000331,0.000891,0.001926,0.000350,0.000675,0.001017,0.000005,0.000000,0.004639,0.001143,2.570000,0.006952,0.000000,0.000000,0.000231,0,0
280800000000,280839000000,6283499093,64,705724,0.000343,0.000836,0.001926,0.000351,0.000624,0.001015,0.000055,0.000000,0.001348,0.001858,2.439000,0.006328,0.000000,0.000000,0.000148,0,0
280839000000,280855000000,6283499093,64,705724,0.000225,0.000000,0.000000,0.000000,0.000000,0.000000,0.000063,0.000000,0.003609,0.000571,1.741000,0.003824,0.000000,0.000000,0.000000,0,0
280855000000,280857000000,6283499093,64,705724,0.000000,0.000000,0.000000,0.000000,0.000000,0.000000,0.000000,0.000000,0.000000,0.000000,1.650000,0.003497,0.000000,0.000000,0.000000,0,0
