272497000000,272583000000,6283499093,65,1302390,0.000000,0.000000,0.000000,0.000000,0.000000,0.000000,0.000000,0.000000,0.000000,0.000000,0.000000,0.000000,0.000000,0.000000,0.000000,0,0
272583000000,272700000000,6283499093,65,1302390,0.000732,0.001257,0.001926,0.000150,0.000406,0.001505,0.000814,0.000000,0.014540,0.019350,3.114000,0.009856,0.000000,0.000000,0.000477,0,0
272700000000,273000000000,6283499093,65,1302390,0.000421,0.001303,0.001928,0.000152,0.000530,0.001398,0.000000,0.000000,0.003735,0.000000,3.115000,0.009998,0.000000,0.000000,0.001259,0,0
273000000000,273300000000,6283499093,65,1302390,0.000394,0.001291,0.001928,0.000151,0.000518,0.001371,0.000007,0.000000,0.005013,0.001715,3.099000,0.009985,0.000000,0.000000,0.000389,0,0
273300000000,273600000000,6283499093,65,1302390,0.000331,0.001291,0.001928,0.000150,0.000518,0.001366,0.000000,0.000000,0.003864,0.000000,2.353000,0.006544,0.000000,0.000000,0.000143,0,0
273600000000,273900000000,6283499093,65,1302390,0.000339,0.001295,0.001928,0.000150,0.000520,0.001371,0.000000,0.000000,0.003922,0.000072,2.429000,0.006909,0.000000,0.000000,0.000283,0,0
273900000000,274200000000,6283499093,65,1302390,0.000350,0.001280,0.001928,0.000150,0.000497,0.001381,0.000001,0.000000,0.003998,0.000215,2.773000,0.008253,0.000000,0.000000,0.000174,0,0
274200000000,274500000000,6283499093,65,1302390,0.000350,0.001245,0.001926,0.000150,0.000463,0.001377,0.000003,0.000000,0.004761,0.000428,2.513000,0.007230,0.000000,0.000000,0.000562,0,0
274500000000,274800000000,6283499093,65,1302390,0.000323,0.001131,0.001923,0.000150,0.000349,0.001377,0.000000,0.000000,0.003830,0.000072,2.385000,0.006493,0.000000,0.000000,0.000120,0,0
274800000000,275100000000,6283499093,65,1302390,0.000309,0.001049,0.001923,0.000150,0.000264,0.001375,0.000000,0.000000,0.004570,0.000072,2.349000,0.006264,0.000000,0.000000,0.000103,0,0
275100000000,275400000000,6283499093,65,1302390,0.000310,0.001051,0.001923,0.000150,0.000268,0.001379,0.000001,0.000000,0.004234,0.000143,2.389000,0.006384,0.000000,0.000000,0.000083,0,0
275400000000,275700000000,6283499093,65,1302390,0.000315,0.001051,0.001923,0.000150,0.000260,0.001383,0.000000,0.000000,0.001028,0.000072,2.268000,0.006069,0.000000,0.000000,0.000134,0,0
275700000000,276000000000,6283499093,65,1302390,0.000346,0.001051,0.001923,0.000150,0.000258,0.001389,0.000000,0.000000,0.005455,0.000000,2.373000,0.006446,0.000000,0.000000,0.000343,0,0
276000000000,276300000000,6283499093,65,1302390,0.000328,0.001034,0.001923,0.000148,0.000240,0.001373,0.000007,0.000000,0.004387,0.001499,2.477000,0.006769,0.000000,0.000000,0.000633,0,0
276300000000,276600000000,6283499093,65,1302390,0.000315,0.001015,0.001923,0.000148,0.000221,0.001301,0.000000,0.000000,0.003967,0.000072,2.322000,0.006262,0.000000,0.000000,0.000133,0,0
276600000000,276900000000,6283499093,65,1302390,0.000380,0.001030,0.001921,0.000153,0.000220,0.001320,0.000025,0.000000,0.007797,0.006783,1.717000,0.003752,0.000000,0.000000,0.000210,0,0
276900000000,277200000000,6283499093,65,1302390,0.000353,0.001080,0.001925,0.000153,0.000266,0.001413,0.000000,0.000000,0.004967,0.000000,2.665000,0.007757,0.000000,0.000000,0.000347,0,0
277200000000,277500000000,6283499093,65,1302390,0.000340,0.001316,0.001928,0.000149,0.000498,0.001415,0.000002,0.000000,0.004631,0.000143,2.507000,0.007003,0.000000,0.000000,0.000337,0,0
277500000000,277800000000,6283499093,65,1302390,0.000345,0.001200,0.001925,0.000144,0.000374,0.001421,0.000009,0.000000,0.005516,0.000857,2.459000,0.006868,0.000000,0.000000,0.000641,0,0
277800000000,278100000000,6283499093,65,1302390,0.000342,0.001173,0.001925,0.000143,0.000350,0.001415,0.000005,0.000000,0.005020,0.000357,2.531000,0.007078,0.000000,0.000000,0.000210,0,0
278100000000,278400000000,6283499093,65,1302390,0.000359,0.001158,0.001923,0.000143,0.000331,0.001417,0.000008,0.000000,0.004181,0.001286,2.223000,0.005873,0.000000,0.000000,0.000216,0,0
278400000000,278700000000,6283499093,65,1302390,0.000359,0.001148,0.001923,0.000143,0.000322,0.001417,0.000003,0.000000,0.004707,0.000143,2.660000,0.007812,0.000000,0.000000,0.000256,0,0
278700000000,279000000000,6283499093,65,1302390,0.000400,0.001150,0.001921,0.000150,0.000310,0.001486,0.000104,0.000000,0.007042,0.024290,2.261000,0.006116,0.000000,0.000000,0.000356,0,0
279000000000,279300000000,6283499093,65,1302390,0.000409,0.001242,0.001923,0.000162,0.000408,0.001476,0.000002,0.000000,0.002735,0.000143,2.870000,0.008803,0.000000,0.000000,0.002735,0,0
279300000000,279600000000,6283499093,65,1302390,0.000400,0.001198,0.001923,0.000162,0.000363,0.001457,0.000007,0.000000,0.004890,0.000999,3.015000,0.009482,0.000000,0.000000,0.000640,0,0
279600000000,279900000000,6283499093,65,1302390,0.000373,0.001207,0.001923,0.000162,0.000366,0.001472,0.000007,0.000000,0.004494,0.001072,2.376000,0.006589,0.000000,0.000000,0.000569,0,0
279900000000,280079000000,6283499093,65,1302390,0.000361,0.001209,0.001923,0.000162,0.000373,0.001463,0.000039,0.000000,0.004761,0.005859,2.429000,0.006960,0.000000,0.000000,0.000132,0,0
280079000000,280091000000,6283499093,65,1302390,0.000281,0.000000,0.000000,0.000000,0.000000,0.000000,0.000053,0.000000,0.003372,0.000643,1.872000,0.004728,0.000000,0.000000,0.000000,0,0
280091000000,280092000000,6283499093,65,1302390,0.000000,0.000000,0.000000,0.000000,0.000000,0.000000,0.000000,0.000000,0.000000,0.000000,1.872000,0.004728,0.000000,0.000000,0.000000,0,0
