272499000000,272574000000,6283499093,66,32084209,0.000000,0.000000,0.000000,0.000000,0.000000,0.000000,0.000000,0.000000,0.000000,0.000000,0.000000,0.000000,0.000000,0.000000,0.000000,0,0
272574000000,272700000000,6283499093,66,32084209,0.000539,0.001575,0.001919,0.000384,0.000817,0.001720,0.001713,0.000000,0.013280,0.064330,2.124000,0.006336,0.000000,0.000000,0.000164,0,0
272700000000,273000000000,6283499093,66,32084209,0.000300,0.000980,0.001919,0.000388,0.000831,0.001326,0.000000,0.000000,0.004089,0.000000,2.217000,0.006498,0.000000,0.000000,0.000153,0,0
273000000000,273300000000,6283499093,66,32084209,0.000305,0.000955,0.001919,0.000387,0.000831,0.000969,0.000002,0.000000,0.004982,0.000571,2.055000,0.005740,0.000000,0.000000,0.000137,0,0
273300000000,273600000000,6283499093,66,32084209,0.000264,0.000948,0.001919,0.000387,0.000831,0.000951,0.000000,0.000000,0.004105,0.000000,1.891000,0.005053,0.000000,0.000000,0.000081,0,0
273600000000,273900000000,6283499093,66,32084209,0.000272,0.000950,0.001919,0.000387,0.000831,0.000970,0.000000,0.000000,0.004044,0.000072,1.974000,0.005299,0.000000,0.000000,0.000186,0,0
273900000000,274200000000,6283499093,66,32084209,0.000271,0.000959,0.001921,0.000378,0.000822,0.000973,0.000000,0.000000,0.003632,0.000072,1.907000,0.004961,0.000000,0.000000,0.000178,0,0
274200000000,274500000000,6283499093,66,32084209,0.000274,0.000951,0.001921,0.000365,0.000810,0.000956,0.000001,0.000000,0.004028,0.000072,2.090000,0.005934,0.000000,0.000000,0.000243,0,0
274500000000,274800000000,6283499093,66,32084209,0.000272,0.000958,0.001921,0.000365,0.000810,0.000976,0.000000,0.000000,0.006721,0.000072,1.820000,0.004606,0.000000,0.000000,0.000075,0,0
274800000000,275100000000,6283499093,66,32084209,0.000275,0.000958,0.001921,0.000365,0.000810,0.000975,0.000000,0.000000,0.004051,0.000072,2.067000,0.005597,0.000000,0.000000,0.000633,0,0
275100000000,275400000000,6283499093,66,32084209,0.000273,0.000955,0.001921,0.000365,0.000810,0.000956,0.000000,0.000000,0.004463,0.000000,1.944000,0.005125,0.000000,0.000000,0.000556,0,0
275400000000,275700000000,6283499093,66,32084209,0.000257,0.000958,0.001921,0.000365,0.000810,0.000959,0.000001,0.000000,0.003803,0.000072,1.934000,0.004961,0.000000,0.000000,0.000112,0,0
275700000000,276000000000,6283499093,66,32084209,0.000267,0.000969,0.001921,0.000365,0.000810,0.000978,0.000000,0.000000,0.004173,0.000000,1.951000,0.005118,0.000000,0.000000,0.000830,0,0
276000000000,276300000000,6283499093,66,32084209,0.000273,0.000968,0.001921,0.000365,0.000810,0.000984,0.000002,0.000000,0.004616,0.000143,1.872000,0.004871,0.000000,0.000000,0.000115,0,0
276300000000,276600000000,6283499093,66,32084209,0.000268,0.000959,0.001921,0.000365,0.000810,0.000968,0.000000,0.000000,0.003967,0.000000,1.923000,0.005109,0.000000,0.000000,0.000097,0,0
276600000000,276900000000,6283499093,66,32084209,0.000275,0.000973,0.001921,0.000365,0.000810,0.000982,0.000001,0.000000,0.003788,0.000072,1.925000,0.004977,0.000000,0.000000,0.000128,0,0
276900000000,277200000000,6283499093,66,32084209,0.000337,0.000994,0.001919,0.000365,0.000810,0.000999,0.000000,0.000000,0.003975,0.000072,3.048000,0.010350,0.000000,0.000000,0.000175,0,0
277200000000,277500000000,6283499093,66,32084209,0.000370,0.000988,0.001919,0.000364,0.000811,0.001076,0.000008,0.000000,0.006096,0.001215,2.219000,0.006579,0.000000,0.000000,0.000217,0,0
277500000000,277529000000,6283499093,66,32084209,0.004555,0.001139,0.002048,0.000352,0.000812,0.001242,0.000089,0.000000,0.064090,0.001215,1.362000,0.002337,0.000000,0.000000,0.000510,0,0
277529000000,277540000000,6283499093,66,32084209,0.000267,0.000000,0.000000,0.000000,0.000000,0.000000,0.000090,0.000000,0.002941,0.000643,1.362000,0.002337,0.000000,0.000000,0.000000,0,0
277540000000,277542000000,6283499093,66,32084209,0.000000,0.000000,0.000000,0.000000,0.000000,0.000000,0.000000,0.000000,0.000000,0.000000,1.362000,0.002337,0.000000,0.000000,0.000000,0,0
