272500000000,272700000000,6283499093,67,4820241539,0.000000,0.000000,0.000000,0.000000,0.000000,0.000000,0.000000,0.000000,0.000000,0.000000,0.000000,0.000000,0.000000,0.000000,0.000000,0,0
272700000000,272789000000,6283499093,67,4820241539,0.000000,0.000000,0.000000,0.000000,0.000000,0.000000,0.000000,0.000000,0.000000,0.000000,0.000000,0.000000,0.000000,0.000000,0.000000,0,0
272789000000,273000000000,6283499093,67,4820241539,0.000594,0.001347,0.001930,0.000362,0.000789,0.001707,0.001888,0.000000,0.026920,0.063840,1.793000,0.000000,0.000000,0.000000,0.000105,0,0
273000000000,273300000000,6283499093,67,4820241539,0.000340,0.000945,0.001930,0.000369,0.000812,0.000954,0.000000,0.000000,0.005447,0.000000,3.206000,0.000000,0.000000,0.000000,0.000208,0,0
273300000000,273600000000,6283499093,67,4820241539,0.000327,0.000947,0.001932,0.000368,0.000812,0.000952,0.000000,0.000000,0.004669,0.000072,2.779000,0.000000,0.000000,0.000000,0.000457,0,0
273600000000,273900000000,6283499093,67,4820241539,0.000314,0.000960,0.001932,0.000365,0.000809,0.000976,0.000000,0.000000,0.001923,0.000000,2.218000,0.000000,0.000000,0.000000,0.000073,0,0
273900000000,274200000000,6283499093,67,4820241539,0.000318,0.000964,0.001932,0.000364,0.000809,0.000976,0.000000,0.000000,0.001589,0.000143,2.615000,0.000000,0.000000,0.000000,0.000175,0,0
274200000000,274500000000,6283499093,67,4820241539,0.000356,0.000969,0.001932,0.000364,0.000809,0.000977,0.000000,0.000000,0.004242,0.000000,2.654000,0.000000,0.000000,0.000000,0.000254,0,0
274500000000,274800000000,6283499093,67,4820241539,0.000345,0.000959,0.001930,0.000363,0.000809,0.000964,0.000001,0.000000,0.004395,0.000215,3.316000,0.000000,0.000000,0.000000,0.000629,0,0
274800000000,275100000000,6283499093,67,4820241539,0.000317,0.000964,0.001932,0.000363,0.000809,0.000977,0.000000,0.000000,0.004158,0.000072,2.976000,0.000000,0.000000,0.000000,0.000115,0,0
275100000000,275400000000,6283499093,67,4820241539,0.000300,0.000959,0.001932,0.000364,0.000809,0.000968,0.000000,0.000000,0.004166,0.000072,3.689000,0.000000,0.000000,0.000000,0.000237,0,0
275400000000,275700000000,6283499093,67,4820241539,0.000304,0.000965,0.001932,0.000364,0.000809,0.000976,0.000000,0.000000,0.004234,0.000000,2.811000,0.000000,0.000000,0.000000,0.000097,0,0
275700000000,276000000000,6283499093,67,4820241539,0.000360,0.000982,0.001932,0.000364,0.000809,0.001011,0.000001,0.000000,0.004478,0.000143,2.325000,0.000000,0.000000,0.000000,0.000249,0,0
276000000000,276300000000,6283499093,67,4820241539,0.000356,0.000997,0.001932,0.000364,0.000809,0.001013,0.000001,0.000000,0.004211,0.000072,2.965000,0.000000,0.000000,0.000000,0.000277,0,0
276300000000,276600000000,6283499093,67,4820241539,0.000337,0.000999,0.001932,0.000364,0.000809,0.001007,0.000000,0.000000,0.005440,0.000072,2.978000,0.000000,0.000000,0.000000,0.000650,0,0
276600000000,276900000000,6283499093,67,4820241539,0.000320,0.000990,0.001932,0.000364,0.000809,0.000999,0.000003,0.000000,0.004211,0.000714,2.551000,0.000000,0.000000,0.000000,0.000098,0,0
276900000000,277200000000,6283499093,67,4820241539,0.000550,0.001043,0.001928,0.000366,0.000812,0.001066,0.000031,0.000000,0.007812,0.008926,3.869000,0.000000,0.000000,0.000000,0.000418,0,0
277200000000,277500000000,6283499093,67,4820241539,0.000493,0.001020,0.001928,0.000365,0.000811,0.001034,0.000009,0.000000,0.004875,0.000999,4.407000,0.000000,0.000000,0.000000,0.000411,0,0
277500000000,277800000000,6283499093,67,4820241539,0.000337,0.001019,0.001930,0.000365,0.000811,0.001026,0.000005,0.000000,0.005325,0.000571,3.054000,0.000000,0.000000,0.000000,0.000363,0,0
277800000000,278100000000,6283499093,67,4820241539,0.000333,0.001032,0.001930,0.000365,0.000812,0.001040,0.000003,0.000000,0.005096,0.000072,2.999000,0.000000,0.000000,0.000000,0.000229,0,0
278100000000,278400000000,6283499093,67,4820241539,0.000370,0.001028,0.001930,0.000364,0.000812,0.001089,0.000012,0.000000,0.004929,0.002857,3.058000,0.000000,0.000000,0.000000,0.000133,0,0
278400000000,278700000000,6283499093,67,4820241539,0.000442,0.001095,0.001928,0.000353,0.000812,0.001123,0.000004,0.000000,0.008316,0.000143,2.933000,0.000000,0.000000,0.000000,0.000127,0,0
278700000000,279000000000,6283499093,67,4820241539,0.000471,0.001074,0.001928,0.000353,0.000812,0.001083,0.000004,0.000000,0.049380,0.000286,3.326000,0.000000,0.000000,0.000000,0.000215,0,0
279000000000,279300000000,6283499093,67,4820241539,0.000439,0.001072,0.001928,0.000353,0.000813,0.001081,0.000002,0.000000,0.006828,0.000072,3.061000,0.000000,0.000000,0.000000,0.000165,0,0
279300000000,279600000000,6283499093,67,4820241539,0.000400,0.001093,0.001928,0.000352,0.000813,0.001123,0.000010,0.000000,0.006363,0.001928,2.952000,0.000000,0.000000,0.000000,0.000496,0,0
279600000000,279900000000,6283499093,67,4820241539,0.000341,0.001070,0.001930,0.000352,0.000813,0.001072,0.000008,0.000000,0.001438,0.001572,3.054000,0.000000,0.000000,0.000000,0.000138,0,0
279900000000,280200000000,6283499093,67,4820241539,0.000363,0.001093,0.001930,0.000352,0.000813,0.001118,0.000010,0.000000,0.005356,0.000714,2.876000,0.000000,0.000000,0.000000,0.000243,0,0
280200000000,280500000000,6283499093,67,4820241539,0.000352,0.001081,0.001930,0.000352,0.000813,0.001087,0.000000,0.000000,0.006348,0.000072,2.900000,0.000000,0.000000,0.000000,0.000110,0,0
280500000000,280800000000,6283499093,67,4820241539,0.000384,0.000994,0.001928,0.000352,0.000814,0.001070,0.000002,0.000000,0.005371,0.000238,2.657000,0.000000,0.000000,0.000000,0.000124,0,0
280800000000,281100000000,6283499093,67,4820241539,0.000369,0.000667,0.001930,0.000354,0.000815,0.000703,0.000004,0.000000,0.008575,0.000215,2.612000,0.000000,0.000000,0.000000,0.000084,0,0
281100000000,281319000000,6283499093,67,4820241539,0.000362,0.000647,0.001930,0.000356,0.000815,0.000652,0.000002,0.000000,0.004761,0.000143,3.053000,0.000000,0.000000,0.000000,0.000155,0,0
281319000000,281328000000,6283499093,67,4820241539,0.000467,0.000000,0.000000,0.000000,0.000000,0.000000,0.000135,0.000000,0.004211,0.001143,2.359000,0.000000,0.000000,0.000000,0.000000,0,0
281328000000,281330000000,6283499093,67,4820241539,0.000000,0.000000,0.000000,0.000000,0.000000,0.000000,0.000000,0.000000,0.000000,0.000000,2.359000,0.000000,0.000000,0.000000,0.000000,0,0
