272502000000,272613000000,6283499093,68,1340743,0.000000,0.000000,0.000000,0.000000,0.000000,0.000000,0.000000,0.000000,0.000000,0.000000,0.000000,0.000000,0.000000,0.000000,0.000000,0,0
272613000000,272700000000,6283499093,68,1340743,0.000762,0.001463,0.001930,0.000224,0.000643,0.001566,0.001896,0.000000,0.014910,0.052550,2.790000,0.008471,0.000000,0.000000,0.000284,0,0
272700000000,273000000000,6283499093,68,1340743,0.000358,0.001024,0.001932,0.000218,0.000661,0.001408,0.000001,0.000000,0.004745,0.000286,2.688000,0.007840,0.000000,0.000000,0.000575,0,0
273000000000,273300000000,6283499093,68,1340743,0.000352,0.000939,0.001932,0.000221,0.000665,0.000943,0.000011,0.000000,0.005310,0.001715,2.709000,0.007799,0.000000,0.000000,0.000479,0,0
273300000000,273600000000,6283499093,68,1340743,0.000337,0.000953,0.001932,0.000222,0.000667,0.000971,0.000001,0.000000,0.003742,0.000286,2.315000,0.006272,0.000000,0.000000,0.001106,0,0
273600000000,273900000000,6283499093,68,1340743,0.000358,0.000988,0.001932,0.000222,0.000667,0.000999,0.000001,0.000000,0.010010,0.000215,2.373000,0.006635,0.000000,0.000000,0.000192,0,0
273900000000,274200000000,6283499093,68,1340743,0.000342,0.000980,0.001932,0.000223,0.000667,0.000997,0.000000,0.000000,0.004013,0.000072,2.566000,0.007419,0.000000,0.000000,0.000085,0,0
274200000000,274500000000,6283499093,68,1340743,0.000348,0.001013,0.001932,0.000223,0.000668,0.001022,0.000004,0.000000,0.006912,0.000786,2.478000,0.007011,0.000000,0.000000,0.000466,0,0
274500000000,274800000000,6283499093,68,1340743,0.003040,0.001114,0.001932,0.000235,0.000682,0.001305,0.000034,0.000000,0.071290,0.005142,0.578600,0.000239,0.000000,0.000000,0.001280,0,0
274800000000,275100000000,6283499093,68,1340743,0.000527,0.001080,0.001932,0.000234,0.000683,0.001137,0.000001,0.000000,0.053770,0.000143,2.463000,0.006936,0.000000,0.000000,0.000545,0,0
275100000000,275400000000,6283499093,68,1340743,0.000324,0.001064,0.001932,0.000235,0.000683,0.001074,0.000000,0.000000,0.004082,0.000000,2.303000,0.006261,0.000000,0.000000,0.000683,0,0
275400000000,275700000000,6283499093,68,1340743,0.001825,0.001099,0.001976,0.000230,0.000678,0.001461,0.000005,0.000000,0.085690,0.000571,0.787400,0.000670,0.000000,0.000000,0.000167,0,0
275700000000,276000000000,6283499093,68,1340743,0.002499,0.001287,0.002010,0.000142,0.000603,0.001408,0.000071,0.000000,0.067380,0.006645,0.584300,0.000224,0.000000,0.000000,0.000534,0,0
276000000000,276300000000,6283499093,68,1340743,0.000644,0.001219,0.001926,0.000139,0.000605,0.001225,0.000002,0.000000,0.005135,0.000143,4.339000,0.014980,0.000000,0.000000,0.000544,0,0
276300000000,276600000000,6283499093,68,1340743,0.000467,0.001232,0.001930,0.000140,0.000605,0.001240,0.000000,0.000000,0.007462,0.000072,3.129000,0.009930,0.000000,0.000000,0.000197,0,0
276600000000,276900000000,6283499093,68,1340743,0.000380,0.001232,0.001930,0.000139,0.000605,0.001245,0.000001,0.000000,0.004822,0.000215,2.821000,0.008579,0.000000,0.000000,0.000572,0,0
276900000000,277200000000,6283499093,68,1340743,0.000474,0.001242,0.001930,0.000128,0.000593,0.001265,0.000002,0.000000,0.019440,0.000215,1.711000,0.003911,0.000000,0.000000,0.000528,0,0
277200000000,277500000000,6283499093,68,1340743,0.000399,0.001226,0.001930,0.000122,0.000588,0.001244,0.000002,0.000000,0.005554,0.000143,3.038000,0.009604,0.000000,0.000000,0.000158,0,0
277500000000,277800000000,6283499093,68,1340743,0.000341,0.001223,0.001930,0.000122,0.000588,0.001238,0.000005,0.000000,0.004578,0.000357,2.464000,0.007177,0.000000,0.000000,0.000275,0,0
277800000000,278100000000,6283499093,68,1340743,0.000463,0.001245,0.001930,0.000122,0.000588,0.001272,0.000010,0.000000,0.003128,0.001715,2.886000,0.008879,0.000000,0.000000,0.000254,0,0
278100000000,278400000000,6283499093,68,1340743,0.000488,0.001228,0.001928,0.000119,0.000586,0.001244,0.000003,0.000000,0.005898,0.000072,3.253000,0.010450,0.000000,0.000000,0.000388,0,0
278400000000,278469000000,6283499093,68,1340743,0.001143,0.001217,0.001928,0.000127,0.000588,0.001274,0.000107,0.000000,0.050170,0.007004,3.043000,0.009545,0.000000,0.000000,0.007408,0,0
278469000000,278484000000,6283499093,68,1340743,0.000216,0.000000,0.000000,0.000000,0.000000,0.000000,0.000076,0.000000,0.003235,0.000857,3.026000,0.009261,0.000000,0.000000,0.000000,0,0
278484000000,278485000000,6283499093,68,1340743,0.000000,0.000000,0.000000,0.000000,0.000000,0.000000,0.000000,0.000000,0.000000,0.000000,3.026000,0.009261,0.000000,0.000000,0.000000,0,0
