272506000000,272597000000,6283499093,69,61,0.000000,0.000000,0.000000,0.000000,0.000000,0.000000,0.000000,0.000000,0.000000,0.000000,0.000000,0.000000,0.000000,0.000000,0.000000,0,0
272597000000,272700000000,6283499093,69,61,0.000606,0.001379,0.001926,0.000278,0.000616,0.001602,0.001526,0.000000,0.015320,0.043950,1.181000,0.001781,0.000000,0.000000,0.000508,0,0
272700000000,273000000000,6283499093,69,61,0.000330,0.001215,0.001925,0.000284,0.000625,0.001390,0.000001,0.000000,0.006599,0.000072,2.464000,0.007573,0.000000,0.000000,0.000145,0,0
273000000000,273300000000,6283499093,69,61,0.000347,0.001265,0.001925,0.000284,0.000668,0.001331,0.000005,0.000000,0.006714,0.000643,2.779000,0.008976,0.000000,0.000000,0.000167,0,0
273300000000,273600000000,6283499093,69,61,0.000311,0.001263,0.001925,0.000285,0.000667,0.001328,0.000000,0.000000,0.009995,0.000072,1.749000,0.004283,0.000000,0.000000,0.000309,0,0
273600000000,273900000000,6283499093,69,61,0.000326,0.000925,0.001923,0.000285,0.000324,0.001093,0.000002,0.000000,0.003468,0.000357,1.754000,0.004239,0.000000,0.000000,0.000662,0,0
273900000000,274200000000,6283499093,69,61,0.000312,0.000984,0.001921,0.000284,0.000377,0.001272,0.000000,0.000000,0.005630,0.000000,1.933000,0.005204,0.000000,0.000000,0.000743,0,0
274200000000,274500000000,6283499093,69,61,0.000312,0.001047,0.001921,0.000284,0.000438,0.001337,0.000002,0.000000,0.003742,0.000286,1.990000,0.005159,0.000000,0.000000,0.000078,0,0
274500000000,274800000000,6283499093,69,61,0.000295,0.001087,0.001921,0.000284,0.000477,0.001341,0.000000,0.000000,0.003738,0.000072,2.184000,0.006272,0.000000,0.000000,0.000085,0,0
274800000000,275100000000,6283499093,69,61,0.000314,0.001143,0.001923,0.000284,0.000532,0.001341,0.000001,0.000000,0.003559,0.000072,2.219000,0.006424,0.000000,0.000000,0.000068,0,0
275100000000,275400000000,6283499093,69,61,0.000343,0.001198,0.001925,0.000284,0.000582,0.001348,0.000000,0.000000,0.004631,0.000072,1.793000,0.004454,0.000000,0.000000,0.000454,0,0
275400000000,275700000000,6283499093,69,61,0.000296,0.001226,0.001925,0.000284,0.000608,0.001348,0.000001,0.000000,0.004059,0.000072,2.170000,0.006303,0.000000,0.000000,0.000534,0,0
275700000000,276000000000,6283499093,69,61,0.000283,0.000999,0.001921,0.000284,0.000380,0.001339,0.000000,0.000000,0.011030,0.000072,1.977000,0.005505,0.000000,0.000000,0.000064,0,0
276000000000,276300000000,6283499093,69,61,0.000361,0.001102,0.001921,0.000287,0.000470,0.001379,0.000020,0.000000,0.008987,0.003216,2.338000,0.006965,0.000000,0.000000,0.000259,0,0
276300000000,276600000000,6283499093,69,61,0.002052,0.001249,0.002048,0.000260,0.000481,0.001730,0.000059,0.000000,0.066650,0.006218,0.571700,0.000183,0.000000,0.000000,0.000114,0,0
276600000000,276900000000,6283499093,69,61,0.000472,0.001337,0.001917,0.000194,0.000410,0.001602,0.000001,0.000000,0.007126,0.000072,3.126000,0.011120,0.000000,0.000000,0.000542,0,0
276900000000,277200000000,6283499093,69,61,0.000423,0.001339,0.001917,0.000194,0.000423,0.001581,0.000000,0.000000,0.011570,0.000000,3.011000,0.010580,0.000000,0.000000,0.000652,0,0
277200000000,277500000000,6283499093,69,61,0.000302,0.001322,0.001921,0.000194,0.000409,0.001574,0.000010,0.000000,0.011080,0.001785,2.135000,0.005948,0.000000,0.000000,0.000573,0,0
277500000000,277800000000,6283499093,69,61,0.000300,0.001274,0.001921,0.000225,0.000368,0.001575,0.000265,0.000000,0.004440,0.019350,2.111000,0.005836,0.000000,0.000000,0.000171,0,0
277800000000,278100000000,6283499093,69,61,0.000284,0.001194,0.001923,0.000259,0.000329,0.001278,0.000507,0.000000,0.002995,0.039180,2.845000,0.009317,0.000000,0.000000,0.000215,0,0
278100000000,278400000000,6283499093,69,61,0.000300,0.001148,0.001921,0.000242,0.000294,0.001244,0.000010,0.000000,0.004288,0.001143,2.099000,0.006103,0.000000,0.000000,0.000524,0,0
278400000000,278700000000,6283499093,69,61,0.000297,0.001146,0.001923,0.000242,0.000297,0.001196,0.000022,0.000000,0.004555,0.002857,2.011000,0.005708,0.000000,0.000000,0.000071,0,0
278700000000,279000000000,6283499093,69,61,0.000306,0.001144,0.001921,0.000241,0.000291,0.001205,0.000006,0.000000,0.005013,0.000714,2.041000,0.005789,0.000000,0.000000,0.000535,0,0
279000000000,279300000000,6283499093,69,61,0.000323,0.001156,0.001921,0.000238,0.000303,0.001221,0.000016,0.000000,0.004486,0.002857,1.997000,0.005762,0.000000,0.000000,0.000231,0,0
279300000000,279600000000,6283499093,69,61,0.000317,0.001144,0.001921,0.000238,0.000300,0.001205,0.000008,0.000000,0.005081,0.001928,2.105000,0.006179,0.000000,0.000000,0.000153,0,0
279600000000,279900000000,6283499093,69,61,0.000337,0.001162,0.001921,0.000238,0.000303,0.001232,0.000024,0.000000,0.004929,0.002785,1.930000,0.005316,0.000000,0.000000,0.000714,0,0
279900000000,280200000000,6283499093,69,61,0.000335,0.001169,0.001921,0.000233,0.000293,0.001236,0.000010,0.000000,0.004669,0.001928,2.179000,0.006609,0.000000,0.000000,0.000323,0,0
280200000000,280500000000,6283499093,69,61,0.000315,0.001171,0.001923,0.000231,0.000292,0.001236,0.000000,0.000000,0.004440,0.000072,2.244000,0.006670,0.000000,0.000000,0.000251,0,0
280500000000,280800000000,6283499093,69,61,0.000300,0.001162,0.001923,0.000230,0.000283,0.001234,0.000005,0.000000,0.004417,0.000857,2.009000,0.005554,0.000000,0.000000,0.000167,0,0
280800000000,281100000000,6283499093,69,61,0.000316,0.001177,0.001923,0.000230,0.000297,0.001238,0.000017,0.000000,0.004837,0.001572,1.923000,0.005157,0.000000,0.000000,0.000086,0,0
281100000000,281400000000,6283499093,69,61,0.000331,0.001171,0.001923,0.000230,0.000291,0.001238,0.000000,0.000000,0.005859,0.000072,2.420000,0.007454,0.000000,0.000000,0.000404,0,0
281400000000,281579000000,6283499093,69,61,0.000371,0.001175,0.001921,0.000230,0.000302,0.001244,0.000002,0.000000,0.004471,0.000286,1.937000,0.005230,0.000000,0.000000,0.000193,0,0
281579000000,281592000000,6283499093,69,61,0.000193,0.000000,0.000000,0.000000,0.000000,0.000000,0.000066,0.000000,0.002510,0.000857,1.393000,0.002579,0.000000,0.000000,0.000000,0,0
281592000000,281593000000,6283499093,69,61,0.000000,0.000000,0.000000,0.000000,0.000000,0.000000,0.000000,0.000000,0.000000,0.000000,1.393000,0.002579,0.000000,0.000000,0.000000,0,0
