277834000000,278100000000,6283499093,698,4802850526,0.000367,0.000935,0.001928,0.000078,0.000283,0.001312,0.000480,0.000000,0.027800,0.059200,2.674000,0.000000,0.000000,0.000000,0.000305,0,0
278100000000,278400000000,6283499093,698,4802850526,0.000302,0.000965,0.001926,0.000083,0.000176,0.001114,0.000015,0.000000,0.004646,0.003357,2.435000,0.000000,0.000000,0.000000,0.000086,0,0
278400000000,278700000000,6283499093,698,4802850526,0.000403,0.001066,0.001928,0.000115,0.000362,0.001114,0.000114,0.000000,0.004486,0.028440,2.114000,0.000000,0.000000,0.000000,0.000141,0,0
278700000000,279000000000,6283499093,698,4802850526,0.000353,0.001032,0.001926,0.000127,0.000383,0.001062,0.000000,0.000000,0.004341,0.000000,2.818000,0.000000,0.000000,0.000000,0.004219,0,0
279000000000,279300000000,6283499093,698,4802850526,0.000318,0.001038,0.001930,0.000127,0.000398,0.001078,0.000002,0.000000,0.004776,0.000428,2.991000,0.000000,0.000000,0.000000,0.000463,0,0
279300000000,279600000000,6283499093,698,4802850526,0.000374,0.001038,0.001928,0.000138,0.000412,0.001060,0.000086,0.000000,0.005989,0.016720,1.792000,0.000000,0.000000,0.000000,0.000080,0,0
279600000000,279900000000,6283499093,698,4802850526,0.000359,0.001030,0.001928,0.000147,0.000421,0.001047,0.000007,0.000000,0.003952,0.001358,3.324000,0.000000,0.000000,0.000000,0.000555,0,0
279900000000,280200000000,6283499093,698,4802850526,0.000403,0.001059,0.001928,0.000148,0.000423,0.001089,0.000022,0.000000,0.004738,0.003571,2.757000,0.000000,0.000000,0.000000,0.000488,0,0
280200000000,280500000000,6283499093,698,4802850526,0.000361,0.001059,0.001928,0.000152,0.000426,0.001089,0.000003,0.000000,0.004547,0.000714,2.924000,0.000000,0.000000,0.000000,0.000237,0,0
280500000000,280800000000,6283499093,698,4802850526,0.000753,0.001051,0.001928,0.000153,0.000429,0.001194,0.000054,0.000000,0.065800,0.009567,2.534000,0.000000,0.000000,0.000000,0.000547,0,0
280800000000,281100000000,6283499093,698,4802850526,0.000386,0.000705,0.001928,0.000169,0.000454,0.000840,0.000003,0.000000,0.006767,0.000571,3.180000,0.000000,0.000000,0.000000,0.000132,0,0
281100000000,281400000000,6283499093,698,4802850526,0.000367,0.000682,0.001928,0.000167,0.000452,0.000711,0.000002,0.000000,0.004684,0.000215,3.256000,0.000000,0.000000,0.000000,0.000527,0,0
281400000000,281700000000,6283499093,698,4802850526,0.000303,0.000682,0.001930,0.000165,0.000450,0.000709,0.000002,0.000000,0.004761,0.000215,2.623000,0.000000,0.000000,0.000000,0.000074,0,0
281700000000,282000000000,6283499093,698,4802850526,0.000307,0.000672,0.001930,0.000165,0.000450,0.000709,0.000000,0.000000,0.004868,0.000000,2.693000,0.000000,0.000000,0.000000,0.000175,0,0
282000000000,282110000000,6283499093,698,4802850526,0.000336,0.000662,0.001930,0.000168,0.000451,0.000664,0.000200,0.000000,0.007095,0.021730,2.382000,0.000000,0.000000,0.000000,0.000187,0,0
282110000000,282125000000,6283499093,698,4802850526,0.000090,0.000000,0.000000,0.000000,0.000000,0.000000,0.000153,0.000000,0.001348,0.001928,2.309000,0.000000,0.000000,0.000000,0.000000,0,0
282125000000,282126000000,6283499093,698,4802850526,0.000000,0.000000,0.000000,0.000000,0.000000,0.000000,0.000000,0.000000,0.000000,0.000000,2.309000,0.000000,0.000000,0.000000,0.000000,0,0
