272503000000,272700000000,6283499093,7,4820234513,0.000000,0.000000,0.000000,0.000000,0.000000,0.000000,0.000000,0.000000,0.000000,0.000000,0.000000,0.000000,0.000000,0.000000,0.000000,0,0
272700000000,272702000000,6283499093,7,4820234513,0.000000,0.000000,0.000000,0.000000,0.000000,0.000000,0.000000,0.000000,0.000000,0.000000,0.000000,0.000000,0.000000,0.000000,0.000000,0,0
272702000000,273000000000,6283499093,7,4820234513,0.000565,0.001062,0.001917,0.000149,0.000321,0.001476,0.000295,0.000000,0.010190,0.017240,2.326000,0.000000,0.000000,0.000000,0.000229,0,0
273000000000,273300000000,6283499093,7,4820234513,0.000391,0.001114,0.001917,0.000148,0.000377,0.001331,0.000000,0.000000,0.004669,0.000072,3.474000,0.000000,0.000000,0.000000,0.000190,0,0
273300000000,273600000000,6283499093,7,4820234513,0.000470,0.001106,0.001917,0.000148,0.000348,0.001362,0.000002,0.000000,0.007278,0.000143,2.789000,0.000000,0.000000,0.000000,0.000113,0,0
273600000000,273900000000,6283499093,7,4820234513,0.000479,0.001089,0.001917,0.000148,0.000313,0.001379,0.000002,0.000000,0.003231,0.000571,3.857000,0.000000,0.000000,0.000000,0.000371,0,0
273900000000,274200000000,6283499093,7,4820234513,0.000459,0.001064,0.001917,0.000148,0.000276,0.001381,0.000000,0.000000,0.004463,0.000072,3.994000,0.000000,0.000000,0.000000,0.000264,0,0
274200000000,274500000000,6283499093,7,4820234513,0.000414,0.001017,0.001919,0.000148,0.000226,0.001371,0.000000,0.000000,0.005295,0.000072,2.982000,0.000000,0.000000,0.000000,0.000085,0,0
274500000000,274800000000,6283499093,7,4820234513,0.000417,0.001135,0.001923,0.000150,0.000337,0.001423,0.000028,0.000000,0.014830,0.001999,1.938000,0.000000,0.000000,0.000000,0.000141,0,0
274800000000,275100000000,6283499093,7,4820234513,0.000402,0.001333,0.001923,0.000151,0.000521,0.001423,0.000000,0.000000,0.004425,0.000072,2.692000,0.000000,0.000000,0.000000,0.000300,0,0
275100000000,275400000000,6283499093,7,4820234513,0.000392,0.001289,0.001921,0.000151,0.000472,0.001411,0.000000,0.000000,0.004333,0.000072,3.148000,0.000000,0.000000,0.000000,0.000166,0,0
275400000000,275700000000,6283499093,7,4820234513,0.000348,0.001202,0.001919,0.000151,0.000386,0.001411,0.000001,0.000000,0.008255,0.000215,3.697000,0.000000,0.000000,0.000000,0.000141,0,0
275700000000,276000000000,6283499093,7,4820234513,0.000570,0.001049,0.001919,0.000152,0.000231,0.001450,0.000039,0.000000,0.032290,0.010790,2.436000,0.000000,0.000000,0.000000,0.000278,0,0
276000000000,276300000000,6283499093,7,4820234513,0.000567,0.001190,0.001915,0.000153,0.000359,0.001442,0.000004,0.000000,0.006004,0.000571,3.713000,0.000000,0.000000,0.000000,0.000701,0,0
276300000000,276600000000,6283499093,7,4820234513,0.000533,0.001186,0.001915,0.000151,0.000343,0.001444,0.000001,0.000000,0.006973,0.000143,3.256000,0.000000,0.000000,0.000000,0.000424,0,0
276600000000,276900000000,6283499093,7,4820234513,0.000429,0.001198,0.001917,0.000151,0.000366,0.001434,0.000001,0.000000,0.005028,0.000072,3.523000,0.000000,0.000000,0.000000,0.000179,0,0
276900000000,277200000000,6283499093,7,4820234513,0.000403,0.001215,0.001917,0.000151,0.000378,0.001440,0.000001,0.000000,0.005875,0.000143,3.275000,0.000000,0.000000,0.000000,0.000218,0,0
277200000000,277500000000,6283499093,7,4820234513,0.000341,0.001257,0.001919,0.000151,0.000404,0.001440,0.000003,0.000000,0.004440,0.000143,3.022000,0.000000,0.000000,0.000000,0.000271,0,0
277500000000,277709000000,6283499093,7,4820234513,0.000405,0.001209,0.001919,0.000151,0.000383,0.001440,0.000025,0.000000,0.005028,0.002499,2.110000,0.000000,0.000000,0.000000,0.000151,0,0
277709000000,277723000000,6283499093,7,4820234513,0.000272,0.000000,0.000000,0.000000,0.000000,0.000000,0.000050,0.000000,0.003807,0.000215,5.236000,0.000000,0.000000,0.000000,0.000000,0,0
277723000000,277729000000,6283499093,7,4820234513,0.000000,0.000000,0.000000,0.000000,0.000000,0.000000,0.000000,0.000000,0.000000,0.000000,5.236000,0.000000,0.000000,0.000000,0.000000,0,0
