272508000000,272630000000,6283499093,70,1436835456,0.000000,0.000000,0.000000,0.000000,0.000000,0.000000,0.000000,0.000000,0.000000,0.000000,0.000000,0.000000,0.000000,0.000000,0.000000,0,0
272630000000,272700000000,6283499093,70,1436835456,0.001051,0.001476,0.001930,0.000248,0.000667,0.001574,0.002228,0.000000,0.034610,0.049870,1.810000,0.003886,0.000000,0.000000,0.000349,0,0
272700000000,273000000000,6283499093,70,1436835456,0.002296,0.001123,0.002060,0.000238,0.000683,0.001541,0.000056,0.000000,0.080080,0.005928,3.027000,0.009179,0.000000,0.000000,0.000468,0,0
273000000000,273300000000,6283499093,70,1436835456,0.000671,0.001192,0.001928,0.000142,0.000606,0.001242,0.000002,0.000000,0.014630,0.000428,2.420000,0.006600,0.000000,0.000000,0.000841,0,0
273300000000,273600000000,6283499093,70,1436835456,0.000603,0.001152,0.001928,0.000140,0.000605,0.001167,0.000000,0.000000,0.005577,0.000000,4.400000,0.015210,0.000000,0.000000,0.000723,0,0
273600000000,273900000000,6283499093,70,1436835456,0.000371,0.001152,0.001932,0.000140,0.000605,0.001163,0.000000,0.000000,0.006126,0.000143,2.748000,0.007868,0.000000,0.000000,0.000655,0,0
273900000000,274200000000,6283499093,70,1436835456,0.000365,0.001160,0.001932,0.000139,0.000605,0.001167,0.000000,0.000000,0.005196,0.000000,2.404000,0.006632,0.000000,0.000000,0.000318,0,0
274200000000,274500000000,6283499093,70,1436835456,0.000501,0.001167,0.001930,0.000141,0.000606,0.001194,0.000025,0.000000,0.009705,0.005928,3.367000,0.010780,0.000000,0.000000,0.000234,0,0
274500000000,274800000000,6283499093,70,1436835456,0.000504,0.001167,0.001930,0.000140,0.000605,0.001183,0.000000,0.000000,0.005859,0.000072,3.506000,0.011190,0.000000,0.000000,0.000402,0,0
274800000000,275100000000,6283499093,70,1436835456,0.000424,0.001150,0.001930,0.000140,0.000605,0.001167,0.000001,0.000000,0.005035,0.000072,3.104000,0.009460,0.000000,0.000000,0.000278,0,0
275100000000,275400000000,6283499093,70,1436835456,0.000367,0.001158,0.001932,0.000140,0.000606,0.001177,0.000000,0.000000,0.005219,0.000000,2.122000,0.005257,0.000000,0.000000,0.000558,0,0
275400000000,275700000000,6283499093,70,1436835456,0.000361,0.001160,0.001932,0.000140,0.000606,0.001177,0.000003,0.000000,0.015340,0.000571,2.528000,0.007035,0.000000,0.000000,0.000236,0,0
275700000000,276000000000,6283499093,70,1436835456,0.000372,0.001156,0.001932,0.000140,0.000606,0.001167,0.000000,0.000000,0.005470,0.000000,2.557000,0.006980,0.000000,0.000000,0.000771,0,0
276000000000,276300000000,6283499093,70,1436835456,0.000380,0.001165,0.001932,0.000140,0.000606,0.001177,0.000003,0.000000,0.006523,0.000143,2.713000,0.007585,0.000000,0.000000,0.000148,0,0
276300000000,276600000000,6283499093,70,1436835456,0.000383,0.001163,0.001932,0.000140,0.000606,0.001173,0.000000,0.000000,0.006355,0.000000,2.536000,0.006840,0.000000,0.000000,0.000666,0,0
276600000000,276900000000,6283499093,70,1436835456,0.000384,0.001169,0.001932,0.000140,0.000606,0.001177,0.000001,0.000000,0.006241,0.000072,2.828000,0.008006,0.000000,0.000000,0.000076,0,0
276900000000,277200000000,6283499093,70,1436835456,0.000362,0.001160,0.001932,0.000140,0.000606,0.001169,0.000000,0.000000,0.007065,0.000072,2.763000,0.007766,0.000000,0.000000,0.000132,0,0
277200000000,277500000000,6283499093,70,1436835456,0.000366,0.001165,0.001932,0.000140,0.000606,0.001183,0.000003,0.000000,0.005219,0.000215,3.020000,0.008988,0.000000,0.000000,0.000637,0,0
277500000000,277800000000,6283499093,70,1436835456,0.000364,0.001171,0.001932,0.000140,0.000606,0.001184,0.000005,0.000000,0.005142,0.000500,2.559000,0.007251,0.000000,0.000000,0.000313,0,0
277800000000,278100000000,6283499093,70,1436835456,0.000385,0.001158,0.001932,0.000140,0.000606,0.001198,0.000010,0.000000,0.005226,0.000786,2.501000,0.007075,0.000000,0.000000,0.000081,0,0
278100000000,278209000000,6283499093,70,1436835456,0.000428,0.001202,0.001932,0.000143,0.000607,0.001219,0.000032,0.000000,0.003605,0.003143,2.515000,0.007054,0.000000,0.000000,0.000334,0,0
278209000000,278227000000,6283499093,70,1436835456,0.000161,0.000000,0.000000,0.000000,0.000000,0.000000,0.000000,0.000000,0.002892,0.000000,2.666000,0.007965,0.000000,0.000000,0.000000,0,0
278227000000,278228000000,6283499093,70,1436835456,0.000000,0.000000,0.000000,0.000000,0.000000,0.000000,0.000000,0.000000,0.000000,0.000000,2.666000,0.007965,0.000000,0.000000,0.000000,0,0
