277839000000,278100000000,6283499093,702,682246,0.000455,0.000971,0.001926,0.000089,0.000393,0.001335,0.000614,0.000000,0.016050,0.064820,1.503000,0.003409,0.000000,0.000000,0.000136,0,0
278100000000,278400000000,6283499093,702,682246,0.000364,0.000933,0.001925,0.000091,0.000374,0.001093,0.000001,0.000000,0.004211,0.000072,3.416000,0.010050,0.000000,0.000000,0.000304,0,0
278400000000,278700000000,6283499093,702,682246,0.000494,0.000997,0.001923,0.000091,0.000379,0.001163,0.000003,0.000000,0.015210,0.000786,2.195000,0.005055,0.000000,0.000000,0.000333,0,0
278700000000,279000000000,6283499093,702,682246,0.000324,0.001009,0.001925,0.000091,0.000382,0.001163,0.000000,0.000000,0.004700,0.000000,2.289000,0.005362,0.000000,0.000000,0.000619,0,0
279000000000,279300000000,6283499093,702,682246,0.000317,0.001019,0.001925,0.000091,0.000380,0.001186,0.000000,0.000000,0.004662,0.000072,2.230000,0.005138,0.000000,0.000000,0.000221,0,0
279300000000,279600000000,6283499093,702,682246,0.000360,0.001047,0.001923,0.000091,0.000396,0.001215,0.000002,0.000000,0.007416,0.000286,2.539000,0.006475,0.000000,0.000000,0.000270,0,0
279600000000,279900000000,6283499093,702,682246,0.000386,0.001043,0.001923,0.000091,0.000387,0.001211,0.000002,0.000000,0.014210,0.000143,2.488000,0.006359,0.000000,0.000000,0.000463,0,0
279900000000,280200000000,6283499093,702,682246,0.000431,0.001064,0.001923,0.000086,0.000388,0.001221,0.000004,0.000000,0.004356,0.000428,2.719000,0.007493,0.000000,0.000000,0.000163,0,0
280200000000,280500000000,6283499093,702,682246,0.000430,0.001083,0.001923,0.000083,0.000400,0.001217,0.000002,0.000000,0.004768,0.000286,2.531000,0.006543,0.000000,0.000000,0.000162,0,0
280500000000,280800000000,6283499093,702,682246,0.000451,0.001022,0.001925,0.000088,0.000444,0.001240,0.000058,0.000000,0.031490,0.007996,1.910000,0.004076,0.000000,0.000000,0.000268,0,0
280800000000,281100000000,6283499093,702,682246,0.000462,0.001148,0.001926,0.000102,0.000481,0.001238,0.000002,0.000000,0.010990,0.000143,2.214000,0.005573,0.000000,0.000000,0.000408,0,0
281100000000,281400000000,6283499093,702,682246,0.000434,0.001146,0.001926,0.000098,0.000477,0.001232,0.000001,0.000000,0.004852,0.000286,2.988000,0.008506,0.000000,0.000000,0.000300,0,0
281400000000,281700000000,6283499093,702,682246,0.000454,0.001152,0.001926,0.000096,0.000465,0.001251,0.000002,0.000000,0.023100,0.000428,1.924000,0.004299,0.000000,0.000000,0.000766,0,0
281700000000,282000000000,6283499093,702,682246,0.000469,0.001160,0.001926,0.000095,0.000469,0.001249,0.000000,0.000000,0.005257,0.000072,2.267000,0.005746,0.000000,0.000000,0.000356,0,0
282000000000,282300000000,6283499093,702,682246,0.000470,0.001158,0.001926,0.000095,0.000462,0.001274,0.000003,0.000000,0.011980,0.000357,2.937000,0.008577,0.000000,0.000000,0.000459,0,0
282300000000,282439000000,6283499093,702,682246,0.001022,0.001194,0.001926,0.000098,0.000476,0.001320,0.000093,0.000000,0.017000,0.007004,2.188000,0.005668,0.000000,0.000000,0.000486,0,0
282439000000,282453000000,6283499093,702,682246,0.000201,0.000000,0.000000,0.000000,0.000000,0.000000,0.000056,0.000000,0.002819,0.000786,2.809000,0.008172,0.000000,0.000000,0.000000,0,0
282453000000,282454000000,6283499093,702,682246,0.000000,0.000000,0.000000,0.000000,0.000000,0.000000,0.000000,0.000000,0.000000,0.000000,2.809000,0.008172,0.000000,0.000000,0.000000,0,0
