272499000000,272601000000,6283499093,71,1979335487,0.000000,0.000000,0.000000,0.000000,0.000000,0.000000,0.000000,0.000000,0.000000,0.000000,0.000000,0.000000,0.000000,0.000000,0.000000,0,0
272601000000,272700000000,6283499093,71,1979335487,0.000701,0.001434,0.001932,0.000243,0.000661,0.001556,0.001619,0.000000,0.016110,0.055480,2.666000,0.007827,0.000000,0.000000,0.000148,0,0
272700000000,273000000000,6283499093,71,1979335487,0.000351,0.000986,0.001934,0.000250,0.000691,0.001385,0.000010,0.000000,0.005013,0.003143,2.623000,0.007522,0.000000,0.000000,0.000258,0,0
273000000000,273300000000,6283499093,71,1979335487,0.000354,0.000944,0.001934,0.000255,0.000699,0.000958,0.000019,0.000000,0.004715,0.002857,2.665000,0.007728,0.000000,0.000000,0.000267,0,0
273300000000,273600000000,6283499093,71,1979335487,0.000335,0.000937,0.001934,0.000257,0.000701,0.000951,0.000000,0.000000,0.004005,0.000072,2.426000,0.006617,0.000000,0.000000,0.000212,0,0
273600000000,273900000000,6283499093,71,1979335487,0.000384,0.000962,0.001932,0.000255,0.000699,0.000972,0.000001,0.000000,0.004738,0.000072,2.420000,0.006664,0.000000,0.000000,0.000342,0,0
273900000000,274200000000,6283499093,71,1979335487,0.000379,0.000952,0.001932,0.000250,0.000694,0.000971,0.000003,0.000000,0.004387,0.000999,3.007000,0.009180,0.000000,0.000000,0.000248,0,0
274200000000,274500000000,6283499093,71,1979335487,0.000357,0.000956,0.001934,0.000250,0.000694,0.000971,0.000002,0.000000,0.004234,0.000215,2.590000,0.007414,0.000000,0.000000,0.000303,0,0
274500000000,274800000000,6283499093,71,1979335487,0.000337,0.000947,0.001934,0.000250,0.000695,0.000950,0.000000,0.000000,0.004448,0.000072,2.447000,0.006734,0.000000,0.000000,0.000160,0,0
274800000000,275100000000,6283499093,71,1979335487,0.000318,0.000944,0.001934,0.000250,0.000695,0.000948,0.000000,0.000000,0.004684,0.000072,2.406000,0.006415,0.000000,0.000000,0.000216,0,0
275100000000,275400000000,6283499093,71,1979335487,0.000313,0.000953,0.001934,0.000251,0.000695,0.000964,0.000000,0.000000,0.004593,0.000000,2.453000,0.006598,0.000000,0.000000,0.000229,0,0
275400000000,275700000000,6283499093,71,1979335487,0.000328,0.000954,0.001934,0.000251,0.000695,0.000968,0.000000,0.000000,0.001369,0.000072,2.470000,0.006818,0.000000,0.000000,0.000068,0,0
275700000000,276000000000,6283499093,71,1979335487,0.000336,0.000955,0.001934,0.000251,0.000695,0.000969,0.000000,0.000000,0.002686,0.000000,2.367000,0.006509,0.000000,0.000000,0.000300,0,0
276000000000,276300000000,6283499093,71,1979335487,0.000338,0.000952,0.001934,0.000251,0.000695,0.000960,0.000002,0.000000,0.004517,0.000072,2.484000,0.006994,0.000000,0.000000,0.000476,0,0
276300000000,276600000000,6283499093,71,1979335487,0.000331,0.000958,0.001934,0.000251,0.000695,0.000970,0.000000,0.000000,0.004089,0.000072,2.483000,0.006842,0.000000,0.000000,0.000101,0,0
276600000000,276900000000,6283499093,71,1979335487,0.000355,0.000973,0.001934,0.000251,0.000695,0.000980,0.000001,0.000000,0.004333,0.000072,2.449000,0.006764,0.000000,0.000000,0.000185,0,0
276900000000,277200000000,6283499093,71,1979335487,0.000342,0.000958,0.001934,0.000251,0.000695,0.000976,0.000000,0.000000,0.004623,0.000000,2.467000,0.006921,0.000000,0.000000,0.000383,0,0
277200000000,277500000000,6283499093,71,1979335487,0.000334,0.000962,0.001934,0.000251,0.000695,0.000978,0.000002,0.000000,0.004204,0.000072,2.534000,0.007065,0.000000,0.000000,0.000293,0,0
277500000000,277800000000,6283499093,71,1979335487,0.000362,0.000978,0.001934,0.000251,0.000695,0.000980,0.000004,0.000000,0.005341,0.000072,2.471000,0.006738,0.000000,0.000000,0.000072,0,0
277800000000,278100000000,6283499093,71,1979335487,0.000366,0.000984,0.001932,0.000251,0.000695,0.000996,0.000009,0.000000,0.004890,0.001572,2.706000,0.007675,0.000000,0.000000,0.000224,0,0
278100000000,278319000000,6283499093,71,1979335487,0.000355,0.000974,0.001932,0.000251,0.000696,0.000982,0.000039,0.000000,0.004517,0.007713,2.481000,0.006681,0.000000,0.000000,0.000173,0,0
278319000000,278336000000,6283499093,71,1979335487,0.000175,0.000000,0.000000,0.000000,0.000000,0.000000,0.000025,0.000000,0.002972,0.000286,2.462000,0.006451,0.000000,0.000000,0.000000,0,0
278336000000,278337000000,6283499093,71,1979335487,0.000000,0.000000,0.000000,0.000000,0.000000,0.000000,0.000000,0.000000,0.000000,0.000000,2.462000,0.006451,0.000000,0.000000,0.000000,0,0
