277852000000,278100000000,6283499093,715,351642841,0.000446,0.001076,0.001928,0.000147,0.000463,0.001396,0.000554,0.000000,0.042180,0.048280,1.396000,0.002510,0.000000,0.000000,0.000161,0,0
278100000000,278400000000,6283499093,715,351642841,0.000367,0.000977,0.001932,0.000146,0.000589,0.001284,0.000001,0.000000,0.004204,0.000072,2.608000,0.007886,0.000000,0.000000,0.000278,0,0
278400000000,278700000000,6283499093,715,351642841,0.000348,0.000920,0.001932,0.000148,0.000592,0.000936,0.000008,0.000000,0.004539,0.001785,2.669000,0.007835,0.000000,0.000000,0.000665,0,0
278700000000,279000000000,6283499093,715,351642841,0.000329,0.000918,0.001932,0.000149,0.000593,0.000921,0.000001,0.000000,0.013780,0.000215,2.505000,0.007104,0.000000,0.000000,0.000566,0,0
279000000000,279300000000,6283499093,715,351642841,0.000353,0.000938,0.001932,0.000149,0.000594,0.000950,0.000003,0.000000,0.005791,0.000786,2.114000,0.005344,0.000000,0.000000,0.000118,0,0
279300000000,279600000000,6283499093,715,351642841,0.000408,0.000988,0.001932,0.000158,0.000612,0.001060,0.000056,0.000000,0.006340,0.016420,2.651000,0.007822,0.000000,0.000000,0.000249,0,0
279600000000,279900000000,6283499093,715,351642841,0.000376,0.000978,0.001932,0.000163,0.000624,0.000996,0.000005,0.000000,0.004929,0.000999,2.722000,0.008384,0.000000,0.000000,0.000863,0,0
279900000000,280200000000,6283499093,715,351642841,0.000389,0.000986,0.001932,0.000163,0.000624,0.001005,0.000016,0.000000,0.005341,0.002716,2.548000,0.007757,0.000000,0.000000,0.000258,0,0
280200000000,280500000000,6283499093,715,351642841,0.000382,0.000999,0.001932,0.000164,0.000625,0.001034,0.000000,0.000000,0.004326,0.000143,2.587000,0.007890,0.000000,0.000000,0.000271,0,0
280500000000,280800000000,6283499093,715,351642841,0.000384,0.000988,0.001932,0.000164,0.000625,0.000997,0.000002,0.000000,0.005547,0.000643,2.518000,0.007483,0.000000,0.000000,0.000111,0,0
280800000000,281100000000,6283499093,715,351642841,0.000378,0.001001,0.001932,0.000164,0.000625,0.001013,0.000002,0.000000,0.004738,0.000357,2.185000,0.006114,0.000000,0.000000,0.000187,0,0
281100000000,281400000000,6283499093,715,351642841,0.000420,0.001009,0.001930,0.000164,0.000625,0.001045,0.000005,0.000000,0.005722,0.001215,2.507000,0.007688,0.000000,0.000000,0.000135,0,0
281400000000,281700000000,6283499093,715,351642841,0.000406,0.000628,0.001930,0.000165,0.000627,0.001032,0.000003,0.000000,0.006630,0.000571,2.540000,0.007346,0.000000,0.000000,0.000676,0,0
281700000000,282000000000,6283499093,715,351642841,0.000350,0.000545,0.001932,0.000165,0.000627,0.000559,0.000000,0.000000,0.005112,0.000000,2.433000,0.006961,0.000000,0.000000,0.000517,0,0
282000000000,282129000000,6283499093,715,351642841,0.000305,0.000545,0.001932,0.000169,0.000627,0.000547,0.000006,0.000000,0.001366,0.000714,2.286000,0.006360,0.000000,0.000000,0.000260,0,0
282129000000,282138000000,6283499093,715,351642841,0.000287,0.000000,0.000000,0.000000,0.000000,0.000000,0.000057,0.000000,0.002583,0.000571,2.166000,0.005617,0.000000,0.000000,0.000000,0,0
282138000000,282140000000,6283499093,715,351642841,0.000000,0.000000,0.000000,0.000000,0.000000,0.000000,0.000000,0.000000,0.000000,0.000000,2.166000,0.005617,0.000000,0.000000,0.000000,0,0
