272505000000,272669000000,6283499093,72,1335751,0.000000,0.000000,0.000000,0.000000,0.000000,0.000000,0.000000,0.000000,0.000000,0.000000,0.000000,0.000000,0.000000,0.000000,0.000000,0,0
272669000000,272700000000,6283499093,72,1335751,0.001459,0.001371,0.001930,0.000341,0.000711,0.001701,0.010220,0.000000,0.013310,0.049990,0.000000,0.000000,0.000000,0.000000,0.000175,0,0
272700000000,273000000000,6283499093,72,1335751,0.000348,0.001190,0.001930,0.000374,0.000816,0.001701,0.000003,0.000000,0.004417,0.000286,2.536000,0.007817,0.000000,0.000000,0.000151,0,0
273000000000,273300000000,6283499093,72,1335751,0.000352,0.000940,0.001930,0.000374,0.000816,0.000947,0.000000,0.000000,0.004799,0.000000,2.574000,0.007702,0.000000,0.000000,0.000225,0,0
273300000000,273600000000,6283499093,72,1335751,0.000344,0.000960,0.001930,0.000373,0.000816,0.000972,0.000001,0.000000,0.004097,0.000072,2.416000,0.006805,0.000000,0.000000,0.000206,0,0
273600000000,273900000000,6283499093,72,1335751,0.000337,0.000956,0.001930,0.000373,0.000816,0.000969,0.000000,0.000000,0.004295,0.000072,2.240000,0.006129,0.000000,0.000000,0.000077,0,0
273900000000,274200000000,6283499093,72,1335751,0.000339,0.000958,0.001930,0.000373,0.000816,0.000971,0.000000,0.000000,0.004494,0.000072,2.183000,0.005872,0.000000,0.000000,0.000112,0,0
274200000000,274500000000,6283499093,72,1335751,0.000338,0.000948,0.001930,0.000364,0.000809,0.000951,0.000001,0.000000,0.004372,0.000143,2.737000,0.008157,0.000000,0.000000,0.000116,0,0
274500000000,274800000000,6283499093,72,1335751,0.000305,0.000950,0.001930,0.000363,0.000808,0.000953,0.000001,0.000000,0.004578,0.000143,2.489000,0.007192,0.000000,0.000000,0.000243,0,0
274800000000,275100000000,6283499093,72,1335751,0.000313,0.000949,0.001930,0.000363,0.000808,0.000970,0.000000,0.000000,0.004539,0.000072,2.359000,0.006689,0.000000,0.000000,0.000782,0,0
275100000000,275400000000,6283499093,72,1335751,0.000323,0.000971,0.001930,0.000363,0.000808,0.000982,0.000000,0.000000,0.005135,0.000072,2.307000,0.006557,0.000000,0.000000,0.000584,0,0
275400000000,275700000000,6283499093,72,1335751,0.000348,0.000977,0.001930,0.000363,0.000808,0.000984,0.000001,0.000000,0.003109,0.000072,2.567000,0.007623,0.000000,0.000000,0.000583,0,0
275700000000,276000000000,6283499093,72,1335751,0.000421,0.000988,0.001930,0.000363,0.000808,0.000994,0.000001,0.000000,0.023250,0.000072,2.437000,0.006975,0.000000,0.000000,0.000154,0,0
276000000000,276300000000,6283499093,72,1335751,0.000392,0.000986,0.001930,0.000364,0.000808,0.000997,0.000002,0.000000,0.003345,0.000072,2.904000,0.009314,0.000000,0.000000,0.000241,0,0
276300000000,276600000000,6283499093,72,1335751,0.000355,0.000982,0.001930,0.000364,0.000809,0.000994,0.000000,0.000000,0.004417,0.000143,2.600000,0.007744,0.000000,0.000000,0.000145,0,0
276600000000,276900000000,6283499093,72,1335751,0.000349,0.000992,0.001930,0.000364,0.000809,0.001001,0.000001,0.000000,0.011890,0.000072,2.361000,0.006913,0.000000,0.000000,0.000293,0,0
276900000000,277200000000,6283499093,72,1335751,0.000320,0.000984,0.001930,0.000364,0.000809,0.000999,0.000000,0.000000,0.004723,0.000000,2.389000,0.006993,0.000000,0.000000,0.000417,0,0
277200000000,277500000000,6283499093,72,1335751,0.000322,0.000980,0.001930,0.000364,0.000809,0.000984,0.000002,0.000000,0.004280,0.000143,2.597000,0.007575,0.000000,0.000000,0.000181,0,0
277500000000,277559000000,6283499093,72,1335751,0.000435,0.000980,0.001930,0.000372,0.000809,0.000992,0.000017,0.000000,0.029080,0.000714,2.246000,0.006158,0.000000,0.000000,0.000217,0,0
277559000000,277571000000,6283499093,72,1335751,0.000208,0.000000,0.000000,0.000000,0.000000,0.000000,0.000000,0.000000,0.002495,0.000000,2.227000,0.006125,0.000000,0.000000,0.000000,0,0
277571000000,277573000000,6283499093,72,1335751,0.000000,0.000000,0.000000,0.000000,0.000000,0.000000,0.000000,0.000000,0.000000,0.000000,2.227000,0.006125,0.000000,0.000000,0.000000,0,0
