272506000000,272700000000,6283499093,73,711268,0.000000,0.000000,0.000000,0.000000,0.000000,0.000000,0.000000,0.000000,0.000000,0.000000,0.000000,0.000000,0.000000,0.000000,0.000000,0,0
272700000000,272913000000,6283499093,73,711268,0.000000,0.000000,0.000000,0.000000,0.000000,0.000000,0.000000,0.000000,0.000000,0.000000,0.000000,0.000000,0.000000,0.000000,0.000000,0,0
272913000000,273000000000,6283499093,73,711268,0.000696,0.001022,0.001934,0.000304,0.000595,0.001677,0.003586,0.000000,0.009491,0.014280,2.796000,0.007887,0.000000,0.000000,0.000002,0,0
273000000000,273300000000,6283499093,73,711268,0.000360,0.001089,0.001932,0.000385,0.000828,0.001648,0.000000,0.000000,0.004601,0.000072,2.729000,0.008043,0.000000,0.000000,0.000237,0,0
273300000000,273600000000,6283499093,73,711268,0.000368,0.000922,0.001932,0.000380,0.000823,0.000933,0.000000,0.000000,0.004532,0.000072,2.773000,0.008120,0.000000,0.000000,0.000271,0,0
273600000000,273900000000,6283499093,73,711268,0.000349,0.000927,0.001932,0.000380,0.000823,0.000939,0.000000,0.000000,0.004303,0.000000,2.383000,0.006557,0.000000,0.000000,0.000143,0,0
273900000000,274200000000,6283499093,73,711268,0.000358,0.000920,0.001934,0.000379,0.000823,0.000946,0.000001,0.000000,0.005203,0.000072,2.593000,0.007491,0.000000,0.000000,0.000189,0,0
274200000000,274500000000,6283499093,73,711268,0.000359,0.000946,0.001934,0.000379,0.000823,0.000954,0.000000,0.000000,0.004318,0.000000,1.995000,0.004845,0.000000,0.000000,0.000163,0,0
274500000000,274800000000,6283499093,73,711268,0.000365,0.000940,0.001934,0.000379,0.000823,0.000954,0.000001,0.000000,0.004234,0.000072,2.730000,0.007887,0.000000,0.000000,0.000133,0,0
274800000000,275100000000,6283499093,73,711268,0.000339,0.000945,0.001934,0.000379,0.000823,0.000952,0.000000,0.000000,0.004166,0.000000,2.393000,0.006475,0.000000,0.000000,0.000296,0,0
275100000000,275400000000,6283499093,73,711268,0.000329,0.000933,0.001934,0.000379,0.000823,0.000935,0.000000,0.000000,0.004494,0.000072,2.402000,0.006478,0.000000,0.000000,0.000184,0,0
275400000000,275700000000,6283499093,73,711268,0.000324,0.000941,0.001934,0.000379,0.000823,0.000955,0.000000,0.000000,0.004982,0.000072,2.402000,0.006471,0.000000,0.000000,0.000539,0,0
275700000000,276000000000,6283499093,73,711268,0.000614,0.001074,0.001930,0.000370,0.000830,0.001143,0.000033,0.000000,0.018130,0.006073,2.632000,0.007872,0.000000,0.000000,0.000551,0,0
276000000000,276300000000,6283499093,73,711268,0.000527,0.001062,0.001930,0.000367,0.000832,0.001081,0.000001,0.000000,0.006493,0.000072,3.405000,0.011120,0.000000,0.000000,0.000760,0,0
276300000000,276600000000,6283499093,73,711268,0.000432,0.001110,0.001930,0.000367,0.000832,0.001118,0.000000,0.000000,0.033080,0.000072,3.444000,0.011140,0.000000,0.000000,0.000492,0,0
276600000000,276900000000,6283499093,73,711268,0.000393,0.001118,0.001932,0.000364,0.000830,0.001129,0.000003,0.000000,0.005173,0.000857,2.803000,0.008483,0.000000,0.000000,0.000350,0,0
276900000000,277200000000,6283499093,73,711268,0.003120,0.001234,0.002083,0.000197,0.000643,0.001877,0.000006,0.000000,0.098390,0.000500,1.490000,0.003570,0.000000,0.000000,0.000348,0,0
277200000000,277500000000,6283499093,73,711268,0.002068,0.001278,0.001930,0.000010,0.000433,0.001488,0.000005,0.000000,0.058350,0.000571,1.102000,0.002265,0.000000,0.000000,0.000586,0,0
277500000000,277800000000,6283499093,73,711268,0.004959,0.001385,0.002056,0.000014,0.000391,0.001902,0.000113,0.000000,0.081300,0.014280,0.608400,0.000318,0.000000,0.000000,0.017330,0,0
277800000000,277881000000,6283499093,73,711268,0.000353,0.001003,0.001928,0.000047,0.000243,0.001205,0.001011,0.000000,0.001526,0.010280,0.651400,0.000358,0.000000,0.000000,0.000609,0,0
277881000000,277896000000,6283499093,73,711268,0.000089,0.000000,0.000000,0.000000,0.000000,0.000000,0.000205,0.000000,0.001333,0.002857,4.870000,0.016200,0.000000,0.000000,0.000000,0,0
277896000000,277898000000,6283499093,73,711268,0.000000,0.000000,0.000000,0.000000,0.000000,0.000000,0.000000,0.000000,0.000000,0.000000,4.870000,0.016200,0.000000,0.000000,0.000000,0,0
