272508000000,272619000000,6283499093,74,431038863,0.000000,0.000000,0.000000,0.000000,0.000000,0.000000,0.000000,0.000000,0.000000,0.000000,0.000000,0.000000,0.000000,0.000000,0.000000,0,0
272619000000,272700000000,6283499093,74,431038863,0.000960,0.001171,0.001862,0.000131,0.000323,0.001482,0.001331,0.000000,0.014420,0.021270,3.008000,0.009859,0.000000,0.000000,0.001144,0,0
272700000000,273000000000,6283499093,74,431038863,0.000599,0.001192,0.001890,0.000135,0.000379,0.001434,0.000021,0.000000,0.018740,0.003716,2.575000,0.007715,0.000000,0.000000,0.000366,0,0
273000000000,273300000000,6283499093,74,431038863,0.000504,0.001097,0.001911,0.000135,0.000266,0.001417,0.000001,0.000000,0.004158,0.000143,5.213000,0.020020,0.000000,0.000000,0.000385,0,0
273300000000,273600000000,6283499093,74,431038863,0.000318,0.001154,0.001921,0.000134,0.000323,0.001411,0.000000,0.000000,0.009399,0.000000,5.500000,0.021160,0.000000,0.000000,0.000211,0,0
273600000000,273900000000,6283499093,74,431038863,0.000223,0.001307,0.001925,0.000132,0.000474,0.001411,0.000000,0.000000,0.001457,0.000143,3.344000,0.011590,0.000000,0.000000,0.000167,0,0
273900000000,274200000000,6283499093,74,431038863,0.000228,0.001225,0.001923,0.000132,0.000392,0.001411,0.000000,0.000000,0.003906,0.000000,4.078000,0.014040,0.000000,0.000000,0.000116,0,0
274200000000,274500000000,6283499093,74,431038863,0.000308,0.001154,0.001919,0.000132,0.000317,0.001415,0.000007,0.000000,0.007530,0.000999,2.480000,0.006885,0.000000,0.000000,0.000166,0,0
274500000000,274800000000,6283499093,74,431038863,0.000372,0.001074,0.001919,0.000132,0.000233,0.001415,0.000001,0.000000,0.004829,0.000072,2.418000,0.006807,0.000000,0.000000,0.000647,0,0
274800000000,275100000000,6283499093,74,431038863,0.000350,0.001167,0.001923,0.000132,0.000323,0.001419,0.000000,0.000000,0.005081,0.000072,2.357000,0.006775,0.000000,0.000000,0.000219,0,0
275100000000,275400000000,6283499093,74,431038863,0.000318,0.001339,0.001925,0.000132,0.000496,0.001421,0.000000,0.000000,0.005974,0.000072,2.227000,0.006159,0.000000,0.000000,0.000279,0,0
275400000000,275700000000,6283499093,74,431038863,0.000310,0.001251,0.001923,0.000132,0.000408,0.001425,0.000000,0.000000,0.004295,0.000072,2.194000,0.005963,0.000000,0.000000,0.000655,0,0
275700000000,276000000000,6283499093,74,431038863,0.000315,0.001184,0.001921,0.000132,0.000340,0.001425,0.000000,0.000000,0.005196,0.000000,2.195000,0.005889,0.000000,0.000000,0.000643,0,0
276000000000,276300000000,6283499093,74,431038863,0.000341,0.001152,0.001919,0.000132,0.000305,0.001425,0.000006,0.000000,0.004532,0.001286,2.261000,0.006047,0.000000,0.000000,0.000102,0,0
276300000000,276600000000,6283499093,74,431038863,0.000314,0.001127,0.001919,0.000132,0.000278,0.001427,0.000000,0.000000,0.004036,0.000072,2.647000,0.008093,0.000000,0.000000,0.000111,0,0
276600000000,276900000000,6283499093,74,431038863,0.000272,0.001114,0.001919,0.000129,0.000262,0.001425,0.000001,0.000000,0.004669,0.000143,2.737000,0.008966,0.000000,0.000000,0.000213,0,0
276900000000,277200000000,6283499093,74,431038863,0.000223,0.001081,0.001919,0.000129,0.000228,0.001427,0.000000,0.000000,0.004700,0.000072,3.168000,0.010720,0.000000,0.000000,0.000124,0,0
277200000000,277500000000,6283499093,74,431038863,0.000266,0.001076,0.001919,0.000129,0.000218,0.001379,0.000003,0.000000,0.004410,0.000215,2.887000,0.009370,0.000000,0.000000,0.000134,0,0
277500000000,277800000000,6283499093,74,431038863,0.000254,0.001074,0.001919,0.000129,0.000216,0.001383,0.000005,0.000000,0.004509,0.000286,2.429000,0.006995,0.000000,0.000000,0.000159,0,0
277800000000,278100000000,6283499093,74,431038863,0.000298,0.001120,0.001919,0.000128,0.000255,0.001472,0.000011,0.000000,0.004944,0.001429,3.670000,0.012410,0.000000,0.000000,0.000169,0,0
278100000000,278400000000,6283499093,74,431038863,0.000340,0.001165,0.001921,0.000126,0.000293,0.001469,0.000005,0.000000,0.004852,0.000643,2.708000,0.008199,0.000000,0.000000,0.000358,0,0
278400000000,278700000000,6283499093,74,431038863,0.000439,0.001247,0.001925,0.000138,0.000428,0.001474,0.000059,0.000000,0.004677,0.012790,2.925000,0.009155,0.000000,0.000000,0.000490,0,0
278700000000,279000000000,6283499093,74,431038863,0.000390,0.001085,0.001928,0.000154,0.000516,0.001089,0.000003,0.000000,0.006012,0.000286,2.674000,0.008460,0.000000,0.000000,0.000614,0,0
279000000000,279300000000,6283499093,74,431038863,0.000311,0.001118,0.001928,0.000170,0.000538,0.001162,0.000064,0.000000,0.004913,0.007355,2.832000,0.009265,0.000000,0.000000,0.000179,0,0
279300000000,279530000000,6283499093,74,431038863,0.000318,0.001081,0.001928,0.000180,0.000553,0.001131,0.000110,0.000000,0.013890,0.013210,3.876000,0.014720,0.000000,0.000000,0.000113,0,0
279530000000,279549000000,6283499093,74,431038863,0.000092,0.000012,0.000000,0.000032,0.000032,0.000235,0.000173,0.000000,0.001747,0.002930,6.117000,0.024120,0.000000,0.000000,0.000000,0,0
279549000000,279550000000,6283499093,74,431038863,0.000000,0.000000,0.000000,0.000000,0.000000,0.000000,0.000000,0.000000,0.000000,0.000000,6.117000,0.024120,0.000000,0.000000,0.000000,0,0
