272492000000,272569000000,6283499093,75,710951,0.000000,0.000000,0.000000,0.000000,0.000000,0.000000,0.000000,0.000000,0.000000,0.000000,0.000000,0.000000,0.000000,0.000000,0.000000,0,0
272569000000,272700000000,6283499093,75,710951,0.000653,0.001503,0.001888,0.000280,0.000709,0.001657,0.001106,0.000000,0.016360,0.056460,2.530000,0.007347,0.000000,0.000000,0.000208,0,0
272700000000,273000000000,6283499093,75,710951,0.000357,0.000996,0.001923,0.000278,0.000720,0.001242,0.000000,0.000000,0.004616,0.000000,2.727000,0.008056,0.000000,0.000000,0.000237,0,0
273000000000,273300000000,6283499093,75,710951,0.000416,0.001024,0.001925,0.000279,0.000724,0.001043,0.000016,0.000000,0.009521,0.002499,1.979000,0.004874,0.000000,0.000000,0.000749,0,0
273300000000,273600000000,6283499093,75,710951,0.000359,0.001020,0.001925,0.000281,0.000726,0.001024,0.000000,0.000000,0.004257,0.000072,2.710000,0.008146,0.000000,0.000000,0.000171,0,0
273600000000,273900000000,6283499093,75,710951,0.000386,0.001036,0.001925,0.000281,0.000726,0.001047,0.000001,0.000000,0.004486,0.000143,2.449000,0.007106,0.000000,0.000000,0.001194,0,0
273900000000,274200000000,6283499093,75,710951,0.000399,0.001045,0.001925,0.000281,0.000726,0.001057,0.000001,0.000000,0.009720,0.000072,2.150000,0.005832,0.000000,0.000000,0.000194,0,0
274200000000,274500000000,6283499093,75,710951,0.000350,0.001043,0.001925,0.000281,0.000726,0.001064,0.000004,0.000000,0.004013,0.000714,2.768000,0.008374,0.000000,0.000000,0.000156,0,0
274500000000,274800000000,6283499093,75,710951,0.000463,0.001091,0.001925,0.000281,0.000726,0.001116,0.000007,0.000000,0.013110,0.001715,2.624000,0.007939,0.000000,0.000000,0.000131,0,0
274800000000,275100000000,6283499093,75,710951,0.000355,0.001076,0.001925,0.000281,0.000726,0.001091,0.000000,0.000000,0.003967,0.000072,2.630000,0.007854,0.000000,0.000000,0.000226,0,0
275100000000,275400000000,6283499093,75,710951,0.000331,0.001081,0.001925,0.000281,0.000726,0.001095,0.000000,0.000000,0.004524,0.000072,2.493000,0.007073,0.000000,0.000000,0.000216,0,0
275400000000,275700000000,6283499093,75,710951,0.000312,0.001078,0.001925,0.000280,0.000726,0.001095,0.000001,0.000000,0.004303,0.000215,2.449000,0.006912,0.000000,0.000000,0.000662,0,0
275700000000,276000000000,6283499093,75,710951,0.003414,0.001171,0.002052,0.000214,0.000640,0.001797,0.000016,0.000000,0.089480,0.002144,0.775600,0.000899,0.000000,0.000000,0.000124,0,0
276000000000,276300000000,6283499093,75,710951,0.001657,0.001329,0.001921,0.000084,0.000477,0.001514,0.000267,0.000000,0.077640,0.030850,0.918900,0.001426,0.000000,0.000000,0.000269,0,0
276300000000,276600000000,6283499093,75,710951,0.000479,0.001240,0.001921,0.000095,0.000496,0.001253,0.000000,0.000000,0.004669,0.000072,2.933000,0.009322,0.000000,0.000000,0.000295,0,0
276600000000,276900000000,6283499093,75,710951,0.000382,0.001244,0.001923,0.000095,0.000495,0.001251,0.000001,0.000000,0.005013,0.000143,2.628000,0.007579,0.000000,0.000000,0.000287,0,0
276900000000,277200000000,6283499093,75,710951,0.000362,0.001232,0.001923,0.000094,0.000495,0.001245,0.000000,0.000000,0.004768,0.000072,2.525000,0.007239,0.000000,0.000000,0.000233,0,0
277200000000,277500000000,6283499093,75,710951,0.000361,0.001225,0.001923,0.000094,0.000496,0.001265,0.000007,0.000000,0.004631,0.001429,2.911000,0.008975,0.000000,0.000000,0.000186,0,0
277500000000,277800000000,6283499093,75,710951,0.000391,0.001251,0.001923,0.000094,0.000497,0.001266,0.000008,0.000000,0.002201,0.001215,2.780000,0.008594,0.000000,0.000000,0.000730,0,0
277800000000,278100000000,6283499093,75,710951,0.000371,0.001225,0.001923,0.000094,0.000498,0.001232,0.000007,0.000000,0.004883,0.000999,3.005000,0.009419,0.000000,0.000000,0.000361,0,0
278100000000,278400000000,6283499093,75,710951,0.000365,0.001234,0.001923,0.000094,0.000498,0.001255,0.000003,0.000000,0.005096,0.000072,2.332000,0.006586,0.000000,0.000000,0.000211,0,0
278400000000,278700000000,6283499093,75,710951,0.000407,0.001265,0.001923,0.000094,0.000498,0.001272,0.000002,0.000000,0.015090,0.000215,2.181000,0.006123,0.000000,0.000000,0.000211,0,0
278700000000,279000000000,6283499093,75,710951,0.000400,0.001270,0.001923,0.000097,0.000504,0.001299,0.000025,0.000000,0.004669,0.005997,2.700000,0.008412,0.000000,0.000000,0.000463,0,0
279000000000,279300000000,6283499093,75,710951,0.000346,0.001257,0.001923,0.000098,0.000504,0.001268,0.000003,0.000000,0.004845,0.000286,2.527000,0.007396,0.000000,0.000000,0.000112,0,0
279300000000,279600000000,6283499093,75,710951,0.000323,0.001240,0.001923,0.000098,0.000504,0.001244,0.000015,0.000000,0.004700,0.002857,2.253000,0.006143,0.000000,0.000000,0.000247,0,0
279600000000,279759000000,6283499093,75,710951,0.002232,0.001305,0.001925,0.000107,0.000511,0.001434,0.000101,0.000000,0.067020,0.014570,2.105000,0.005395,0.000000,0.000000,0.000152,0,0
279759000000,279770000000,6283499093,75,710951,0.000300,0.000000,0.000000,0.000000,0.000000,0.000000,0.000091,0.000000,0.003300,0.000999,2.312000,0.006548,0.000000,0.000000,0.000000,0,0
279770000000,279771000000,6283499093,75,710951,0.000000,0.000000,0.000000,0.000000,0.000000,0.000000,0.000000,0.000000,0.000000,0.000000,2.312000,0.006548,0.000000,0.000000,0.000000,0,0
