272507000000,272700000000,6283499093,76,4479623702,0.000000,0.000000,0.000000,0.000000,0.000000,0.000000,0.000000,0.000000,0.000000,0.000000,0.000000,0.000000,0.000000,0.000000,0.000000,0,0
272700000000,272899000000,6283499093,76,4479623702,0.000000,0.000000,0.000000,0.000000,0.000000,0.000000,0.000000,0.000000,0.000000,0.000000,0.000000,0.000000,0.000000,0.000000,0.000000,0,0
272899000000,273000000000,6283499093,76,4479623702,0.000545,0.001076,0.001925,0.000305,0.000607,0.001703,0.003082,0.000000,0.007523,0.014360,2.592000,0.007480,0.000000,0.000000,0.000568,0,0
273000000000,273300000000,6283499093,76,4479623702,0.000370,0.001118,0.001921,0.000375,0.000818,0.001629,0.000001,0.000000,0.012130,0.000072,1.761000,0.003935,0.000000,0.000000,0.000549,0,0
273300000000,273600000000,6283499093,76,4479623702,0.000356,0.000964,0.001921,0.000371,0.000814,0.000978,0.000000,0.000000,0.008987,0.000072,2.482000,0.007125,0.000000,0.000000,0.000662,0,0
273600000000,273900000000,6283499093,76,4479623702,0.000340,0.000978,0.001921,0.000367,0.000811,0.000982,0.000000,0.000000,0.004074,0.000000,2.129000,0.005468,0.000000,0.000000,0.000088,0,0
273900000000,274200000000,6283499093,76,4479623702,0.000327,0.000963,0.001921,0.000367,0.000811,0.000973,0.000000,0.000000,0.005203,0.000072,2.499000,0.006948,0.000000,0.000000,0.000247,0,0
274200000000,274500000000,6283499093,76,4479623702,0.000327,0.000976,0.001921,0.000366,0.000811,0.000984,0.000000,0.000000,0.003960,0.000000,2.412000,0.006644,0.000000,0.000000,0.000283,0,0
274500000000,274800000000,6283499093,76,4479623702,0.000343,0.000969,0.001921,0.000366,0.000811,0.000996,0.000003,0.000000,0.012440,0.000714,2.240000,0.005903,0.000000,0.000000,0.000102,0,0
274800000000,275100000000,6283499093,76,4479623702,0.000334,0.000984,0.001921,0.000367,0.000812,0.000996,0.000000,0.000000,0.004738,0.000000,2.238000,0.005933,0.000000,0.000000,0.001442,0,0
275100000000,275400000000,6283499093,76,4479623702,0.000331,0.000971,0.001921,0.000367,0.000812,0.000974,0.000001,0.000000,0.005203,0.000072,2.266000,0.006221,0.000000,0.000000,0.000177,0,0
275400000000,275700000000,6283499093,76,4479623702,0.000311,0.000970,0.001921,0.000367,0.000812,0.000974,0.000000,0.000000,0.004639,0.000000,2.187000,0.005681,0.000000,0.000000,0.000215,0,0
275700000000,276000000000,6283499093,76,4479623702,0.000309,0.000976,0.001921,0.000367,0.000812,0.000990,0.000000,0.000000,0.004532,0.000072,2.432000,0.006600,0.000000,0.000000,0.000180,0,0
276000000000,276300000000,6283499093,76,4479623702,0.000318,0.000984,0.001921,0.000365,0.000810,0.000996,0.000001,0.000000,0.004074,0.000072,2.324000,0.006272,0.000000,0.000000,0.000766,0,0
276300000000,276600000000,6283499093,76,4479623702,0.000355,0.000988,0.001921,0.000365,0.000810,0.000999,0.000001,0.000000,0.005203,0.000143,2.342000,0.006479,0.000000,0.000000,0.001062,0,0
276600000000,276900000000,6283499093,76,4479623702,0.000350,0.000978,0.001921,0.000365,0.000810,0.000997,0.000004,0.000000,0.005424,0.000857,2.686000,0.007755,0.000000,0.000000,0.000323,0,0
276900000000,277200000000,6283499093,76,4479623702,0.000325,0.000984,0.001921,0.000365,0.000811,0.000996,0.000001,0.000000,0.004868,0.000072,2.636000,0.007471,0.000000,0.000000,0.000386,0,0
277200000000,277500000000,6283499093,76,4479623702,0.000318,0.000986,0.001921,0.000365,0.000811,0.000996,0.000003,0.000000,0.004471,0.000143,2.166000,0.005699,0.000000,0.000000,0.000232,0,0
277500000000,277669000000,6283499093,76,4479623702,0.000971,0.000997,0.001921,0.000364,0.000811,0.001186,0.000053,0.000000,0.081300,0.007004,2.144000,0.005429,0.000000,0.000000,0.000240,0,0
277669000000,277680000000,6283499093,76,4479623702,0.000260,0.000000,0.000000,0.000000,0.000000,0.000000,0.000227,0.000000,0.002869,0.002430,1.716000,0.003762,0.000000,0.000000,0.000000,0,0
277680000000,277683000000,6283499093,76,4479623702,0.000000,0.000000,0.000000,0.000000,0.000000,0.000000,0.000000,0.000000,0.000000,0.000000,1.716000,0.003762,0.000000,0.000000,0.000000,0,0
