272497000000,272583000000,6283499093,77,38682800,0.000000,0.000000,0.000000,0.000000,0.000000,0.000000,0.000000,0.000000,0.000000,0.000000,0.000000,0.000000,0.000000,0.000000,0.000000,0,0
272583000000,272700000000,6283499093,77,38682800,0.000621,0.001539,0.001928,0.000376,0.000805,0.001677,0.002052,0.000000,0.030180,0.063480,1.227000,0.001883,0.000000,0.000000,0.000164,0,0
272700000000,273000000000,6283499093,77,38682800,0.000317,0.000962,0.001930,0.000369,0.000812,0.001339,0.000000,0.000000,0.001375,0.000000,2.579000,0.007841,0.000000,0.000000,0.001062,0,0
273000000000,273300000000,6283499093,77,38682800,0.000308,0.000920,0.001930,0.000364,0.000808,0.000935,0.000002,0.000000,0.004387,0.000571,2.271000,0.006554,0.000000,0.000000,0.000576,0,0
273300000000,273600000000,6283499093,77,38682800,0.000312,0.000931,0.001930,0.000363,0.000808,0.000937,0.000000,0.000000,0.003773,0.000000,2.136000,0.005980,0.000000,0.000000,0.000463,0,0
273600000000,273900000000,6283499093,77,38682800,0.000300,0.000917,0.001930,0.000363,0.000808,0.000919,0.000000,0.000000,0.004059,0.000072,2.148000,0.005787,0.000000,0.000000,0.000079,0,0
273900000000,274200000000,6283499093,77,38682800,0.000306,0.000937,0.001930,0.000364,0.000808,0.000943,0.000000,0.000000,0.004074,0.000072,2.223000,0.006225,0.000000,0.000000,0.000366,0,0
274200000000,274500000000,6283499093,77,38682800,0.000328,0.000941,0.001930,0.000364,0.000808,0.000948,0.000001,0.000000,0.004074,0.000072,2.324000,0.006994,0.000000,0.000000,0.000547,0,0
274500000000,274800000000,6283499093,77,38682800,0.000281,0.000929,0.001930,0.000363,0.000808,0.000942,0.000000,0.000000,0.004112,0.000000,2.332000,0.006731,0.000000,0.000000,0.000601,0,0
274800000000,275100000000,6283499093,77,38682800,0.000254,0.000928,0.001930,0.000364,0.000808,0.000930,0.000000,0.000000,0.000973,0.000072,2.011000,0.005507,0.000000,0.000000,0.000069,0,0
275100000000,275400000000,6283499093,77,38682800,0.000260,0.000931,0.001930,0.000364,0.000808,0.000954,0.000000,0.000000,0.001177,0.000072,1.949000,0.004958,0.000000,0.000000,0.000121,0,0
275400000000,275700000000,6283499093,77,38682800,0.000276,0.000946,0.001930,0.000364,0.000808,0.000956,0.000000,0.000000,0.008865,0.000072,2.000000,0.005257,0.000000,0.000000,0.000062,0,0
275700000000,276000000000,6283499093,77,38682800,0.000373,0.000976,0.001928,0.000365,0.000810,0.001009,0.000024,0.000000,0.006004,0.003929,2.097000,0.005946,0.000000,0.000000,0.000203,0,0
276000000000,276300000000,6283499093,77,38682800,0.000314,0.000984,0.001928,0.000363,0.000809,0.001011,0.000004,0.000000,0.003597,0.000571,2.390000,0.007058,0.000000,0.000000,0.000571,0,0
276300000000,276600000000,6283499093,77,38682800,0.000301,0.000986,0.001928,0.000363,0.000809,0.000992,0.000000,0.000000,0.003574,0.000072,2.327000,0.006903,0.000000,0.000000,0.000043,0,0
276600000000,276900000000,6283499093,77,38682800,0.000252,0.000973,0.001930,0.000363,0.000809,0.000982,0.000001,0.000000,0.004150,0.000072,2.220000,0.006282,0.000000,0.000000,0.000097,0,0
276900000000,277200000000,6283499093,77,38682800,0.000260,0.000971,0.001930,0.000363,0.000809,0.000972,0.000000,0.000000,0.004173,0.000000,2.001000,0.005328,0.000000,0.000000,0.003841,0,0
277200000000,277500000000,6283499093,77,38682800,0.000284,0.000978,0.001930,0.000363,0.000809,0.001001,0.000005,0.000000,0.003609,0.000571,2.067000,0.005747,0.000000,0.000000,0.000165,0,0
277500000000,277800000000,6283499093,77,38682800,0.000314,0.001041,0.001928,0.000353,0.000810,0.001080,0.000009,0.000000,0.002716,0.001358,2.195000,0.006461,0.000000,0.000000,0.000038,0,0
277800000000,278100000000,6283499093,77,38682800,0.000293,0.001011,0.001928,0.000351,0.000811,0.001024,0.000005,0.000000,0.004051,0.000643,2.243000,0.006738,0.000000,0.000000,0.000127,0,0
278100000000,278400000000,6283499093,77,38682800,0.000317,0.001034,0.001928,0.000351,0.000811,0.001038,0.000004,0.000000,0.004478,0.000286,2.328000,0.007233,0.000000,0.000000,0.000254,0,0
278400000000,278700000000,6283499093,77,38682800,0.000320,0.001022,0.001928,0.000351,0.000811,0.001036,0.000002,0.000000,0.004395,0.000072,2.146000,0.006392,0.000000,0.000000,0.004265,0,0
278700000000,279000000000,6283499093,77,38682800,0.000284,0.001030,0.001928,0.000351,0.000811,0.001047,0.000014,0.000000,0.004051,0.001928,2.291000,0.007422,0.000000,0.000000,0.000180,0,0
279000000000,279300000000,6283499093,77,38682800,0.000285,0.001022,0.001928,0.000349,0.000811,0.001036,0.000002,0.000000,0.004265,0.000072,2.054000,0.005829,0.000000,0.000000,0.000211,0,0
279300000000,279600000000,6283499093,77,38682800,0.000265,0.001030,0.001928,0.000350,0.000811,0.001041,0.000004,0.000000,0.001202,0.000571,1.904000,0.005108,0.000000,0.000000,0.000637,0,0
279600000000,279900000000,6283499093,77,38682800,0.000298,0.001041,0.001928,0.000350,0.000811,0.001068,0.000010,0.000000,0.004631,0.001499,1.843000,0.004682,0.000000,0.000000,0.000630,0,0
279900000000,280200000000,6283499093,77,38682800,0.000276,0.001049,0.001928,0.000350,0.000812,0.001072,0.000010,0.000000,0.001299,0.001785,1.817000,0.004460,0.000000,0.000000,0.000157,0,0
280200000000,280500000000,6283499093,77,38682800,0.000296,0.001028,0.001928,0.000350,0.000812,0.001059,0.000001,0.000000,0.004639,0.000072,2.087000,0.005738,0.000000,0.000000,0.000196,0,0
280500000000,280800000000,6283499093,77,38682800,0.000277,0.001036,0.001928,0.000350,0.000812,0.001081,0.000005,0.000000,0.004433,0.001215,1.803000,0.004398,0.000000,0.000000,0.000743,0,0
280800000000,281100000000,6283499093,77,38682800,0.000293,0.001060,0.001928,0.000350,0.000812,0.001089,0.000007,0.000000,0.004524,0.001215,1.839000,0.004637,0.000000,0.000000,0.000516,0,0
281100000000,281400000000,6283499093,77,38682800,0.000286,0.001041,0.001928,0.000350,0.000812,0.001081,0.000001,0.000000,0.004601,0.000357,1.932000,0.004858,0.000000,0.000000,0.000648,0,0
281400000000,281700000000,6283499093,77,38682800,0.000285,0.001064,0.001928,0.000350,0.000812,0.001089,0.000003,0.000000,0.003162,0.000286,1.711000,0.003985,0.000000,0.000000,0.000084,0,0
281700000000,282000000000,6283499093,77,38682800,0.000278,0.001053,0.001928,0.000350,0.000812,0.001074,0.000000,0.000000,0.004013,0.000000,1.756000,0.004206,0.000000,0.000000,0.000035,0,0
282000000000,282300000000,6283499093,77,38682800,0.000335,0.001070,0.001928,0.000350,0.000812,0.001101,0.000005,0.000000,0.004684,0.000643,1.966000,0.005187,0.000000,0.000000,0.000048,0,0
282300000000,282449000000,6283499093,77,38682800,0.000353,0.001062,0.001928,0.000350,0.000812,0.001095,0.000028,0.000000,0.004639,0.002144,2.187000,0.006208,0.000000,0.000000,0.000324,0,0
282449000000,282466000000,6283499093,77,38682800,0.000131,0.000000,0.000000,0.000000,0.000000,0.000000,0.000260,0.000000,0.002220,0.002857,2.198000,0.006133,0.000000,0.000000,0.000000,0,0
282466000000,282467000000,6283499093,77,38682800,0.000000,0.000000,0.000000,0.000000,0.000000,0.000000,0.000000,0.000000,0.000000,0.000000,2.198000,0.006133,0.000000,0.000000,0.000000,0,0
