272496000000,272573000000,6283499093,78,329150663,0.000000,0.000000,0.000000,0.000000,0.000000,0.000000,0.000000,0.000000,0.000000,0.000000,0.000000,0.000000,0.000000,0.000000,0.000000,0,0
272573000000,272700000000,6283499093,78,329150663,0.000578,0.001556,0.001923,0.000388,0.000821,0.001686,0.001736,0.000000,0.026210,0.066280,2.329000,0.006933,0.000000,0.000000,0.005966,0,0
272700000000,273000000000,6283499093,78,329150663,0.000318,0.000964,0.001925,0.000372,0.000812,0.001303,0.000007,0.000000,0.007179,0.001858,2.341000,0.007052,0.000000,0.000000,0.000300,0,0
273000000000,273300000000,6283499093,78,329150663,0.000324,0.000943,0.001925,0.000369,0.000812,0.000955,0.000001,0.000000,0.004425,0.000072,2.306000,0.006748,0.000000,0.000000,0.000222,0,0
273300000000,273600000000,6283499093,78,329150663,0.000335,0.000942,0.001925,0.000366,0.000811,0.000960,0.000000,0.000000,0.007309,0.000072,1.953000,0.004956,0.000000,0.000000,0.000569,0,0
273600000000,273900000000,6283499093,78,329150663,0.000323,0.000953,0.001926,0.000365,0.000810,0.000960,0.000000,0.000000,0.003551,0.000072,2.483000,0.007370,0.000000,0.000000,0.000157,0,0
273900000000,274200000000,6283499093,78,329150663,0.000375,0.000977,0.001926,0.000365,0.000810,0.000997,0.000004,0.000000,0.004211,0.001072,1.706000,0.004013,0.000000,0.000000,0.000152,0,0
274200000000,274500000000,6283499093,78,329150663,0.000345,0.000986,0.001926,0.000365,0.000810,0.001001,0.000010,0.000000,0.004173,0.001358,2.201000,0.006374,0.000000,0.000000,0.000166,0,0
274500000000,274800000000,6283499093,78,329150663,0.000488,0.001011,0.001926,0.000365,0.000811,0.001093,0.000004,0.000000,0.058960,0.000571,2.316000,0.006885,0.000000,0.000000,0.000281,0,0
274800000000,275100000000,6283499093,78,329150663,0.000532,0.001043,0.001926,0.000366,0.000814,0.001093,0.000004,0.000000,0.048770,0.000714,2.594000,0.008300,0.000000,0.000000,0.000237,0,0
275100000000,275400000000,6283499093,78,329150663,0.000538,0.001129,0.001925,0.000351,0.000815,0.001186,0.000031,0.000000,0.019710,0.008209,0.931500,0.001466,0.000000,0.000000,0.000261,0,0
275400000000,275700000000,6283499093,78,329150663,0.000373,0.001097,0.001926,0.000349,0.000814,0.001104,0.000000,0.000000,0.004845,0.000072,2.470000,0.007654,0.000000,0.000000,0.000263,0,0
275700000000,276000000000,6283499093,78,329150663,0.000339,0.001097,0.001926,0.000349,0.000813,0.001108,0.000000,0.000000,0.001419,0.000000,2.977000,0.010030,0.000000,0.000000,0.000327,0,0
276000000000,276300000000,6283499093,78,329150663,0.000320,0.001104,0.001928,0.000348,0.000813,0.001118,0.000003,0.000000,0.004730,0.000500,2.194000,0.006436,0.000000,0.000000,0.000598,0,0
276300000000,276600000000,6283499093,78,329150663,0.000317,0.001099,0.001928,0.000348,0.000813,0.001106,0.000000,0.000000,0.004967,0.000000,2.266000,0.006681,0.000000,0.000000,0.000488,0,0
276600000000,276900000000,6283499093,78,329150663,0.000341,0.001102,0.001928,0.000348,0.000813,0.001120,0.000001,0.000000,0.005241,0.000072,1.819000,0.004461,0.000000,0.000000,0.000578,0,0
276900000000,277200000000,6283499093,78,329150663,0.000324,0.001097,0.001928,0.000348,0.000813,0.001112,0.000000,0.000000,0.005196,0.000072,2.083000,0.005780,0.000000,0.000000,0.000673,0,0
277200000000,277500000000,6283499093,78,329150663,0.000318,0.001104,0.001928,0.000348,0.000813,0.001120,0.000003,0.000000,0.004242,0.000215,2.056000,0.006087,0.000000,0.000000,0.000097,0,0
277500000000,277800000000,6283499093,78,329150663,0.000323,0.001118,0.001928,0.000348,0.000813,0.001478,0.000004,0.000000,0.004112,0.000143,1.963000,0.005682,0.000000,0.000000,0.000081,0,0
277800000000,278100000000,6283499093,78,329150663,0.000309,0.001255,0.001925,0.000356,0.000594,0.001478,0.000177,0.000000,0.004593,0.020200,2.208000,0.006885,0.000000,0.000000,0.000127,0,0
278100000000,278400000000,6283499093,78,329150663,0.000337,0.001118,0.001923,0.000349,0.000460,0.001213,0.000008,0.000000,0.004532,0.000643,2.348000,0.007581,0.000000,0.000000,0.000349,0,0
278400000000,278700000000,6283499093,78,329150663,0.000315,0.001110,0.001925,0.000349,0.000458,0.001209,0.000009,0.000000,0.004051,0.001215,2.146000,0.006763,0.000000,0.000000,0.000244,0,0
278700000000,278859000000,6283499093,78,329150663,0.000354,0.001110,0.001923,0.000349,0.000459,0.001207,0.000011,0.000000,0.024840,0.000857,2.154000,0.006814,0.000000,0.000000,0.000198,0,0
278859000000,278872000000,6283499093,78,329150663,0.000189,0.000006,0.000000,0.000031,0.000031,0.000073,0.000093,0.000000,0.002453,0.001215,2.194000,0.007031,0.000000,0.000000,0.000000,0,0
278872000000,278873000000,6283499093,78,329150663,0.000000,0.000000,0.000000,0.000000,0.000000,0.000000,0.000000,0.000000,0.000000,0.000000,2.194000,0.007031,0.000000,0.000000,0.000000,0,0
