272499000000,272599000000,6283499093,79,4304126054,0.000000,0.000000,0.000000,0.000000,0.000000,0.000000,0.000000,0.000000,0.000000,0.000000,0.000000,0.000000,0.000000,0.000000,0.000000,0,0
272599000000,272700000000,6283499093,79,4304126054,0.000668,0.001869,0.003189,0.000305,0.000730,0.002045,0.001949,0.000000,0.041080,0.049990,2.143000,0.006089,0.000000,0.000000,0.000209,0,0
272700000000,273000000000,6283499093,79,4304126054,0.000330,0.001137,0.001890,0.000158,0.000602,0.001524,0.000000,0.000000,0.004379,0.000072,2.288000,0.006625,0.000000,0.000000,0.000208,0,0
273000000000,273300000000,6283499093,79,4304126054,0.000360,0.001024,0.001890,0.000159,0.000603,0.001041,0.000010,0.000000,0.003769,0.001358,1.892000,0.004756,0.000000,0.000000,0.000231,0,0
273300000000,273600000000,6283499093,79,4304126054,0.000315,0.001026,0.001890,0.000160,0.000605,0.001034,0.000000,0.000000,0.003838,0.000000,2.268000,0.006493,0.000000,0.000000,0.000218,0,0
273600000000,273900000000,6283499093,79,4304126054,0.000340,0.001036,0.001890,0.000160,0.000605,0.001043,0.000000,0.000000,0.004364,0.000072,2.271000,0.006642,0.000000,0.000000,0.000189,0,0
273900000000,274200000000,6283499093,79,4304126054,0.000333,0.001036,0.001890,0.000160,0.000605,0.001066,0.000001,0.000000,0.004471,0.000357,2.142000,0.006081,0.000000,0.000000,0.000723,0,0
274200000000,274500000000,6283499093,79,4304126054,0.000316,0.001047,0.001892,0.000160,0.000605,0.001066,0.000004,0.000000,0.004921,0.000643,2.228000,0.006464,0.000000,0.000000,0.000522,0,0
274500000000,274800000000,6283499093,79,4304126054,0.000316,0.001045,0.001900,0.000156,0.000600,0.001053,0.000000,0.000000,0.004402,0.000000,2.251000,0.006437,0.000000,0.000000,0.000588,0,0
274800000000,275100000000,6283499093,79,4304126054,0.000297,0.001032,0.001915,0.000154,0.000598,0.001045,0.000000,0.000000,0.004074,0.000072,2.032000,0.005316,0.000000,0.000000,0.000524,0,0
275100000000,275400000000,6283499093,79,4304126054,0.002331,0.001251,0.002037,0.000116,0.000574,0.001554,0.000133,0.000000,0.080690,0.015500,0.836500,0.001186,0.000000,0.000000,0.000489,0,0
275400000000,275700000000,6283499093,79,4304126054,0.000400,0.001209,0.001911,0.000103,0.000568,0.001221,0.000001,0.000000,0.004677,0.000072,2.719000,0.008617,0.000000,0.000000,0.000273,0,0
275700000000,276000000000,6283499093,79,4304126054,0.000329,0.001205,0.001911,0.000104,0.000568,0.001221,0.000001,0.000000,0.004478,0.000215,2.247000,0.006489,0.000000,0.000000,0.000303,0,0
276000000000,276300000000,6283499093,79,4304126054,0.000308,0.001211,0.001913,0.000104,0.000569,0.001223,0.000002,0.000000,0.004486,0.000072,2.013000,0.005348,0.000000,0.000000,0.000051,0,0
276300000000,276600000000,6283499093,79,4304126054,0.000315,0.001207,0.001913,0.000104,0.000569,0.001219,0.000000,0.000000,0.005470,0.000072,2.031000,0.005460,0.000000,0.000000,0.000132,0,0
276600000000,276900000000,6283499093,79,4304126054,0.000318,0.001205,0.001913,0.000104,0.000569,0.001213,0.000002,0.000000,0.004417,0.000357,2.368000,0.006766,0.000000,0.000000,0.000263,0,0
276900000000,277200000000,6283499093,79,4304126054,0.000310,0.001188,0.001913,0.000104,0.000569,0.001211,0.000001,0.000000,0.004402,0.000072,2.051000,0.005623,0.000000,0.000000,0.000089,0,0
277200000000,277500000000,6283499093,79,4304126054,0.000303,0.001188,0.001913,0.000104,0.000570,0.001200,0.000003,0.000000,0.005440,0.000357,2.228000,0.006289,0.000000,0.000000,0.000244,0,0
277500000000,277800000000,6283499093,79,4304126054,0.000332,0.001196,0.001913,0.000104,0.000570,0.001217,0.000014,0.000000,0.004395,0.002644,2.158000,0.006029,0.000000,0.000000,0.000210,0,0
277800000000,278100000000,6283499093,79,4304126054,0.000360,0.001209,0.001911,0.000104,0.000571,0.001234,0.000006,0.000000,0.004433,0.000500,1.797000,0.004279,0.000000,0.000000,0.000320,0,0
278100000000,278400000000,6283499093,79,4304126054,0.000366,0.001207,0.001911,0.000104,0.000572,0.001217,0.000011,0.000000,0.004395,0.001858,2.296000,0.006633,0.000000,0.000000,0.000240,0,0
278400000000,278700000000,6283499093,79,4304126054,0.000329,0.001192,0.001913,0.000104,0.000572,0.001205,0.000002,0.000000,0.004913,0.000072,2.070000,0.005658,0.000000,0.000000,0.000833,0,0
278700000000,279000000000,6283499093,79,4304126054,0.000341,0.001205,0.001913,0.000104,0.000572,0.001219,0.000003,0.000000,0.004845,0.000428,2.138000,0.006022,0.000000,0.000000,0.000485,0,0
279000000000,279109000000,6283499093,79,4304126054,0.000390,0.001204,0.001911,0.000108,0.000577,0.001232,0.000183,0.000000,0.006577,0.011780,1.926000,0.005186,0.000000,0.000000,0.000630,0,0
279109000000,279123000000,6283499093,79,4304126054,0.000217,0.000000,0.000000,0.000000,0.000000,0.000000,0.000204,0.000000,0.003040,0.002857,2.104000,0.005821,0.000000,0.000000,0.000000,0,0
279123000000,279124000000,6283499093,79,4304126054,0.000000,0.000000,0.000000,0.000000,0.000000,0.000000,0.000000,0.000000,0.000000,0.000000,2.104000,0.005821,0.000000,0.000000,0.000000,0,0
