272492000000,272664000000,6283499093,8,227441659,0.000000,0.000000,0.000000,0.000000,0.000000,0.000000,0.000001,0.000000,0.000000,0.000143,0.000000,0.000000,0.000000,0.000000,0.000000,0,0
272664000000,272700000000,6283499093,8,227441659,0.001215,0.000709,0.001928,0.000179,0.000261,0.001308,0.004250,0.000000,0.015030,0.014650,1.287000,0.002052,0.000000,0.000000,0.000141,0,0
272700000000,273000000000,6283499093,8,227441659,0.000396,0.000978,0.001925,0.000197,0.000243,0.001257,0.000003,0.000000,0.005699,0.000428,1.648000,0.003583,0.000000,0.000000,0.000214,0,0
273000000000,273300000000,6283499093,8,227441659,0.000364,0.000945,0.001925,0.000194,0.000240,0.001085,0.000000,0.000000,0.004379,0.000072,2.732000,0.008353,0.000000,0.000000,0.000213,0,0
273300000000,273600000000,6283499093,8,227441659,0.000331,0.000962,0.001925,0.000194,0.000256,0.001205,0.000000,0.000000,0.004204,0.000000,2.482000,0.007169,0.000000,0.000000,0.000508,0,0
273600000000,273900000000,6283499093,8,227441659,0.000312,0.000997,0.001925,0.000194,0.000289,0.001335,0.000000,0.000000,0.003853,0.000143,2.346000,0.006505,0.000000,0.000000,0.000133,0,0
273900000000,274200000000,6283499093,8,227441659,0.001308,0.001163,0.001923,0.000197,0.000352,0.001564,0.000023,0.000000,0.074220,0.004570,2.107000,0.005714,0.000000,0.000000,0.001089,0,0
274200000000,274500000000,6283499093,8,227441659,0.000613,0.001305,0.001921,0.000190,0.000418,0.001549,0.000000,0.000000,0.005302,0.000143,3.999000,0.014170,0.000000,0.000000,0.000553,0,0
274500000000,274800000000,6283499093,8,227441659,0.000524,0.001282,0.001923,0.000187,0.000394,0.001543,0.000000,0.000000,0.005676,0.000072,3.512000,0.011950,0.000000,0.000000,0.000607,0,0
274800000000,275100000000,6283499093,8,227441659,0.000417,0.001266,0.001923,0.000185,0.000384,0.001535,0.000001,0.000000,0.006805,0.000143,2.141000,0.005673,0.000000,0.000000,0.000709,0,0
275100000000,275400000000,6283499093,8,227441659,0.000373,0.001295,0.001925,0.000184,0.000416,0.001530,0.000000,0.000000,0.005783,0.000000,2.412000,0.006893,0.000000,0.000000,0.000309,0,0
275400000000,275700000000,6283499093,8,227441659,0.000364,0.001289,0.001925,0.000184,0.000409,0.001537,0.000003,0.000000,0.005043,0.000714,2.676000,0.007927,0.000000,0.000000,0.000431,0,0
275700000000,276000000000,6283499093,8,227441659,0.000393,0.001268,0.001925,0.000184,0.000384,0.001535,0.000002,0.000000,0.005112,0.000143,1.936000,0.004543,0.000000,0.000000,0.000578,0,0
276000000000,276300000000,6283499093,8,227441659,0.000333,0.001287,0.001923,0.000184,0.000404,0.001535,0.000002,0.000000,0.004654,0.000143,2.127000,0.005349,0.000000,0.000000,0.000190,0,0
276300000000,276600000000,6283499093,8,227441659,0.000337,0.001341,0.001925,0.000185,0.000455,0.001553,0.000000,0.000000,0.001673,0.000072,2.913000,0.008872,0.000000,0.000000,0.000188,0,0
276600000000,276900000000,6283499093,8,227441659,0.000342,0.001358,0.001925,0.000185,0.000457,0.001554,0.000005,0.000000,0.016240,0.001215,2.370000,0.006658,0.000000,0.000000,0.000240,0,0
276900000000,277200000000,6283499093,8,227441659,0.000443,0.001373,0.001923,0.000185,0.000466,0.001579,0.000006,0.000000,0.006401,0.001215,2.585000,0.007626,0.000000,0.000000,0.000165,0,0
277200000000,277500000000,6283499093,8,227441659,0.000404,0.001381,0.001925,0.000185,0.000474,0.001558,0.000006,0.000000,0.005058,0.000999,2.656000,0.008033,0.000000,0.000000,0.000301,0,0
277500000000,277800000000,6283499093,8,227441659,0.000393,0.001400,0.001925,0.000185,0.000489,0.001562,0.000003,0.000000,0.004578,0.000072,2.439000,0.006957,0.000000,0.000000,0.000197,0,0
277800000000,278100000000,6283499093,8,227441659,0.000386,0.001408,0.001925,0.000185,0.000498,0.001562,0.000004,0.000000,0.004662,0.000143,2.880000,0.008884,0.000000,0.000000,0.000291,0,0
278100000000,278400000000,6283499093,8,227441659,0.000359,0.001425,0.001926,0.000184,0.000515,0.001564,0.000003,0.000000,0.004974,0.000143,2.591000,0.007611,0.000000,0.000000,0.001570,0,0
278400000000,278700000000,6283499093,8,227441659,0.000342,0.001440,0.001926,0.000184,0.000528,0.001564,0.000004,0.000000,0.005486,0.000428,2.547000,0.007503,0.000000,0.000000,0.000156,0,0
278700000000,279000000000,6283499093,8,227441659,0.000332,0.001461,0.001926,0.000184,0.000549,0.001564,0.000002,0.000000,0.005150,0.000072,2.789000,0.008459,0.000000,0.000000,0.000224,0,0
279000000000,279300000000,6283499093,8,227441659,0.000333,0.001459,0.001926,0.000184,0.000547,0.001564,0.000003,0.000000,0.005142,0.000357,2.470000,0.007109,0.000000,0.000000,0.000147,0,0
279300000000,279309000000,6283499093,8,227441659,0.000282,0.001564,0.001932,0.000184,0.000652,0.001564,0.000000,0.000000,0.000501,0.000000,2.219000,0.005951,0.000000,0.000000,0.000168,0,0
279309000000,279317000000,6283499093,8,227441659,0.001524,0.001307,0.001921,0.000190,0.000404,0.001474,0.001732,0.000000,0.038390,0.010150,2.219000,0.005951,0.000000,0.000000,0.000205,0,0
279317000000,279332000000,6283499093,8,227441659,0.000637,0.000000,0.000000,0.000000,0.000000,0.000000,0.000067,0.000000,0.009552,0.000714,2.219000,0.005951,0.000000,0.000000,0.000000,1,0
279332000000,279333000000,6283499093,8,227441659,0.000000,0.000000,0.000000,0.000000,0.000000,0.000000,0.000000,0.000000,0.000000,0.000000,2.219000,0.005951,0.000000,0.000000,0.000000,0,0
279346000000,279600000000,6283499093,8,904770,0.000282,0.000607,0.001928,0.000138,0.000513,0.000894,0.000539,0.000000,0.021700,0.049740,2.342000,0.007177,0.000000,0.000000,0.000053,0,0
279600000000,279900000000,6283499093,8,904770,0.000322,0.000518,0.001926,0.000143,0.000539,0.000578,0.000077,0.000000,0.004387,0.010280,2.307000,0.006015,0.000000,0.000000,0.000134,0,0
279900000000,280200000000,6283499093,8,904770,0.000326,0.000500,0.001926,0.000148,0.000547,0.000547,0.000030,0.000000,0.004959,0.006432,2.418000,0.006489,0.000000,0.000000,0.000258,0,0
280200000000,280500000000,6283499093,8,904770,0.000406,0.000926,0.001926,0.000150,0.000566,0.001064,0.000033,0.000000,0.007950,0.005783,2.649000,0.007449,0.000000,0.000000,0.000479,0,0
280500000000,280800000000,6283499093,8,904770,0.000368,0.000996,0.001926,0.000150,0.000568,0.001036,0.000002,0.000000,0.006866,0.000357,2.601000,0.007553,0.000000,0.000000,0.000466,0,0
280800000000,281100000000,6283499093,8,904770,0.000408,0.001011,0.001926,0.000149,0.000569,0.001059,0.000006,0.000000,0.004639,0.000357,2.376000,0.006500,0.000000,0.000000,0.000376,0,0
281100000000,281400000000,6283499093,8,904770,0.000450,0.001024,0.001926,0.000149,0.000565,0.001080,0.000005,0.000000,0.022160,0.000571,2.421000,0.006503,0.000000,0.000000,0.000265,0,0
281400000000,281700000000,6283499093,8,904770,0.000451,0.001036,0.001925,0.000148,0.000559,0.001087,0.000001,0.000000,0.007156,0.000143,3.211000,0.010340,0.000000,0.000000,0.000515,0,0
281700000000,282000000000,6283499093,8,904770,0.000456,0.001043,0.001926,0.000148,0.000566,0.001087,0.000000,0.000000,0.002552,0.000072,2.416000,0.006746,0.000000,0.000000,0.000350,0,0
282000000000,282300000000,6283499093,8,904770,0.000418,0.001047,0.001926,0.000148,0.000568,0.001087,0.000003,0.000000,0.005463,0.000215,3.046000,0.009373,0.000000,0.000000,0.004890,0,0
282300000000,282600000000,6283499093,8,904770,0.000506,0.001053,0.001926,0.000148,0.000567,0.001209,0.000007,0.000000,0.018620,0.000571,2.851000,0.008648,0.000000,0.000000,0.000802,0,0
282600000000,282859000000,6283499093,8,904770,0.000450,0.000673,0.001925,0.000153,0.000562,0.001188,0.000025,0.000000,0.009674,0.002716,3.057000,0.009361,0.000000,0.000000,0.000232,0,0
282859000000,282872000000,6283499093,8,904770,0.000213,0.000000,0.000000,0.000000,0.000000,0.000000,0.000099,0.000000,0.002758,0.001286,2.951000,0.008793,0.000000,0.000000,0.000000,0,0
282872000000,282873000000,6283499093,8,904770,0.000000,0.000000,0.000000,0.000000,0.000000,0.000000,0.000000,0.000000,0.000000,0.000000,2.951000,0.008793,0.000000,0.000000,0.000000,0,0
