272504000000,272615000000,6283499093,80,7311318,0.000000,0.000000,0.000000,0.000000,0.000000,0.000000,0.000000,0.000000,0.000000,0.000000,0.000000,0.000000,0.000000,0.000000,0.000000,0,0
272615000000,272700000000,6283499093,80,7311318,0.000969,0.001553,0.001930,0.000323,0.000749,0.001640,0.002079,0.000000,0.017300,0.061160,1.194000,0.001595,0.000000,0.000000,0.003025,0,0
272700000000,273000000000,6283499093,80,7311318,0.000448,0.001038,0.001932,0.000324,0.000768,0.001497,0.000000,0.000000,0.023440,0.000000,3.194000,0.010050,0.000000,0.000000,0.000424,0,0
273000000000,273300000000,6283499093,80,7311318,0.000433,0.000940,0.001932,0.000320,0.000763,0.000946,0.000006,0.000000,0.004799,0.001429,3.278000,0.010540,0.000000,0.000000,0.000360,0,0
273300000000,273600000000,6283499093,80,7311318,0.000378,0.000953,0.001932,0.000318,0.000763,0.000962,0.000000,0.000000,0.004456,0.000072,2.329000,0.005914,0.000000,0.000000,0.000059,0,0
273600000000,273900000000,6283499093,80,7311318,0.000417,0.000956,0.001932,0.000318,0.000763,0.000966,0.000001,0.000000,0.003830,0.000143,2.197000,0.005805,0.000000,0.000000,0.001076,0,0
273900000000,274200000000,6283499093,80,7311318,0.000452,0.000961,0.001932,0.000320,0.000763,0.000978,0.000000,0.000000,0.019350,0.000072,2.495000,0.006881,0.000000,0.000000,0.000290,0,0
274200000000,274500000000,6283499093,80,7311318,0.000376,0.000953,0.001932,0.000318,0.000763,0.000964,0.000003,0.000000,0.003967,0.000215,2.236000,0.005978,0.000000,0.000000,0.000197,0,0
274500000000,274800000000,6283499093,80,7311318,0.000414,0.000992,0.001932,0.000323,0.000769,0.001020,0.000020,0.000000,0.007782,0.005356,2.188000,0.005424,0.000000,0.000000,0.000615,0,0
274800000000,275100000000,6283499093,80,7311318,0.000394,0.000974,0.001932,0.000318,0.000764,0.000997,0.000001,0.000000,0.004539,0.000072,2.690000,0.007583,0.000000,0.000000,0.000187,0,0
275100000000,275400000000,6283499093,80,7311318,0.000419,0.000984,0.001932,0.000318,0.000764,0.000996,0.000000,0.000000,0.005135,0.000000,3.061000,0.009187,0.000000,0.000000,0.000360,0,0
275400000000,275700000000,6283499093,80,7311318,0.000409,0.000974,0.001932,0.000318,0.000764,0.000996,0.000000,0.000000,0.005608,0.000072,2.941000,0.008789,0.000000,0.000000,0.000717,0,0
275700000000,276000000000,6283499093,80,7311318,0.000340,0.000986,0.001932,0.000318,0.000764,0.000996,0.000000,0.000000,0.004799,0.000072,2.928000,0.008466,0.000000,0.000000,0.000094,0,0
276000000000,276300000000,6283499093,80,7311318,0.000421,0.000984,0.001932,0.000318,0.000765,0.001032,0.000023,0.000000,0.029510,0.005997,2.073000,0.005180,0.000000,0.000000,0.000290,0,0
276300000000,276600000000,6283499093,80,7311318,0.000456,0.001017,0.001932,0.000324,0.000770,0.001047,0.000001,0.000000,0.001570,0.000072,2.127000,0.005228,0.000000,0.000000,0.000241,0,0
276600000000,276900000000,6283499093,80,7311318,0.000431,0.001001,0.001932,0.000318,0.000764,0.001013,0.000002,0.000000,0.006371,0.000215,3.140000,0.009917,0.000000,0.000000,0.000077,0,0
276900000000,277200000000,6283499093,80,7311318,0.000369,0.001007,0.001932,0.000318,0.000764,0.001022,0.000000,0.000000,0.005745,0.000000,2.640000,0.007103,0.000000,0.000000,0.000097,0,0
277200000000,277500000000,6283499093,80,7311318,0.000358,0.001011,0.001932,0.000318,0.000764,0.001020,0.000002,0.000000,0.005272,0.000072,2.575000,0.007345,0.000000,0.000000,0.000287,0,0
277500000000,277800000000,6283499093,80,7311318,0.000423,0.001034,0.001932,0.000318,0.000764,0.001051,0.000004,0.000000,0.006493,0.000072,2.732000,0.007552,0.000000,0.000000,0.000316,0,0
277800000000,278100000000,6283499093,80,7311318,0.000483,0.001081,0.001930,0.000312,0.000767,0.001125,0.000010,0.000000,0.006134,0.001358,3.036000,0.009459,0.000000,0.000000,0.000239,0,0
278100000000,278400000000,6283499093,80,7311318,0.003586,0.001293,0.002056,0.000073,0.000374,0.001841,0.000019,0.000000,0.089480,0.001928,3.433000,0.010900,0.000000,0.000000,0.000264,0,0
278400000000,278700000000,6283499093,80,7311318,0.000479,0.001266,0.001930,0.000005,0.000260,0.001282,0.000002,0.000000,0.005623,0.000072,3.085000,0.009443,0.000000,0.000000,0.000397,0,0
278700000000,279000000000,6283499093,80,7311318,0.001841,0.001328,0.001928,0.000012,0.000268,0.001387,0.000010,0.000000,0.083500,0.001072,2.980000,0.008837,0.000000,0.000000,0.000444,0,0
279000000000,279020000000,6283499093,80,7311318,0.018250,0.001354,0.001926,0.000031,0.000289,0.001406,0.003899,0.000000,0.077030,0.028020,2.686000,0.008222,0.000000,0.000000,0.006310,0,0
279020000000,279034000000,6283499093,80,7311318,0.000219,0.000000,0.000000,0.000000,0.000000,0.000000,0.000072,0.000000,0.003067,0.000571,2.686000,0.008222,0.000000,0.000000,0.000000,0,0
279034000000,279035000000,6283499093,80,7311318,0.000000,0.000000,0.000000,0.000000,0.000000,0.000000,0.000000,0.000000,0.000000,0.000000,2.686000,0.008222,0.000000,0.000000,0.000000,0,0
