272504000000,272700000000,6283499093,81,2636362410,0.000000,0.000000,0.000000,0.000000,0.000000,0.000000,0.000000,0.000000,0.000000,0.000000,0.000000,0.000000,0.000000,0.000000,0.000000,0,0
272700000000,272764000000,6283499093,81,2636362410,0.000000,0.000000,0.000000,0.000000,0.000000,0.000000,0.000000,0.000000,0.000000,0.000000,0.000000,0.000000,0.000000,0.000000,0.000000,0,0
272764000000,273000000000,6283499093,81,2636362410,0.000393,0.001219,0.001934,0.000374,0.000777,0.001688,0.000778,0.000000,0.009933,0.022430,1.352000,0.003373,0.000000,0.000000,0.000155,0,0
273000000000,273300000000,6283499093,81,2636362410,0.000324,0.000948,0.001932,0.000374,0.000816,0.000969,0.000000,0.000000,0.020870,0.000143,3.903000,0.013720,0.000000,0.000000,0.000144,0,0
273300000000,273600000000,6283499093,81,2636362410,0.000349,0.000965,0.001932,0.000369,0.000813,0.000970,0.000000,0.000000,0.008209,0.000143,6.720000,0.026590,0.000000,0.000000,0.000351,0,0
273600000000,273900000000,6283499093,81,2636362410,0.000308,0.000963,0.001934,0.000369,0.000812,0.000976,0.000000,0.000000,0.004326,0.000000,5.093000,0.019300,0.000000,0.000000,0.000360,0,0
273900000000,274200000000,6283499093,81,2636362410,0.000289,0.000958,0.001934,0.000367,0.000812,0.000961,0.000000,0.000000,0.005692,0.000072,3.749000,0.012470,0.000000,0.000000,0.000158,0,0
274200000000,274500000000,6283499093,81,2636362410,0.000256,0.000978,0.001934,0.000367,0.000812,0.000994,0.000000,0.000000,0.004471,0.000072,7.742000,0.031310,0.000000,0.000000,0.000149,0,0
274500000000,274800000000,6283499093,81,2636362410,0.000309,0.000974,0.001934,0.000367,0.000812,0.000984,0.000009,0.000000,0.001509,0.002213,3.540000,0.011870,0.000000,0.000000,0.000275,0,0
274800000000,275100000000,6283499093,81,2636362410,0.000271,0.000980,0.001934,0.000367,0.000812,0.000992,0.000000,0.000000,0.004410,0.000000,3.651000,0.012210,0.000000,0.000000,0.000294,0,0
275100000000,275400000000,6283499093,81,2636362410,0.000360,0.001007,0.001932,0.000369,0.000814,0.001055,0.000028,0.000000,0.004967,0.002857,4.259000,0.014970,0.000000,0.000000,0.000231,0,0
275400000000,275700000000,6283499093,81,2636362410,0.000326,0.001013,0.001932,0.000370,0.000815,0.001051,0.000000,0.000000,0.001284,0.000000,3.493000,0.011830,0.000000,0.000000,0.000137,0,0
275700000000,276000000000,6283499093,81,2636362410,0.000316,0.001009,0.001932,0.000366,0.000812,0.001024,0.000002,0.000000,0.005699,0.000571,4.383000,0.015780,0.000000,0.000000,0.000076,0,0
276000000000,276300000000,6283499093,81,2636362410,0.000260,0.001011,0.001932,0.000366,0.000812,0.001022,0.000002,0.000000,0.001499,0.000286,5.191000,0.018790,0.000000,0.000000,0.000261,0,0
276300000000,276600000000,6283499093,81,2636362410,0.000298,0.001019,0.001932,0.000366,0.000812,0.001026,0.000000,0.000000,0.007195,0.000072,3.024000,0.009414,0.000000,0.000000,0.000113,0,0
276600000000,276900000000,6283499093,81,2636362410,0.000263,0.001009,0.001934,0.000366,0.000812,0.001019,0.000000,0.000000,0.005272,0.000072,5.061000,0.017740,0.000000,0.000000,0.000124,0,0
276900000000,277200000000,6283499093,81,2636362410,0.000252,0.001009,0.001934,0.000366,0.000812,0.001013,0.000003,0.000000,0.004478,0.000500,4.600000,0.015610,0.000000,0.000000,0.000197,0,0
277200000000,277500000000,6283499093,81,2636362410,0.000209,0.001017,0.001934,0.000366,0.000812,0.001030,0.000007,0.000000,0.001734,0.000643,5.027000,0.018580,0.000000,0.000000,0.000241,0,0
277500000000,277800000000,6283499093,81,2636362410,0.000246,0.001024,0.001932,0.000366,0.000812,0.001036,0.000010,0.000000,0.005394,0.001143,3.719000,0.013700,0.000000,0.000000,0.003521,0,0
277800000000,278100000000,6283499093,81,2636362410,0.000291,0.001017,0.001932,0.000366,0.000812,0.001034,0.000009,0.000000,0.001539,0.000929,3.340000,0.010900,0.000000,0.000000,0.000198,0,0
278100000000,278400000000,6283499093,81,2636362410,0.000389,0.001030,0.001932,0.000366,0.000812,0.001036,0.000009,0.000000,0.006531,0.000696,3.445000,0.011660,0.000000,0.000000,0.000317,0,0
278400000000,278569000000,6283499093,81,2636362410,0.000353,0.000791,0.001932,0.000366,0.000812,0.001020,0.000009,0.000000,0.004303,0.000643,9.868000,0.041270,0.000000,0.000000,0.000206,0,0
278569000000,278586000000,6283499093,81,2636362410,0.000176,0.000000,0.000000,0.000000,0.000000,0.000000,0.000004,0.000000,0.002995,0.000072,3.112000,0.010410,0.000000,0.000000,0.000000,0,0
278586000000,278587000000,6283499093,81,2636362410,0.000000,0.000000,0.000000,0.000000,0.000000,0.000000,0.000000,0.000000,0.000000,0.000000,3.112000,0.010410,0.000000,0.000000,0.000000,0,0
