272507000000,272627000000,6283499093,82,5297461910,0.000000,0.000000,0.000000,0.000000,0.000000,0.000000,0.000000,0.000000,0.000000,0.000000,0.000000,0.000000,0.000000,0.000000,0.000000,0,0
272627000000,272700000000,6283499093,82,5297461910,0.000996,0.001637,0.001835,0.000360,0.000771,0.001793,0.004135,0.000000,0.033450,0.049500,1.850000,0.005404,0.000000,0.000000,0.003651,0,0
272700000000,273000000000,6283499093,82,5297461910,0.000377,0.001162,0.001907,0.000372,0.000814,0.001743,0.000006,0.000000,0.007057,0.001715,2.618000,0.008875,0.000000,0.000000,0.007057,0,0
273000000000,273300000000,6283499093,82,5297461910,0.000388,0.001003,0.001928,0.000369,0.000812,0.001030,0.000001,0.000000,0.003922,0.000072,2.643000,0.009064,0.000000,0.000000,0.000214,0,0
273300000000,273600000000,6283499093,82,5297461910,0.000369,0.001030,0.001928,0.000367,0.000811,0.001043,0.000001,0.000000,0.004929,0.000072,2.996000,0.010420,0.000000,0.000000,0.000391,0,0
273600000000,273900000000,6283499093,82,5297461910,0.000370,0.001019,0.001928,0.000367,0.000811,0.001028,0.000007,0.000000,0.003845,0.001928,2.774000,0.009454,0.000000,0.000000,0.000164,0,0
273900000000,274200000000,6283499093,82,5297461910,0.000300,0.001007,0.001930,0.000367,0.000812,0.001015,0.000000,0.000000,0.003738,0.000000,2.364000,0.007276,0.000000,0.000000,0.000091,0,0
274200000000,274500000000,6283499093,82,5297461910,0.000337,0.001020,0.001930,0.000367,0.000812,0.001028,0.000003,0.000000,0.004303,0.000428,1.821000,0.004738,0.000000,0.000000,0.000227,0,0
274500000000,274800000000,6283499093,82,5297461910,0.000388,0.001040,0.001928,0.000368,0.000812,0.001080,0.000018,0.000000,0.006462,0.004143,2.305000,0.007175,0.000000,0.000000,0.000121,0,0
274800000000,275100000000,6283499093,82,5297461910,0.000344,0.001036,0.001928,0.000365,0.000812,0.001072,0.000000,0.000000,0.004120,0.000072,2.586000,0.008401,0.000000,0.000000,0.000118,0,0
275100000000,275400000000,6283499093,82,5297461910,0.000423,0.001083,0.001928,0.000365,0.000812,0.001099,0.000001,0.000000,0.025150,0.000072,2.369000,0.007361,0.000000,0.000000,0.000279,0,0
275400000000,275700000000,6283499093,82,5297461910,0.000349,0.001080,0.001928,0.000364,0.000811,0.001097,0.000004,0.000000,0.004959,0.000571,2.604000,0.008466,0.000000,0.000000,0.000061,0,0
275700000000,276000000000,6283499093,82,5297461910,0.003204,0.001186,0.002052,0.000298,0.000718,0.001938,0.000022,0.000000,0.077760,0.001785,0.656600,0.000546,0.000000,0.000000,0.000072,0,0
276000000000,276300000000,6283499093,82,5297461910,0.000393,0.001270,0.001928,0.000014,0.000302,0.001301,0.000013,0.000000,0.004150,0.002998,0.650900,0.000540,0.000000,0.000000,0.000607,0,0
276300000000,276600000000,6283499093,82,5297461910,0.002899,0.001411,0.002106,0.000060,0.000297,0.002144,0.000722,0.000000,0.071410,0.033200,0.636400,0.000334,0.000000,0.000000,0.000606,0,0
276600000000,276900000000,6283499093,82,5297461910,0.000486,0.001411,0.001926,0.000220,0.000367,0.001640,0.000018,0.000000,0.003529,0.002857,2.093000,0.005970,0.000000,0.000000,0.000372,0,0
276900000000,277200000000,6283499093,82,5297461910,0.002419,0.001423,0.002098,0.000192,0.000339,0.002182,0.000003,0.000000,0.085210,0.000286,2.681000,0.009090,0.000000,0.000000,0.000674,0,0
277200000000,277500000000,6283499093,82,5297461910,0.001364,0.001459,0.001926,0.000061,0.000208,0.001520,0.000051,0.000000,0.048950,0.007141,0.909400,0.001353,0.000000,0.000000,0.000145,0,0
277500000000,277800000000,6283499093,82,5297461910,0.000380,0.001450,0.001928,0.000069,0.000217,0.001488,0.000018,0.000000,0.004562,0.002285,2.721000,0.009114,0.000000,0.000000,0.000443,0,0
277800000000,278100000000,6283499093,82,5297461910,0.003143,0.001612,0.002239,0.000119,0.000231,0.002502,0.000543,0.000001,0.088500,0.043150,1.449000,0.003742,0.000000,0.000000,0.000229,0,0
278100000000,278400000000,6283499093,82,5297461910,0.000467,0.001434,0.001926,0.000216,0.000313,0.001579,0.000082,0.000001,0.025390,0.016080,2.933000,0.010130,0.000000,0.000000,0.000287,0,0
278400000000,278570000000,6283499093,82,5297461910,0.003033,0.001410,0.001925,0.000224,0.000324,0.001524,0.000291,0.000001,0.057190,0.027710,0.733000,0.000905,0.000000,0.000000,0.000207,0,0
278570000000,278580000000,6283499093,82,5297461910,0.000258,0.000000,0.000000,0.000000,0.000000,0.000000,0.000636,0.000001,0.002586,0.005714,0.566600,0.000241,0.000000,0.000000,0.000000,0,0
278580000000,278581000000,6283499093,82,5297461910,0.000000,0.000000,0.000000,0.000000,0.000000,0.000000,0.000000,0.000001,0.000000,0.000000,0.566600,0.000241,0.000000,0.000000,0.000000,0,0
