272499000000,272621000000,6283499093,83,336071720,0.000000,0.000000,0.000000,0.000000,0.000000,0.000000,0.000000,0.000000,0.000000,0.000000,0.000000,0.000000,0.000000,0.000000,0.000000,0,0
272621000000,272700000000,6283499093,83,336071720,0.000941,0.001453,0.001926,0.000246,0.000631,0.001608,0.002720,0.000000,0.015780,0.049620,1.221000,0.002192,0.000000,0.000000,0.000183,0,0
272700000000,273000000000,6283499093,83,336071720,0.000415,0.001060,0.001926,0.000253,0.000695,0.001556,0.000010,0.000000,0.004028,0.002857,2.819000,0.010190,0.000000,0.000000,0.000396,0,0
273000000000,273300000000,6283499093,83,336071720,0.000452,0.000990,0.001926,0.000252,0.000696,0.001003,0.000008,0.000000,0.006310,0.002071,3.231000,0.012210,0.000000,0.000000,0.000157,0,0
273300000000,273600000000,6283499093,83,336071720,0.000278,0.000984,0.001930,0.000252,0.000696,0.000986,0.000000,0.000000,0.004105,0.000000,2.096000,0.006295,0.000000,0.000000,0.000547,0,0
273600000000,273900000000,6283499093,83,336071720,0.000283,0.000988,0.001930,0.000252,0.000697,0.000997,0.000001,0.000000,0.003590,0.000286,2.120000,0.006369,0.000000,0.000000,0.000141,0,0
273900000000,274200000000,6283499093,83,336071720,0.000277,0.000980,0.001930,0.000252,0.000697,0.000996,0.000000,0.000000,0.003769,0.000000,2.327000,0.007324,0.000000,0.000000,0.000560,0,0
274200000000,274500000000,6283499093,83,336071720,0.000270,0.000975,0.001930,0.000252,0.000697,0.000980,0.000018,0.000000,0.003387,0.002785,2.140000,0.006588,0.000000,0.000000,0.000096,0,0
274500000000,274800000000,6283499093,83,336071720,0.000281,0.000986,0.001930,0.000252,0.000697,0.001011,0.000008,0.000000,0.012760,0.001858,1.731000,0.004321,0.000000,0.000000,0.000102,0,0
274800000000,275100000000,6283499093,83,336071720,0.000288,0.001003,0.001930,0.000252,0.000697,0.001009,0.000000,0.000000,0.003845,0.000072,2.213000,0.006918,0.000000,0.000000,0.000186,0,0
275100000000,275400000000,6283499093,83,336071720,0.000275,0.000988,0.001930,0.000252,0.000698,0.000990,0.000000,0.000000,0.004280,0.000000,2.084000,0.006346,0.000000,0.000000,0.000315,0,0
275400000000,275700000000,6283499093,83,336071720,0.000261,0.000986,0.001930,0.000252,0.000698,0.000988,0.000002,0.000000,0.002934,0.000571,2.283000,0.007021,0.000000,0.000000,0.000199,0,0
275700000000,276000000000,6283499093,83,336071720,0.000278,0.000997,0.001930,0.000252,0.000698,0.001009,0.000003,0.000000,0.004578,0.000500,1.948000,0.005509,0.000000,0.000000,0.000141,0,0
276000000000,276300000000,6283499093,83,336071720,0.000320,0.001005,0.001928,0.000252,0.000698,0.001017,0.000003,0.000000,0.004257,0.000286,2.275000,0.006975,0.000000,0.000000,0.000666,0,0
276300000000,276600000000,6283499093,83,336071720,0.000311,0.000997,0.001928,0.000253,0.000698,0.001005,0.000002,0.000000,0.003960,0.000571,2.358000,0.007657,0.000000,0.000000,0.000106,0,0
276600000000,276900000000,6283499093,83,336071720,0.000302,0.001011,0.001930,0.000253,0.000698,0.001026,0.000001,0.000000,0.003010,0.000072,1.944000,0.005583,0.000000,0.000000,0.000062,0,0
276900000000,277200000000,6283499093,83,336071720,0.000289,0.001007,0.001930,0.000253,0.000698,0.001024,0.000004,0.000000,0.004074,0.000929,1.873000,0.005145,0.000000,0.000000,0.000142,0,0
277200000000,277500000000,6283499093,83,336071720,0.000282,0.001013,0.001930,0.000253,0.000698,0.001026,0.000009,0.000000,0.003304,0.001499,2.207000,0.006884,0.000000,0.000000,0.000192,0,0
277500000000,277800000000,6283499093,83,336071720,0.000270,0.001013,0.001930,0.000253,0.000698,0.001026,0.000028,0.000000,0.003838,0.002857,2.257000,0.006803,0.000000,0.000000,0.000114,0,0
277800000000,278100000000,6283499093,83,336071720,0.000298,0.001036,0.001928,0.000250,0.000699,0.001104,0.000033,0.000000,0.004097,0.002857,2.161000,0.006496,0.000000,0.000000,0.000143,0,0
278100000000,278229000000,6283499093,83,336071720,0.000343,0.001076,0.001928,0.000247,0.000703,0.001104,0.000044,0.000000,0.005310,0.002285,2.368000,0.007701,0.000000,0.000000,0.000232,0,0
278229000000,278248000000,6283499093,83,336071720,0.000116,0.000000,0.000000,0.000000,0.000000,0.000000,0.000000,0.000000,0.002216,0.000000,3.685000,0.013630,0.000000,0.000000,0.000000,0,0
278248000000,278249000000,6283499093,83,336071720,0.000000,0.000000,0.000000,0.000000,0.000000,0.000000,0.000000,0.000000,0.000000,0.000000,3.685000,0.013630,0.000000,0.000000,0.000000,0,0
