272496000000,272618000000,6283499093,84,4477050890,0.000000,0.000000,0.000000,0.000000,0.000000,0.000000,0.000000,0.000000,0.000000,0.000000,0.000000,0.000000,0.000000,0.000000,0.000000,0,0
272618000000,272700000000,6283499093,84,4477050890,0.000846,0.001566,0.001932,0.000360,0.000770,0.001734,0.003239,0.000000,0.015140,0.048520,2.827000,0.008848,0.000000,0.000000,0.000103,0,0
272700000000,273000000000,6283499093,84,4477050890,0.000397,0.001099,0.001932,0.000367,0.000810,0.001614,0.000000,0.000000,0.002785,0.000072,2.743000,0.008346,0.000000,0.000000,0.000671,0,0
273000000000,273300000000,6283499093,84,4477050890,0.000388,0.000988,0.001932,0.000367,0.000811,0.000996,0.000001,0.000000,0.004997,0.000072,3.033000,0.009792,0.000000,0.000000,0.000625,0,0
273300000000,273600000000,6283499093,84,4477050890,0.000329,0.000977,0.001934,0.000366,0.000811,0.000988,0.000000,0.000000,0.004585,0.000000,3.076000,0.009483,0.000000,0.000000,0.000095,0,0
273600000000,273900000000,6283499093,84,4477050890,0.000341,0.000999,0.001934,0.000366,0.000811,0.001011,0.000001,0.000000,0.004395,0.000215,1.918000,0.004497,0.000000,0.000000,0.000250,0,0
273900000000,274200000000,6283499093,84,4477050890,0.000358,0.000997,0.001934,0.000366,0.000811,0.001005,0.000000,0.000000,0.005005,0.000000,2.388000,0.006705,0.000000,0.000000,0.000576,0,0
274200000000,274500000000,6283499093,84,4477050890,0.000416,0.001005,0.001932,0.000366,0.000811,0.001038,0.000002,0.000000,0.009766,0.000072,3.037000,0.009550,0.000000,0.000000,0.000164,0,0
274500000000,274800000000,6283499093,84,4477050890,0.000691,0.001055,0.002060,0.000364,0.000812,0.001211,0.000026,0.000000,0.031070,0.004784,0.894700,0.001310,0.000000,0.000000,0.000221,0,0
274800000000,275100000000,6283499093,84,4477050890,0.000551,0.001169,0.001928,0.000341,0.000806,0.001221,0.000002,0.000000,0.008560,0.000143,1.328000,0.003138,0.000000,0.000000,0.000591,0,0
275100000000,275400000000,6283499093,84,4477050890,0.000463,0.001129,0.001930,0.000339,0.000803,0.001146,0.000000,0.000000,0.002930,0.000000,4.042000,0.014260,0.000000,0.000000,0.000429,0,0
275400000000,275700000000,6283499093,84,4477050890,0.000358,0.001131,0.001932,0.000339,0.000803,0.001154,0.000002,0.000000,0.004456,0.000571,3.002000,0.009258,0.000000,0.000000,0.000207,0,0
275700000000,276000000000,6283499093,84,4477050890,0.000346,0.001131,0.001932,0.000339,0.000803,0.001154,0.000000,0.000000,0.005165,0.000000,2.510000,0.006941,0.000000,0.000000,0.000108,0,0
276000000000,276300000000,6283499093,84,4477050890,0.000370,0.001133,0.001932,0.000338,0.000802,0.001144,0.000002,0.000000,0.001783,0.000072,2.730000,0.007823,0.000000,0.000000,0.000181,0,0
276300000000,276600000000,6283499093,84,4477050890,0.000367,0.001141,0.001932,0.000337,0.000802,0.001154,0.000001,0.000000,0.005424,0.000143,2.683000,0.007754,0.000000,0.000000,0.000291,0,0
276600000000,276900000000,6283499093,84,4477050890,0.000360,0.001137,0.001932,0.000337,0.000802,0.001144,0.000001,0.000000,0.005455,0.000072,2.600000,0.007401,0.000000,0.000000,0.000249,0,0
276900000000,277200000000,6283499093,84,4477050890,0.000363,0.001143,0.001932,0.000337,0.000802,0.001148,0.000001,0.000000,0.004913,0.000072,2.745000,0.007918,0.000000,0.000000,0.000280,0,0
277200000000,277500000000,6283499093,84,4477050890,0.000354,0.001139,0.001932,0.000337,0.000802,0.001150,0.000003,0.000000,0.005188,0.000215,2.588000,0.007321,0.000000,0.000000,0.000720,0,0
277500000000,277800000000,6283499093,84,4477050890,0.000345,0.001143,0.001932,0.000337,0.000802,0.001152,0.000004,0.000000,0.005058,0.000143,2.662000,0.007758,0.000000,0.000000,0.000567,0,0
277800000000,278100000000,6283499093,84,4477050890,0.000357,0.001148,0.001932,0.000337,0.000802,0.001177,0.000006,0.000000,0.005180,0.000571,2.548000,0.007191,0.000000,0.000000,0.000176,0,0
278100000000,278400000000,6283499093,84,4477050890,0.000406,0.001158,0.001932,0.000335,0.000803,0.001177,0.000004,0.000000,0.015400,0.000143,2.520000,0.007170,0.000000,0.000000,0.000607,0,0
278400000000,278700000000,6283499093,84,4477050890,0.000398,0.001162,0.001932,0.000335,0.000803,0.001165,0.000003,0.000000,0.004944,0.000357,2.841000,0.008405,0.000000,0.000000,0.000556,0,0
278700000000,279000000000,6283499093,84,4477050890,0.000410,0.001160,0.001930,0.000336,0.000803,0.001163,0.000002,0.000000,0.005150,0.000215,2.700000,0.008109,0.000000,0.000000,0.000370,0,0
279000000000,279300000000,6283499093,84,4477050890,0.000380,0.001156,0.001932,0.000335,0.000803,0.001173,0.000004,0.000000,0.006584,0.000215,2.750000,0.008099,0.000000,0.000000,0.000855,0,0
279300000000,279399000000,6283499093,84,4477050890,0.001186,0.001163,0.002136,0.000334,0.000798,0.001328,0.000017,0.000000,0.057560,0.001143,2.465000,0.006786,0.000000,0.000000,0.000160,0,0
279399000000,279424000000,6283499093,84,4477050890,0.000148,0.000000,0.000000,0.000000,0.000000,0.000000,0.000046,0.000000,0.003708,0.001143,2.513000,0.006732,0.000000,0.000000,0.000000,0,0
279424000000,279425000000,6283499093,84,4477050890,0.000000,0.000000,0.000000,0.000000,0.000000,0.000000,0.000000,0.000000,0.000000,0.000000,2.513000,0.006732,0.000000,0.000000,0.000000,0,0
