272501000000,272623000000,6283499093,85,765679,0.000000,0.000000,0.000000,0.000000,0.000000,0.000000,0.000000,0.000000,0.000000,0.000000,0.000000,0.000000,0.000000,0.000000,0.000000,0,0
272623000000,272700000000,6283499093,85,765679,0.000859,0.001520,0.001932,0.000362,0.000777,0.001677,0.003410,0.000000,0.013810,0.042850,4.336000,0.014460,0.000000,0.000000,0.000153,0,0
272700000000,273000000000,6283499093,85,765679,0.000368,0.001051,0.001934,0.000374,0.000816,0.001621,0.000000,0.000000,0.005043,0.000072,2.884000,0.008694,0.000000,0.000000,0.000110,0,0
273000000000,273300000000,6283499093,85,765679,0.000362,0.000914,0.001934,0.000374,0.000817,0.000933,0.000000,0.000000,0.004311,0.000072,2.712000,0.007924,0.000000,0.000000,0.000222,0,0
273300000000,273600000000,6283499093,85,765679,0.000332,0.000924,0.001934,0.000373,0.000817,0.000938,0.000000,0.000000,0.004379,0.000000,2.429000,0.006767,0.000000,0.000000,0.000239,0,0
273600000000,273900000000,6283499093,85,765679,0.000343,0.000930,0.001934,0.000373,0.000816,0.000948,0.000001,0.000000,0.004852,0.000072,2.569000,0.007325,0.000000,0.000000,0.000695,0,0
273900000000,274200000000,6283499093,85,765679,0.000332,0.000944,0.001934,0.000367,0.000812,0.000950,0.000000,0.000000,0.004044,0.000000,2.673000,0.007806,0.000000,0.000000,0.000148,0,0
274200000000,274500000000,6283499093,85,765679,0.000343,0.000935,0.001934,0.000367,0.000812,0.000959,0.000001,0.000000,0.003765,0.000072,2.754000,0.007990,0.000000,0.000000,0.000166,0,0
274500000000,274800000000,6283499093,85,765679,0.000372,0.000954,0.001934,0.000367,0.000812,0.000959,0.000001,0.000000,0.004349,0.000072,2.659000,0.007872,0.000000,0.000000,0.000105,0,0
274800000000,275100000000,6283499093,85,765679,0.000418,0.000958,0.001932,0.000367,0.000812,0.000982,0.000001,0.000000,0.004967,0.000072,3.128000,0.009939,0.000000,0.000000,0.000137,0,0
275100000000,275400000000,6283499093,85,765679,0.000376,0.000959,0.001932,0.000367,0.000812,0.000972,0.000000,0.000000,0.005226,0.000000,2.704000,0.008129,0.000000,0.000000,0.000176,0,0
275400000000,275700000000,6283499093,85,765679,0.000399,0.000964,0.001932,0.000367,0.000812,0.000973,0.000001,0.000000,0.004280,0.000072,2.341000,0.006475,0.000000,0.000000,0.000173,0,0
275700000000,276000000000,6283499093,85,765679,0.000530,0.001022,0.001932,0.000362,0.000815,0.001148,0.000031,0.000000,0.014280,0.005287,2.721000,0.008283,0.000000,0.000000,0.001102,0,0
276000000000,276300000000,6283499093,85,765679,0.000443,0.001068,0.001930,0.000356,0.000820,0.001141,0.000002,0.000000,0.005455,0.000143,3.036000,0.009612,0.000000,0.000000,0.000426,0,0
276300000000,276600000000,6283499093,85,765679,0.000429,0.001064,0.001930,0.000356,0.000820,0.001072,0.000001,0.000000,0.005074,0.000072,4.089000,0.014120,0.000000,0.000000,0.000200,0,0
276600000000,276900000000,6283499093,85,765679,0.000376,0.001066,0.001932,0.000356,0.000820,0.001104,0.000001,0.000000,0.003098,0.000072,2.592000,0.007548,0.000000,0.000000,0.000393,0,0
276900000000,277200000000,6283499093,85,765679,0.000397,0.001087,0.001932,0.000355,0.000820,0.001104,0.000000,0.000000,0.005898,0.000000,3.005000,0.009420,0.000000,0.000000,0.000716,0,0
277200000000,277500000000,6283499093,85,765679,0.000403,0.001078,0.001932,0.000355,0.000820,0.001101,0.000003,0.000000,0.005096,0.000072,3.301000,0.010610,0.000000,0.000000,0.000511,0,0
277500000000,277800000000,6283499093,85,765679,0.000416,0.001122,0.001930,0.000355,0.000820,0.001129,0.000005,0.000000,0.004959,0.000143,2.844000,0.008774,0.000000,0.000000,0.000535,0,0
277800000000,278100000000,6283499093,85,765679,0.000423,0.001112,0.001930,0.000352,0.000817,0.001127,0.000006,0.000000,0.005203,0.000999,2.883000,0.008883,0.000000,0.000000,0.000202,0,0
278100000000,278249000000,6283499093,85,765679,0.006287,0.001215,0.002186,0.000298,0.000764,0.001619,0.000102,0.000000,0.079590,0.007500,2.916000,0.008987,0.000000,0.000000,0.000199,0,0
278249000000,278265000000,6283499093,85,765679,0.000217,0.000000,0.000000,0.000000,0.000000,0.000000,0.000063,0.000000,0.003468,0.000929,2.981000,0.009211,0.000000,0.000000,0.000000,0,0
278265000000,278266000000,6283499093,85,765679,0.000000,0.000000,0.000000,0.000000,0.000000,0.000000,0.000000,0.000000,0.000000,0.000000,2.981000,0.009211,0.000000,0.000000,0.000000,0,0
