272498000000,272598000000,6283499093,86,1274203,0.000000,0.000000,0.000000,0.000000,0.000000,0.000000,0.000000,0.000000,0.000000,0.000000,0.000000,0.000000,0.000000,0.000000,0.000000,0,0
272598000000,272700000000,6283499093,86,1274203,0.000658,0.001219,0.001921,0.000204,0.000427,0.001532,0.001186,0.000000,0.041750,0.022860,2.511000,0.007238,0.000000,0.000000,0.000598,0,0
272700000000,273000000000,6283499093,86,1274203,0.000339,0.001158,0.001921,0.000209,0.000481,0.001352,0.000000,0.000000,0.004509,0.000072,2.620000,0.007627,0.000000,0.000000,0.000163,0,0
273000000000,273300000000,6283499093,86,1274203,0.000340,0.001141,0.001921,0.000208,0.000456,0.001337,0.000000,0.000000,0.003990,0.000072,2.444000,0.006853,0.000000,0.000000,0.000153,0,0
273300000000,273600000000,6283499093,86,1274203,0.000313,0.001076,0.001919,0.000207,0.000385,0.001348,0.000000,0.000000,0.005142,0.000000,2.118000,0.005352,0.000000,0.000000,0.000660,0,0
273600000000,273900000000,6283499093,86,1274203,0.000307,0.001213,0.001921,0.000198,0.000507,0.001352,0.000007,0.000000,0.004166,0.001858,2.601000,0.007382,0.000000,0.000000,0.000263,0,0
273900000000,274200000000,6283499093,86,1274203,0.000352,0.001076,0.001921,0.000199,0.000359,0.001358,0.000006,0.000000,0.003719,0.001715,2.164000,0.005701,0.000000,0.000000,0.000387,0,0
274200000000,274500000000,6283499093,86,1274203,0.000363,0.001097,0.001919,0.000199,0.000372,0.001377,0.000006,0.000000,0.002678,0.001286,2.704000,0.008138,0.000000,0.000000,0.000388,0,0
274500000000,274800000000,6283499093,86,1274203,0.000329,0.001223,0.001921,0.000198,0.000490,0.001377,0.000000,0.000000,0.004097,0.000000,2.799000,0.008675,0.000000,0.000000,0.000226,0,0
274800000000,275100000000,6283499093,86,1274203,0.000312,0.001211,0.001921,0.000198,0.000478,0.001377,0.000001,0.000000,0.004478,0.000143,2.386000,0.006750,0.000000,0.000000,0.000189,0,0
275100000000,275400000000,6283499093,86,1274203,0.000298,0.001043,0.001919,0.000198,0.000311,0.001375,0.000000,0.000000,0.004105,0.000000,2.192000,0.005785,0.000000,0.000000,0.000554,0,0
275400000000,275700000000,6283499093,86,1274203,0.000359,0.001162,0.001919,0.000198,0.000418,0.001390,0.000000,0.000000,0.009750,0.000072,2.672000,0.007862,0.000000,0.000000,0.000329,0,0
275700000000,276000000000,6283499093,86,1274203,0.001329,0.001314,0.001921,0.000201,0.000527,0.001568,0.000044,0.000000,0.071040,0.007004,1.198000,0.002482,0.000000,0.000000,0.000487,0,0
276000000000,276300000000,6283499093,86,1274203,0.000625,0.001272,0.001913,0.000203,0.000404,0.001560,0.000003,0.000000,0.005501,0.000215,2.725000,0.009037,0.000000,0.000000,0.000684,0,0
276300000000,276600000000,6283499093,86,1274203,0.000638,0.001266,0.001915,0.000203,0.000406,0.001532,0.000001,0.000000,0.008606,0.000143,3.530000,0.011930,0.000000,0.000000,0.000471,0,0
276600000000,276900000000,6283499093,86,1274203,0.000421,0.001295,0.001917,0.000203,0.000431,0.001537,0.000002,0.000000,0.005417,0.000143,2.224000,0.006076,0.000000,0.000000,0.000361,0,0
276900000000,277200000000,6283499093,86,1274203,0.000403,0.001293,0.001917,0.000201,0.000423,0.001539,0.000000,0.000000,0.004616,0.000000,3.083000,0.009934,0.000000,0.000000,0.000204,0,0
277200000000,277500000000,6283499093,86,1274203,0.000394,0.001324,0.001917,0.000200,0.000448,0.001545,0.000007,0.000000,0.005882,0.001358,2.420000,0.006987,0.000000,0.000000,0.000738,0,0
277500000000,277719000000,6283499093,86,1274203,0.000671,0.001373,0.001919,0.000200,0.000492,0.001553,0.000013,0.000000,0.044980,0.001572,2.080000,0.005465,0.000000,0.000000,0.000332,0,0
277719000000,277728000000,6283499093,86,1274203,0.000258,0.000009,0.000000,0.000000,0.000000,0.000073,0.000043,0.000000,0.002331,0.000428,4.339000,0.014870,0.000000,0.000000,0.000000,0,0
277728000000,277730000000,6283499093,86,1274203,0.000000,0.000000,0.000000,0.000000,0.000000,0.000000,0.000000,0.000000,0.000000,0.000000,4.339000,0.014870,0.000000,0.000000,0.000000,0,0
