272490000000,272590000000,6283499093,87,866723439,0.000000,0.000000,0.000000,0.000000,0.000000,0.000000,0.000000,0.000000,0.000000,0.000000,0.000000,0.000000,0.000000,0.000000,0.000000,0,0
272590000000,272700000000,6283499093,87,866723439,0.000768,0.001451,0.001928,0.000250,0.000676,0.001560,0.001553,0.000000,0.020570,0.065550,1.775000,0.004003,0.000000,0.000000,0.000161,0,0
272700000000,273000000000,6283499093,87,866723439,0.000402,0.001038,0.001930,0.000251,0.000693,0.001316,0.000000,0.000000,0.004776,0.000072,2.046000,0.005326,0.000000,0.000000,0.000112,0,0
273000000000,273300000000,6283499093,87,866723439,0.000398,0.000984,0.001930,0.000251,0.000693,0.001015,0.000000,0.000000,0.004112,0.000143,2.835000,0.008983,0.000000,0.000000,0.000175,0,0
273300000000,273600000000,6283499093,87,866723439,0.004860,0.001146,0.002121,0.000227,0.000663,0.002575,0.000010,0.000000,0.115000,0.000857,0.578400,0.000164,0.000000,0.000000,0.000126,0,0
273600000000,273900000000,6283499093,87,866723439,0.000386,0.001400,0.002232,0.000018,0.000388,0.002251,0.000009,0.000000,0.004150,0.002357,0.567100,0.000122,0.000000,0.000000,0.000220,0,0
273900000000,274200000000,6283499093,87,866723439,0.000407,0.001192,0.001938,0.000019,0.000389,0.001200,0.000003,0.000000,0.004227,0.000786,2.447000,0.007152,0.000000,0.000000,0.000711,0,0
274200000000,274500000000,6283499093,87,866723439,0.000372,0.001181,0.001940,0.000013,0.000384,0.001196,0.000007,0.000000,0.005836,0.000929,2.792000,0.008694,0.000000,0.000000,0.000623,0,0
274500000000,274800000000,6283499093,87,866723439,0.003372,0.001263,0.001938,0.000016,0.000387,0.001535,0.000008,0.000000,0.097900,0.000500,0.569800,0.000156,0.000000,0.000000,0.000705,0,0
274800000000,275100000000,6283499093,87,866723439,0.000396,0.001223,0.001938,0.000021,0.000392,0.001242,0.000002,0.000001,0.005356,0.000571,2.691000,0.008413,0.000000,0.000000,0.000321,0,0
275100000000,275400000000,6283499093,87,866723439,0.001720,0.001253,0.001938,0.000020,0.000391,0.001385,0.000004,0.000001,0.068480,0.000357,2.529000,0.007504,0.000000,0.000000,0.000240,0,0
275400000000,275700000000,6283499093,87,866723439,0.000739,0.001347,0.001934,0.000042,0.000435,0.001455,0.000202,0.000001,0.028230,0.023560,2.595000,0.008295,0.000000,0.000000,0.000583,0,0
275700000000,276000000000,6283499093,87,866723439,0.000457,0.001291,0.001936,0.000044,0.000440,0.001308,0.000000,0.000001,0.005135,0.000000,3.039000,0.011000,0.000000,0.000000,0.000822,0,0
276000000000,276300000000,6283499093,87,866723439,0.000361,0.001301,0.001936,0.000044,0.000440,0.001308,0.000011,0.000001,0.008896,0.002571,2.533000,0.008241,0.000000,0.000000,0.000700,0,0
276300000000,276600000000,6283499093,87,866723439,0.000357,0.001305,0.001938,0.000044,0.000440,0.001316,0.000000,0.000001,0.004509,0.000000,2.732000,0.008976,0.000000,0.000000,0.000214,0,0
276600000000,276900000000,6283499093,87,866723439,0.000368,0.001301,0.001938,0.000044,0.000440,0.001314,0.000003,0.000001,0.022160,0.000643,2.653000,0.008584,0.000000,0.000000,0.000510,0,0
276900000000,277200000000,6283499093,87,866723439,0.001965,0.001234,0.001934,0.000049,0.000444,0.001486,0.000011,0.000001,0.066040,0.001429,0.849800,0.001344,0.000000,0.000000,0.000732,0,0
277200000000,277380000000,6283499093,87,866723439,0.000458,0.000824,0.001936,0.000048,0.000442,0.000852,0.000140,0.000001,0.001520,0.023130,3.128000,0.011200,0.000000,0.000000,0.000254,0,0
277380000000,277398000000,6283499093,87,866723439,0.000128,0.000000,0.000000,0.000000,0.000000,0.000000,0.000000,0.000001,0.002304,0.000000,2.949000,0.010010,0.000000,0.000000,0.000000,0,0
277398000000,277399000000,6283499093,87,866723439,0.000000,0.000000,0.000000,0.000000,0.000000,0.000000,0.000000,0.000001,0.000000,0.000000,2.949000,0.010010,0.000000,0.000000,0.000000,0,0
