272508000000,272582000000,6283499093,88,17504540,0.000000,0.000000,0.000000,0.000000,0.000000,0.000000,0.000000,0.000000,0.000000,0.000000,0.000000,0.000000,0.000000,0.000000,0.000000,0,0
272582000000,272700000000,6283499093,88,17504540,0.000650,0.001436,0.001932,0.000274,0.000695,0.001572,0.001291,0.000000,0.021970,0.057130,1.296000,0.001816,0.000000,0.000000,0.000430,0,0
272700000000,273000000000,6283499093,88,17504540,0.000410,0.000962,0.001932,0.000260,0.000703,0.001225,0.000006,0.000000,0.005150,0.001785,2.872000,0.008356,0.000000,0.000000,0.000750,0,0
273000000000,273300000000,6283499093,88,17504540,0.000405,0.000930,0.001932,0.000261,0.000705,0.000945,0.000009,0.000000,0.004768,0.001286,3.445000,0.010720,0.000000,0.000000,0.000661,0,0
273300000000,273600000000,6283499093,88,17504540,0.000369,0.000929,0.001934,0.000263,0.000707,0.000937,0.000000,0.000000,0.014890,0.000000,2.654000,0.007394,0.000000,0.000000,0.000618,0,0
273600000000,273900000000,6283499093,88,17504540,0.000377,0.000945,0.001932,0.000263,0.000707,0.000951,0.000001,0.000000,0.005196,0.000072,2.381000,0.006242,0.000000,0.000000,0.000236,0,0
273900000000,274200000000,6283499093,88,17504540,0.000365,0.000939,0.001932,0.000264,0.000708,0.000952,0.000005,0.000000,0.004997,0.001358,2.845000,0.008353,0.000000,0.000000,0.000185,0,0
274200000000,274500000000,6283499093,88,17504540,0.000344,0.000933,0.001934,0.000264,0.000709,0.000950,0.000002,0.000000,0.004974,0.000215,2.705000,0.007465,0.000000,0.000000,0.000282,0,0
274500000000,274800000000,6283499093,88,17504540,0.000336,0.000940,0.001934,0.000265,0.000709,0.000951,0.000000,0.000000,0.001225,0.000000,2.440000,0.006519,0.000000,0.000000,0.000110,0,0
274800000000,275100000000,6283499093,88,17504540,0.000352,0.000938,0.001934,0.000265,0.000709,0.000968,0.000002,0.000000,0.004822,0.000215,2.288000,0.005914,0.000000,0.000000,0.000139,0,0
275100000000,275400000000,6283499093,88,17504540,0.000345,0.000952,0.001934,0.000265,0.000709,0.000968,0.000001,0.000000,0.004852,0.000143,2.649000,0.007553,0.000000,0.000000,0.000406,0,0
275400000000,275700000000,6283499093,88,17504540,0.000354,0.000956,0.001934,0.000265,0.000709,0.000972,0.000000,0.000000,0.005539,0.000143,2.423000,0.006434,0.000000,0.000000,0.000268,0,0
275700000000,276000000000,6283499093,88,17504540,0.000326,0.000951,0.001934,0.000265,0.000709,0.000958,0.000000,0.000000,0.004486,0.000000,2.442000,0.006394,0.000000,0.000000,0.000326,0,0
276000000000,276300000000,6283499093,88,17504540,0.000352,0.000972,0.001934,0.000265,0.000709,0.000982,0.000002,0.000000,0.018860,0.000143,1.922000,0.004341,0.000000,0.000000,0.000585,0,0
276300000000,276600000000,6283499093,88,17504540,0.000349,0.000959,0.001934,0.000265,0.000709,0.000968,0.000000,0.000000,0.004204,0.000072,2.603000,0.007392,0.000000,0.000000,0.000436,0,0
276600000000,276900000000,6283499093,88,17504540,0.000427,0.000988,0.001932,0.000268,0.000712,0.001041,0.000024,0.000000,0.014040,0.006142,2.457000,0.006545,0.000000,0.000000,0.000112,0,0
276900000000,277200000000,6283499093,88,17504540,0.000407,0.000986,0.001932,0.000267,0.000712,0.001030,0.000000,0.000000,0.005409,0.000000,2.957000,0.008786,0.000000,0.000000,0.000272,0,0
277200000000,277500000000,6283499093,88,17504540,0.000400,0.000994,0.001932,0.000265,0.000711,0.001005,0.000003,0.000000,0.004616,0.000215,2.770000,0.007811,0.000000,0.000000,0.000172,0,0
277500000000,277800000000,6283499093,88,17504540,0.000410,0.001059,0.001930,0.000260,0.000719,0.001095,0.000020,0.000000,0.009476,0.004784,1.956000,0.004458,0.000000,0.000000,0.000213,0,0
277800000000,278100000000,6283499093,88,17504540,0.000379,0.001032,0.001930,0.000260,0.000720,0.001040,0.000004,0.000000,0.005638,0.000286,2.605000,0.007403,0.000000,0.000000,0.000237,0,0
278100000000,278400000000,6283499093,88,17504540,0.000375,0.001034,0.001932,0.000260,0.000720,0.001045,0.000003,0.000000,0.004524,0.000072,2.555000,0.007442,0.000000,0.000000,0.000270,0,0
278400000000,278700000000,6283499093,88,17504540,0.000340,0.001028,0.001932,0.000260,0.000720,0.001043,0.000004,0.000000,0.004784,0.000215,2.384000,0.006348,0.000000,0.000000,0.000372,0,0
278700000000,279000000000,6283499093,88,17504540,0.000358,0.001047,0.001932,0.000261,0.000721,0.001072,0.000016,0.000000,0.005211,0.004074,2.046000,0.004799,0.000000,0.000000,0.000192,0,0
279000000000,279300000000,6283499093,88,17504540,0.000400,0.001041,0.001930,0.000261,0.000723,0.001068,0.000003,0.000000,0.004456,0.000143,2.593000,0.007115,0.000000,0.000000,0.000079,0,0
279300000000,279600000000,6283499093,88,17504540,0.000356,0.001030,0.001932,0.000262,0.000723,0.001047,0.000002,0.000000,0.004547,0.000072,2.653000,0.007519,0.000000,0.000000,0.000181,0,0
279600000000,279900000000,6283499093,88,17504540,0.000368,0.001043,0.001932,0.000262,0.000723,0.001064,0.000004,0.000000,0.004509,0.000357,2.323000,0.005920,0.000000,0.000000,0.000153,0,0
279900000000,280189000000,6283499093,88,17504540,0.001152,0.001066,0.001930,0.000265,0.000727,0.001276,0.000032,0.000000,0.065190,0.003071,1.121000,0.002077,0.000000,0.000000,0.000128,0,0
280189000000,280200000000,6283499093,88,17504540,0.000284,0.000000,0.000000,0.000000,0.000000,0.000000,0.000078,0.000000,0.003132,0.000786,0.652800,0.000451,0.000000,0.000000,0.000000,0,0
280200000000,280201000000,6283499093,88,17504540,0.000000,0.000000,0.000000,0.000000,0.000000,0.000000,0.000000,0.000000,0.000000,0.000000,0.652800,0.000451,0.000000,0.000000,0.000000,0,0
