272499000000,272574000000,6283499093,89,4302224596,0.000000,0.000000,0.000000,0.000000,0.000000,0.000000,0.000000,0.000000,0.000000,0.000000,0.000000,0.000000,0.000000,0.000000,0.000000,0,0
272574000000,272700000000,6283499093,89,4302224596,0.005699,0.001839,0.003357,0.000340,0.000774,0.002090,0.001770,0.000000,0.067630,0.057740,0.573100,0.000159,0.000000,0.000000,0.000204,0,0
272700000000,273000000000,6283499093,89,4302224596,0.007309,0.001329,0.002319,0.000193,0.000640,0.001640,0.000016,0.000000,0.073730,0.000714,0.579900,0.000170,0.000000,0.000000,0.000344,0,0
273000000000,273300000000,6283499093,89,4302224596,0.000338,0.001221,0.001934,0.000182,0.000629,0.001226,0.000015,0.000001,0.004257,0.001715,2.574000,0.007744,0.000000,0.000000,0.000198,0,0
273300000000,273600000000,6283499093,89,4302224596,0.000323,0.001221,0.001934,0.000184,0.000632,0.001232,0.000000,0.000001,0.004288,0.000000,2.287000,0.006487,0.000000,0.000000,0.000117,0,0
273600000000,273900000000,6283499093,89,4302224596,0.000376,0.001217,0.001932,0.000177,0.000626,0.001226,0.000008,0.000001,0.003883,0.002071,2.744000,0.008499,0.000000,0.000000,0.000106,0,0
273900000000,274200000000,6283499093,89,4302224596,0.000374,0.001221,0.001932,0.000166,0.000614,0.001228,0.000000,0.000001,0.004204,0.000072,2.730000,0.008571,0.000000,0.000000,0.000172,0,0
274200000000,274500000000,6283499093,89,4302224596,0.000361,0.001211,0.001932,0.000166,0.000614,0.001228,0.000002,0.000001,0.004608,0.000215,2.544000,0.007796,0.000000,0.000000,0.000566,0,0
274500000000,274800000000,6283499093,89,4302224596,0.000341,0.001219,0.001932,0.000166,0.000614,0.001230,0.000000,0.000001,0.004562,0.000000,2.381000,0.006934,0.000000,0.000000,0.000098,0,0
274800000000,275100000000,6283499093,89,4302224596,0.000355,0.001204,0.001932,0.000166,0.000615,0.001219,0.000002,0.000001,0.003319,0.000215,2.484000,0.007398,0.000000,0.000000,0.000112,0,0
275100000000,275400000000,6283499093,89,4302224596,0.000391,0.001209,0.001932,0.000167,0.000615,0.001217,0.000000,0.000001,0.004883,0.000000,2.857000,0.009234,0.000000,0.000000,0.000266,0,0
275400000000,275700000000,6283499093,89,4302224596,0.000376,0.001204,0.001932,0.000167,0.000615,0.001215,0.000000,0.000001,0.004410,0.000072,3.202000,0.010610,0.000000,0.000000,0.000643,0,0
275700000000,276000000000,6283499093,89,4302224596,0.001265,0.001217,0.001932,0.000171,0.000619,0.001322,0.000002,0.000001,0.060120,0.000215,0.682000,0.000505,0.000000,0.000000,0.000518,0,0
276000000000,276300000000,6283499093,89,4302224596,0.000760,0.001318,0.002048,0.000141,0.000605,0.001444,0.000047,0.000001,0.042660,0.005356,0.769500,0.000758,0.000000,0.000000,0.000391,0,0
276300000000,276600000000,6283499093,89,4302224596,0.000469,0.001280,0.001930,0.000134,0.000600,0.001291,0.000000,0.000001,0.005531,0.000000,2.572000,0.007840,0.000000,0.000000,0.000723,0,0
276600000000,276900000000,6283499093,89,4302224596,0.000377,0.001278,0.001930,0.000134,0.000600,0.001291,0.000002,0.000001,0.005119,0.000286,2.751000,0.008729,0.000000,0.000000,0.000509,0,0
276900000000,277200000000,6283499093,89,4302224596,0.000364,0.001284,0.001932,0.000134,0.000600,0.001295,0.000001,0.000001,0.005074,0.000215,2.567000,0.007912,0.000000,0.000000,0.000745,0,0
277200000000,277500000000,6283499093,89,4302224596,0.000347,0.001274,0.001932,0.000135,0.000601,0.001284,0.000009,0.000001,0.004929,0.001928,2.504000,0.007542,0.000000,0.000000,0.000157,0,0
277500000000,277800000000,6283499093,89,4302224596,0.000417,0.001286,0.001930,0.000134,0.000601,0.001293,0.000005,0.000001,0.004944,0.000143,3.219000,0.010720,0.000000,0.000000,0.000428,0,0
277800000000,277929000000,6283499093,89,4302224596,0.000437,0.001253,0.001930,0.000135,0.000601,0.001266,0.000085,0.000001,0.003418,0.007935,3.258000,0.011200,0.000000,0.000000,0.000643,0,0
277929000000,277943000000,6283499093,89,4302224596,0.000233,0.000000,0.000000,0.000000,0.000000,0.000000,0.000046,0.000001,0.003258,0.000643,2.767000,0.009168,0.000000,0.000000,0.000000,0,0
277943000000,277944000000,6283499093,89,4302224596,0.000000,0.000000,0.000000,0.000000,0.000000,0.000000,0.000000,0.000001,0.000000,0.000000,2.767000,0.009168,0.000000,0.000000,0.000000,0,0
