272496000000,272700000000,6283499093,9,1436368967,0.000000,0.000000,0.000000,0.000000,0.000000,0.000000,0.000001,0.000000,0.000000,0.000072,0.000000,0.000000,0.000000,0.000000,0.000000,0,0
272700000000,272907000000,6283499093,9,1436368967,0.000000,0.000000,0.000000,0.000000,0.000000,0.000000,0.000000,0.000000,0.000000,0.000000,0.000000,0.000000,0.000000,0.000000,0.000000,0,0
272907000000,273000000000,6283499093,9,1436368967,0.000656,0.000644,0.001928,0.000159,0.000182,0.001165,0.002098,0.000000,0.019470,0.010360,1.140000,0.001701,0.000000,0.000000,0.000298,0,0
273000000000,273300000000,6283499093,9,1436368967,0.000679,0.000953,0.001923,0.000196,0.000214,0.001097,0.000009,0.000000,0.029110,0.000643,2.466000,0.007235,0.000000,0.000000,0.000808,0,0
273300000000,273600000000,6283499093,9,1436368967,0.000670,0.000997,0.001919,0.000195,0.000219,0.001095,0.000010,0.000000,0.004997,0.002644,4.010000,0.014030,0.000000,0.000000,0.000301,0,0
273600000000,273900000000,6283499093,9,1436368967,0.000608,0.000999,0.001921,0.000195,0.000218,0.001097,0.000008,0.000000,0.017790,0.002071,2.358000,0.006613,0.000000,0.000000,0.000286,0,0
273900000000,274200000000,6283499093,9,1436368967,0.000436,0.000996,0.001923,0.000194,0.000216,0.001099,0.000008,0.000000,0.008102,0.001215,2.416000,0.007063,0.000000,0.000000,0.000235,0,0
274200000000,274500000000,6283499093,9,1436368967,0.000407,0.000996,0.001923,0.000193,0.000214,0.001097,0.000001,0.000000,0.004326,0.000428,2.803000,0.008789,0.000000,0.000000,0.000425,0,0
274500000000,274800000000,6283499093,9,1436368967,0.000380,0.000992,0.001925,0.000193,0.000213,0.001106,0.000007,0.000000,0.014850,0.000500,2.051000,0.005237,0.000000,0.000000,0.000156,0,0
274800000000,275100000000,6283499093,9,1436368967,0.000335,0.001217,0.001926,0.000193,0.000439,0.001415,0.000000,0.000000,0.003975,0.000072,2.569000,0.007566,0.000000,0.000000,0.000149,0,0
275100000000,275400000000,6283499093,9,1436368967,0.000387,0.001392,0.001926,0.000193,0.000611,0.001425,0.000001,0.000000,0.004951,0.000072,2.149000,0.005783,0.000000,0.000000,0.000188,0,0
275400000000,275700000000,6283499093,9,1436368967,0.000439,0.001204,0.001923,0.000193,0.000417,0.001429,0.000004,0.000000,0.005043,0.000929,2.679000,0.008264,0.000000,0.000000,0.000309,0,0
275700000000,276000000000,6283499093,9,1436368967,0.000431,0.001102,0.001921,0.000193,0.000317,0.001423,0.000000,0.000000,0.004379,0.000072,3.160000,0.010290,0.000000,0.000000,0.000396,0,0
276000000000,276300000000,6283499093,9,1436368967,0.005135,0.001385,0.002045,0.000092,0.000262,0.002167,0.000037,0.000000,0.080570,0.004784,1.016000,0.001922,0.000000,0.000000,0.000325,0,0
276300000000,276600000000,6283499093,9,1436368967,0.002430,0.001463,0.001919,0.000048,0.000261,0.001802,0.000100,0.000001,0.071780,0.008148,3.959000,0.014220,0.000000,0.000000,0.000468,0,0
276600000000,276900000000,6283499093,9,1436368967,0.000498,0.001415,0.001921,0.000047,0.000246,0.001682,0.000001,0.000001,0.004745,0.000286,3.395000,0.011620,0.000000,0.000000,0.000342,0,0
276900000000,277200000000,6283499093,9,1436368967,0.000419,0.001417,0.001921,0.000047,0.000247,0.001682,0.000001,0.000001,0.004692,0.000072,3.384000,0.011620,0.000000,0.000000,0.000160,0,0
277200000000,277500000000,6283499093,9,1436368967,0.000413,0.001417,0.001923,0.000045,0.000242,0.001688,0.000004,0.000001,0.005104,0.000500,3.100000,0.010240,0.000000,0.000000,0.000524,0,0
277500000000,277800000000,6283499093,9,1436368967,0.000361,0.001411,0.001923,0.000043,0.000237,0.001684,0.000013,0.000001,0.005310,0.001928,2.611000,0.007976,0.000000,0.000000,0.000600,0,0
277800000000,278100000000,6283499093,9,1436368967,0.000347,0.001413,0.001923,0.000043,0.000241,0.001682,0.000016,0.000001,0.005051,0.001785,2.338000,0.006733,0.000000,0.000000,0.000158,0,0
278100000000,278400000000,6283499093,9,1436368967,0.000325,0.001404,0.001923,0.000043,0.000235,0.001678,0.000017,0.000001,0.004936,0.001858,2.456000,0.007083,0.000000,0.000000,0.000320,0,0
278400000000,278700000000,6283499093,9,1436368967,0.000335,0.001413,0.001923,0.000043,0.000250,0.001678,0.000007,0.000001,0.003487,0.001286,2.314000,0.006471,0.000000,0.000000,0.000540,0,0
278700000000,279000000000,6283499093,9,1436368967,0.000333,0.001390,0.001923,0.000043,0.000225,0.001675,0.000007,0.000001,0.004753,0.000999,2.608000,0.007689,0.000000,0.000000,0.000107,0,0
279000000000,279069000000,6283499093,9,1436368967,0.000464,0.001389,0.001921,0.000043,0.000240,0.001671,0.000063,0.000001,0.003181,0.004143,2.321000,0.006494,0.000000,0.000000,0.000517,0,0
279069000000,279088000000,6283499093,9,1436368967,0.000135,0.000003,0.000000,0.000004,0.000004,0.000051,0.000083,0.000001,0.002571,0.001215,2.365000,0.006814,0.000000,0.000000,0.000000,0,0
279088000000,279090000000,6283499093,9,1436368967,0.000000,0.000000,0.000000,0.000000,0.000000,0.000000,0.000000,0.000001,0.000000,0.000000,2.365000,0.006814,0.000000,0.000000,0.000000,0,0
