272499000000,272619000000,6283499093,90,4088907451,0.000000,0.000000,0.000000,0.000000,0.000000,0.000000,0.000000,0.000000,0.000000,0.000000,0.000000,0.000000,0.000000,0.000000,0.000000,0,0
272619000000,272700000000,6283499093,90,4088907451,0.000761,0.001539,0.001932,0.000278,0.000697,0.001640,0.002464,0.000000,0.014220,0.055910,2.514000,0.007853,0.000000,0.000000,0.000384,0,0
272700000000,273000000000,6283499093,90,4088907451,0.000336,0.001059,0.001932,0.000287,0.000730,0.001520,0.000020,0.000000,0.004074,0.006142,2.403000,0.007230,0.000000,0.000000,0.000129,0,0
273000000000,273300000000,6283499093,90,4088907451,0.000330,0.000966,0.001932,0.000285,0.000730,0.000971,0.000011,0.000000,0.003990,0.002716,2.448000,0.007485,0.000000,0.000000,0.000191,0,0
273300000000,273600000000,6283499093,90,4088907451,0.000301,0.000965,0.001932,0.000287,0.000730,0.000970,0.000000,0.000000,0.004196,0.000000,2.228000,0.006335,0.000000,0.000000,0.000711,0,0
273600000000,273900000000,6283499093,90,4088907451,0.000300,0.000967,0.001932,0.000286,0.000730,0.000970,0.000001,0.000000,0.003944,0.000072,2.160000,0.006004,0.000000,0.000000,0.000083,0,0
273900000000,274200000000,6283499093,90,4088907451,0.000303,0.000973,0.001932,0.000286,0.000730,0.000984,0.000000,0.000000,0.004150,0.000000,2.185000,0.006148,0.000000,0.000000,0.000320,0,0
274200000000,274500000000,6283499093,90,4088907451,0.000324,0.000980,0.001932,0.000286,0.000730,0.000994,0.000007,0.000000,0.005898,0.001143,2.252000,0.006492,0.000000,0.000000,0.000709,0,0
274500000000,274800000000,6283499093,90,4088907451,0.000346,0.000990,0.001932,0.000287,0.000730,0.000999,0.000006,0.000000,0.003872,0.001642,2.297000,0.006577,0.000000,0.000000,0.000222,0,0
274800000000,275100000000,6283499093,90,4088907451,0.000335,0.000975,0.001932,0.000287,0.000730,0.000982,0.000000,0.000000,0.003944,0.000072,2.522000,0.007691,0.000000,0.000000,0.000155,0,0
275100000000,275400000000,6283499093,90,4088907451,0.000355,0.000997,0.001932,0.000287,0.000730,0.001001,0.000003,0.000000,0.003265,0.000857,2.622000,0.007937,0.000000,0.000000,0.000136,0,0
275400000000,275700000000,6283499093,90,4088907451,0.000331,0.000990,0.001932,0.000287,0.000732,0.001001,0.000001,0.000000,0.003975,0.000286,2.534000,0.007602,0.000000,0.000000,0.000192,0,0
275700000000,276000000000,6283499093,90,4088907451,0.000321,0.000994,0.001932,0.000288,0.000732,0.001005,0.000002,0.000000,0.004013,0.000571,2.304000,0.006579,0.000000,0.000000,0.000213,0,0
276000000000,276300000000,6283499093,90,4088907451,0.000327,0.000992,0.001932,0.000288,0.000732,0.001007,0.000009,0.000000,0.004410,0.001715,2.368000,0.006818,0.000000,0.000000,0.000254,0,0
276300000000,276600000000,6283499093,90,4088907451,0.000320,0.000999,0.001932,0.000288,0.000732,0.001007,0.000000,0.000000,0.004639,0.000072,2.331000,0.006741,0.000000,0.000000,0.000086,0,0
276600000000,276900000000,6283499093,90,4088907451,0.000316,0.000996,0.001932,0.000288,0.000732,0.001003,0.000001,0.000000,0.004013,0.000215,2.322000,0.006617,0.000000,0.000000,0.000131,0,0
276900000000,277200000000,6283499093,90,4088907451,0.000460,0.001049,0.001930,0.000292,0.000737,0.001087,0.000024,0.000000,0.006523,0.005074,2.137000,0.005811,0.000000,0.000000,0.000272,0,0
277200000000,277500000000,6283499093,90,4088907451,0.000403,0.001030,0.001930,0.000293,0.000738,0.001047,0.000006,0.000000,0.004257,0.001143,2.923000,0.009535,0.000000,0.000000,0.000367,0,0
277500000000,277800000000,6283499093,90,4088907451,0.000344,0.001038,0.001932,0.000292,0.000737,0.001047,0.000010,0.000000,0.004692,0.001286,2.585000,0.007901,0.000000,0.000000,0.000786,0,0
277800000000,278100000000,6283499093,90,4088907451,0.000309,0.001032,0.001932,0.000291,0.000737,0.001040,0.000010,0.000000,0.003967,0.001358,2.139000,0.005785,0.000000,0.000000,0.000641,0,0
278100000000,278400000000,6283499093,90,4088907451,0.000315,0.001034,0.001932,0.000296,0.000742,0.001047,0.000008,0.000000,0.004433,0.000857,2.306000,0.006563,0.000000,0.000000,0.000115,0,0
278400000000,278700000000,6283499093,90,4088907451,0.000311,0.001022,0.001932,0.000298,0.000744,0.001026,0.000010,0.000000,0.004120,0.002213,2.232000,0.006318,0.000000,0.000000,0.000056,0,0
278700000000,279000000000,6283499093,90,4088907451,0.000314,0.001022,0.001932,0.000298,0.000744,0.001026,0.000009,0.000000,0.004074,0.000714,2.178000,0.006004,0.000000,0.000000,0.000088,0,0
279000000000,279300000000,6283499093,90,4088907451,0.000420,0.001045,0.001930,0.000298,0.000745,0.001053,0.000024,0.000000,0.006516,0.003857,2.738000,0.008589,0.000000,0.000000,0.000279,0,0
279300000000,279600000000,6283499093,90,4088907451,0.000391,0.001020,0.001930,0.000298,0.000746,0.001038,0.000002,0.000000,0.004181,0.000143,3.038000,0.009974,0.000000,0.000000,0.000185,0,0
279600000000,279900000000,6283499093,90,4088907451,0.000367,0.001057,0.001930,0.000297,0.000749,0.001129,0.000022,0.000000,0.004395,0.004646,2.443000,0.007212,0.000000,0.000000,0.001095,0,0
279900000000,279979000000,6283499093,90,4088907451,0.000366,0.001106,0.001930,0.000293,0.000754,0.001129,0.000030,0.000000,0.004662,0.002144,2.429000,0.007195,0.000000,0.000000,0.000176,0,0
279979000000,279992000000,6283499093,90,4088907451,0.000164,0.000000,0.000000,0.000000,0.000000,0.000000,0.000016,0.000000,0.002136,0.000143,1.852000,0.004289,0.000000,0.000000,0.000000,0,0
279992000000,279993000000,6283499093,90,4088907451,0.000000,0.000000,0.000000,0.000000,0.000000,0.000000,0.000000,0.000000,0.000000,0.000000,1.836000,0.004205,0.000000,0.000000,0.000000,0,0
