272489000000,272700000000,6283499093,91,3935696501,0.000000,0.000000,0.000000,0.000000,0.000000,0.000000,0.000000,0.000000,0.000000,0.000000,0.000000,0.000000,0.000000,0.000000,0.000000,0,0
272700000000,272706000000,6283499093,91,3935696501,0.000000,0.000000,0.000000,0.000000,0.000000,0.000000,0.000000,0.000000,0.000000,0.000000,0.000000,0.000000,0.000000,0.000000,0.000000,0,0
272706000000,273000000000,6283499093,91,3935696501,0.000360,0.000982,0.001879,0.000188,0.000265,0.001389,0.000356,0.000000,0.032650,0.012860,1.635000,0.003088,0.000000,0.000000,0.000595,0,0
273000000000,273300000000,6283499093,91,3935696501,0.000278,0.001345,0.001881,0.000192,0.000593,0.001387,0.000000,0.000000,0.002941,0.000000,2.916000,0.009089,0.000000,0.000000,0.000174,0,0
273300000000,273600000000,6283499093,91,3935696501,0.000334,0.001282,0.001881,0.000191,0.000527,0.001415,0.000002,0.000000,0.008026,0.000428,6.077000,0.022430,0.000000,0.000000,0.000570,0,0
273600000000,273900000000,6283499093,91,3935696501,0.000374,0.001261,0.001879,0.000191,0.000483,0.001417,0.000003,0.000000,0.024440,0.000571,4.662000,0.016830,0.000000,0.000000,0.000159,0,0
273900000000,274200000000,6283499093,91,3935696501,0.000383,0.001215,0.001877,0.000193,0.000430,0.001444,0.000041,0.000000,0.011380,0.011000,7.228000,0.028030,0.000000,0.000000,0.000228,0,0
274200000000,274500000000,6283499093,91,3935696501,0.000226,0.001190,0.001877,0.000197,0.000400,0.001436,0.000000,0.000000,0.001734,0.000000,6.429000,0.024920,0.000000,0.000000,0.000180,0,0
274500000000,274800000000,6283499093,91,3935696501,0.000201,0.001143,0.001881,0.000197,0.000344,0.001440,0.000004,0.000000,0.001520,0.000857,5.910000,0.022300,0.000000,0.000000,0.000162,0,0
274800000000,275100000000,6283499093,91,3935696501,0.003674,0.001202,0.002136,0.000187,0.000283,0.002720,0.000056,0.000000,0.108400,0.013080,4.302000,0.014640,0.000000,0.000000,0.000193,0,0
275100000000,275400000000,6283499093,91,3935696501,0.003036,0.001562,0.002193,0.000029,0.000186,0.002598,0.000016,0.000000,0.068850,0.001072,0.767000,0.000832,0.000000,0.000000,0.000734,0,0
275400000000,275700000000,6283499093,91,3935696501,0.000907,0.001427,0.001930,0.000029,0.000249,0.001745,0.000112,0.000000,0.042420,0.015000,0.966000,0.001790,0.000000,0.000000,0.000082,0,0
275700000000,276000000000,6283499093,91,3935696501,0.000385,0.001301,0.001936,0.000031,0.000179,0.001617,0.000001,0.000000,0.005302,0.000143,6.075000,0.022180,0.000000,0.000000,0.000229,0,0
276000000000,276300000000,6283499093,91,3935696501,0.000272,0.001234,0.001938,0.000024,0.000109,0.001616,0.000005,0.000000,0.001692,0.000643,9.538000,0.037630,0.000000,0.000000,0.000539,0,0
276300000000,276600000000,6283499093,91,3935696501,0.000278,0.001352,0.001940,0.000024,0.000365,0.001610,0.000000,0.000000,0.005478,0.000072,3.951000,0.013100,0.000000,0.000000,0.000087,0,0
276600000000,276900000000,6283499093,91,3935696501,0.000285,0.001329,0.001940,0.000024,0.000289,0.001610,0.000003,0.000000,0.003193,0.000857,2.949000,0.009221,0.000000,0.000000,0.000115,0,0
276900000000,277200000000,6283499093,91,3935696501,0.000423,0.001307,0.001936,0.000024,0.000204,0.001612,0.000005,0.000000,0.014430,0.001143,5.687000,0.020990,0.000000,0.000000,0.000056,0,0
277200000000,277500000000,6283499093,91,3935696501,0.000402,0.001293,0.001934,0.000024,0.000174,0.001612,0.000010,0.000000,0.005676,0.002499,3.316000,0.010690,0.000000,0.000000,0.000352,0,0
277500000000,277800000000,6283499093,91,3935696501,0.000281,0.001316,0.001934,0.000023,0.000204,0.001602,0.000008,0.000000,0.004578,0.001072,3.772000,0.013120,0.000000,0.000000,0.000241,0,0
277800000000,277879000000,6283499093,91,3935696501,0.000463,0.001328,0.001934,0.000023,0.000224,0.001606,0.000046,0.000000,0.012050,0.003071,6.213000,0.023170,0.000000,0.000000,0.000140,0,0
277879000000,277892000000,6283499093,91,3935696501,0.000254,0.000000,0.000000,0.000000,0.000000,0.000000,0.000060,0.000000,0.003292,0.000714,5.969000,0.022090,0.000000,0.000000,0.000000,0,0
277892000000,277893000000,6283499093,91,3935696501,0.000000,0.000000,0.000000,0.000000,0.000000,0.000000,0.000000,0.000000,0.000000,0.000000,5.969000,0.022090,0.000000,0.000000,0.000000,0,0
