272504000000,272605000000,6283499093,92,798595224,0.000000,0.000000,0.000000,0.000000,0.000000,0.000000,0.000000,0.000000,0.000000,0.000000,0.000000,0.000000,0.000000,0.000000,0.000000,0,0
272605000000,272700000000,6283499093,92,798595224,0.000638,0.001167,0.001923,0.000189,0.000421,0.001495,0.001431,0.000000,0.021360,0.021640,3.819000,0.013350,0.000000,0.000000,0.000117,0,0
272700000000,273000000000,6283499093,92,798595224,0.000324,0.000884,0.001921,0.000196,0.000217,0.001036,0.000000,0.000000,0.003944,0.000072,2.304000,0.006866,0.000000,0.000000,0.000057,0,0
273000000000,273300000000,6283499093,92,798595224,0.000310,0.001095,0.001923,0.000195,0.000425,0.001293,0.000018,0.000000,0.004745,0.004570,2.398000,0.007405,0.000000,0.000000,0.000104,0,0
273300000000,273600000000,6283499093,92,798595224,0.000268,0.001089,0.001923,0.000193,0.000415,0.001293,0.000001,0.000000,0.003738,0.000215,2.338000,0.006978,0.000000,0.000000,0.000156,0,0
273600000000,273900000000,6283499093,92,798595224,0.000286,0.001093,0.001923,0.000192,0.000412,0.001297,0.000000,0.000000,0.004059,0.000072,2.358000,0.006996,0.000000,0.000000,0.000311,0,0
273900000000,274200000000,6283499093,92,798595224,0.000284,0.001106,0.001923,0.000188,0.000421,0.001307,0.000000,0.000000,0.004875,0.000072,2.231000,0.006614,0.000000,0.000000,0.000495,0,0
274200000000,274500000000,6283499093,92,798595224,0.000273,0.001139,0.001925,0.000183,0.000449,0.001301,0.000005,0.000000,0.003750,0.000857,3.206000,0.010710,0.000000,0.000000,0.000139,0,0
274500000000,274800000000,6283499093,92,798595224,0.000312,0.001125,0.001923,0.000183,0.000430,0.001307,0.000000,0.000000,0.004028,0.000072,2.305000,0.006837,0.000000,0.000000,0.000079,0,0
274800000000,275100000000,6283499093,92,798595224,0.000302,0.001133,0.001923,0.000183,0.000437,0.001307,0.000000,0.000000,0.004128,0.000072,2.460000,0.007313,0.000000,0.000000,0.000332,0,0
275100000000,275400000000,6283499093,92,798595224,0.000306,0.001051,0.001921,0.000183,0.000352,0.001312,0.000000,0.000000,0.004433,0.000072,2.331000,0.006776,0.000000,0.000000,0.000103,0,0
275400000000,275700000000,6283499093,92,798595224,0.000321,0.001024,0.001921,0.000183,0.000320,0.001314,0.000002,0.000000,0.004623,0.000571,2.134000,0.005710,0.000000,0.000000,0.000352,0,0
275700000000,276000000000,6283499093,92,798595224,0.000333,0.001017,0.001919,0.000183,0.000308,0.001324,0.000001,0.000000,0.012150,0.000215,2.196000,0.005838,0.000000,0.000000,0.000440,0,0
276000000000,276045000000,6283499093,92,798595224,0.000306,0.001003,0.001919,0.000183,0.000294,0.001318,0.000002,0.000000,0.003822,0.000072,2.184000,0.005889,0.000000,0.000000,0.000318,0,0
276045000000,276047000000,6283499093,92,798595224,0.000125,0.001184,0.001926,0.000204,0.000578,0.001226,0.005249,0.000000,0.000379,0.010500,2.190000,0.005913,0.000000,0.000000,0.000379,0,0
276047000000,276063000000,6283499093,92,798595224,0.001247,0.000084,0.000000,0.000000,0.000000,0.001348,0.000075,0.000000,0.029910,0.001143,2.190000,0.005913,0.000000,0.000000,0.000000,1,0
276063000000,276065000000,6283499093,92,798595224,0.000000,0.000000,0.000000,0.000000,0.000000,0.000000,0.000000,0.000000,0.000000,0.000000,2.190000,0.005913,0.000000,0.000000,0.000000,0,0
276085000000,276100000000,6283499093,92,317330969,0.000000,0.000000,0.000000,0.000000,0.000000,0.000000,0.000000,0.000000,0.000000,0.000000,0.000000,0.000000,0.000000,0.000000,0.000000,1,0
276100000000,276300000000,6283499093,92,317330969,0.000458,0.001112,0.001923,0.000008,0.000258,0.001312,0.000044,0.000000,0.019040,0.006569,1.238000,0.001915,0.000000,0.000000,0.000112,0,0
276300000000,276600000000,6283499093,92,317330969,0.000340,0.001091,0.001923,0.000001,0.000227,0.001312,0.000000,0.000000,0.004341,0.000072,2.425000,0.007283,0.000000,0.000000,0.000220,0,0
276600000000,276900000000,6283499093,92,317330969,0.000333,0.001127,0.001923,0.000001,0.000257,0.001316,0.000001,0.000000,0.004509,0.000143,2.469000,0.007419,0.000000,0.000000,0.000583,0,0
276900000000,277200000000,6283499093,92,317330969,0.000304,0.001110,0.001923,0.000001,0.000237,0.001318,0.000000,0.000000,0.005569,0.000000,2.265000,0.006380,0.000000,0.000000,0.000560,0,0
277200000000,277500000000,6283499093,92,317330969,0.000323,0.001120,0.001923,0.000001,0.000244,0.001328,0.000003,0.000000,0.003906,0.000428,2.301000,0.006592,0.000000,0.000000,0.000175,0,0
277500000000,277800000000,6283499093,92,317330969,0.000336,0.001106,0.001923,0.000033,0.000231,0.001333,0.000183,0.000000,0.004204,0.029630,2.379000,0.007101,0.000000,0.000000,0.000129,0,0
277800000000,278100000000,6283499093,92,317330969,0.000360,0.001019,0.001923,0.000099,0.000217,0.001167,0.000263,0.000000,0.004738,0.030360,2.455000,0.007586,0.000000,0.000000,0.000132,0,0
278100000000,278400000000,6283499093,92,317330969,0.000340,0.001019,0.001928,0.000104,0.000311,0.001120,0.000028,0.000000,0.004196,0.006645,2.326000,0.007161,0.000000,0.000000,0.000181,0,0
278400000000,278700000000,6283499093,92,317330969,0.000415,0.001060,0.001928,0.000174,0.000430,0.001162,0.000175,0.000000,0.008514,0.044560,2.762000,0.009041,0.000000,0.000000,0.000121,0,0
278700000000,279000000000,6283499093,92,317330969,0.000386,0.001032,0.001926,0.000194,0.000460,0.001040,0.000002,0.000000,0.004395,0.000072,1.967000,0.005390,0.000000,0.000000,0.000464,0,0
279000000000,279300000000,6283499093,92,317330969,0.000354,0.001026,0.001928,0.000194,0.000460,0.001038,0.000003,0.000000,0.004395,0.000215,2.458000,0.007889,0.000000,0.000000,0.000197,0,0
279300000000,279600000000,6283499093,92,317330969,0.000325,0.001045,0.001928,0.000203,0.000474,0.001083,0.000031,0.000000,0.004387,0.008362,2.197000,0.006174,0.000000,0.000000,0.004257,0,0
279600000000,279900000000,6283499093,92,317330969,0.000361,0.001043,0.001928,0.000207,0.000480,0.001057,0.000006,0.000000,0.011250,0.001072,1.359000,0.002106,0.000000,0.000000,0.000296,0,0
279900000000,280200000000,6283499093,92,317330969,0.000433,0.001072,0.001928,0.000207,0.000480,0.001102,0.000006,0.000000,0.031920,0.000428,1.369000,0.002252,0.000000,0.000000,0.000321,0,0
280200000000,280500000000,6283499093,92,317330969,0.000438,0.001083,0.001928,0.000207,0.000480,0.001110,0.000001,0.000000,0.015340,0.000143,1.273000,0.001537,0.000000,0.000000,0.000690,0,0
280500000000,280800000000,6283499093,92,317330969,0.000389,0.000796,0.001926,0.000217,0.000498,0.001120,0.000041,0.000000,0.010480,0.011140,1.351000,0.002069,0.000000,0.000000,0.000368,0,0
280800000000,281100000000,6283499093,92,317330969,0.000349,0.000629,0.001928,0.000221,0.000505,0.000657,0.000003,0.000000,0.004555,0.000428,2.657000,0.008696,0.000000,0.000000,0.000237,0,0
281100000000,281400000000,6283499093,92,317330969,0.000320,0.000611,0.001928,0.000221,0.000505,0.000618,0.000002,0.000000,0.004204,0.000215,2.262000,0.006798,0.000000,0.000000,0.000184,0,0
281400000000,281700000000,6283499093,92,317330969,0.000304,0.000619,0.001928,0.000221,0.000505,0.000635,0.000004,0.000000,0.004593,0.000857,2.406000,0.007262,0.000000,0.000000,0.000185,0,0
281700000000,282000000000,6283499093,92,317330969,0.000296,0.000605,0.001928,0.000221,0.000505,0.000619,0.000000,0.000000,0.004417,0.000000,2.109000,0.006004,0.000000,0.000000,0.000254,0,0
282000000000,282039000000,6283499093,92,317330969,0.000279,0.000602,0.001928,0.000221,0.000506,0.000602,0.000700,0.000000,0.001167,0.027280,2.153000,0.006134,0.000000,0.000000,0.000629,0,0
282039000000,282054000000,6283499093,92,317330969,0.000210,0.000000,0.000000,0.000000,0.000000,0.000000,0.000029,0.000000,0.003143,0.000357,2.153000,0.006134,0.000000,0.000000,0.000000,0,0
282054000000,282055000000,6283499093,92,317330969,0.000000,0.000000,0.000000,0.000000,0.000000,0.000000,0.000000,0.000000,0.000000,0.000000,2.153000,0.006134,0.000000,0.000000,0.000000,0,0
