278082000000,278100000000,6283499093,926,3935488540,0.000000,0.000000,0.000000,0.000000,0.000000,0.000000,0.000000,0.000000,0.000000,0.000000,0.000000,0.000000,0.000000,0.000000,0.000000,0,0
278100000000,278111000000,6283499093,926,3935488540,0.000000,0.000000,0.000000,0.000000,0.000000,0.000000,0.000000,0.000000,0.000000,0.000000,0.000000,0.000000,0.000000,0.000000,0.000000,0,0
278111000000,278400000000,6283499093,926,3935488540,0.000205,0.000400,0.001928,0.000004,0.000096,0.000693,0.000260,0.000000,0.037350,0.010640,1.581000,0.002622,0.000000,0.000000,0.000011,0,0
278400000000,278700000000,6283499093,926,3935488540,0.000119,0.000434,0.001926,0.000004,0.000110,0.000750,0.000000,0.000000,0.005188,0.000000,5.802000,0.022000,0.000000,0.000000,0.000278,0,0
278700000000,279000000000,6283499093,926,3935488540,0.000123,0.000460,0.001926,0.000003,0.000125,0.000753,0.000000,0.000000,0.003418,0.000072,2.615000,0.008534,0.000000,0.000000,0.000038,0,0
279000000000,279300000000,6283499093,926,3935488540,0.000118,0.000476,0.001926,0.000003,0.000139,0.000762,0.000001,0.000000,0.004524,0.000072,3.133000,0.011080,0.000000,0.000000,0.000223,0,0
279300000000,279600000000,6283499093,926,3935488540,0.000219,0.000513,0.001926,0.000021,0.000151,0.000938,0.000204,0.000000,0.005402,0.031220,2.807000,0.009308,0.000000,0.000000,0.000138,0,0
279600000000,279900000000,6283499093,926,3935488540,0.000325,0.000621,0.001926,0.000063,0.000275,0.000876,0.000003,0.000000,0.006317,0.000428,2.414000,0.006658,0.000000,0.000000,0.000107,0,0
279900000000,280200000000,6283499093,926,3935488540,0.000323,0.000578,0.001926,0.000064,0.000238,0.000856,0.000003,0.000000,0.004707,0.000428,2.554000,0.007302,0.000000,0.000000,0.000653,0,0
280200000000,280500000000,6283499093,926,3935488540,0.000420,0.001032,0.001925,0.000061,0.000259,0.001381,0.000013,0.000000,0.007935,0.001715,3.416000,0.011080,0.000000,0.000000,0.000335,0,0
280500000000,280800000000,6283499093,926,3935488540,0.000433,0.001122,0.001923,0.000061,0.000268,0.001394,0.000000,0.000000,0.004906,0.000072,3.113000,0.009524,0.000000,0.000000,0.000354,0,0
280800000000,281100000000,6283499093,926,3935488540,0.000447,0.001183,0.001923,0.000061,0.000296,0.001411,0.000003,0.000000,0.004936,0.000286,3.059000,0.009380,0.000000,0.000000,0.000420,0,0
281100000000,281400000000,6283499093,926,3935488540,0.000464,0.001204,0.001923,0.000061,0.000308,0.001423,0.000008,0.000000,0.005814,0.001642,2.895000,0.008854,0.000000,0.000000,0.000806,0,0
281400000000,281700000000,6283499093,926,3935488540,0.000399,0.001114,0.001921,0.000062,0.000215,0.001423,0.000000,0.000000,0.005295,0.000072,3.746000,0.012370,0.000000,0.000000,0.000309,0,0
281700000000,282000000000,6283499093,926,3935488540,0.000382,0.001091,0.001921,0.000062,0.000196,0.001419,0.000004,0.000000,0.004875,0.000714,2.763000,0.008090,0.000000,0.000000,0.000097,0,0
282000000000,282300000000,6283499093,926,3935488540,0.000386,0.001080,0.001921,0.000062,0.000175,0.001427,0.000007,0.000000,0.006088,0.000643,2.799000,0.008223,0.000000,0.000000,0.000159,0,0
282300000000,282600000000,6283499093,926,3935488540,0.000380,0.001074,0.001921,0.000062,0.000169,0.001427,0.000016,0.000000,0.005699,0.001429,2.862000,0.008429,0.000000,0.000000,0.000430,0,0
282600000000,282900000000,6283499093,926,3935488540,0.000414,0.001148,0.001925,0.000062,0.000264,0.001427,0.000010,0.000000,0.005508,0.000500,2.695000,0.007975,0.000000,0.000000,0.000175,0,0
282900000000,283200000000,6283499093,926,3935488540,0.000400,0.001074,0.001930,0.000062,0.000414,0.001091,0.000004,0.000000,0.005577,0.000428,3.196000,0.010050,0.000000,0.000000,0.000283,0,0
283200000000,283500000000,6283499093,926,3935488540,0.000382,0.001057,0.001930,0.000062,0.000413,0.001085,0.000010,0.000000,0.006737,0.001928,2.540000,0.007160,0.000000,0.000000,0.000113,0,0
283500000000,283699000000,6283499093,926,3935488540,0.000533,0.001068,0.001930,0.000065,0.000417,0.001150,0.000157,0.000000,0.017300,0.011780,2.900000,0.008710,0.000000,0.000000,0.000233,0,0
283699000000,283712000000,6283499093,926,3935488540,0.000286,0.000000,0.000000,0.000000,0.000000,0.000000,0.000056,0.000000,0.003723,0.000714,2.112000,0.005536,0.000000,0.000000,0.000000,0,0
283712000000,283714000000,6283499093,926,3935488540,0.000000,0.000000,0.000000,0.000000,0.000000,0.000000,0.000000,0.000000,0.000000,0.000000,1.718000,0.004083,0.000000,0.000000,0.000000,0,0
