278079000000,278100000000,6283499093,927,351640963,0.000000,0.000000,0.000000,0.000000,0.000000,0.000000,0.000000,0.000000,0.000000,0.000000,0.000000,0.000000,0.000000,0.000000,0.000000,0,0
278100000000,278108000000,6283499093,927,351640963,0.000000,0.000000,0.000000,0.000000,0.000000,0.000000,0.000000,0.000000,0.000000,0.000000,0.000000,0.000000,0.000000,0.000000,0.000000,0,0
278108000000,278400000000,6283499093,927,351640963,0.000170,0.000510,0.001930,0.000001,0.000374,0.000751,0.000011,0.000000,0.050230,0.002357,1.320000,0.001783,0.000000,0.000000,0.000070,0,0
278400000000,278700000000,6283499093,927,351640963,0.000272,0.000473,0.001926,0.000010,0.000423,0.000579,0.000035,0.000000,0.006516,0.009720,3.201000,0.010340,0.000000,0.000000,0.000132,0,0
278700000000,279000000000,6283499093,927,351640963,0.000298,0.000471,0.001925,0.000015,0.000425,0.000514,0.000000,0.000000,0.004601,0.000072,2.430000,0.006829,0.000000,0.000000,0.000160,0,0
279000000000,279300000000,6283499093,927,351640963,0.000280,0.000477,0.001926,0.000015,0.000430,0.000518,0.000004,0.000000,0.004189,0.000857,2.571000,0.007262,0.000000,0.000000,0.000291,0,0
279300000000,279589000000,6283499093,927,351640963,0.000285,0.000483,0.001925,0.000015,0.000421,0.000545,0.000011,0.000000,0.004784,0.002785,2.182000,0.005607,0.000000,0.000000,0.000126,0,0
279589000000,279600000000,6283499093,927,351640963,0.000246,0.000000,0.000000,0.000000,0.000000,0.000000,0.000091,0.000000,0.002712,0.000999,2.178000,0.005717,0.000000,0.000000,0.000000,0,0
279600000000,279609000000,6283499093,927,351640963,0.000000,0.000000,0.000000,0.000000,0.000000,0.000000,0.000000,0.000000,0.000000,0.000000,2.178000,0.005717,0.000000,0.000000,0.000000,0,0
279609000000,279610000000,6283499093,927,351640963,0.000000,0.000000,0.000000,0.000000,0.000000,0.000000,0.000000,0.000000,0.000000,0.000000,2.178000,0.005717,0.000000,0.000000,0.000000,0,0
