272506000000,272700000000,6283499093,93,1436344351,0.000000,0.000000,0.000000,0.000000,0.000000,0.000000,0.000000,0.000000,0.000000,0.000000,0.000000,0.000000,0.000000,0.000000,0.000000,0,0
272700000000,272913000000,6283499093,93,1436344351,0.000000,0.000000,0.000000,0.000000,0.000000,0.000000,0.000000,0.000000,0.000000,0.000000,0.000000,0.000000,0.000000,0.000000,0.000000,0,0
272913000000,273000000000,6283499093,93,1436344351,0.000626,0.000996,0.001936,0.000300,0.000580,0.001717,0.003628,0.000000,0.018340,0.014280,1.662000,0.003749,0.000000,0.000000,0.000000,0,0
273000000000,273300000000,6283499093,93,1436344351,0.000355,0.001133,0.001932,0.000384,0.000828,0.001686,0.000000,0.000000,0.001623,0.000072,2.740000,0.008404,0.000000,0.000000,0.000654,0,0
273300000000,273600000000,6283499093,93,1436344351,0.000354,0.000951,0.001932,0.000383,0.000828,0.000965,0.000001,0.000000,0.003929,0.000143,2.469000,0.007348,0.000000,0.000000,0.000233,0,0
273600000000,273900000000,6283499093,93,1436344351,0.000313,0.000976,0.001934,0.000383,0.000828,0.000990,0.000000,0.000000,0.004402,0.000072,1.960000,0.004879,0.000000,0.000000,0.000165,0,0
273900000000,274200000000,6283499093,93,1436344351,0.000317,0.000982,0.001934,0.000383,0.000828,0.000994,0.000001,0.000000,0.004898,0.000072,2.305000,0.006413,0.000000,0.000000,0.003780,0,0
274200000000,274500000000,6283499093,93,1436344351,0.003422,0.001125,0.002060,0.000217,0.000632,0.001661,0.000014,0.000000,0.077270,0.001358,0.616400,0.000293,0.000000,0.000000,0.000365,0,0
274500000000,274800000000,6283499093,93,1436344351,0.000452,0.001188,0.001932,0.000015,0.000396,0.001215,0.000010,0.000000,0.004311,0.001642,2.220000,0.006631,0.000000,0.000000,0.000365,0,0
274800000000,275100000000,6283499093,93,1436344351,0.000411,0.001181,0.001932,0.000010,0.000390,0.001188,0.000000,0.000000,0.004005,0.000000,2.953000,0.009368,0.000000,0.000000,0.000227,0,0
275100000000,275400000000,6283499093,93,1436344351,0.000335,0.001183,0.001934,0.000010,0.000390,0.001190,0.000001,0.000000,0.006935,0.000072,2.256000,0.006157,0.000000,0.000000,0.000194,0,0
275400000000,275700000000,6283499093,93,1436344351,0.000329,0.001165,0.001934,0.000010,0.000390,0.001171,0.000000,0.000000,0.004524,0.000000,2.613000,0.007729,0.000000,0.000000,0.000588,0,0
275700000000,276000000000,6283499093,93,1436344351,0.002678,0.001259,0.001930,0.000031,0.000417,0.001415,0.000186,0.000000,0.078000,0.009720,0.611300,0.000289,0.000000,0.000000,0.000541,0,0
276000000000,276300000000,6283499093,93,1436344351,0.000527,0.001259,0.001930,0.000062,0.000463,0.001348,0.000004,0.000000,0.008148,0.000643,1.932000,0.004630,0.000000,0.000000,0.000404,0,0
276300000000,276600000000,6283499093,93,1436344351,0.000477,0.001232,0.001930,0.000063,0.000463,0.001242,0.000000,0.000000,0.004761,0.000072,3.952000,0.013680,0.000000,0.000000,0.000295,0,0
276600000000,276900000000,6283499093,93,1436344351,0.000356,0.001225,0.001932,0.000063,0.000463,0.001242,0.000002,0.000000,0.018430,0.000286,2.494000,0.007377,0.000000,0.000000,0.000551,0,0
276900000000,277200000000,6283499093,93,1436344351,0.000346,0.001234,0.001932,0.000062,0.000463,0.001247,0.000000,0.000000,0.005287,0.000072,2.316000,0.006568,0.000000,0.000000,0.000276,0,0
277200000000,277500000000,6283499093,93,1436344351,0.000371,0.001232,0.001932,0.000063,0.000463,0.001244,0.000002,0.000000,0.006363,0.000072,2.926000,0.009170,0.000000,0.000000,0.000545,0,0
277500000000,277641000000,6283499093,93,1436344351,0.000454,0.001223,0.001930,0.000066,0.000464,0.001245,0.000154,0.000000,0.004707,0.011720,2.299000,0.006499,0.000000,0.000000,0.000990,0,0
277641000000,277654000000,6283499093,93,1436344351,0.000121,0.000000,0.000000,0.000000,0.000000,0.000000,0.000067,0.000000,0.001579,0.000500,1.592000,0.003237,0.000000,0.000000,0.000000,0,0
277654000000,277656000000,6283499093,93,1436344351,0.000000,0.000000,0.000000,0.000000,0.000000,0.000000,0.000000,0.000000,0.000000,0.000000,1.592000,0.003237,0.000000,0.000000,0.000000,0,0
