278094000000,278100000000,6283499093,934,4479623702,0.000403,0.000086,0.001928,0.000041,0.000043,0.000119,0.004860,0.000000,0.013570,0.014860,0.000000,0.000000,0.000000,0.000000,0.000741,0,0
278100000000,278400000000,6283499093,934,4479623702,0.000180,0.000673,0.001925,0.000356,0.000738,0.001144,0.000913,0.000000,0.008545,0.014360,2.728000,0.008883,0.000000,0.000000,0.000009,0,0
278400000000,278700000000,6283499093,934,4479623702,0.000119,0.000400,0.001923,0.000380,0.000803,0.000423,0.000000,0.000000,0.004158,0.000000,2.172000,0.007370,0.000000,0.000000,0.000018,0,0
278700000000,279000000000,6283499093,934,4479623702,0.000117,0.000412,0.001923,0.000378,0.000803,0.000423,0.000000,0.000000,0.000948,0.000143,2.764000,0.009787,0.000000,0.000000,0.000060,0,0
279000000000,279300000000,6283499093,934,4479623702,0.000117,0.000393,0.001932,0.000377,0.000803,0.000407,0.000004,0.000000,0.003307,0.000999,2.387000,0.007934,0.000000,0.000000,0.000130,0,0
279300000000,279600000000,6283499093,934,4479623702,0.000122,0.000392,0.001936,0.000376,0.000801,0.000398,0.000005,0.000000,0.003597,0.000571,2.756000,0.009046,0.000000,0.000000,0.000011,0,0
279600000000,279900000000,6283499093,934,4479623702,0.000120,0.000395,0.001936,0.000374,0.000802,0.000403,0.000001,0.000000,0.003647,0.000072,2.378000,0.007645,0.000000,0.000000,0.000039,0,0
279900000000,280200000000,6283499093,934,4479623702,0.000261,0.000477,0.001934,0.000363,0.000805,0.000572,0.000034,0.000000,0.007980,0.008499,2.478000,0.007081,0.000000,0.000000,0.000369,0,0
280200000000,280500000000,6283499093,934,4479623702,0.000416,0.000915,0.001930,0.000356,0.000813,0.001028,0.000026,0.000000,0.022280,0.007286,2.978000,0.009273,0.000000,0.000000,0.000100,0,0
280500000000,280800000000,6283499093,934,4479623702,0.000397,0.000986,0.001930,0.000351,0.000810,0.001019,0.000006,0.000000,0.004906,0.000857,3.406000,0.010970,0.000000,0.000000,0.000330,0,0
280800000000,281100000000,6283499093,934,4479623702,0.000453,0.001020,0.001930,0.000349,0.000810,0.001051,0.000003,0.000000,0.005493,0.000286,2.006000,0.004853,0.000000,0.000000,0.000253,0,0
281100000000,281400000000,6283499093,934,4479623702,0.000434,0.001007,0.001930,0.000349,0.000810,0.001028,0.000003,0.000000,0.004776,0.000428,3.269000,0.010340,0.000000,0.000000,0.000832,0,0
281400000000,281700000000,6283499093,934,4479623702,0.000411,0.001015,0.001930,0.000349,0.000811,0.001041,0.000000,0.000000,0.005554,0.000000,2.885000,0.008786,0.000000,0.000000,0.000491,0,0
281700000000,282000000000,6283499093,934,4479623702,0.000380,0.000996,0.001932,0.000349,0.000811,0.001011,0.000000,0.000000,0.005806,0.000072,2.684000,0.007807,0.000000,0.000000,0.000296,0,0
282000000000,282300000000,6283499093,934,4479623702,0.000374,0.001017,0.001932,0.000350,0.000811,0.001038,0.000007,0.000000,0.005798,0.000643,2.581000,0.007450,0.000000,0.000000,0.000402,0,0
282300000000,282600000000,6283499093,934,4479623702,0.000384,0.001026,0.001932,0.000350,0.000811,0.001049,0.000008,0.000000,0.004646,0.000643,2.622000,0.007658,0.000000,0.000000,0.000185,0,0
282600000000,282900000000,6283499093,934,4479623702,0.000403,0.001043,0.001930,0.000349,0.000811,0.001053,0.000008,0.000000,0.005096,0.001072,2.522000,0.007210,0.000000,0.000000,0.000281,0,0
282900000000,283200000000,6283499093,934,4479623702,0.000374,0.001034,0.001932,0.000350,0.000811,0.001051,0.000004,0.000000,0.005569,0.000357,2.451000,0.006995,0.000000,0.000000,0.000379,0,0
283200000000,283500000000,6283499093,934,4479623702,0.000375,0.001034,0.001932,0.000350,0.000811,0.001062,0.000003,0.000000,0.005188,0.000357,3.062000,0.009562,0.000000,0.000000,0.000270,0,0
283500000000,283800000000,6283499093,934,4479623702,0.000382,0.001053,0.001930,0.000351,0.000812,0.001062,0.000011,0.000000,0.005096,0.000714,2.825000,0.008604,0.000000,0.000000,0.000382,0,0
283800000000,284100000000,6283499093,934,4479623702,0.000371,0.001022,0.001932,0.000351,0.000812,0.001062,0.000002,0.000000,0.004890,0.000215,2.519000,0.007073,0.000000,0.000000,0.000472,0,0
284100000000,284296000000,6283499093,934,4479623702,0.000380,0.001051,0.001930,0.000351,0.000812,0.001068,0.000006,0.000000,0.005714,0.000357,2.601000,0.007484,0.000000,0.000000,0.005714,0,0
284296000000,284297000000,6283499093,934,4479623702,0.000000,0.001066,0.001930,0.000423,0.000885,0.001066,0.018430,0.000000,0.000000,0.018430,2.803000,0.008289,0.000000,0.000000,0.000000,0,0
284297000000,284308000000,6283499093,934,4479623702,0.001484,0.000309,0.001938,0.000889,0.000889,0.001139,0.000007,0.000000,0.022980,0.000072,2.803000,0.008289,0.000000,0.000000,0.000000,0,0
284308000000,284309000000,6283499093,934,4479623702,0.000000,0.000224,0.001940,0.000887,0.000887,0.000224,0.000000,0.000000,0.000000,0.000000,2.803000,0.008289,0.000000,0.000000,0.000000,0,0
