278097000000,278100000000,6283499093,938,1221695767,0.000000,0.000000,0.000000,0.000000,0.000000,0.000000,0.000000,0.000000,0.000000,0.000000,0.000000,0.000000,0.000000,0.000000,0.000000,0,0
278100000000,278108000000,6283499093,938,1221695767,0.000000,0.000000,0.000000,0.000000,0.000000,0.000000,0.000000,0.000000,0.000000,0.000000,0.000000,0.000000,0.000000,0.000000,0.000000,0,0
278108000000,278400000000,6283499093,938,1221695767,0.000206,0.000562,0.001930,0.000133,0.000518,0.000873,0.000628,0.000000,0.013440,0.026060,1.564000,0.002469,0.000000,0.000000,0.000008,0,0
278400000000,278700000000,6283499093,938,1221695767,0.000252,0.000430,0.001928,0.000129,0.000531,0.000558,0.000011,0.000000,0.007828,0.002857,2.527000,0.007175,0.000000,0.000000,0.000031,0,0
278700000000,279000000000,6283499093,938,1221695767,0.000317,0.000496,0.001928,0.000158,0.000567,0.000578,0.000236,0.000000,0.004913,0.044190,2.507000,0.006650,0.000000,0.000000,0.000108,0,0
279000000000,279300000000,6283499093,938,1221695767,0.000305,0.000467,0.001932,0.000217,0.000634,0.000483,0.000028,0.000000,0.001158,0.005859,2.336000,0.006100,0.000000,0.000000,0.000182,0,0
279300000000,279600000000,6283499093,938,1221695767,0.000304,0.000485,0.001932,0.000220,0.000648,0.000533,0.000072,0.000000,0.004753,0.018070,2.101000,0.005049,0.000000,0.000000,0.000302,0,0
279600000000,279900000000,6283499093,938,1221695767,0.000301,0.000475,0.001932,0.000225,0.000664,0.000518,0.000001,0.000000,0.004417,0.000072,2.196000,0.005521,0.000000,0.000000,0.000580,0,0
279900000000,280200000000,6283499093,938,1221695767,0.000312,0.000473,0.001932,0.000225,0.000664,0.000481,0.000003,0.000000,0.004051,0.000500,2.403000,0.006441,0.000000,0.000000,0.000133,0,0
280200000000,280500000000,6283499093,938,1221695767,0.000425,0.000925,0.001930,0.000228,0.000681,0.001066,0.000068,0.000000,0.007805,0.009140,2.657000,0.007460,0.000000,0.000000,0.000357,0,0
280500000000,280800000000,6283499093,938,1221695767,0.000371,0.000960,0.001930,0.000228,0.000683,0.000963,0.000001,0.000000,0.004356,0.000143,2.617000,0.007491,0.000000,0.000000,0.000196,0,0
280800000000,281100000000,6283499093,938,1221695767,0.000423,0.001007,0.001930,0.000228,0.000683,0.001040,0.000002,0.000000,0.011260,0.000286,2.592000,0.007416,0.000000,0.000000,0.000166,0,0
281100000000,281400000000,6283499093,938,1221695767,0.000461,0.001017,0.001930,0.000228,0.000683,0.001043,0.000002,0.000000,0.004440,0.000215,2.802000,0.008406,0.000000,0.000000,0.000156,0,0
281400000000,281700000000,6283499093,938,1221695767,0.000445,0.001015,0.001930,0.000228,0.000683,0.001040,0.000001,0.000000,0.008041,0.000072,2.597000,0.007313,0.000000,0.000000,0.000573,0,0
281700000000,282000000000,6283499093,938,1221695767,0.000436,0.001020,0.001930,0.000228,0.000683,0.001045,0.000003,0.000000,0.005432,0.000286,2.361000,0.006384,0.000000,0.000000,0.000469,0,0
282000000000,282300000000,6283499093,938,1221695767,0.000396,0.001036,0.001930,0.000228,0.000683,0.001055,0.000006,0.000000,0.005852,0.000714,2.612000,0.007328,0.000000,0.000000,0.000458,0,0
282300000000,282359000000,6283499093,938,1221695767,0.002098,0.001051,0.001930,0.000227,0.000684,0.001184,0.000133,0.000000,0.057860,0.003998,2.555000,0.007097,0.000000,0.000000,0.000311,0,0
282359000000,282373000000,6283499093,938,1221695767,0.000222,0.000000,0.000000,0.000000,0.000000,0.000000,0.000061,0.000000,0.003113,0.000643,2.630000,0.007317,0.000000,0.000000,0.000000,0,0
282373000000,282374000000,6283499093,938,1221695767,0.000000,0.000000,0.000000,0.000000,0.000000,0.000000,0.000000,0.000000,0.000000,0.000000,2.630000,0.007317,0.000000,0.000000,0.000000,0,0
