272602000000,272700000000,6283499093,94,1274707,0.000000,0.000000,0.000000,0.000000,0.000000,0.000000,0.000000,0.000000,0.000000,0.000000,0.000000,0.000000,0.000000,0.000000,0.000000,0,0
272700000000,272864000000,6283499093,94,1274707,0.000000,0.000000,0.000000,0.000000,0.000000,0.000000,0.000000,0.000000,0.000000,0.000000,0.000000,0.000000,0.000000,0.000000,0.000000,0,0
272864000000,273000000000,6283499093,94,1274707,0.000596,0.001305,0.001932,0.000284,0.000678,0.001602,0.001417,0.000000,0.013200,0.015140,1.242000,0.001715,0.000000,0.000000,0.000768,0,0
273000000000,273300000000,6283499093,94,1274707,0.000379,0.000947,0.001932,0.000306,0.000750,0.001245,0.000000,0.000000,0.004829,0.000000,2.597000,0.007673,0.000000,0.000000,0.000789,0,0
273300000000,273600000000,6283499093,94,1274707,0.001335,0.001049,0.001930,0.000300,0.000753,0.001192,0.000045,0.000000,0.064580,0.004143,2.773000,0.008382,0.000000,0.000000,0.000225,0,0
273600000000,273900000000,6283499093,94,1274707,0.000411,0.001091,0.001930,0.000289,0.000753,0.001127,0.000001,0.000000,0.003937,0.000072,2.917000,0.008944,0.000000,0.000000,0.000335,0,0
273900000000,274200000000,6283499093,94,1274707,0.000400,0.001091,0.001930,0.000289,0.000753,0.001099,0.000001,0.000000,0.013530,0.000072,2.663000,0.007836,0.000000,0.000000,0.000520,0,0
274200000000,274500000000,6283499093,94,1274707,0.000318,0.001089,0.001932,0.000288,0.000753,0.001099,0.000000,0.000000,0.004295,0.000000,2.229000,0.006212,0.000000,0.000000,0.000240,0,0
274500000000,274800000000,6283499093,94,1274707,0.000322,0.001089,0.001932,0.000286,0.000751,0.001106,0.000002,0.000000,0.002159,0.000286,2.305000,0.006283,0.000000,0.000000,0.000194,0,0
274800000000,275100000000,6283499093,94,1274707,0.000312,0.001101,0.001932,0.000286,0.000751,0.001114,0.000000,0.000000,0.005402,0.000000,2.056000,0.005276,0.000000,0.000000,0.000147,0,0
275100000000,275400000000,6283499093,94,1274707,0.000320,0.001102,0.001930,0.000286,0.000751,0.001118,0.000001,0.000000,0.004456,0.000072,2.809000,0.008355,0.000000,0.000000,0.000220,0,0
275400000000,275700000000,6283499093,94,1274707,0.000314,0.001097,0.001932,0.000287,0.000752,0.001108,0.000000,0.000000,0.001408,0.000000,2.159000,0.005740,0.000000,0.000000,0.000349,0,0
275700000000,276000000000,6283499093,94,1274707,0.000318,0.001104,0.001932,0.000287,0.000752,0.001141,0.000000,0.000000,0.005844,0.000072,2.104000,0.005263,0.000000,0.000000,0.000421,0,0
276000000000,276300000000,6283499093,94,1274707,0.001614,0.001158,0.002060,0.000281,0.000748,0.001427,0.000010,0.000000,0.058590,0.001999,2.038000,0.005205,0.000000,0.000000,0.000125,0,0
276300000000,276600000000,6283499093,94,1274707,0.001692,0.001276,0.002052,0.000158,0.000627,0.001431,0.000031,0.000000,0.072020,0.003716,0.646900,0.000478,0.000000,0.000000,0.000258,0,0
276600000000,276900000000,6283499093,94,1274707,0.000462,0.001205,0.001928,0.000158,0.000624,0.001238,0.000001,0.000000,0.053220,0.000072,2.976000,0.008960,0.000000,0.000000,0.000199,0,0
276900000000,277200000000,6283499093,94,1274707,0.000356,0.001184,0.001930,0.000158,0.000624,0.001200,0.000000,0.000000,0.004570,0.000072,2.949000,0.008833,0.000000,0.000000,0.000244,0,0
277200000000,277500000000,6283499093,94,1274707,0.000317,0.001192,0.001932,0.000141,0.000607,0.001209,0.000003,0.000000,0.004539,0.000286,2.284000,0.006162,0.000000,0.000000,0.000112,0,0
277500000000,277800000000,6283499093,94,1274707,0.000300,0.001190,0.001932,0.000139,0.000605,0.001202,0.000004,0.000000,0.004723,0.000072,2.193000,0.005894,0.000000,0.000000,0.000259,0,0
277800000000,278100000000,6283499093,94,1274707,0.000298,0.001194,0.001932,0.000139,0.000605,0.001204,0.000004,0.000000,0.004601,0.000143,2.524000,0.007100,0.000000,0.000000,0.000448,0,0
278100000000,278400000000,6283499093,94,1274707,0.000307,0.001196,0.001932,0.000139,0.000605,0.001205,0.000005,0.000000,0.003460,0.000357,2.138000,0.005678,0.000000,0.000000,0.000131,0,0
278400000000,278700000000,6283499093,94,1274707,0.000320,0.001211,0.001930,0.000138,0.000606,0.001228,0.000003,0.000000,0.004654,0.000286,2.340000,0.006651,0.000000,0.000000,0.000359,0,0
278700000000,279000000000,6283499093,94,1274707,0.000335,0.001204,0.001930,0.000138,0.000606,0.001219,0.000002,0.000000,0.009171,0.000072,2.225000,0.006158,0.000000,0.000000,0.000555,0,0
279000000000,279300000000,6283499093,94,1274707,0.000314,0.001194,0.001932,0.000138,0.000606,0.001200,0.000004,0.000000,0.004494,0.000571,2.506000,0.007084,0.000000,0.000000,0.000230,0,0
279300000000,279600000000,6283499093,94,1274707,0.000328,0.001219,0.001932,0.000141,0.000610,0.001244,0.000018,0.000000,0.004425,0.004715,2.179000,0.005752,0.000000,0.000000,0.000163,0,0
279600000000,279852000000,6283499093,94,1274707,0.000337,0.001192,0.001932,0.000142,0.000611,0.001205,0.000002,0.000000,0.004669,0.000072,2.601000,0.007693,0.000000,0.000000,0.001463,0,0
279852000000,279855000000,6283499093,94,1274707,0.000334,0.001200,0.001930,0.000175,0.000646,0.001213,0.006950,0.000000,0.000683,0.014360,2.215000,0.006323,0.000000,0.000000,0.000427,0,0
279855000000,279871000000,6283499093,94,1274707,0.000228,0.000000,0.000000,0.000000,0.000000,0.000000,0.000013,0.000000,0.003639,0.000143,2.215000,0.006323,0.000000,0.000000,0.000000,1,0
279871000000,279872000000,6283499093,94,1274707,0.000000,0.000000,0.000000,0.000000,0.000000,0.000000,0.000000,0.000000,0.000000,0.000000,2.215000,0.006323,0.000000,0.000000,0.000000,0,0
279877000000,279900000000,6283499093,94,1340452,0.000889,0.000625,0.001928,0.000030,0.000322,0.000775,0.000242,0.000000,0.021610,0.002785,0.000000,0.000000,0.000000,0.000000,0.000211,0,0
279900000000,280200000000,6283499093,94,1340452,0.000118,0.000602,0.001925,0.000031,0.000285,0.000775,0.000003,0.000000,0.003387,0.000072,2.490000,0.008940,0.000000,0.000000,0.002914,0,0
280200000000,280500000000,6283499093,94,1340452,0.000302,0.000975,0.001923,0.000031,0.000313,0.001333,0.000003,0.000000,0.037960,0.000357,2.561000,0.008148,0.000000,0.000000,0.000316,0,0
280500000000,280800000000,6283499093,94,1340452,0.000414,0.001169,0.001921,0.000031,0.000287,0.001396,0.000006,0.000000,0.005386,0.000999,2.333000,0.006872,0.000000,0.000000,0.000347,0,0
280800000000,281100000000,6283499093,94,1340452,0.000388,0.001312,0.001923,0.000031,0.000406,0.001398,0.000010,0.000000,0.004608,0.002144,2.482000,0.007555,0.000000,0.000000,0.000105,0,0
281100000000,281400000000,6283499093,94,1340452,0.000352,0.001318,0.001923,0.000031,0.000411,0.001402,0.000001,0.000000,0.007660,0.000072,2.003000,0.005361,0.000000,0.000000,0.000145,0,0
281400000000,281700000000,6283499093,94,1340452,0.000329,0.000977,0.001919,0.000031,0.000070,0.001253,0.000007,0.000000,0.004257,0.001429,2.572000,0.007785,0.000000,0.000000,0.000361,0,0
281700000000,282000000000,6283499093,94,1340452,0.000336,0.001038,0.001917,0.000031,0.000129,0.001400,0.000000,0.000000,0.004333,0.000000,2.160000,0.005913,0.000000,0.000000,0.000097,0,0
282000000000,282300000000,6283499093,94,1340452,0.000378,0.001104,0.001917,0.000022,0.000184,0.001408,0.000010,0.000000,0.003094,0.001358,2.379000,0.006588,0.000000,0.000000,0.000615,0,0
282300000000,282600000000,6283499093,94,1340452,0.000350,0.001186,0.001921,0.000011,0.000255,0.001410,0.000010,0.000000,0.005241,0.000929,2.324000,0.006631,0.000000,0.000000,0.000228,0,0
282600000000,282900000000,6283499093,94,1340452,0.000359,0.001255,0.001921,0.000012,0.000320,0.001410,0.000020,0.000000,0.004616,0.002357,2.496000,0.007459,0.000000,0.000000,0.000194,0,0
282900000000,283200000000,6283499093,94,1340452,0.000348,0.001141,0.001928,0.000012,0.000473,0.001408,0.000014,0.000000,0.004662,0.002857,2.308000,0.006853,0.000000,0.000000,0.000237,0,0
283200000000,283500000000,6283499093,94,1340452,0.000340,0.001026,0.001928,0.000012,0.000474,0.001055,0.000006,0.000000,0.004723,0.001072,2.706000,0.008754,0.000000,0.000000,0.000074,0,0
283500000000,283800000000,6283499093,94,1340452,0.000358,0.001043,0.001928,0.000013,0.000474,0.001059,0.000031,0.000000,0.004669,0.002357,1.995000,0.005590,0.000000,0.000000,0.000100,0,0
283800000000,284100000000,6283499093,94,1340452,0.000337,0.001024,0.001928,0.000013,0.000475,0.001055,0.000007,0.000000,0.004944,0.001715,2.117000,0.005949,0.000000,0.000000,0.000306,0,0
284100000000,284297000000,6283499093,94,1340452,0.000352,0.001045,0.001928,0.000015,0.000476,0.001064,0.000037,0.000000,0.002419,0.002213,2.188000,0.006532,0.000000,0.000000,0.000309,0,0
284297000000,284299000000,6283499093,94,1340452,0.004776,0.001064,0.001928,0.000047,0.000508,0.001064,0.009186,0.000000,0.041810,0.016200,3.549000,0.011530,0.000000,0.000000,0.000245,0,0
284299000000,284310000000,6283499093,94,1340452,0.000547,0.000292,0.001936,0.000539,0.000539,0.001125,0.000000,0.000000,0.006012,0.000000,3.549000,0.011530,0.000000,0.000000,0.000000,0,0
284310000000,284311000000,6283499093,94,1340452,0.000000,0.000208,0.001938,0.000539,0.000539,0.000208,0.000000,0.000000,0.000000,0.000000,3.549000,0.011530,0.000000,0.000000,0.000000,0,0
