278093000000,278100000000,6283499093,947,711268,0.000341,0.000082,0.001942,0.000043,0.000045,0.000125,0.006119,0.000000,0.001919,0.014280,0.702800,0.000231,0.000000,0.000000,0.000429,0,0
278100000000,278400000000,6283499093,947,711268,0.000190,0.000670,0.001936,0.000373,0.000769,0.001135,0.000826,0.000000,0.008438,0.014570,1.549000,0.004140,0.000000,0.000000,0.000249,0,0
278400000000,278700000000,6283499093,947,711268,0.000229,0.000438,0.001934,0.000378,0.000812,0.000563,0.000009,0.000000,0.009552,0.002499,2.625000,0.008181,0.000000,0.000000,0.000127,0,0
278700000000,279000000000,6283499093,947,711268,0.000318,0.000486,0.001932,0.000363,0.000814,0.000559,0.000000,0.000000,0.004471,0.000072,2.344000,0.006399,0.000000,0.000000,0.000576,0,0
279000000000,279300000000,6283499093,947,711268,0.000310,0.000476,0.001932,0.000361,0.000813,0.000480,0.000001,0.000000,0.004417,0.000143,2.260000,0.006017,0.000000,0.000000,0.000227,0,0
279300000000,279600000000,6283499093,947,711268,0.000301,0.000483,0.001932,0.000358,0.000810,0.000526,0.000002,0.000000,0.005493,0.000286,2.140000,0.005386,0.000000,0.000000,0.001619,0,0
279600000000,279900000000,6283499093,947,711268,0.000317,0.000500,0.001930,0.000356,0.000811,0.000531,0.000001,0.000000,0.004440,0.000143,2.462000,0.006626,0.000000,0.000000,0.000175,0,0
279900000000,280200000000,6283499093,947,711268,0.000322,0.000504,0.001932,0.000356,0.000811,0.000536,0.000002,0.000000,0.004898,0.000357,2.507000,0.006699,0.000000,0.000000,0.000487,0,0
280200000000,280500000000,6283499093,947,711268,0.000403,0.000917,0.001930,0.000355,0.000813,0.001034,0.000026,0.000000,0.008392,0.006645,1.662000,0.004079,0.000000,0.000000,0.000465,0,0
280500000000,280800000000,6283499093,947,711268,0.000386,0.000978,0.001932,0.000351,0.000811,0.000996,0.000005,0.000000,0.006485,0.000999,2.626000,0.007555,0.000000,0.000000,0.001284,0,0
280800000000,281100000000,6283499093,947,711268,0.000380,0.001003,0.001932,0.000350,0.000812,0.001030,0.000001,0.000000,0.005508,0.000215,2.579000,0.007568,0.000000,0.000000,0.000309,0,0
281100000000,281400000000,6283499093,947,711268,0.000442,0.001001,0.001930,0.000351,0.000812,0.001020,0.000002,0.000000,0.005127,0.000357,2.397000,0.006589,0.000000,0.000000,0.000197,0,0
281400000000,281700000000,6283499093,947,711268,0.000432,0.001005,0.001930,0.000351,0.000812,0.001020,0.000000,0.000000,0.005127,0.000143,2.957000,0.009173,0.000000,0.000000,0.000171,0,0
281700000000,282000000000,6283499093,947,711268,0.000403,0.000997,0.001930,0.000351,0.000812,0.001009,0.000000,0.000000,0.004913,0.000072,3.009000,0.009369,0.000000,0.000000,0.000293,0,0
282000000000,282300000000,6283499093,947,711268,0.000380,0.001019,0.001932,0.000351,0.000812,0.001045,0.000004,0.000000,0.006271,0.000286,2.701000,0.007942,0.000000,0.000000,0.000189,0,0
282300000000,282600000000,6283499093,947,711268,0.000380,0.001009,0.001932,0.000351,0.000812,0.001011,0.000007,0.000000,0.004959,0.000786,2.362000,0.006677,0.000000,0.000000,0.000440,0,0
282600000000,282900000000,6283499093,947,711268,0.000394,0.001032,0.001932,0.000351,0.000812,0.001060,0.000005,0.000000,0.012730,0.000286,2.758000,0.008198,0.000000,0.000000,0.000584,0,0
282900000000,283200000000,6283499093,947,711268,0.000399,0.001053,0.001930,0.000351,0.000812,0.001068,0.000007,0.000000,0.007614,0.000500,2.846000,0.008776,0.000000,0.000000,0.000289,0,0
283200000000,283500000000,6283499093,947,711268,0.000392,0.001040,0.001930,0.000351,0.000812,0.001068,0.000004,0.000000,0.004250,0.000357,2.743000,0.008336,0.000000,0.000000,0.000106,0,0
283500000000,283800000000,6283499093,947,711268,0.000400,0.001062,0.001930,0.000352,0.000812,0.001074,0.000018,0.000000,0.005005,0.002930,2.830000,0.008689,0.000000,0.000000,0.000107,0,0
283800000000,284049000000,6283499093,947,711268,0.000396,0.001034,0.001930,0.000353,0.000812,0.001074,0.000001,0.000000,0.004456,0.000072,2.721000,0.008137,0.000000,0.000000,0.000222,0,0
284049000000,284061000000,6283499093,947,711268,0.000250,0.000011,0.000000,0.000000,0.000000,0.000142,0.000059,0.000000,0.003002,0.000714,4.725000,0.016000,0.000000,0.000000,0.000000,0,0
284061000000,284062000000,6283499093,947,711268,0.000000,0.000000,0.000000,0.000000,0.000000,0.000000,0.000000,0.000000,0.000000,0.000000,4.725000,0.016000,0.000000,0.000000,0.000000,0,0
