278103000000,278400000000,6283499093,948,4820137594,0.000229,0.001043,0.002449,0.000229,0.000633,0.002182,0.000950,0.000000,0.020750,0.049800,2.371000,0.000000,0.000000,0.000000,0.000028,0,0
278400000000,278700000000,6283499093,948,4820137594,0.000277,0.000524,0.001932,0.000175,0.000596,0.000642,0.000195,0.000000,0.013200,0.039120,3.223000,0.000000,0.000000,0.000000,0.000029,0,0
278700000000,279000000000,6283499093,948,4820137594,0.000297,0.000522,0.001930,0.000185,0.000618,0.000530,0.000006,0.000000,0.023770,0.001858,3.138000,0.000000,0.000000,0.000000,0.000059,0,0
279000000000,279300000000,6283499093,948,4820137594,0.000290,0.000522,0.001930,0.000185,0.000618,0.000527,0.000001,0.000000,0.004372,0.000143,2.698000,0.000000,0.000000,0.000000,0.000404,0,0
279300000000,279600000000,6283499093,948,4820137594,0.000269,0.000533,0.001930,0.000188,0.000622,0.000544,0.000026,0.000000,0.001839,0.004860,2.534000,0.000000,0.000000,0.000000,0.000119,0,0
279600000000,279900000000,6283499093,948,4820137594,0.000272,0.000517,0.001930,0.000191,0.000619,0.000520,0.000001,0.000000,0.001534,0.000072,2.449000,0.000000,0.000000,0.000000,0.000132,0,0
279900000000,280200000000,6283499093,948,4820137594,0.000296,0.000521,0.001930,0.000191,0.000619,0.000531,0.000005,0.000000,0.004189,0.000428,2.560000,0.000000,0.000000,0.000000,0.000073,0,0
280200000000,280500000000,6283499093,948,4820137594,0.000447,0.000978,0.001928,0.000199,0.000634,0.001118,0.000075,0.000000,0.008072,0.014860,1.798000,0.000000,0.000000,0.000000,0.001566,0,0
280500000000,280800000000,6283499093,948,4820137594,0.000434,0.001015,0.001928,0.000200,0.000635,0.001038,0.000001,0.000000,0.005295,0.000143,2.836000,0.000000,0.000000,0.000000,0.000450,0,0
280800000000,281100000000,6283499093,948,4820137594,0.000441,0.001059,0.001928,0.000200,0.000635,0.001081,0.000003,0.000000,0.007065,0.000428,2.533000,0.000000,0.000000,0.000000,0.000278,0,0
281100000000,281400000000,6283499093,948,4820137594,0.000448,0.001060,0.001928,0.000200,0.000635,0.001097,0.000004,0.000000,0.004761,0.000857,2.859000,0.000000,0.000000,0.000000,0.000132,0,0
281400000000,281700000000,6283499093,948,4820137594,0.000431,0.001055,0.001928,0.000200,0.000635,0.001080,0.000001,0.000000,0.005180,0.000143,2.563000,0.000000,0.000000,0.000000,0.000496,0,0
281700000000,282000000000,6283499093,948,4820137594,0.000493,0.001081,0.001928,0.000200,0.000635,0.001139,0.000003,0.000000,0.007774,0.000100,3.077000,0.000000,0.000000,0.000000,0.000542,0,0
282000000000,282171000000,6283499093,948,4820137594,0.004944,0.000921,0.002148,0.000154,0.000586,0.001415,0.000224,0.000000,0.089970,0.011320,2.738000,0.000000,0.000000,0.000000,0.000123,0,0
282171000000,282186000000,6283499093,948,4820137594,0.000275,0.000000,0.000000,0.000040,0.000040,0.000000,0.000000,0.000000,0.001375,0.000000,2.435000,0.000000,0.000000,0.000000,0.000000,0,0
282186000000,282189000000,6283499093,948,4820137594,0.000000,0.000000,0.000000,0.000000,0.000000,0.000000,0.000000,0.000000,0.000000,0.000000,2.333000,0.000000,0.000000,0.000000,0.000000,0,0
