278097000000,278100000000,6283499093,949,317508562,0.000887,0.000043,0.001940,0.000029,0.000030,0.000102,0.007187,0.000000,0.002335,0.014710,0.000000,0.000000,0.000000,0.000000,0.000574,0,0
278100000000,278400000000,6283499093,949,317508562,0.000194,0.000660,0.001936,0.000336,0.000750,0.001083,0.000450,0.000000,0.011280,0.022000,1.554000,0.002885,0.000000,0.000000,0.000008,0,0
278400000000,278700000000,6283499093,949,317508562,0.000278,0.000475,0.001934,0.000330,0.000771,0.000558,0.000027,0.000000,0.008957,0.007217,2.594000,0.007622,0.000000,0.000000,0.000094,0,0
278700000000,279000000000,6283499093,949,317508562,0.000271,0.000470,0.001932,0.000325,0.000777,0.000478,0.000002,0.000000,0.004608,0.000571,3.347000,0.010200,0.000000,0.000000,0.000068,0,0
279000000000,279300000000,6283499093,949,317508562,0.000262,0.000470,0.001932,0.000322,0.000774,0.000475,0.000002,0.000000,0.003750,0.000215,2.953000,0.008308,0.000000,0.000000,0.000064,0,0
279300000000,279600000000,6283499093,949,317508562,0.000273,0.000495,0.001932,0.000320,0.000773,0.000526,0.000005,0.000000,0.004608,0.000857,2.608000,0.007151,0.000000,0.000000,0.000266,0,0
279600000000,279900000000,6283499093,949,317508562,0.000264,0.000475,0.001932,0.000320,0.000774,0.000478,0.000003,0.000000,0.004700,0.000357,2.714000,0.007751,0.000000,0.000000,0.000117,0,0
279900000000,280200000000,6283499093,949,317508562,0.000280,0.000495,0.001932,0.000320,0.000774,0.000524,0.000003,0.000000,0.004646,0.000428,2.620000,0.007601,0.000000,0.000000,0.000074,0,0
280200000000,280220000000,6283499093,949,317508562,0.000239,0.000485,0.001932,0.000343,0.000774,0.000486,0.000553,0.000000,0.001101,0.006927,2.330000,0.006411,0.000000,0.000000,0.000068,0,0
280220000000,280231000000,6283499093,949,317508562,0.000190,0.000000,0.000000,0.000000,0.000000,0.000000,0.000000,0.000000,0.002090,0.000000,2.454000,0.007538,0.000000,0.000000,0.000000,0,0
280231000000,280232000000,6283499093,949,317508562,0.000000,0.000000,0.000000,0.000000,0.000000,0.000000,0.000000,0.000000,0.000000,0.000000,2.454000,0.007538,0.000000,0.000000,0.000000,0,0
