272500000000,272620000000,6283499093,95,1333883,0.000000,0.000000,0.000000,0.000000,0.000000,0.000000,0.000000,0.000000,0.000000,0.000000,0.000000,0.000000,0.000000,0.000000,0.000000,0,0
272620000000,272700000000,6283499093,95,1333883,0.000827,0.001646,0.001829,0.000361,0.000775,0.001783,0.003460,0.000000,0.029540,0.059270,2.689000,0.008232,0.000000,0.000000,0.000205,0,0
272700000000,273000000000,6283499093,95,1333883,0.000354,0.001150,0.001829,0.000374,0.000816,0.001677,0.000000,0.000000,0.002731,0.000072,2.823000,0.008776,0.000000,0.000000,0.000066,0,0
273000000000,273300000000,6283499093,95,1333883,0.000349,0.001015,0.001829,0.000367,0.000811,0.001034,0.000000,0.000000,0.001520,0.000072,2.666000,0.008067,0.000000,0.000000,0.000137,0,0
273300000000,273600000000,6283499093,95,1333883,0.000338,0.001034,0.001831,0.000363,0.000808,0.001043,0.000000,0.000000,0.003990,0.000000,2.419000,0.006987,0.000000,0.000000,0.000168,0,0
273600000000,273900000000,6283499093,95,1333883,0.000376,0.001040,0.001831,0.000363,0.000808,0.001047,0.000000,0.000000,0.004234,0.000072,2.802000,0.008670,0.000000,0.000000,0.000222,0,0
273900000000,274200000000,6283499093,95,1333883,0.000364,0.001034,0.001831,0.000363,0.000808,0.001043,0.000000,0.000000,0.004539,0.000072,2.584000,0.007743,0.000000,0.000000,0.000646,0,0
274200000000,274500000000,6283499093,95,1333883,0.000348,0.001028,0.001831,0.000363,0.000808,0.001043,0.000002,0.000000,0.005089,0.000143,2.527000,0.007444,0.000000,0.000000,0.000717,0,0
274500000000,274800000000,6283499093,95,1333883,0.000330,0.001032,0.001837,0.000364,0.000808,0.001041,0.000000,0.000000,0.004318,0.000000,2.726000,0.008090,0.000000,0.000000,0.000258,0,0
274800000000,275100000000,6283499093,95,1333883,0.000314,0.001013,0.001875,0.000364,0.000808,0.001024,0.000000,0.000000,0.004662,0.000072,2.741000,0.008025,0.000000,0.000000,0.000670,0,0
275100000000,275400000000,6283499093,95,1333883,0.000320,0.000966,0.001934,0.000363,0.000808,0.000978,0.000000,0.000000,0.004623,0.000000,2.686000,0.007452,0.000000,0.000000,0.000629,0,0
275400000000,275700000000,6283499093,95,1333883,0.000332,0.000967,0.001934,0.000364,0.000808,0.000980,0.000000,0.000000,0.004425,0.000072,2.528000,0.006728,0.000000,0.000000,0.000222,0,0
275700000000,276000000000,6283499093,95,1333883,0.000324,0.000967,0.001934,0.000364,0.000809,0.000978,0.000000,0.000000,0.003967,0.000000,2.416000,0.006482,0.000000,0.000000,0.000103,0,0
276000000000,276300000000,6283499093,95,1333883,0.000335,0.000965,0.001934,0.000365,0.000810,0.000984,0.000002,0.000000,0.004303,0.000286,2.571000,0.007232,0.000000,0.000000,0.000425,0,0
276300000000,276600000000,6283499093,95,1333883,0.000423,0.000990,0.001932,0.000366,0.000811,0.000997,0.000001,0.000000,0.004677,0.000215,2.859000,0.008873,0.000000,0.000000,0.000120,0,0
276600000000,276900000000,6283499093,95,1333883,0.000416,0.000976,0.001932,0.000366,0.000811,0.000994,0.000001,0.000000,0.004784,0.000215,2.892000,0.009172,0.000000,0.000000,0.000375,0,0
276900000000,277200000000,6283499093,95,1333883,0.000556,0.001047,0.001932,0.000364,0.000811,0.001133,0.000007,0.000000,0.049320,0.000571,0.938900,0.001188,0.000000,0.000000,0.000489,0,0
277200000000,277439000000,6283499093,95,1333883,0.000718,0.000766,0.001930,0.000350,0.000813,0.001139,0.000023,0.000000,0.056580,0.003143,1.865000,0.004941,0.000000,0.000000,0.000360,0,0
277439000000,277449000000,6283499093,95,1333883,0.000266,0.000000,0.000000,0.000000,0.000000,0.000000,0.000058,0.000000,0.002666,0.000500,2.363000,0.006700,0.000000,0.000000,0.000000,0,0
277449000000,277451000000,6283499093,95,1333883,0.000000,0.000000,0.000000,0.000000,0.000000,0.000000,0.000000,0.000000,0.000000,0.000000,1.636000,0.003831,0.000000,0.000000,0.000000,0,0
