278108000000,278400000000,6283499093,950,4820022100,0.000215,0.000706,0.001934,0.000379,0.000793,0.001154,0.000855,0.000000,0.021510,0.064450,1.613000,0.000000,0.000000,0.000000,0.000059,0,0
278400000000,278700000000,6283499093,950,4820022100,0.000127,0.000413,0.001934,0.000382,0.000806,0.000433,0.000000,0.000000,0.003448,0.000000,3.159000,0.000000,0.000000,0.000000,0.000014,0,0
278700000000,279000000000,6283499093,950,4820022100,0.000121,0.000418,0.001934,0.000380,0.000806,0.000424,0.000000,0.000000,0.003376,0.000072,2.271000,0.000000,0.000000,0.000000,0.000043,0,0
279000000000,279300000000,6283499093,950,4820022100,0.000114,0.000418,0.001934,0.000380,0.000806,0.000423,0.000001,0.000000,0.003418,0.000072,2.328000,0.000000,0.000000,0.000000,0.000030,0,0
279300000000,279600000000,6283499093,950,4820022100,0.000122,0.000428,0.001934,0.000379,0.000805,0.000437,0.000005,0.000000,0.003796,0.000643,1.958000,0.000000,0.000000,0.000000,0.000257,0,0
279600000000,279900000000,6283499093,950,4820022100,0.000119,0.000421,0.001934,0.000378,0.000805,0.000423,0.000010,0.000000,0.003338,0.001429,2.980000,0.000000,0.000000,0.000000,0.000031,0,0
279900000000,280200000000,6283499093,950,4820022100,0.000122,0.000425,0.001934,0.000378,0.000805,0.000434,0.000002,0.000000,0.003620,0.000215,2.174000,0.000000,0.000000,0.000000,0.000048,0,0
280200000000,280500000000,6283499093,950,4820022100,0.000476,0.000978,0.001928,0.000358,0.000816,0.001112,0.000040,0.000000,0.007904,0.007431,2.313000,0.000000,0.000000,0.000000,0.003071,0,0
280500000000,280800000000,6283499093,950,4820022100,0.000400,0.001020,0.001928,0.000358,0.000818,0.001034,0.000002,0.000000,0.005135,0.000215,2.641000,0.000000,0.000000,0.000000,0.004715,0,0
280800000000,281100000000,6283499093,950,4820022100,0.000410,0.001043,0.001928,0.000354,0.000813,0.001051,0.000002,0.000000,0.005180,0.000357,2.832000,0.000000,0.000000,0.000000,0.000576,0,0
281100000000,281400000000,6283499093,950,4820022100,0.000415,0.001049,0.001928,0.000351,0.000812,0.001076,0.000002,0.000000,0.004997,0.000286,2.822000,0.000000,0.000000,0.000000,0.000501,0,0
281400000000,281700000000,6283499093,950,4820022100,0.000393,0.001041,0.001928,0.000351,0.000812,0.001076,0.000000,0.000000,0.004517,0.000000,2.813000,0.000000,0.000000,0.000000,0.000358,0,0
281700000000,282000000000,6283499093,950,4820022100,0.000367,0.001055,0.001928,0.000351,0.000812,0.001085,0.000001,0.000000,0.004799,0.000286,2.503000,0.000000,0.000000,0.000000,0.000120,0,0
282000000000,282300000000,6283499093,950,4820022100,0.000382,0.001045,0.001928,0.000351,0.000812,0.001062,0.000009,0.000000,0.004753,0.001072,2.853000,0.000000,0.000000,0.000000,0.000384,0,0
282300000000,282600000000,6283499093,950,4820022100,0.000504,0.001078,0.001928,0.000351,0.000812,0.001120,0.000010,0.000000,0.013280,0.000929,2.501000,0.000000,0.000000,0.000000,0.000507,0,0
282600000000,282900000000,6283499093,950,4820022100,0.000418,0.001114,0.001928,0.000352,0.000812,0.001137,0.000014,0.000000,0.003952,0.001642,2.756000,0.000000,0.000000,0.000000,0.000276,0,0
282900000000,283200000000,6283499093,950,4820022100,0.000405,0.001114,0.001928,0.000352,0.000812,0.001135,0.000004,0.000000,0.006073,0.000357,2.584000,0.000000,0.000000,0.000000,0.000386,0,0
283200000000,283500000000,6283499093,950,4820022100,0.000352,0.001108,0.001928,0.000351,0.000812,0.001135,0.000032,0.000000,0.004921,0.002785,2.673000,0.000000,0.000000,0.000000,0.000148,0,0
283500000000,283689000000,6283499093,950,4820022100,0.000366,0.001112,0.001928,0.000352,0.000812,0.001129,0.000020,0.000000,0.005280,0.001715,2.438000,0.000000,0.000000,0.000000,0.000211,0,0
283689000000,283703000000,6283499093,950,4820022100,0.000234,0.000000,0.000000,0.000000,0.000000,0.000000,0.000148,0.000000,0.003277,0.002071,2.199000,0.000000,0.000000,0.000000,0.000000,0,0
283703000000,283706000000,6283499093,950,4820022100,0.000000,0.000000,0.000000,0.000000,0.000000,0.000000,0.000000,0.000000,0.000000,0.000000,2.116000,0.000000,0.000000,0.000000,0.000000,0,0
