278105000000,278400000000,6283499093,951,4881207024,0.000215,0.000712,0.001934,0.000377,0.000791,0.001165,0.000628,0.000000,0.019350,0.045900,2.570000,0.000000,0.000000,0.000000,0.000144,0,0
278400000000,278700000000,6283499093,951,4881207024,0.000255,0.000505,0.001932,0.000366,0.000805,0.000603,0.000009,0.000000,0.013320,0.002357,2.458000,0.000000,0.000000,0.000000,0.000075,0,0
278700000000,279000000000,6283499093,951,4881207024,0.000298,0.000519,0.001930,0.000356,0.000807,0.000542,0.000002,0.000000,0.003967,0.000643,2.596000,0.000000,0.000000,0.000000,0.000248,0,0
279000000000,279300000000,6283499093,951,4881207024,0.000276,0.000522,0.001930,0.000356,0.000808,0.000525,0.000008,0.000000,0.001015,0.001143,2.567000,0.000000,0.000000,0.000000,0.000246,0,0
279300000000,279600000000,6283499093,951,4881207024,0.000268,0.000545,0.001930,0.000355,0.000808,0.000576,0.000003,0.000000,0.003807,0.000286,2.261000,0.000000,0.000000,0.000000,0.000130,0,0
279600000000,279900000000,6283499093,951,4881207024,0.000275,0.000524,0.001930,0.000354,0.000808,0.000526,0.000004,0.000000,0.004723,0.000571,2.395000,0.000000,0.000000,0.000000,0.000075,0,0
279900000000,280200000000,6283499093,951,4881207024,0.000288,0.000544,0.001930,0.000354,0.000808,0.000571,0.000003,0.000000,0.004036,0.000286,2.327000,0.000000,0.000000,0.000000,0.000622,0,0
280200000000,280500000000,6283499093,951,4881207024,0.000430,0.000988,0.001928,0.000355,0.000813,0.001104,0.000035,0.000000,0.006569,0.005501,2.346000,0.000000,0.000000,0.000000,0.000164,0,0
280500000000,280800000000,6283499093,951,4881207024,0.000402,0.001032,0.001928,0.000354,0.000814,0.001047,0.000002,0.000000,0.006638,0.000143,3.015000,0.000000,0.000000,0.000000,0.001001,0,0
280800000000,281100000000,6283499093,951,4881207024,0.000366,0.001064,0.001930,0.000348,0.000809,0.001091,0.000005,0.000000,0.005020,0.001072,2.729000,0.000000,0.000000,0.000000,0.000112,0,0
281100000000,281400000000,6283499093,951,4881207024,0.000330,0.001053,0.001930,0.000348,0.000809,0.001085,0.000007,0.000000,0.004669,0.001858,2.554000,0.000000,0.000000,0.000000,0.000736,0,0
281400000000,281700000000,6283499093,951,4881207024,0.000331,0.001051,0.001928,0.000348,0.000809,0.001078,0.000000,0.000000,0.005798,0.000000,3.117000,0.000000,0.000000,0.000000,0.000190,0,0
281700000000,282000000000,6283499093,951,4881207024,0.000340,0.001059,0.001930,0.000348,0.000809,0.001087,0.000005,0.000000,0.004776,0.001143,2.578000,0.000000,0.000000,0.000000,0.000107,0,0
282000000000,282300000000,6283499093,951,4881207024,0.000324,0.001060,0.001928,0.000348,0.000809,0.001095,0.000005,0.000000,0.001745,0.000428,2.612000,0.000000,0.000000,0.000000,0.001314,0,0
282300000000,282600000000,6283499093,951,4881207024,0.000330,0.001080,0.001930,0.000348,0.000809,0.001095,0.000021,0.000000,0.002415,0.001429,2.536000,0.000000,0.000000,0.000000,0.000178,0,0
282600000000,282900000000,6283499093,951,4881207024,0.000377,0.001091,0.001928,0.000348,0.000809,0.001112,0.000017,0.000000,0.006401,0.002930,2.560000,0.000000,0.000000,0.000000,0.000246,0,0
282900000000,283200000000,6283499093,951,4881207024,0.000403,0.001102,0.001928,0.000348,0.000809,0.001114,0.000015,0.000000,0.008820,0.002930,3.101000,0.000000,0.000000,0.000000,0.000134,0,0
283200000000,283500000000,6283499093,951,4881207024,0.000387,0.001093,0.001928,0.000348,0.000810,0.001118,0.000010,0.000000,0.004852,0.000714,2.853000,0.000000,0.000000,0.000000,0.000457,0,0
283500000000,283800000000,6283499093,951,4881207024,0.000389,0.001101,0.001928,0.000349,0.000810,0.001116,0.000016,0.000000,0.005043,0.002285,3.138000,0.000000,0.000000,0.000000,0.000144,0,0
283800000000,284100000000,6283499093,951,4881207024,0.000369,0.001081,0.001928,0.000348,0.000810,0.001116,0.000003,0.000000,0.004372,0.000286,2.729000,0.000000,0.000000,0.000000,0.000324,0,0
284100000000,284296000000,6283499093,951,4881207024,0.000365,0.001116,0.001928,0.000349,0.000810,0.001125,0.000027,0.000000,0.004845,0.002930,2.616000,0.000000,0.000000,0.000000,0.000194,0,0
284296000000,284298000000,6283499093,951,4881207024,0.000125,0.001125,0.001930,0.000348,0.000810,0.001125,0.003784,0.000000,0.000328,0.007568,2.720000,0.000000,0.000000,0.000000,0.000118,0,0
284298000000,284309000000,6283499093,951,4881207024,0.000353,0.000045,0.000000,0.000073,0.000073,0.000245,0.000024,0.000000,0.003876,0.000215,2.720000,0.000000,0.000000,0.000000,0.000118,0,0
284309000000,284312000000,6283499093,951,4881207024,0.000000,0.000000,0.000000,0.000000,0.000000,0.000000,0.000035,0.000000,0.000000,0.000072,2.720000,0.000000,0.000000,0.000000,0.000000,0,0
