278091000000,278100000000,6283499093,957,3488796635,0.000000,0.000000,0.000000,0.000000,0.000000,0.000000,0.000000,0.000000,0.000000,0.000000,0.000000,0.000000,0.000000,0.000000,0.000000,0,0
278100000000,278111000000,6283499093,957,3488796635,0.000000,0.000000,0.000000,0.000000,0.000000,0.000000,0.000000,0.000000,0.000000,0.000000,0.000000,0.000000,0.000000,0.000000,0.000000,0,0
278111000000,278400000000,6283499093,957,3488796635,0.000173,0.000658,0.001928,0.000020,0.000351,0.000766,0.000020,0.000000,0.022550,0.003143,2.502000,0.007799,0.000000,0.000000,0.000093,0,0
278400000000,278700000000,6283499093,957,3488796635,0.000242,0.000643,0.001925,0.000025,0.000281,0.000883,0.000045,0.000000,0.005692,0.008209,3.256000,0.010440,0.000000,0.000000,0.000308,0,0
278700000000,279000000000,6283499093,957,3488796635,0.000283,0.000582,0.001923,0.000035,0.000203,0.000849,0.000000,0.000000,0.007439,0.000143,2.552000,0.007456,0.000000,0.000000,0.000163,0,0
279000000000,279300000000,6283499093,957,3488796635,0.000269,0.000563,0.001923,0.000034,0.000179,0.000857,0.000002,0.000000,0.005806,0.000357,3.070000,0.009716,0.000000,0.000000,0.000101,0,0
279300000000,279600000000,6283499093,957,3488796635,0.000258,0.000633,0.001923,0.000034,0.000241,0.000873,0.000003,0.000000,0.005043,0.000357,2.571000,0.007243,0.000000,0.000000,0.000297,0,0
279600000000,279900000000,6283499093,957,3488796635,0.000274,0.000691,0.001923,0.000033,0.000296,0.000873,0.000002,0.000000,0.003937,0.000286,2.618000,0.007285,0.000000,0.000000,0.000228,0,0
279900000000,280200000000,6283499093,957,3488796635,0.000278,0.000566,0.001921,0.000034,0.000170,0.000873,0.000003,0.000000,0.004295,0.000500,2.329000,0.006218,0.000000,0.000000,0.000124,0,0
280200000000,280500000000,6283499093,957,3488796635,0.000414,0.001108,0.001923,0.000033,0.000298,0.001398,0.000012,0.000000,0.008026,0.002930,2.422000,0.007022,0.000000,0.000000,0.000140,0,0
280500000000,280800000000,6283499093,957,3488796635,0.000383,0.001242,0.001925,0.000033,0.000338,0.001400,0.000002,0.000000,0.005058,0.000428,2.599000,0.007736,0.000000,0.000000,0.000253,0,0
280800000000,281100000000,6283499093,957,3488796635,0.000403,0.001263,0.001925,0.000037,0.000354,0.001402,0.000024,0.000000,0.014400,0.006645,3.031000,0.009457,0.000000,0.000000,0.000244,0,0
281100000000,281400000000,6283499093,957,3488796635,0.000412,0.001284,0.001926,0.000040,0.000366,0.001413,0.000008,0.000000,0.006386,0.001358,2.862000,0.009043,0.000000,0.000000,0.000143,0,0
281400000000,281700000000,6283499093,957,3488796635,0.000408,0.001289,0.001926,0.000039,0.000372,0.001411,0.000000,0.000000,0.004745,0.000000,3.021000,0.009898,0.000000,0.000000,0.000117,0,0
281700000000,282000000000,6283499093,957,3488796635,0.000428,0.001301,0.001926,0.000040,0.000376,0.001431,0.000003,0.000000,0.009537,0.000643,2.163000,0.005579,0.000000,0.000000,0.000148,0,0
282000000000,282179000000,6283499093,957,3488796635,0.000920,0.000948,0.001923,0.000060,0.000331,0.001417,0.000159,0.000000,0.044740,0.010150,2.914000,0.009171,0.000000,0.000000,0.001068,0,0
282179000000,282192000000,6283499093,957,3488796635,0.000306,0.000000,0.000000,0.000000,0.000000,0.000000,0.000055,0.000000,0.003983,0.000643,2.490000,0.007130,0.000000,0.000000,0.000000,0,0
282192000000,282193000000,6283499093,957,3488796635,0.000000,0.000000,0.000000,0.000000,0.000000,0.000000,0.000000,0.000000,0.000000,0.000000,2.254000,0.006072,0.000000,0.000000,0.000000,0,0
