272504000000,272647000000,6283499093,96,463554501,0.000000,0.000000,0.000000,0.000000,0.000000,0.000000,0.000000,0.000000,0.000000,0.000000,0.000000,0.000000,0.000000,0.000000,0.000000,0,0
272647000000,272700000000,6283499093,96,463554501,0.001059,0.001341,0.001930,0.000357,0.000725,0.001684,0.005096,0.000000,0.012270,0.049800,1.457000,0.002258,0.000000,0.000000,0.000196,0,0
272700000000,273000000000,6283499093,96,463554501,0.000403,0.001148,0.001928,0.000389,0.000832,0.001684,0.000001,0.000000,0.004341,0.000215,1.786000,0.004202,0.000000,0.000000,0.000242,0,0
273000000000,273300000000,6283499093,96,463554501,0.000400,0.000951,0.001928,0.000382,0.000825,0.000969,0.000010,0.000000,0.004028,0.001499,2.830000,0.009240,0.000000,0.000000,0.000188,0,0
273300000000,273600000000,6283499093,96,463554501,0.000363,0.000974,0.001928,0.000370,0.000813,0.000984,0.000000,0.000000,0.004745,0.000000,2.704000,0.008777,0.000000,0.000000,0.000241,0,0
273600000000,273900000000,6283499093,96,463554501,0.000362,0.000967,0.001928,0.000368,0.000812,0.000999,0.000001,0.000000,0.004112,0.000072,2.102000,0.006001,0.000000,0.000000,0.000715,0,0
273900000000,274200000000,6283499093,96,463554501,0.000324,0.000982,0.001928,0.000367,0.000812,0.000999,0.000000,0.000000,0.004372,0.000000,2.395000,0.007358,0.000000,0.000000,0.000095,0,0
274200000000,274500000000,6283499093,96,463554501,0.000366,0.000978,0.001928,0.000367,0.000812,0.000992,0.000002,0.000000,0.004379,0.000072,2.450000,0.007362,0.000000,0.000000,0.000083,0,0
274500000000,274800000000,6283499093,96,463554501,0.000323,0.000976,0.001928,0.000368,0.000812,0.000992,0.000000,0.000000,0.001331,0.000072,2.391000,0.007308,0.000000,0.000000,0.000135,0,0
274800000000,275100000000,6283499093,96,463554501,0.000909,0.001087,0.001926,0.000361,0.000817,0.001215,0.000033,0.000000,0.075070,0.006218,0.608600,0.000279,0.000000,0.000000,0.000187,0,0
275100000000,275400000000,6283499093,96,463554501,0.000426,0.001118,0.001926,0.000353,0.000817,0.001169,0.000001,0.000000,0.004372,0.000072,2.931000,0.009848,0.000000,0.000000,0.000233,0,0
275400000000,275700000000,6283499093,96,463554501,0.000382,0.001112,0.001926,0.000350,0.000815,0.001123,0.000001,0.000000,0.004868,0.000072,2.670000,0.008760,0.000000,0.000000,0.000297,0,0
275700000000,276000000000,6283499093,96,463554501,0.000334,0.001120,0.001926,0.000350,0.000815,0.001123,0.000000,0.000000,0.001642,0.000000,4.379000,0.017380,0.000000,0.000000,0.000174,0,0
276000000000,276300000000,6283499093,96,463554501,0.000373,0.001125,0.001926,0.000350,0.000815,0.001133,0.000002,0.000000,0.007561,0.000072,3.541000,0.012660,0.000000,0.000000,0.000562,0,0
276300000000,276600000000,6283499093,96,463554501,0.000377,0.001127,0.001926,0.000350,0.000815,0.001163,0.000000,0.000000,0.006172,0.000072,3.233000,0.010960,0.000000,0.000000,0.000341,0,0
276600000000,276900000000,6283499093,96,463554501,0.000330,0.001141,0.001928,0.000349,0.000814,0.001162,0.000004,0.000000,0.004799,0.000714,2.292000,0.006866,0.000000,0.000000,0.000633,0,0
276900000000,277200000000,6283499093,96,463554501,0.000324,0.001135,0.001926,0.000348,0.000813,0.001144,0.000000,0.000000,0.018190,0.000072,2.450000,0.007459,0.000000,0.000000,0.000111,0,0
277200000000,277500000000,6283499093,96,463554501,0.000347,0.001133,0.001926,0.000348,0.000813,0.001148,0.000006,0.000000,0.004631,0.000786,3.113000,0.010120,0.000000,0.000000,0.000637,0,0
277500000000,277589000000,6283499093,96,463554501,0.000479,0.001116,0.001926,0.000348,0.000813,0.001144,0.000007,0.000000,0.003643,0.000143,2.021000,0.005573,0.000000,0.000000,0.000618,0,0
277589000000,277603000000,6283499093,96,463554501,0.000185,0.000012,0.000000,0.000055,0.000055,0.000169,0.000238,0.000000,0.002590,0.002930,1.525000,0.002744,0.000000,0.000000,0.000000,0,0
277603000000,277605000000,6283499093,96,463554501,0.000000,0.000000,0.000000,0.000000,0.000000,0.000000,0.000000,0.000000,0.000000,0.000000,1.525000,0.002744,0.000000,0.000000,0.000000,0,0
