278104000000,278400000000,6283499093,960,1436375474,0.000220,0.000695,0.001936,0.000379,0.000793,0.001162,0.001123,0.000000,0.015210,0.053280,2.393000,0.007601,0.000000,0.000000,0.000010,0,0
278400000000,278700000000,6283499093,960,1436375474,0.000267,0.000489,0.001934,0.000369,0.000808,0.000583,0.000008,0.000000,0.016390,0.002071,2.726000,0.008715,0.000000,0.000000,0.000179,0,0
278700000000,279000000000,6283499093,960,1436375474,0.000318,0.000501,0.001932,0.000358,0.000810,0.000517,0.000000,0.000000,0.004829,0.000000,2.609000,0.007332,0.000000,0.000000,0.000487,0,0
279000000000,279300000000,6283499093,960,1436375474,0.000310,0.000500,0.001932,0.000358,0.000810,0.000507,0.000003,0.000000,0.004311,0.000500,2.398000,0.006664,0.000000,0.000000,0.000122,0,0
279300000000,279600000000,6283499093,960,1436375474,0.000296,0.000508,0.001932,0.000357,0.000810,0.000516,0.000003,0.000000,0.005013,0.000286,2.235000,0.005887,0.000000,0.000000,0.000494,0,0
279600000000,279900000000,6283499093,960,1436375474,0.000282,0.000503,0.001932,0.000356,0.000810,0.000504,0.000002,0.000000,0.004181,0.000143,2.719000,0.007787,0.000000,0.000000,0.000085,0,0
279900000000,280200000000,6283499093,960,1436375474,0.000290,0.000506,0.001932,0.000356,0.000810,0.000515,0.000004,0.000000,0.004128,0.000714,2.305000,0.006353,0.000000,0.000000,0.000418,0,0
280200000000,280500000000,6283499093,960,1436375474,0.000418,0.000943,0.001932,0.000354,0.000812,0.001059,0.000029,0.000000,0.008224,0.007645,2.689000,0.007997,0.000000,0.000000,0.000382,0,0
280500000000,280800000000,6283499093,960,1436375474,0.000399,0.000996,0.001932,0.000352,0.000812,0.001013,0.000008,0.000000,0.002377,0.001928,2.984000,0.009069,0.000000,0.000000,0.000232,0,0
280800000000,281100000000,6283499093,960,1436375474,0.000431,0.001024,0.001930,0.000351,0.000812,0.001055,0.000005,0.000000,0.005287,0.000999,3.096000,0.009569,0.000000,0.000000,0.000292,0,0
281100000000,281400000000,6283499093,960,1436375474,0.000424,0.001024,0.001930,0.000352,0.000812,0.001051,0.000004,0.000000,0.004974,0.000857,2.915000,0.008869,0.000000,0.000000,0.000828,0,0
281400000000,281700000000,6283499093,960,1436375474,0.000398,0.001015,0.001932,0.000353,0.000813,0.001049,0.000000,0.000000,0.005569,0.000000,2.746000,0.007769,0.000000,0.000000,0.000333,0,0
281700000000,282000000000,6283499093,960,1436375474,0.000405,0.001034,0.001932,0.000353,0.000813,0.001059,0.000003,0.000000,0.005058,0.000714,2.735000,0.007657,0.000000,0.000000,0.000908,0,0
282000000000,282300000000,6283499093,960,1436375474,0.000436,0.001040,0.001930,0.000353,0.000813,0.001068,0.000004,0.000000,0.005318,0.000286,2.930000,0.008541,0.000000,0.000000,0.000171,0,0
282300000000,282600000000,6283499093,960,1436375474,0.000418,0.001041,0.001930,0.000353,0.000813,0.001076,0.000009,0.000000,0.005356,0.000643,3.055000,0.009198,0.000000,0.000000,0.000198,0,0
282600000000,282900000000,6283499093,960,1436375474,0.000398,0.001057,0.001932,0.000353,0.000813,0.001078,0.000010,0.000000,0.004768,0.000999,2.770000,0.008205,0.000000,0.000000,0.000548,0,0
282900000000,283200000000,6283499093,960,1436375474,0.001701,0.001081,0.001980,0.000349,0.000810,0.001482,0.000010,0.000000,0.073730,0.001215,2.701000,0.008047,0.000000,0.000000,0.000349,0,0
283200000000,283271000000,6283499093,960,1436375474,0.044070,0.001835,0.003277,0.000037,0.000252,0.002144,0.001844,0.000000,0.113200,0.034790,0.544300,0.000090,0.000000,0.000000,0.077150,0,0
283271000000,283288000000,6283499093,960,1436375474,0.000167,0.000000,0.000000,0.000000,0.000000,0.000000,0.000025,0.000001,0.001415,0.000428,0.565500,0.000180,0.000000,0.000000,0.000000,0,0
283288000000,283289000000,6283499093,960,1436375474,0.000000,0.000000,0.000000,0.000000,0.000000,0.000000,0.000000,0.000001,0.000000,0.000000,0.565500,0.000180,0.000000,0.000000,0.000000,0,0
