278112000000,278400000000,6283499093,961,988440,0.000184,0.000553,0.001923,0.000011,0.000375,0.000750,0.000008,0.000000,0.019560,0.001286,1.423000,0.001819,0.000000,0.000000,0.000013,0,0
278400000000,278700000000,6283499093,961,988440,0.000120,0.000389,0.001925,0.000011,0.000410,0.000427,0.000017,0.000000,0.004265,0.005211,2.485000,0.007889,0.000000,0.000000,0.000278,0,0
278700000000,279000000000,6283499093,961,988440,0.000112,0.000399,0.001925,0.000010,0.000406,0.000435,0.000000,0.000000,0.003559,0.000072,2.483000,0.007986,0.000000,0.000000,0.000053,0,0
279000000000,279300000000,6283499093,961,988440,0.000114,0.000405,0.001925,0.000006,0.000402,0.000437,0.000001,0.000000,0.000791,0.000072,2.226000,0.006914,0.000000,0.000000,0.000280,0,0
279300000000,279600000000,6283499093,961,988440,0.000276,0.000504,0.001925,0.000016,0.000443,0.000604,0.000076,0.000000,0.010100,0.013850,2.306000,0.006539,0.000000,0.000000,0.000041,0,0
279600000000,279900000000,6283499093,961,988440,0.000318,0.000482,0.001926,0.000024,0.000470,0.000487,0.000002,0.000000,0.004707,0.000072,2.273000,0.006023,0.000000,0.000000,0.000301,0,0
279900000000,280200000000,6283499093,961,988440,0.000322,0.000504,0.001926,0.000037,0.000487,0.000545,0.000074,0.000000,0.004997,0.016720,2.189000,0.005718,0.000000,0.000000,0.000923,0,0
280200000000,280500000000,6283499093,961,988440,0.000407,0.000937,0.001926,0.000068,0.000526,0.001085,0.000117,0.000000,0.006538,0.009506,2.494000,0.007061,0.000000,0.000000,0.000238,0,0
280500000000,280800000000,6283499093,961,988440,0.000409,0.000986,0.001926,0.000067,0.000527,0.000999,0.000007,0.000000,0.004715,0.001286,2.687000,0.007759,0.000000,0.000000,0.000201,0,0
280800000000,281100000000,6283499093,961,988440,0.000380,0.001003,0.001928,0.000067,0.000527,0.001036,0.000004,0.000000,0.004372,0.000786,2.514000,0.007010,0.000000,0.000000,0.000049,0,0
281100000000,281400000000,6283499093,961,988440,0.000369,0.001005,0.001928,0.000067,0.000527,0.001040,0.000003,0.000000,0.036560,0.000500,2.199000,0.005713,0.000000,0.000000,0.000202,0,0
281400000000,281700000000,6283499093,961,988440,0.000341,0.000986,0.001930,0.000068,0.000528,0.001026,0.000000,0.000000,0.004448,0.000000,2.555000,0.007275,0.000000,0.000000,0.000290,0,0
281700000000,282000000000,6283499093,961,988440,0.000414,0.001013,0.001930,0.000068,0.000528,0.001038,0.000005,0.000000,0.010850,0.000786,2.160000,0.005604,0.000000,0.000000,0.000305,0,0
282000000000,282300000000,6283499093,961,988440,0.000400,0.001013,0.001930,0.000068,0.000528,0.001019,0.000004,0.000000,0.004707,0.000215,2.655000,0.007781,0.000000,0.000000,0.000218,0,0
282300000000,282600000000,6283499093,961,988440,0.000450,0.001040,0.001928,0.000069,0.000528,0.001062,0.000008,0.000000,0.004967,0.000286,2.463000,0.006883,0.000000,0.000000,0.000217,0,0
282600000000,282900000000,6283499093,961,988440,0.000420,0.001043,0.001930,0.000069,0.000529,0.001059,0.000008,0.000000,0.004486,0.000500,3.107000,0.009920,0.000000,0.000000,0.000333,0,0
282900000000,282929000000,6283499093,961,988440,0.000584,0.000906,0.001926,0.000084,0.000529,0.001059,0.000419,0.000000,0.024600,0.011430,2.872000,0.009019,0.000000,0.000000,0.000123,0,0
282929000000,282951000000,6283499093,961,988440,0.000139,0.000000,0.000000,0.000000,0.000000,0.000000,0.000035,0.000000,0.003056,0.000428,2.701000,0.007945,0.000000,0.000000,0.000000,0,0
282951000000,282952000000,6283499093,961,988440,0.000000,0.000000,0.000000,0.000000,0.000000,0.000000,0.000000,0.000000,0.000000,0.000000,2.701000,0.007945,0.000000,0.000000,0.000000,0,0
