278122000000,278400000000,6283499093,963,305386981,0.000156,0.000510,0.001932,0.000001,0.000415,0.000759,0.000021,0.000000,0.017240,0.003998,2.542000,0.008515,0.000000,0.000000,0.000010,0,0
278400000000,278700000000,6283499093,963,305386981,0.000241,0.000463,0.001930,0.000003,0.000438,0.000577,0.000048,0.000000,0.005249,0.008148,2.594000,0.008318,0.000000,0.000000,0.000166,0,0
278700000000,279000000000,6283499093,963,305386981,0.000303,0.000495,0.001928,0.000006,0.000457,0.000535,0.000004,0.000000,0.005157,0.000571,2.133000,0.005901,0.000000,0.000000,0.000552,0,0
279000000000,279300000000,6283499093,963,305386981,0.000277,0.000489,0.001928,0.000006,0.000458,0.000494,0.000001,0.000000,0.000961,0.000072,2.200000,0.006539,0.000000,0.000000,0.000193,0,0
279300000000,279600000000,6283499093,963,305386981,0.000277,0.000507,0.001928,0.000007,0.000460,0.000547,0.000027,0.000000,0.005791,0.006645,2.375000,0.006840,0.000000,0.000000,0.000308,0,0
279600000000,279900000000,6283499093,963,305386981,0.000292,0.000504,0.001928,0.000010,0.000463,0.000541,0.000003,0.000000,0.004227,0.000571,2.084000,0.005527,0.000000,0.000000,0.000552,0,0
279900000000,280200000000,6283499093,963,305386981,0.000301,0.000514,0.001928,0.000010,0.000463,0.000544,0.000006,0.000000,0.004845,0.001286,2.243000,0.006219,0.000000,0.000000,0.000192,0,0
280200000000,280500000000,6283499093,963,305386981,0.000404,0.000937,0.001928,0.000011,0.000470,0.001053,0.000024,0.000000,0.011470,0.005859,2.395000,0.007076,0.000000,0.000000,0.000217,0,0
280500000000,280800000000,6283499093,963,305386981,0.000371,0.000996,0.001928,0.000010,0.000470,0.001011,0.000003,0.000000,0.004601,0.000643,2.535000,0.007692,0.000000,0.000000,0.000365,0,0
280800000000,281100000000,6283499093,963,305386981,0.000403,0.001020,0.001928,0.000010,0.000471,0.001049,0.000002,0.000000,0.009262,0.000286,2.222000,0.006369,0.000000,0.000000,0.000234,0,0
281100000000,281400000000,6283499093,963,305386981,0.000392,0.001026,0.001928,0.000010,0.000471,0.001053,0.000002,0.000000,0.004807,0.000357,2.882000,0.009651,0.000000,0.000000,0.000250,0,0
281400000000,281700000000,6283499093,963,305386981,0.000390,0.001019,0.001928,0.000010,0.000471,0.001051,0.000000,0.000000,0.004898,0.000072,2.646000,0.008444,0.000000,0.000000,0.000577,0,0
281700000000,282000000000,6283499093,963,305386981,0.000376,0.001013,0.001928,0.000010,0.000471,0.001038,0.000006,0.000000,0.004715,0.001358,2.279000,0.006608,0.000000,0.000000,0.000237,0,0
282000000000,282300000000,6283499093,963,305386981,0.000382,0.001041,0.001928,0.000010,0.000471,0.001064,0.000011,0.000000,0.005035,0.002285,2.565000,0.007982,0.000000,0.000000,0.000217,0,0
282300000000,282600000000,6283499093,963,305386981,0.000366,0.001032,0.001928,0.000010,0.000471,0.001064,0.000016,0.000000,0.005135,0.002144,2.487000,0.007505,0.000000,0.000000,0.000526,0,0
282600000000,282900000000,6283499093,963,305386981,0.000371,0.001051,0.001928,0.000010,0.000471,0.001068,0.000012,0.000000,0.004791,0.001286,2.721000,0.008511,0.000000,0.000000,0.000450,0,0
282900000000,283200000000,6283499093,963,305386981,0.000383,0.001059,0.001928,0.000010,0.000471,0.001066,0.000013,0.000000,0.011800,0.002357,2.524000,0.007655,0.000000,0.000000,0.000103,0,0
283200000000,283239000000,6283499093,963,305386981,0.000457,0.001041,0.001928,0.000023,0.000471,0.001045,0.000006,0.000000,0.004921,0.000143,2.886000,0.009228,0.000000,0.000000,0.000271,0,0
283239000000,283248000000,6283499093,963,305386981,0.000318,0.000000,0.000000,0.000000,0.000000,0.000000,0.000000,0.000000,0.002869,0.000000,2.903000,0.009308,0.000000,0.000000,0.000000,0,0
283248000000,283250000000,6283499093,963,305386981,0.000000,0.000000,0.000000,0.000000,0.000000,0.000000,0.000000,0.000000,0.000000,0.000000,2.903000,0.009308,0.000000,0.000000,0.000000,0,0
