278119000000,278400000000,6283499093,964,717233,0.000199,0.000427,0.001917,0.000017,0.000072,0.000588,0.000015,0.000000,0.022400,0.002285,2.808000,0.009854,0.000000,0.000000,0.000063,0,0
278400000000,278700000000,6283499093,964,717233,0.000112,0.000517,0.001917,0.000017,0.000153,0.000825,0.000000,0.000000,0.003502,0.000072,2.408000,0.008459,0.000000,0.000000,0.000050,0,0
278700000000,279000000000,6283499093,964,717233,0.000108,0.000555,0.001919,0.000017,0.000186,0.000813,0.000002,0.000000,0.003162,0.000571,2.484000,0.008775,0.000000,0.000000,0.000026,0,0
279000000000,279300000000,6283499093,964,717233,0.000111,0.000566,0.001919,0.000017,0.000195,0.000815,0.000001,0.000000,0.003494,0.000072,2.515000,0.008994,0.000000,0.000000,0.000219,0,0
279300000000,279600000000,6283499093,964,717233,0.000112,0.000610,0.001919,0.000008,0.000227,0.000821,0.000017,0.000000,0.003178,0.004211,2.491000,0.008975,0.000000,0.000000,0.000001,0,0
279600000000,279900000000,6283499093,964,717233,0.000192,0.000682,0.001917,0.000010,0.000217,0.001385,0.000066,0.000000,0.008774,0.015500,2.275000,0.007578,0.000000,0.000000,0.000084,0,0
279900000000,280200000000,6283499093,964,717233,0.000391,0.001095,0.001915,0.000031,0.000183,0.001406,0.000006,0.000000,0.005882,0.001072,2.692000,0.008252,0.000000,0.000000,0.000090,0,0
280200000000,280500000000,6283499093,964,717233,0.000426,0.001007,0.001913,0.000030,0.000078,0.001247,0.000002,0.000000,0.004654,0.000286,2.753000,0.008102,0.000000,0.000000,0.000176,0,0
280500000000,280800000000,6283499093,964,717233,0.000429,0.001053,0.001911,0.000026,0.000113,0.001425,0.000001,0.000000,0.004860,0.000072,2.879000,0.008208,0.000000,0.000000,0.000302,0,0
280800000000,281100000000,6283499093,964,717233,0.000432,0.001133,0.001913,0.000026,0.000188,0.001434,0.000002,0.000000,0.005951,0.000286,2.617000,0.007293,0.000000,0.000000,0.000169,0,0
281100000000,281400000000,6283499093,964,717233,0.000431,0.001211,0.001913,0.000026,0.000258,0.001442,0.000001,0.000000,0.005188,0.000215,2.836000,0.008048,0.000000,0.000000,0.000423,0,0
281400000000,281700000000,6283499093,964,717233,0.000402,0.001194,0.001913,0.000026,0.000239,0.001442,0.000010,0.000000,0.004868,0.002571,2.808000,0.007901,0.000000,0.000000,0.000195,0,0
281700000000,282000000000,6283499093,964,717233,0.000361,0.001135,0.001913,0.000026,0.000182,0.001440,0.000001,0.000000,0.001661,0.000286,2.703000,0.007239,0.000000,0.000000,0.000230,0,0
282000000000,282219000000,6283499093,964,717233,0.000399,0.000954,0.001913,0.000027,0.000093,0.001440,0.000046,0.000000,0.004654,0.009430,2.581000,0.006895,0.000000,0.000000,0.000301,0,0
282219000000,282234000000,6283499093,964,717233,0.000230,0.000000,0.000000,0.000000,0.000000,0.000000,0.000000,0.000000,0.003441,0.000000,2.853000,0.007883,0.000000,0.000000,0.000000,0,0
282234000000,282235000000,6283499093,964,717233,0.000000,0.000000,0.000000,0.000000,0.000000,0.000000,0.000000,0.000000,0.000000,0.000000,2.853000,0.007883,0.000000,0.000000,0.000000,0,0
