278111000000,278400000000,6283499093,965,4802479771,0.000168,0.000573,0.001934,0.000187,0.000540,0.000949,0.000553,0.000000,0.008255,0.009995,1.226000,0.000000,0.000000,0.000000,0.000031,0,0
278400000000,278700000000,6283499093,965,4802479771,0.000107,0.000382,0.001932,0.000197,0.000588,0.000433,0.000000,0.000000,0.003117,0.000072,2.082000,0.000000,0.000000,0.000000,0.000019,0,0
278700000000,279000000000,6283499093,965,4802479771,0.000104,0.000403,0.001932,0.000197,0.000592,0.000436,0.000000,0.000000,0.003120,0.000072,2.076000,0.000000,0.000000,0.000000,0.000009,0,0
279000000000,279300000000,6283499093,965,4802479771,0.000105,0.000404,0.001932,0.000197,0.000590,0.000440,0.000001,0.000000,0.003189,0.000072,2.108000,0.000000,0.000000,0.000000,0.000006,0,0
279300000000,279600000000,6283499093,965,4802479771,0.000145,0.000418,0.001930,0.000196,0.000588,0.000559,0.000031,0.000000,0.006012,0.008713,2.164000,0.000000,0.000000,0.000000,0.000073,0,0
279600000000,279900000000,6283499093,965,4802479771,0.000290,0.000511,0.001926,0.000190,0.000591,0.000597,0.000017,0.000000,0.004135,0.003429,2.401000,0.000000,0.000000,0.000000,0.000157,0,0
279900000000,280200000000,6283499093,965,4802479771,0.000277,0.000538,0.001930,0.000263,0.000673,0.000630,0.000344,0.000000,0.001160,0.049130,2.333000,0.000000,0.000000,0.000000,0.000207,0,0
280200000000,280500000000,6283499093,965,4802479771,0.000375,0.000934,0.001928,0.000291,0.000730,0.001051,0.000071,0.000000,0.007904,0.012210,1.595000,0.000000,0.000000,0.000000,0.000195,0,0
280500000000,280800000000,6283499093,965,4802479771,0.000373,0.000992,0.001930,0.000287,0.000734,0.001013,0.000008,0.000000,0.004486,0.001429,2.609000,0.000000,0.000000,0.000000,0.000263,0,0
280800000000,281100000000,6283499093,965,4802479771,0.000370,0.000997,0.001928,0.000287,0.000734,0.001015,0.000004,0.000000,0.004829,0.000857,2.167000,0.000000,0.000000,0.000000,0.000309,0,0
281100000000,281400000000,6283499093,965,4802479771,0.000373,0.001001,0.001930,0.000287,0.000734,0.001032,0.000005,0.000000,0.004662,0.000857,2.403000,0.000000,0.000000,0.000000,0.000116,0,0
281400000000,281700000000,6283499093,965,4802479771,0.000392,0.001009,0.001928,0.000287,0.000734,0.001043,0.000000,0.000000,0.004723,0.000000,2.515000,0.000000,0.000000,0.000000,0.000506,0,0
281700000000,282000000000,6283499093,965,4802479771,0.000403,0.000999,0.001928,0.000287,0.000734,0.001015,0.000001,0.000000,0.004707,0.000072,2.484000,0.000000,0.000000,0.000000,0.000911,0,0
282000000000,282300000000,6283499093,965,4802479771,0.000410,0.001020,0.001930,0.000287,0.000735,0.001043,0.000008,0.000000,0.005127,0.001429,2.623000,0.000000,0.000000,0.000000,0.005127,0,0
282300000000,282600000000,6283499093,965,4802479771,0.000388,0.001032,0.001928,0.000287,0.000735,0.001062,0.000023,0.000000,0.004959,0.002857,2.689000,0.000000,0.000000,0.000000,0.000431,0,0
282600000000,282900000000,6283499093,965,4802479771,0.000432,0.001059,0.001928,0.000287,0.000735,0.001076,0.000008,0.000000,0.004723,0.000500,2.066000,0.000000,0.000000,0.000000,0.000601,0,0
282900000000,283200000000,6283499093,965,4802479771,0.000444,0.001064,0.001928,0.000287,0.000735,0.001078,0.000013,0.000000,0.004608,0.001143,2.616000,0.000000,0.000000,0.000000,0.000353,0,0
283200000000,283500000000,6283499093,965,4802479771,0.000423,0.001049,0.001928,0.000287,0.000735,0.001060,0.000008,0.000000,0.005096,0.001215,2.606000,0.000000,0.000000,0.000000,0.000258,0,0
283500000000,283800000000,6283499093,965,4802479771,0.000415,0.001072,0.001928,0.000287,0.000735,0.001076,0.000015,0.000000,0.004700,0.001642,2.550000,0.000000,0.000000,0.000000,0.000179,0,0
283800000000,284100000000,6283499093,965,4802479771,0.000376,0.001040,0.001930,0.000287,0.000735,0.001076,0.000005,0.000000,0.004715,0.000786,2.407000,0.000000,0.000000,0.000000,0.000214,0,0
284100000000,284298000000,6283499093,965,4802479771,0.000363,0.001049,0.001928,0.000287,0.000735,0.001083,0.000019,0.000000,0.005203,0.001928,2.280000,0.000000,0.000000,0.000000,0.000217,0,0
284298000000,284300000000,6283499093,965,4802479771,0.001404,0.001081,0.001928,0.000324,0.000773,0.001081,0.007004,0.000000,0.016390,0.010280,2.067000,0.000000,0.000000,0.000000,0.000622,0,0
284300000000,284311000000,6283499093,965,4802479771,0.001287,0.000216,0.001938,0.000812,0.000812,0.000217,0.000007,0.000000,0.014160,0.000072,2.067000,0.000000,0.000000,0.000000,0.000022,0,0
284311000000,284312000000,6283499093,965,4802479771,0.000000,0.000214,0.001944,0.000812,0.000812,0.000214,0.000000,0.000000,0.000000,0.000000,2.067000,0.000000,0.000000,0.000000,0.000000,0,0
