278112000000,278400000000,6283499093,966,4802478945,0.000176,0.000545,0.001923,0.000015,0.000258,0.000771,0.000031,0.000000,0.008835,0.004143,2.263000,0.000000,0.000000,0.000000,0.000022,0,0
278400000000,278700000000,6283499093,966,4802478945,0.000128,0.000611,0.001930,0.000014,0.000331,0.000730,0.000000,0.000000,0.003250,0.000000,2.629000,0.000000,0.000000,0.000000,0.000308,0,0
278700000000,279000000000,6283499093,966,4802478945,0.000120,0.000589,0.001930,0.000014,0.000298,0.000733,0.000001,0.000000,0.003719,0.000072,2.380000,0.000000,0.000000,0.000000,0.000025,0,0
279000000000,279300000000,6283499093,966,4802478945,0.000122,0.000570,0.001930,0.000014,0.000275,0.000736,0.000001,0.000000,0.001240,0.000072,2.750000,0.000000,0.000000,0.000000,0.000052,0,0
279300000000,279600000000,6283499093,966,4802478945,0.000252,0.000653,0.001926,0.000014,0.000310,0.000849,0.000005,0.000000,0.007301,0.000286,2.341000,0.000000,0.000000,0.000000,0.000099,0,0
279600000000,279900000000,6283499093,966,4802478945,0.000290,0.000667,0.001926,0.000015,0.000290,0.000847,0.000001,0.000000,0.004852,0.000072,2.833000,0.000000,0.000000,0.000000,0.000240,0,0
279900000000,280200000000,6283499093,966,4802478945,0.000295,0.000687,0.001925,0.000015,0.000310,0.000848,0.000002,0.000000,0.003880,0.000286,2.620000,0.000000,0.000000,0.000000,0.000155,0,0
280200000000,280500000000,6283499093,966,4802478945,0.000412,0.001064,0.001925,0.000020,0.000282,0.001348,0.000035,0.000000,0.023650,0.006073,2.554000,0.000000,0.000000,0.000000,0.000834,0,0
280500000000,280800000000,6283499093,966,4802478945,0.000421,0.001207,0.001925,0.000018,0.000339,0.001348,0.000001,0.000000,0.004883,0.000072,2.455000,0.000000,0.000000,0.000000,0.000246,0,0
280800000000,281100000000,6283499093,966,4802478945,0.000443,0.001301,0.001926,0.000008,0.000406,0.001369,0.000002,0.000000,0.007309,0.000215,2.186000,0.000000,0.000000,0.000000,0.000803,0,0
281100000000,281400000000,6283499093,966,4802478945,0.000430,0.001066,0.001925,0.000008,0.000165,0.001368,0.000002,0.000000,0.004730,0.000143,2.408000,0.000000,0.000000,0.000000,0.000298,0,0
281400000000,281700000000,6283499093,966,4802478945,0.000359,0.001135,0.001926,0.000008,0.000297,0.001373,0.000000,0.000000,0.004547,0.000000,2.898000,0.000000,0.000000,0.000000,0.000140,0,0
281700000000,282000000000,6283499093,966,4802478945,0.000395,0.001045,0.001928,0.000008,0.000468,0.001070,0.000003,0.000000,0.007706,0.000357,2.927000,0.000000,0.000000,0.000000,0.000214,0,0
282000000000,282300000000,6283499093,966,4802478945,0.000382,0.001038,0.001928,0.000008,0.000469,0.001059,0.000008,0.000000,0.023250,0.001143,2.932000,0.000000,0.000000,0.000000,0.000229,0,0
282300000000,282529000000,6283499093,966,4802478945,0.000391,0.001049,0.001928,0.000009,0.000469,0.001072,0.000063,0.000000,0.006088,0.005859,3.013000,0.000000,0.000000,0.000000,0.000567,0,0
282529000000,282544000000,6283499093,966,4802478945,0.000235,0.000000,0.000000,0.000000,0.000000,0.000000,0.000038,0.000000,0.003525,0.000286,2.509000,0.000000,0.000000,0.000000,0.000000,0,0
282544000000,282546000000,6283499093,966,4802478945,0.000000,0.000000,0.000000,0.000000,0.000000,0.000000,0.000000,0.000000,0.000000,0.000000,2.509000,0.000000,0.000000,0.000000,0.000000,0,0
