278110000000,278400000000,6283499093,967,4302671845,0.000180,0.000803,0.001757,0.000380,0.000795,0.001245,0.000727,0.000000,0.009872,0.036010,1.411000,0.002515,0.000000,0.000000,0.000031,0,0
278400000000,278700000000,6283499093,967,4302671845,0.000230,0.000569,0.001757,0.000370,0.000807,0.000668,0.000008,0.000000,0.015180,0.001928,2.250000,0.007041,0.000000,0.000000,0.000115,0,0
278700000000,279000000000,6283499093,967,4302671845,0.000295,0.000486,0.001925,0.000358,0.000810,0.000639,0.000000,0.000000,0.003929,0.000072,2.223000,0.006374,0.000000,0.000000,0.000334,0,0
279000000000,279300000000,6283499093,967,4302671845,0.000296,0.000476,0.001932,0.000358,0.000810,0.000480,0.000001,0.000000,0.004143,0.000072,2.122000,0.005824,0.000000,0.000000,0.000098,0,0
279300000000,279600000000,6283499093,967,4302671845,0.000278,0.000483,0.001932,0.000357,0.000810,0.000491,0.000012,0.000000,0.004189,0.002857,2.238000,0.006189,0.000000,0.000000,0.000740,0,0
279600000000,279900000000,6283499093,967,4302671845,0.000278,0.000478,0.001932,0.000356,0.000810,0.000487,0.000002,0.000000,0.004173,0.000357,1.956000,0.005071,0.000000,0.000000,0.000047,0,0
279900000000,280200000000,6283499093,967,4302671845,0.000284,0.000482,0.001932,0.000356,0.000810,0.000491,0.000004,0.000000,0.004410,0.000571,1.902000,0.004920,0.000000,0.000000,0.001087,0,0
280200000000,280500000000,6283499093,967,4302671845,0.000353,0.000820,0.001932,0.000357,0.000814,0.001034,0.000029,0.000000,0.006821,0.005142,2.275000,0.006601,0.000000,0.000000,0.005753,0,0
280500000000,280800000000,6283499093,967,4302671845,0.000341,0.000978,0.001932,0.000350,0.000811,0.000990,0.000007,0.000000,0.004059,0.001143,2.475000,0.007816,0.000000,0.000000,0.000464,0,0
280800000000,281100000000,6283499093,967,4302671845,0.000336,0.000980,0.001932,0.000350,0.000811,0.000996,0.000001,0.000000,0.004387,0.000215,2.338000,0.006880,0.000000,0.000000,0.000086,0,0
281100000000,281400000000,6283499093,967,4302671845,0.000325,0.000984,0.001932,0.000350,0.000811,0.001028,0.000011,0.000000,0.004639,0.002430,2.126000,0.006010,0.000000,0.000000,0.000075,0,0
281400000000,281700000000,6283499093,967,4302671845,0.000343,0.000990,0.001932,0.000350,0.000811,0.001028,0.000000,0.000000,0.005119,0.000072,2.298000,0.006565,0.000000,0.000000,0.000463,0,0
281700000000,282000000000,6283499093,967,4302671845,0.000428,0.001009,0.001930,0.000350,0.000811,0.001026,0.000007,0.000000,0.004715,0.001072,2.934000,0.009956,0.000000,0.000000,0.000326,0,0
282000000000,282300000000,6283499093,967,4302671845,0.000407,0.001036,0.001930,0.000350,0.000811,0.001064,0.000017,0.000000,0.011150,0.001858,2.604000,0.008530,0.000000,0.000000,0.000240,0,0
282300000000,282600000000,6283499093,967,4302671845,0.000354,0.001036,0.001930,0.000350,0.000811,0.001064,0.000007,0.000000,0.004601,0.000571,2.403000,0.007221,0.000000,0.000000,0.000134,0,0
282600000000,282900000000,6283499093,967,4302671845,0.000340,0.001057,0.001930,0.000350,0.000811,0.001060,0.000037,0.000000,0.004784,0.002571,2.248000,0.006711,0.000000,0.000000,0.000365,0,0
282900000000,283200000000,6283499093,967,4302671845,0.000327,0.001040,0.001932,0.000350,0.000811,0.001057,0.000015,0.000000,0.004105,0.002857,2.331000,0.007089,0.000000,0.000000,0.000165,0,0
283200000000,283479000000,6283499093,967,4302671845,0.000346,0.001036,0.001932,0.000352,0.000811,0.001059,0.000006,0.000000,0.004715,0.000286,2.325000,0.006708,0.000000,0.000000,0.000787,0,0
283479000000,283492000000,6283499093,967,4302671845,0.000194,0.000000,0.000000,0.000000,0.000000,0.000000,0.000412,0.000000,0.002514,0.002857,2.194000,0.006563,0.000000,0.000000,0.000000,0,0
283492000000,283493000000,6283499093,967,4302671845,0.000000,0.000000,0.000000,0.000000,0.000000,0.000000,0.000000,0.000000,0.000000,0.000000,2.194000,0.006563,0.000000,0.000000,0.000000,0,0
283493000000,283500000000,6283499093,967,4302671845,0.000000,0.000000,0.000000,0.000000,0.000000,0.000000,0.000000,0.000000,0.000000,0.000000,0.000000,0.000000,0.000000,0.000000,0.000000,0,0
