278111000000,278400000000,6283499093,968,317341786,0.000176,0.000538,0.001928,0.000002,0.000301,0.000768,0.000035,0.000000,0.021090,0.005211,1.379000,0.001797,0.000000,0.000000,0.000047,0,0
278400000000,278700000000,6283499093,968,317341786,0.000255,0.000597,0.001928,0.000006,0.000337,0.000766,0.000050,0.000000,0.005836,0.010710,3.026000,0.009339,0.000000,0.000000,0.000035,0,0
278700000000,279000000000,6283499093,968,317341786,0.000312,0.000502,0.001932,0.000022,0.000458,0.000662,0.000005,0.000000,0.004166,0.001358,2.894000,0.008518,0.000000,0.000000,0.000454,0,0
279000000000,279300000000,6283499093,968,317341786,0.000287,0.000493,0.001932,0.000024,0.000461,0.000501,0.000016,0.000000,0.004547,0.002357,3.578000,0.011040,0.000000,0.000000,0.000293,0,0
279300000000,279600000000,6283499093,968,317341786,0.000289,0.000522,0.001932,0.000027,0.000470,0.000558,0.000029,0.000000,0.002346,0.007782,2.330000,0.006231,0.000000,0.000000,0.000051,0,0
279600000000,279900000000,6283499093,968,317341786,0.000301,0.000498,0.001932,0.000028,0.000475,0.000500,0.000003,0.000000,0.004013,0.000428,2.521000,0.006771,0.000000,0.000000,0.000186,0,0
279900000000,280200000000,6283499093,968,317341786,0.000312,0.000504,0.001932,0.000028,0.000475,0.000514,0.000008,0.000000,0.004738,0.001715,2.216000,0.005568,0.000000,0.000000,0.000452,0,0
280200000000,280500000000,6283499093,968,317341786,0.000429,0.000960,0.001932,0.000047,0.000504,0.001106,0.000090,0.000000,0.016630,0.015430,2.836000,0.008365,0.000000,0.000000,0.000446,0,0
280500000000,280800000000,6283499093,968,317341786,0.000403,0.000988,0.001932,0.000048,0.000506,0.000990,0.000005,0.000000,0.005013,0.000999,2.906000,0.008435,0.000000,0.000000,0.000335,0,0
280800000000,281100000000,6283499093,968,317341786,0.000380,0.001020,0.001932,0.000048,0.000506,0.001036,0.000000,0.000000,0.004356,0.000072,2.547000,0.007097,0.000000,0.000000,0.000331,0,0
281100000000,281400000000,6283499093,968,317341786,0.000424,0.001043,0.001930,0.000049,0.000506,0.001076,0.000006,0.000000,0.005875,0.000929,2.859000,0.008444,0.000000,0.000000,0.000191,0,0
281400000000,281700000000,6283499093,968,317341786,0.000431,0.001057,0.001930,0.000049,0.000506,0.001078,0.000006,0.000000,0.005211,0.001429,2.330000,0.006116,0.000000,0.000000,0.000156,0,0
281700000000,282000000000,6283499093,968,317341786,0.000396,0.001036,0.001932,0.000049,0.000506,0.001076,0.000001,0.000000,0.006134,0.000072,3.179000,0.009419,0.000000,0.000000,0.000305,0,0
282000000000,282300000000,6283499093,968,317341786,0.000369,0.001045,0.001932,0.000049,0.000506,0.001081,0.000006,0.000000,0.007050,0.000428,2.625000,0.007115,0.000000,0.000000,0.000126,0,0
282300000000,282600000000,6283499093,968,317341786,0.000420,0.001060,0.001932,0.000049,0.000507,0.001078,0.000014,0.000000,0.010670,0.001358,2.951000,0.008573,0.000000,0.000000,0.000349,0,0
282600000000,282900000000,6283499093,968,317341786,0.000443,0.001083,0.001930,0.000049,0.000507,0.001099,0.000018,0.000000,0.005119,0.001572,3.206000,0.009795,0.000000,0.000000,0.000177,0,0
282900000000,282980000000,6283499093,968,317341786,0.002018,0.001125,0.001930,0.000050,0.000509,0.001324,0.000129,0.000000,0.054080,0.004501,0.734100,0.000818,0.000000,0.000000,0.000352,0,0
282980000000,282998000000,6283499093,968,317341786,0.000132,0.000000,0.000000,0.000000,0.000000,0.000000,0.000031,0.000000,0.002361,0.000571,0.602400,0.000310,0.000000,0.000000,0.000000,0,0
282998000000,282999000000,6283499093,968,317341786,0.000000,0.000000,0.000000,0.000000,0.000000,0.000000,0.000000,0.000000,0.000000,0.000000,0.602400,0.000310,0.000000,0.000000,0.000000,0,0
