278110000000,278134000000,6283499093,969,257502009,0.000000,0.000000,0.000000,0.000000,0.000000,0.000000,0.000000,0.000000,0.000000,0.000000,0.000000,0.000000,0.000000,0.000000,0.000000,0,0
278134000000,278400000000,6283499093,969,257502009,0.000195,0.000494,0.001926,0.000012,0.000168,0.000767,0.000071,0.000000,0.023160,0.008575,2.207000,0.006787,0.000000,0.000000,0.000375,0,0
278400000000,278700000000,6283499093,969,257502009,0.000116,0.000459,0.001926,0.000024,0.000148,0.000532,0.000010,0.000000,0.001511,0.002785,2.957000,0.010570,0.000000,0.000000,0.000050,0,0
278700000000,279000000000,6283499093,969,257502009,0.000115,0.000460,0.001926,0.000030,0.000151,0.000523,0.000002,0.000000,0.003437,0.000571,2.447000,0.008250,0.000000,0.000000,0.000046,0,0
279000000000,279300000000,6283499093,969,257502009,0.000115,0.000462,0.001926,0.000031,0.000151,0.000526,0.000003,0.000000,0.004280,0.000714,2.751000,0.009401,0.000000,0.000000,0.001013,0,0
279300000000,279600000000,6283499093,969,257502009,0.000176,0.000486,0.001926,0.000041,0.000165,0.000722,0.000083,0.000000,0.004883,0.018370,2.454000,0.008232,0.000000,0.000000,0.000005,0,0
279600000000,279900000000,6283499093,969,257502009,0.000312,0.000582,0.001926,0.000096,0.000288,0.000722,0.000010,0.000000,0.004349,0.001785,3.245000,0.010760,0.000000,0.000000,0.000073,0,0
279900000000,280200000000,6283499093,969,257502009,0.000315,0.000490,0.001928,0.000097,0.000321,0.000498,0.000010,0.000000,0.005608,0.001715,2.572000,0.007895,0.000000,0.000000,0.000437,0,0
280200000000,280500000000,6283499093,969,257502009,0.000405,0.000932,0.001928,0.000137,0.000371,0.001080,0.000084,0.000000,0.008041,0.016630,2.939000,0.009507,0.000000,0.000000,0.000215,0,0
280500000000,280800000000,6283499093,969,257502009,0.000409,0.001005,0.001928,0.000145,0.000382,0.001030,0.000008,0.000000,0.006401,0.000999,2.639000,0.008141,0.000000,0.000000,0.000262,0,0
280800000000,281100000000,6283499093,969,257502009,0.000424,0.001009,0.001928,0.000145,0.000382,0.001020,0.000009,0.000000,0.002159,0.002213,3.114000,0.010410,0.000000,0.000000,0.000134,0,0
281100000000,281400000000,6283499093,969,257502009,0.000461,0.001022,0.001926,0.000140,0.000377,0.001051,0.000010,0.000000,0.005646,0.001072,3.096000,0.010550,0.000000,0.000000,0.000242,0,0
281400000000,281700000000,6283499093,969,257502009,0.000403,0.001017,0.001928,0.000141,0.000378,0.001051,0.000000,0.000000,0.005104,0.000000,2.933000,0.009785,0.000000,0.000000,0.000143,0,0
281700000000,282000000000,6283499093,969,257502009,0.000344,0.001011,0.001928,0.000142,0.000379,0.001024,0.000000,0.000000,0.005013,0.000072,2.683000,0.008595,0.000000,0.000000,0.000113,0,0
282000000000,282300000000,6283499093,969,257502009,0.000394,0.000847,0.001926,0.000142,0.000380,0.001053,0.000019,0.000000,0.005157,0.001499,2.667000,0.008355,0.000000,0.000000,0.000165,0,0
282300000000,282369000000,6283499093,969,257502009,0.000379,0.000607,0.001928,0.000143,0.000382,0.000610,0.000301,0.000000,0.004089,0.019010,3.019000,0.010120,0.000000,0.000000,0.000251,0,0
282369000000,282382000000,6283499093,969,257502009,0.000288,0.000000,0.000000,0.000000,0.000000,0.000000,0.000011,0.000000,0.003746,0.000143,7.326000,0.030040,0.000000,0.000000,0.000000,0,0
282382000000,282383000000,6283499093,969,257502009,0.000000,0.000000,0.000000,0.000000,0.000000,0.000000,0.000000,0.000000,0.000000,0.000000,7.326000,0.030040,0.000000,0.000000,0.000000,0,0
