272489000000,272598000000,6283499093,97,708535613,0.000000,0.000000,0.000000,0.000000,0.000000,0.000000,0.000000,0.000000,0.000000,0.000000,0.000000,0.000000,0.000000,0.000000,0.000000,0,0
272598000000,272700000000,6283499093,97,708535613,0.000747,0.001577,0.001923,0.000364,0.000789,0.001701,0.002853,0.000000,0.017180,0.055480,1.254000,0.002571,0.000000,0.000000,0.000209,0,0
272700000000,273000000000,6283499093,97,708535613,0.000368,0.001022,0.001925,0.000372,0.000815,0.001472,0.000002,0.000000,0.004387,0.000571,2.615000,0.008159,0.000000,0.000000,0.000224,0,0
273000000000,273300000000,6283499093,97,708535613,0.000356,0.000939,0.001925,0.000372,0.000815,0.000941,0.000006,0.000000,0.003796,0.001715,2.795000,0.008943,0.000000,0.000000,0.000141,0,0
273300000000,273600000000,6283499093,97,708535613,0.000318,0.000946,0.001925,0.000371,0.000815,0.000963,0.000000,0.000000,0.004372,0.000000,2.431000,0.007092,0.000000,0.000000,0.000133,0,0
273600000000,273900000000,6283499093,97,708535613,0.000321,0.000951,0.001925,0.000370,0.000814,0.000965,0.000000,0.000000,0.003857,0.000072,2.300000,0.006546,0.000000,0.000000,0.000203,0,0
273900000000,274200000000,6283499093,97,708535613,0.000318,0.000952,0.001925,0.000364,0.000808,0.000966,0.000000,0.000000,0.003952,0.000072,2.295000,0.006550,0.000000,0.000000,0.000315,0,0
274200000000,274500000000,6283499093,97,708535613,0.000357,0.000964,0.001925,0.000364,0.000808,0.000970,0.000009,0.000000,0.004387,0.001499,2.469000,0.007402,0.000000,0.000000,0.000954,0,0
274500000000,274800000000,6283499093,97,708535613,0.000339,0.000953,0.001925,0.000364,0.000809,0.000958,0.000000,0.000000,0.003826,0.000000,2.420000,0.007172,0.000000,0.000000,0.000143,0,0
274800000000,275100000000,6283499093,97,708535613,0.000331,0.000962,0.001925,0.000364,0.000809,0.000974,0.000000,0.000000,0.001293,0.000072,2.376000,0.006924,0.000000,0.000000,0.000131,0,0
275100000000,275400000000,6283499093,97,708535613,0.000331,0.000956,0.001925,0.000364,0.000809,0.000963,0.000000,0.000000,0.008652,0.000072,2.495000,0.007382,0.000000,0.000000,0.000605,0,0
275400000000,275700000000,6283499093,97,708535613,0.000337,0.000973,0.001925,0.000364,0.000809,0.000982,0.000000,0.000000,0.004250,0.000072,2.570000,0.007718,0.000000,0.000000,0.000084,0,0
275700000000,276000000000,6283499093,97,708535613,0.000382,0.000984,0.001925,0.000364,0.000809,0.000994,0.000003,0.000000,0.032650,0.000643,2.441000,0.007367,0.000000,0.000000,0.000120,0,0
276000000000,276300000000,6283499093,97,708535613,0.000638,0.001125,0.001921,0.000352,0.000816,0.001177,0.000036,0.000000,0.025420,0.007645,3.224000,0.010690,0.000000,0.000000,0.000644,0,0
276300000000,276600000000,6283499093,97,708535613,0.000432,0.001087,0.001923,0.000349,0.000813,0.001101,0.000001,0.000000,0.004211,0.000072,2.954000,0.009711,0.000000,0.000000,0.000241,0,0
276600000000,276900000000,6283499093,97,708535613,0.000340,0.001095,0.001923,0.000349,0.000813,0.001112,0.000001,0.000000,0.004517,0.000072,2.409000,0.006951,0.000000,0.000000,0.000277,0,0
276900000000,277200000000,6283499093,97,708535613,0.003841,0.001312,0.002296,0.000094,0.000560,0.001553,0.000010,0.000000,0.075810,0.000714,0.604300,0.000360,0.000000,0.000000,0.000643,0,0
277200000000,277500000000,6283499093,97,708535613,0.000349,0.001270,0.001923,0.000039,0.000504,0.001274,0.000005,0.000000,0.004478,0.000357,2.398000,0.006983,0.000000,0.000000,0.000152,0,0
277500000000,277800000000,6283499093,97,708535613,0.000353,0.001286,0.001923,0.000039,0.000504,0.001308,0.000045,0.000000,0.004906,0.011930,2.377000,0.006874,0.000000,0.000000,0.000212,0,0
277800000000,278100000000,6283499093,97,708535613,0.000418,0.001297,0.001923,0.000047,0.000514,0.001320,0.000010,0.000000,0.006828,0.000643,2.252000,0.006387,0.000000,0.000000,0.000628,0,0
278100000000,278400000000,6283499093,97,708535613,0.004791,0.001514,0.002045,0.000031,0.000354,0.001762,0.000013,0.000000,0.105800,0.000571,0.623400,0.000311,0.000000,0.000000,0.000351,0,0
278400000000,278700000000,6283499093,97,708535613,0.000973,0.001511,0.001921,0.000021,0.000333,0.001549,0.000009,0.000000,0.049130,0.000714,0.770500,0.000856,0.000000,0.000000,0.000344,0,0
278700000000,279000000000,6283499093,97,708535613,0.001467,0.001520,0.001921,0.000024,0.000336,0.001572,0.000009,0.000001,0.052430,0.000286,0.643600,0.000325,0.000000,0.000000,0.000110,0,0
279000000000,279070000000,6283499093,97,708535613,0.002144,0.001511,0.001921,0.000026,0.000338,0.001562,0.000874,0.000001,0.038210,0.035580,2.367000,0.006776,0.000000,0.000000,0.000157,0,0
279070000000,279082000000,6283499093,97,708535613,0.000240,0.000000,0.000000,0.000000,0.000000,0.000000,0.000059,0.000001,0.002888,0.000571,2.395000,0.006889,0.000000,0.000000,0.000000,0,0
279082000000,279085000000,6283499093,97,708535613,0.000000,0.000000,0.000000,0.000000,0.000000,0.000000,0.000000,0.000001,0.000000,0.000000,2.395000,0.006889,0.000000,0.000000,0.000000,0,0
