278121000000,278400000000,6283499093,970,3606445419,0.000211,0.000916,0.001621,0.000376,0.000791,0.001356,0.001097,0.000000,0.039550,0.052060,1.684000,0.003091,0.000000,0.000000,0.000298,0,0
278400000000,278700000000,6283499093,970,3606445419,0.000122,0.000606,0.001625,0.000379,0.000803,0.000625,0.000000,0.000000,0.003204,0.000000,2.968000,0.010250,0.000000,0.000000,0.000308,0,0
278700000000,279000000000,6283499093,970,3606445419,0.000115,0.000415,0.001921,0.000376,0.000801,0.000624,0.000000,0.000000,0.004059,0.000072,2.297000,0.007360,0.000000,0.000000,0.000018,0,0
279000000000,279300000000,6283499093,970,3606445419,0.000117,0.000405,0.001936,0.000376,0.000801,0.000412,0.000003,0.000000,0.003296,0.000357,2.268000,0.007287,0.000000,0.000000,0.000053,0,0
279300000000,279600000000,6283499093,970,3606445419,0.000179,0.000440,0.001934,0.000371,0.000802,0.000582,0.000025,0.000000,0.006256,0.006073,2.676000,0.009023,0.000000,0.000000,0.000010,0,0
279600000000,279900000000,6283499093,970,3606445419,0.000307,0.000521,0.001932,0.000353,0.000807,0.000583,0.000004,0.000000,0.004074,0.000643,2.700000,0.008154,0.000000,0.000000,0.000125,0,0
279900000000,280200000000,6283499093,970,3606445419,0.000322,0.000512,0.001932,0.000354,0.000808,0.000544,0.000003,0.000000,0.004387,0.000643,2.472000,0.007087,0.000000,0.000000,0.000122,0,0
280200000000,280500000000,6283499093,970,3606445419,0.000426,0.000946,0.001930,0.000359,0.000818,0.001081,0.000036,0.000000,0.007538,0.005928,2.576000,0.007857,0.000000,0.000000,0.000379,0,0
280500000000,280800000000,6283499093,970,3606445419,0.000409,0.001005,0.001930,0.000360,0.000820,0.001015,0.000001,0.000000,0.004562,0.000143,2.874000,0.009308,0.000000,0.000000,0.000212,0,0
280800000000,281100000000,6283499093,970,3606445419,0.000392,0.001028,0.001932,0.000360,0.000821,0.001062,0.000001,0.000000,0.005371,0.000286,2.650000,0.008180,0.000000,0.000000,0.000791,0,0
281100000000,281400000000,6283499093,970,3606445419,0.000406,0.001026,0.001932,0.000360,0.000821,0.001070,0.000002,0.000000,0.005386,0.000286,2.493000,0.007359,0.000000,0.000000,0.000448,0,0
281400000000,281700000000,6283499093,970,3606445419,0.000415,0.001034,0.001930,0.000360,0.000821,0.001070,0.000000,0.000000,0.005981,0.000000,3.023000,0.009322,0.000000,0.000000,0.000323,0,0
281700000000,282000000000,6283499093,970,3606445419,0.000396,0.001036,0.001930,0.000360,0.000821,0.001047,0.000000,0.000000,0.004967,0.000072,2.938000,0.009036,0.000000,0.000000,0.000221,0,0
282000000000,282300000000,6283499093,970,3606445419,0.000373,0.001055,0.001932,0.000360,0.000821,0.001078,0.000011,0.000000,0.004974,0.001358,2.474000,0.007102,0.000000,0.000000,0.000451,0,0
282300000000,282600000000,6283499093,970,3606445419,0.000348,0.001059,0.001932,0.000360,0.000821,0.001091,0.000011,0.000000,0.006660,0.001072,2.411000,0.006567,0.000000,0.000000,0.000599,0,0
282600000000,282900000000,6283499093,970,3606445419,0.000359,0.001062,0.001932,0.000360,0.000821,0.001093,0.000010,0.000000,0.016330,0.000857,2.952000,0.008925,0.000000,0.000000,0.000408,0,0
282900000000,283200000000,6283499093,970,3606445419,0.000399,0.001074,0.001930,0.000361,0.000822,0.001097,0.000010,0.000000,0.008209,0.001358,2.108000,0.005516,0.000000,0.000000,0.000321,0,0
283200000000,283500000000,6283499093,970,3606445419,0.000382,0.001064,0.001930,0.000360,0.000821,0.001093,0.000007,0.000000,0.004288,0.000857,2.469000,0.006888,0.000000,0.000000,0.000139,0,0
283500000000,283549000000,6283499093,970,3606445419,0.000483,0.001049,0.001930,0.000370,0.000822,0.001076,0.000118,0.000000,0.005951,0.005074,1.752000,0.003902,0.000000,0.000000,0.000211,0,0
283549000000,283561000000,6283499093,970,3606445419,0.000236,0.000000,0.000000,0.000000,0.000000,0.000000,0.000090,0.000000,0.002831,0.000643,2.606000,0.007576,0.000000,0.000000,0.000000,0,0
283561000000,283562000000,6283499093,970,3606445419,0.000000,0.000000,0.000000,0.000000,0.000000,0.000000,0.000000,0.000000,0.000000,0.000000,2.606000,0.007576,0.000000,0.000000,0.000000,0,0
