278116000000,278400000000,6283499093,971,5069594089,0.000176,0.000579,0.001928,0.000170,0.000531,0.000910,0.000394,0.000000,0.012540,0.051570,2.078000,0.006754,0.000000,0.000000,0.000020,0,0
278400000000,278700000000,6283499093,971,5069594089,0.000106,0.000406,0.001928,0.000172,0.000541,0.000492,0.000018,0.000000,0.003357,0.002785,2.356000,0.008067,0.000000,0.000000,0.000012,0,0
278700000000,279000000000,6283499093,971,5069594089,0.000102,0.000407,0.001930,0.000175,0.000552,0.000452,0.000002,0.000000,0.003201,0.000571,2.120000,0.007128,0.000000,0.000000,0.000024,0,0
279000000000,279300000000,6283499093,971,5069594089,0.000107,0.000409,0.001930,0.000175,0.000548,0.000453,0.000002,0.000000,0.003651,0.000500,2.453000,0.008066,0.000000,0.000000,0.000033,0,0
279300000000,279600000000,6283499093,971,5069594089,0.000210,0.000459,0.001926,0.000178,0.000556,0.000606,0.000093,0.000000,0.005211,0.026490,2.460000,0.007321,0.000000,0.000000,0.000210,0,0
279600000000,279900000000,6283499093,971,5069594089,0.000300,0.000492,0.001925,0.000183,0.000576,0.000585,0.000002,0.000000,0.004356,0.000357,2.289000,0.006346,0.000000,0.000000,0.000648,0,0
279900000000,280200000000,6283499093,971,5069594089,0.000295,0.000511,0.001928,0.000223,0.000602,0.000586,0.000208,0.000000,0.004059,0.027280,2.190000,0.005931,0.000000,0.000000,0.000156,0,0
280200000000,280500000000,6283499093,971,5069594089,0.000425,0.000953,0.001930,0.000300,0.000715,0.001097,0.000120,0.000000,0.008438,0.027710,2.617000,0.008453,0.000000,0.000000,0.000471,0,0
280500000000,280800000000,6283499093,971,5069594089,0.000382,0.000975,0.001930,0.000296,0.000717,0.000977,0.000002,0.000000,0.005821,0.000357,2.860000,0.009419,0.000000,0.000000,0.000215,0,0
280800000000,281100000000,6283499093,971,5069594089,0.000372,0.000992,0.001932,0.000296,0.000717,0.001015,0.000002,0.000000,0.004585,0.000357,2.670000,0.008367,0.000000,0.000000,0.000256,0,0
281100000000,281400000000,6283499093,971,5069594089,0.000352,0.001001,0.001932,0.000296,0.000717,0.001009,0.000002,0.000000,0.004982,0.000357,2.608000,0.007839,0.000000,0.000000,0.000234,0,0
281400000000,281700000000,6283499093,971,5069594089,0.000346,0.001001,0.001932,0.000296,0.000717,0.001009,0.000001,0.000000,0.004684,0.000143,2.440000,0.007443,0.000000,0.000000,0.000170,0,0
281700000000,282000000000,6283499093,971,5069594089,0.000336,0.001015,0.001932,0.000296,0.000717,0.001040,0.000002,0.000000,0.003273,0.000286,2.394000,0.007040,0.000000,0.000000,0.000072,0,0
282000000000,282300000000,6283499093,971,5069594089,0.000344,0.001007,0.001932,0.000295,0.000716,0.001026,0.000006,0.000000,0.005798,0.000357,2.373000,0.007090,0.000000,0.000000,0.000044,0,0
282300000000,282600000000,6283499093,971,5069594089,0.000357,0.001034,0.001932,0.000295,0.000716,0.001047,0.000019,0.000000,0.004837,0.002998,2.848000,0.008964,0.000000,0.000000,0.000220,0,0
282600000000,282900000000,6283499093,971,5069594089,0.000367,0.001051,0.001930,0.000295,0.000716,0.001059,0.000008,0.000000,0.002628,0.000571,2.433000,0.007246,0.000000,0.000000,0.000140,0,0
282900000000,283200000000,6283499093,971,5069594089,0.000361,0.001047,0.001930,0.000294,0.000716,0.001064,0.000013,0.000000,0.004570,0.002285,2.696000,0.008248,0.000000,0.000000,0.000217,0,0
283200000000,283500000000,6283499093,971,5069594089,0.000399,0.001045,0.001930,0.000294,0.000715,0.001074,0.000009,0.000000,0.004211,0.001143,2.308000,0.006638,0.000000,0.000000,0.000163,0,0
283500000000,283800000000,6283499093,971,5069594089,0.000407,0.001049,0.001930,0.000294,0.000715,0.001078,0.000009,0.000000,0.005280,0.000428,2.883000,0.009006,0.000000,0.000000,0.000252,0,0
283800000000,284100000000,6283499093,971,5069594089,0.000380,0.001036,0.001930,0.000294,0.000715,0.001076,0.000002,0.000000,0.004601,0.000357,2.549000,0.007826,0.000000,0.000000,0.000627,0,0
284100000000,284297000000,6283499093,971,5069594089,0.000362,0.001055,0.001932,0.000294,0.000715,0.001072,0.000007,0.000000,0.003010,0.000357,2.478000,0.007387,0.000000,0.000000,0.000091,0,0
284297000000,284299000000,6283499093,971,5069594089,0.002552,0.001070,0.001932,0.000332,0.000755,0.001070,0.007431,0.000000,0.019010,0.012280,6.289000,0.024310,0.000000,0.000000,0.019010,0,0
284299000000,284310000000,6283499093,971,5069594089,0.001005,0.000216,0.001938,0.000796,0.000796,0.000217,0.000032,0.000000,0.011060,0.000215,6.289000,0.024310,0.000000,0.000000,0.000000,0,0
284310000000,284311000000,6283499093,971,5069594089,0.000000,0.000214,0.001940,0.000796,0.000796,0.000214,0.000000,0.000000,0.000000,0.000000,6.289000,0.024310,0.000000,0.000000,0.000000,0,0
