278116000000,278400000000,6283499093,972,227443087,0.000182,0.000698,0.001936,0.000373,0.000791,0.001127,0.000674,0.000000,0.011580,0.064330,1.240000,0.001877,0.000000,0.000000,0.000146,0,0
278400000000,278700000000,6283499093,972,227443087,0.000111,0.000384,0.001936,0.000375,0.000799,0.000403,0.000001,0.000000,0.003040,0.000286,2.041000,0.006970,0.000000,0.000000,0.000867,0,0
278700000000,279000000000,6283499093,972,227443087,0.000106,0.000384,0.001936,0.000374,0.000800,0.000398,0.000008,0.000000,0.002941,0.002213,2.097000,0.007205,0.000000,0.000000,0.000011,0,0
279000000000,279300000000,6283499093,972,227443087,0.000108,0.000380,0.001936,0.000374,0.000800,0.000382,0.000001,0.000000,0.003197,0.000072,2.456000,0.008711,0.000000,0.000000,0.000005,0,0
279300000000,279600000000,6283499093,972,227443087,0.000223,0.000448,0.001934,0.000364,0.000802,0.000561,0.000010,0.000000,0.006218,0.002357,2.231000,0.006877,0.000000,0.000000,0.000083,0,0
279600000000,279900000000,6283499093,972,227443087,0.000304,0.000482,0.001932,0.000351,0.000804,0.000557,0.000001,0.000000,0.003780,0.000072,2.267000,0.006208,0.000000,0.000000,0.000093,0,0
279900000000,280200000000,6283499093,972,227443087,0.000291,0.000477,0.001932,0.000351,0.000804,0.000485,0.000002,0.000000,0.004219,0.000286,1.871000,0.004526,0.000000,0.000000,0.000064,0,0
280200000000,280500000000,6283499093,972,227443087,0.000356,0.000921,0.001930,0.000353,0.000811,0.001051,0.000028,0.000000,0.023040,0.007568,2.222000,0.006110,0.000000,0.000000,0.000176,0,0
280500000000,280800000000,6283499093,972,227443087,0.000336,0.000967,0.001930,0.000348,0.000808,0.000988,0.000004,0.000000,0.004158,0.000786,2.257000,0.006283,0.000000,0.000000,0.000479,0,0
280800000000,281100000000,6283499093,972,227443087,0.000385,0.001005,0.001930,0.000345,0.000806,0.001030,0.000002,0.000000,0.004639,0.000357,2.509000,0.007496,0.000000,0.000000,0.000191,0,0
281100000000,281400000000,6283499093,972,227443087,0.000408,0.000988,0.001930,0.000345,0.000806,0.001007,0.000002,0.000000,0.004814,0.000286,2.664000,0.007977,0.000000,0.000000,0.000266,0,0
281400000000,281700000000,6283499093,972,227443087,0.000360,0.000990,0.001932,0.000345,0.000806,0.001009,0.000000,0.000000,0.004448,0.000000,2.690000,0.008183,0.000000,0.000000,0.000463,0,0
281700000000,282000000000,6283499093,972,227443087,0.000335,0.000978,0.001932,0.000346,0.000807,0.000990,0.000001,0.000000,0.004883,0.000215,2.303000,0.006326,0.000000,0.000000,0.000242,0,0
282000000000,282300000000,6283499093,972,227443087,0.000330,0.000997,0.001932,0.000346,0.000807,0.001028,0.000004,0.000000,0.004311,0.000357,2.340000,0.006314,0.000000,0.000000,0.000356,0,0
282300000000,282600000000,6283499093,972,227443087,0.000350,0.001024,0.001932,0.000346,0.000807,0.001043,0.000010,0.000000,0.004356,0.001072,2.358000,0.006456,0.000000,0.000000,0.000077,0,0
282600000000,282900000000,6283499093,972,227443087,0.000360,0.001032,0.001930,0.000346,0.000808,0.001047,0.000024,0.000000,0.004608,0.002430,2.298000,0.006559,0.000000,0.000000,0.000254,0,0
282900000000,283200000000,6283499093,972,227443087,0.000364,0.001034,0.001932,0.000347,0.000808,0.001049,0.000004,0.000000,0.004585,0.000286,2.416000,0.006846,0.000000,0.000000,0.000132,0,0
283200000000,283500000000,6283499093,972,227443087,0.000360,0.001020,0.001932,0.000347,0.000808,0.001041,0.000019,0.000000,0.004486,0.002857,2.363000,0.006686,0.000000,0.000000,0.000112,0,0
283500000000,283800000000,6283499093,972,227443087,0.000371,0.001040,0.001932,0.000348,0.000809,0.001053,0.000008,0.000000,0.005608,0.000286,2.315000,0.006499,0.000000,0.000000,0.000225,0,0
283800000000,284100000000,6283499093,972,227443087,0.000366,0.001028,0.001932,0.000347,0.000808,0.001055,0.000002,0.000000,0.005486,0.000286,2.652000,0.008018,0.000000,0.000000,0.000253,0,0
284100000000,284297000000,6283499093,972,227443087,0.000391,0.001051,0.001930,0.000346,0.000808,0.001064,0.000006,0.000000,0.005402,0.000215,2.502000,0.007610,0.000000,0.000000,0.000285,0,0
284297000000,284299000000,6283499093,972,227443087,0.000244,0.001062,0.001934,0.000615,0.000846,0.001064,0.007004,0.000000,0.001606,0.014010,2.518000,0.007441,0.000000,0.000000,0.000209,0,0
284299000000,284309000000,6283499093,972,227443087,0.001629,0.000217,0.001938,0.000884,0.000884,0.000217,0.000000,0.000000,0.016300,0.000000,1.548000,0.002026,0.000000,0.000000,0.000000,0,0
284309000000,284310000000,6283499093,972,227443087,0.000000,0.000215,0.001942,0.000884,0.000884,0.000215,0.000072,0.000000,0.000000,0.000072,1.516000,0.001851,0.000000,0.000000,0.000000,0,0
