278119000000,278400000000,6283499093,973,2595183881,0.000189,0.000693,0.001936,0.000356,0.000771,0.001110,0.000958,0.000000,0.012790,0.055110,2.515000,0.009341,0.000000,0.000000,0.000025,0,0
278400000000,278700000000,6283499093,973,2595183881,0.000110,0.000382,0.001936,0.000357,0.000780,0.000400,0.000000,0.000000,0.003021,0.000000,2.423000,0.008652,0.000000,0.000000,0.000036,0,0
278700000000,279000000000,6283499093,973,2595183881,0.000110,0.000385,0.001936,0.000355,0.000780,0.000400,0.000001,0.000000,0.003502,0.000072,2.127000,0.007247,0.000000,0.000000,0.000020,0,0
279000000000,279300000000,6283499093,973,2595183881,0.000105,0.000386,0.001936,0.000355,0.000780,0.000391,0.000002,0.000000,0.002953,0.000286,2.376000,0.008702,0.000000,0.000000,0.000052,0,0
279300000000,279600000000,6283499093,973,2595183881,0.000397,0.000978,0.001932,0.000341,0.000789,0.001047,0.000033,0.000000,0.008118,0.007500,2.012000,0.005390,0.000000,0.000000,0.000434,0,0
279600000000,279900000000,6283499093,973,2595183881,0.000394,0.000997,0.001930,0.000335,0.000794,0.001034,0.000002,0.000000,0.007332,0.000143,1.795000,0.004403,0.000000,0.000000,0.000197,0,0
279900000000,280200000000,6283499093,973,2595183881,0.000380,0.001013,0.001930,0.000335,0.000794,0.001036,0.000002,0.000000,0.004433,0.000286,2.709000,0.008532,0.000000,0.000000,0.000327,0,0
280200000000,280500000000,6283499093,973,2595183881,0.000341,0.000992,0.001930,0.000335,0.000794,0.001001,0.000007,0.000000,0.004074,0.001499,2.406000,0.006965,0.000000,0.000000,0.000183,0,0
280500000000,280800000000,6283499093,973,2595183881,0.000320,0.000992,0.001932,0.000335,0.000794,0.001013,0.000001,0.000000,0.004654,0.000143,2.115000,0.005833,0.000000,0.000000,0.000145,0,0
280800000000,281100000000,6283499093,973,2595183881,0.000306,0.001003,0.001932,0.000335,0.000795,0.001022,0.000002,0.000000,0.004150,0.000286,2.136000,0.005888,0.000000,0.000000,0.000194,0,0
281100000000,281400000000,6283499093,973,2595183881,0.000314,0.001013,0.001932,0.000335,0.000795,0.001053,0.000005,0.000000,0.003922,0.000714,2.085000,0.005672,0.000000,0.000000,0.000350,0,0
281400000000,281700000000,6283499093,973,2595183881,0.000318,0.001013,0.001932,0.000335,0.000795,0.001053,0.000000,0.000000,0.004044,0.000072,2.413000,0.007265,0.000000,0.000000,0.000228,0,0
281700000000,282000000000,6283499093,973,2595183881,0.000333,0.001005,0.001932,0.000335,0.000795,0.001041,0.000001,0.000000,0.004868,0.000286,2.454000,0.007229,0.000000,0.000000,0.000398,0,0
282000000000,282300000000,6283499093,973,2595183881,0.000336,0.001032,0.001932,0.000335,0.000795,0.001059,0.000005,0.000000,0.004570,0.000643,2.094000,0.005596,0.000000,0.000000,0.000364,0,0
282300000000,282600000000,6283499093,973,2595183881,0.000340,0.001028,0.001932,0.000335,0.000795,0.001059,0.000006,0.000000,0.002766,0.000357,2.477000,0.007167,0.000000,0.000000,0.000353,0,0
282600000000,282900000000,6283499093,973,2595183881,0.000347,0.001051,0.001930,0.000335,0.000795,0.001064,0.000006,0.000000,0.005150,0.000428,2.367000,0.006797,0.000000,0.000000,0.000224,0,0
282900000000,283200000000,6283499093,973,2595183881,0.000316,0.001024,0.001932,0.000336,0.000796,0.001062,0.000006,0.000000,0.004303,0.000500,2.188000,0.006267,0.000000,0.000000,0.000277,0,0
283200000000,283500000000,6283499093,973,2595183881,0.000328,0.001038,0.001932,0.000335,0.000795,0.001060,0.000004,0.000000,0.004715,0.000286,2.180000,0.006246,0.000000,0.000000,0.000151,0,0
283500000000,283800000000,6283499093,973,2595183881,0.000324,0.001047,0.001932,0.000335,0.000795,0.001064,0.000011,0.000000,0.004410,0.000857,2.346000,0.006813,0.000000,0.000000,0.000240,0,0
283800000000,284100000000,6283499093,973,2595183881,0.000309,0.001020,0.001932,0.000335,0.000795,0.001057,0.000003,0.000000,0.001734,0.000357,2.107000,0.005816,0.000000,0.000000,0.000159,0,0
284100000000,284278000000,6283499093,973,2595183881,0.000340,0.001041,0.001932,0.000339,0.000796,0.001060,0.000008,0.000000,0.004196,0.000571,2.099000,0.005627,0.000000,0.000000,0.000207,0,0
284278000000,284293000000,6283499093,973,2595183881,0.000168,0.000000,0.000000,0.000000,0.000000,0.000000,0.000048,0.000000,0.002522,0.000714,1.895000,0.005048,0.000000,0.000000,0.000000,0,0
284293000000,284294000000,6283499093,973,2595183881,0.000000,0.000000,0.000000,0.000000,0.000000,0.000000,0.000000,0.000000,0.000000,0.000000,1.883000,0.005021,0.000000,0.000000,0.000000,0,0
