278116000000,278400000000,6283499093,974,167674627,0.000235,0.000675,0.001936,0.000371,0.000784,0.001123,0.000657,0.000000,0.024440,0.032590,2.355000,0.007473,0.000000,0.000000,0.000031,0,0
278400000000,278700000000,6283499093,974,167674627,0.000247,0.000439,0.001934,0.000366,0.000802,0.000555,0.000011,0.000000,0.018430,0.002998,2.931000,0.008291,0.000000,0.000000,0.000011,0,0
278700000000,279000000000,6283499093,974,167674627,0.000283,0.000472,0.001932,0.000354,0.000806,0.000544,0.000000,0.000000,0.005112,0.000072,2.915000,0.008846,0.000000,0.000000,0.000161,0,0
279000000000,279300000000,6283499093,974,167674627,0.000278,0.000465,0.001932,0.000354,0.000806,0.000473,0.000001,0.000000,0.004570,0.000072,3.459000,0.011170,0.000000,0.000000,0.000340,0,0
279300000000,279600000000,6283499093,974,167674627,0.000276,0.000480,0.001932,0.000354,0.000806,0.000521,0.000004,0.000000,0.001839,0.000714,2.922000,0.008297,0.000000,0.000000,0.000060,0,0
279600000000,279900000000,6283499093,974,167674627,0.000289,0.000486,0.001932,0.000353,0.000807,0.000523,0.000002,0.000000,0.005341,0.000286,3.282000,0.009989,0.000000,0.000000,0.000220,0,0
279900000000,280200000000,6283499093,974,167674627,0.000284,0.000476,0.001932,0.000353,0.000807,0.000483,0.000002,0.000000,0.004112,0.000428,2.752000,0.007876,0.000000,0.000000,0.000709,0,0
280200000000,280500000000,6283499093,974,167674627,0.000435,0.000929,0.001930,0.000351,0.000811,0.001057,0.000027,0.000000,0.010270,0.007004,1.780000,0.004699,0.000000,0.000000,0.000219,0,0
280500000000,280800000000,6283499093,974,167674627,0.000410,0.000972,0.001930,0.000347,0.000808,0.000992,0.000001,0.000000,0.002697,0.000143,3.382000,0.011090,0.000000,0.000000,0.000655,0,0
280800000000,281100000000,6283499093,974,167674627,0.000389,0.000994,0.001932,0.000347,0.000808,0.001017,0.000003,0.000000,0.005356,0.000357,2.632000,0.007753,0.000000,0.000000,0.000403,0,0
281100000000,281400000000,6283499093,974,167674627,0.000408,0.001005,0.001930,0.000347,0.000808,0.001034,0.000004,0.000000,0.005859,0.000999,3.291000,0.010600,0.000000,0.000000,0.000133,0,0
281400000000,281700000000,6283499093,974,167674627,0.000394,0.000992,0.001930,0.000347,0.000808,0.001030,0.000000,0.000000,0.005363,0.000000,2.942000,0.009205,0.000000,0.000000,0.000217,0,0
281700000000,282000000000,6283499093,974,167674627,0.000399,0.000999,0.001932,0.000347,0.000808,0.001026,0.000002,0.000000,0.005386,0.000357,3.537000,0.011450,0.000000,0.000000,0.000295,0,0
282000000000,282300000000,6283499093,974,167674627,0.000380,0.001009,0.001932,0.000347,0.000808,0.001034,0.000004,0.000000,0.005318,0.000286,3.118000,0.009817,0.000000,0.000000,0.000525,0,0
282300000000,282600000000,6283499093,974,167674627,0.000382,0.001019,0.001932,0.000347,0.000808,0.001040,0.000009,0.000000,0.006538,0.000500,2.920000,0.009109,0.000000,0.000000,0.000311,0,0
282600000000,282900000000,6283499093,974,167674627,0.000430,0.001047,0.001930,0.000347,0.000808,0.001057,0.000010,0.000000,0.005798,0.000714,2.856000,0.008745,0.000000,0.000000,0.000260,0,0
282900000000,283200000000,6283499093,974,167674627,0.000388,0.001034,0.001930,0.000347,0.000809,0.001051,0.000007,0.000000,0.005966,0.000786,3.047000,0.009591,0.000000,0.000000,0.000159,0,0
283200000000,283500000000,6283499093,974,167674627,0.000472,0.001043,0.001930,0.000347,0.000809,0.001070,0.000005,0.000000,0.006302,0.000215,3.209000,0.009931,0.000000,0.000000,0.000300,0,0
283500000000,283800000000,6283499093,974,167674627,0.000450,0.001055,0.001930,0.000347,0.000809,0.001072,0.000013,0.000000,0.006416,0.000714,2.984000,0.009279,0.000000,0.000000,0.000265,0,0
283800000000,284100000000,6283499093,974,167674627,0.000393,0.001028,0.001930,0.000347,0.000809,0.001072,0.000004,0.000000,0.007652,0.000500,3.085000,0.009604,0.000000,0.000000,0.001038,0,0
284100000000,284230000000,6283499093,974,167674627,0.000518,0.001028,0.001930,0.000351,0.000809,0.001064,0.000023,0.000000,0.015010,0.002144,1.542000,0.003605,0.000000,0.000000,0.000085,0,0
284230000000,284242000000,6283499093,974,167674627,0.000159,0.000000,0.000000,0.000000,0.000000,0.000000,0.000044,0.000000,0.001911,0.000571,0.921300,0.001270,0.000000,0.000000,0.000000,0,0
284242000000,284244000000,6283499093,974,167674627,0.000000,0.000000,0.000000,0.000000,0.000000,0.000000,0.000000,0.000000,0.000000,0.000000,0.921300,0.001270,0.000000,0.000000,0.000000,0,0
