278121000000,278400000000,6283499093,975,450799,0.000177,0.000573,0.001932,0.000258,0.000537,0.000828,0.000877,0.000000,0.016300,0.055110,4.892000,0.018120,0.000000,0.000000,0.000000,0,0
278400000000,278700000000,6283499093,975,450799,0.000250,0.000468,0.001934,0.000296,0.000634,0.000605,0.000130,0.000000,0.006134,0.035340,2.467000,0.007332,0.000000,0.000000,0.000010,0,0
278700000000,279000000000,6283499093,975,450799,0.000324,0.000480,0.001932,0.000300,0.000667,0.000533,0.000002,0.000000,0.004341,0.000643,2.599000,0.007186,0.000000,0.000000,0.000559,0,0
279000000000,279300000000,6283499093,975,450799,0.000312,0.000476,0.001932,0.000300,0.000668,0.000481,0.000008,0.000000,0.004524,0.000428,2.426000,0.006467,0.000000,0.000000,0.000490,0,0
279300000000,279600000000,6283499093,975,450799,0.000298,0.000485,0.001932,0.000300,0.000671,0.000498,0.000016,0.000000,0.005043,0.003143,2.203000,0.005434,0.000000,0.000000,0.000569,0,0
279600000000,279900000000,6283499093,975,450799,0.000291,0.000480,0.001932,0.000303,0.000676,0.000490,0.000004,0.000000,0.004204,0.000643,2.054000,0.004913,0.000000,0.000000,0.000121,0,0
279900000000,280200000000,6283499093,975,450799,0.000315,0.000499,0.001932,0.000303,0.000677,0.000529,0.000002,0.000000,0.003944,0.000286,2.170000,0.005573,0.000000,0.000000,0.000096,0,0
280200000000,280500000000,6283499093,975,450799,0.000429,0.000931,0.001930,0.000308,0.000688,0.001064,0.000050,0.000000,0.025390,0.007004,2.622000,0.007689,0.000000,0.000000,0.000219,0,0
280500000000,280643000000,6283499093,975,450799,0.000412,0.000996,0.001930,0.000305,0.000687,0.000997,0.000001,0.000000,0.005043,0.000072,2.993000,0.009071,0.000000,0.000000,0.000276,0,0
280643000000,280645000000,6283499093,975,450799,0.000287,0.000988,0.001930,0.000314,0.000697,0.000988,0.012360,0.000000,0.000573,0.024080,2.861000,0.008546,0.000000,0.000000,0.000193,0,0
280645000000,280658000000,6283499093,975,450799,0.001322,0.000014,0.000000,0.000059,0.000059,0.000192,0.000406,0.000000,0.017180,0.005287,2.861000,0.008546,0.000000,0.000000,0.000000,1,0
280658000000,280659000000,6283499093,975,450799,0.000000,0.000000,0.000000,0.000000,0.000000,0.000000,0.000000,0.000000,0.000000,0.000000,2.861000,0.008546,0.000000,0.000000,0.000000,0,0
280660000000,280800000000,6283499093,975,4820289779,0.000371,0.000944,0.001783,0.000341,0.000717,0.001163,0.001833,0.000000,0.037720,0.048830,1.372000,0.000000,0.000000,0.000000,0.000069,0,0
280800000000,281100000000,6283499093,975,4820289779,0.000278,0.000527,0.001932,0.000370,0.000807,0.000767,0.000010,0.000000,0.019930,0.001572,2.573000,0.000000,0.000000,0.000000,0.000014,0,0
281100000000,281400000000,6283499093,975,4820289779,0.000321,0.000515,0.001930,0.000358,0.000810,0.000561,0.000002,0.000000,0.007950,0.000571,2.638000,0.000000,0.000000,0.000000,0.000278,0,0
281400000000,281700000000,6283499093,975,4820289779,0.000312,0.000533,0.001930,0.000358,0.000811,0.000565,0.000009,0.000000,0.004440,0.001322,2.808000,0.000000,0.000000,0.000000,0.000067,0,0
281700000000,282000000000,6283499093,975,4820289779,0.000289,0.000512,0.001930,0.000358,0.000812,0.000514,0.000000,0.000000,0.001488,0.000072,2.514000,0.000000,0.000000,0.000000,0.000544,0,0
282000000000,282300000000,6283499093,975,4820289779,0.000282,0.000519,0.001930,0.000358,0.000812,0.000527,0.000002,0.000000,0.003422,0.000286,2.669000,0.000000,0.000000,0.000000,0.000119,0,0
282300000000,282600000000,6283499093,975,4820289779,0.000313,0.000556,0.001930,0.000357,0.000812,0.000571,0.000010,0.000000,0.005486,0.000786,2.573000,0.000000,0.000000,0.000000,0.000216,0,0
282600000000,282900000000,6283499093,975,4820289779,0.000320,0.000570,0.001930,0.000357,0.000812,0.000572,0.000007,0.000000,0.005356,0.000428,2.746000,0.000000,0.000000,0.000000,0.000187,0,0
282900000000,283200000000,6283499093,975,4820289779,0.000363,0.000569,0.001930,0.000357,0.000812,0.000589,0.000009,0.000000,0.004448,0.001072,3.031000,0.000000,0.000000,0.000000,0.000735,0,0
283200000000,283249000000,6283499093,975,4820289779,0.000346,0.000532,0.001930,0.000357,0.000812,0.000534,0.000005,0.000000,0.004593,0.000215,2.809000,0.000000,0.000000,0.000000,0.000308,0,0
283249000000,283259000000,6283499093,975,4820289779,0.000233,0.000000,0.000000,0.000000,0.000000,0.000000,0.000083,0.000000,0.001162,0.000999,2.809000,0.000000,0.000000,0.000000,0.000000,0,0
283259000000,283266000000,6283499093,975,4820289779,0.000000,0.000000,0.000000,0.000000,0.000000,0.000000,0.000000,0.000000,0.000000,0.000000,2.809000,0.000000,0.000000,0.000000,0.000000,0,0
