278124000000,278400000000,6283499093,976,1270513,0.000182,0.000700,0.001936,0.000368,0.000780,0.001131,0.000834,0.000000,0.010470,0.028560,2.481000,0.009355,0.000000,0.000000,0.000050,0,0
278400000000,278700000000,6283499093,976,1270513,0.000197,0.000442,0.001934,0.000365,0.000798,0.000567,0.000025,0.000000,0.011800,0.007072,2.611000,0.009250,0.000000,0.000000,0.000007,0,0
278700000000,279000000000,6283499093,976,1270513,0.000283,0.000494,0.001932,0.000352,0.000803,0.000564,0.000000,0.000000,0.001009,0.000072,2.015000,0.005302,0.000000,0.000000,0.000082,0,0
279000000000,279300000000,6283499093,976,1270513,0.000304,0.000483,0.001932,0.000352,0.000803,0.000489,0.000002,0.000000,0.004242,0.000286,2.285000,0.006100,0.000000,0.000000,0.000132,0,0
279300000000,279600000000,6283499093,976,1270513,0.000272,0.000491,0.001932,0.000351,0.000803,0.000525,0.000007,0.000000,0.003590,0.001499,2.007000,0.005109,0.000000,0.000000,0.000164,0,0
279600000000,279900000000,6283499093,976,1270513,0.000265,0.000502,0.001932,0.000350,0.000804,0.000533,0.000002,0.000000,0.003765,0.000072,1.893000,0.004682,0.000000,0.000000,0.000277,0,0
279900000000,280200000000,6283499093,976,1270513,0.000270,0.000504,0.001932,0.000350,0.000804,0.000532,0.000002,0.000000,0.003609,0.000215,1.877000,0.004686,0.000000,0.000000,0.000417,0,0
280200000000,280500000000,6283499093,976,1270513,0.000368,0.000926,0.001930,0.000352,0.000811,0.001045,0.000033,0.000000,0.007423,0.007286,1.456000,0.003219,0.000000,0.000000,0.000325,0,0
280500000000,280800000000,6283499093,976,1270513,0.000375,0.000992,0.001930,0.000349,0.000809,0.001009,0.000002,0.000000,0.004868,0.000286,2.362000,0.006841,0.000000,0.000000,0.000342,0,0
280800000000,281100000000,6283499093,976,1270513,0.000380,0.001015,0.001930,0.000345,0.000806,0.001040,0.000004,0.000000,0.004471,0.000714,2.645000,0.008118,0.000000,0.000000,0.000285,0,0
281100000000,281400000000,6283499093,976,1270513,0.000452,0.001024,0.001930,0.000345,0.000807,0.001064,0.000002,0.000000,0.004982,0.000215,3.022000,0.009759,0.000000,0.000000,0.000380,0,0
281400000000,281700000000,6283499093,976,1270513,0.000440,0.001020,0.001930,0.000345,0.000807,0.001064,0.000001,0.000000,0.005165,0.000143,2.944000,0.009395,0.000000,0.000000,0.000104,0,0
281700000000,282000000000,6283499093,976,1270513,0.000364,0.001007,0.001932,0.000346,0.000807,0.001011,0.000000,0.000000,0.004883,0.000072,2.879000,0.009122,0.000000,0.000000,0.000164,0,0
282000000000,282300000000,6283499093,976,1270513,0.000338,0.001024,0.001932,0.000346,0.000807,0.001040,0.000017,0.000000,0.004028,0.002857,2.251000,0.006212,0.000000,0.000000,0.000149,0,0
282300000000,282600000000,6283499093,976,1270513,0.000348,0.001051,0.001932,0.000346,0.000807,0.001068,0.000007,0.000000,0.004784,0.000286,2.578000,0.007503,0.000000,0.000000,0.000153,0,0
282600000000,282699000000,6283499093,976,1270513,0.000380,0.001055,0.001932,0.000351,0.000808,0.001066,0.000022,0.000000,0.003407,0.001429,2.797000,0.008615,0.000000,0.000000,0.000488,0,0
282699000000,282708000000,6283499093,976,1270513,0.000340,0.000000,0.000000,0.000000,0.000000,0.000000,0.000072,0.000000,0.003059,0.000357,3.978000,0.013340,0.000000,0.000000,0.000000,0,0
282708000000,282709000000,6283499093,976,1270513,0.000000,0.000000,0.000000,0.000000,0.000000,0.000000,0.000000,0.000000,0.000000,0.000000,3.978000,0.013340,0.000000,0.000000,0.000000,0,0
