278124000000,278400000000,6283499093,977,4302224596,0.000197,0.000691,0.001936,0.000380,0.000797,0.001125,0.000709,0.000000,0.012100,0.057130,2.597000,0.009391,0.000000,0.000000,0.000068,0,0
278400000000,278700000000,6283499093,977,4302224596,0.000227,0.000440,0.001934,0.000371,0.000807,0.000551,0.000016,0.000000,0.006805,0.004715,2.622000,0.008884,0.000000,0.000000,0.000280,0,0
278700000000,279000000000,6283499093,977,4302224596,0.000311,0.000471,0.001932,0.000358,0.000810,0.000534,0.000000,0.000000,0.004494,0.000072,2.202000,0.006171,0.000000,0.000000,0.000269,0,0
279000000000,279300000000,6283499093,977,4302224596,0.000298,0.000466,0.001932,0.000358,0.000810,0.000472,0.000001,0.000000,0.003937,0.000072,2.268000,0.006325,0.000000,0.000000,0.000340,0,0
279300000000,279600000000,6283499093,977,4302224596,0.000284,0.000469,0.001932,0.000358,0.000810,0.000477,0.000003,0.000000,0.005035,0.000215,2.024000,0.005220,0.000000,0.000000,0.000699,0,0
279600000000,279900000000,6283499093,977,4302224596,0.000284,0.000469,0.001932,0.000356,0.000810,0.000477,0.000002,0.000000,0.004028,0.000143,2.067000,0.005432,0.000000,0.000000,0.000227,0,0
279900000000,280200000000,6283499093,977,4302224596,0.000291,0.000485,0.001932,0.000356,0.000810,0.000514,0.000005,0.000000,0.004120,0.000929,1.950000,0.005063,0.000000,0.000000,0.000094,0,0
280200000000,280500000000,6283499093,977,4302224596,0.000417,0.000919,0.001930,0.000357,0.000815,0.001045,0.000021,0.000000,0.007675,0.004143,2.385000,0.007114,0.000000,0.000000,0.001480,0,0
280500000000,280800000000,6283499093,977,4302224596,0.000382,0.000984,0.001930,0.000355,0.000815,0.000997,0.000001,0.000000,0.006470,0.000072,2.329000,0.006976,0.000000,0.000000,0.000204,0,0
280800000000,281100000000,6283499093,977,4302224596,0.000416,0.000999,0.001930,0.000351,0.000811,0.001020,0.000004,0.000000,0.010760,0.000643,2.666000,0.008465,0.000000,0.000000,0.000474,0,0
281100000000,281400000000,6283499093,977,4302224596,0.000383,0.000997,0.001930,0.000351,0.000811,0.001009,0.000005,0.000000,0.004082,0.001072,2.585000,0.008278,0.000000,0.000000,0.000164,0,0
281400000000,281700000000,6283499093,977,4302224596,0.000407,0.001003,0.001930,0.000351,0.000811,0.001022,0.000001,0.000000,0.004593,0.000072,2.795000,0.009125,0.000000,0.000000,0.000583,0,0
281700000000,282000000000,6283499093,977,4302224596,0.000387,0.001003,0.001930,0.000351,0.000811,0.001017,0.000000,0.000000,0.005005,0.000072,2.685000,0.008551,0.000000,0.000000,0.000273,0,0
282000000000,282300000000,6283499093,977,4302224596,0.000374,0.000899,0.001930,0.000351,0.000812,0.001020,0.000007,0.000000,0.004326,0.000714,2.561000,0.008115,0.000000,0.000000,0.001049,0,0
282300000000,282339000000,6283499093,977,4302224596,0.000288,0.000583,0.001932,0.000362,0.000812,0.000584,0.000008,0.000000,0.004578,0.000072,3.947000,0.013790,0.000000,0.000000,0.000187,0,0
282339000000,282354000000,6283499093,977,4302224596,0.000165,0.000000,0.000000,0.000000,0.000000,0.000000,0.000196,0.000000,0.002480,0.002571,3.942000,0.013600,0.000000,0.000000,0.000000,0,0
282354000000,282355000000,6283499093,977,4302224596,0.000000,0.000000,0.000000,0.000000,0.000000,0.000000,0.000000,0.000000,0.000000,0.000000,3.941000,0.013540,0.000000,0.000000,0.000000,0,0
