278128000000,278400000000,6283499093,978,318360092,0.000193,0.000839,0.001764,0.000001,0.000273,0.000996,0.000031,0.000000,0.024480,0.006073,1.294000,0.001809,0.000000,0.000000,0.000025,0,0
278400000000,278700000000,6283499093,978,318360092,0.000224,0.000836,0.001808,0.000001,0.000395,0.000992,0.000001,0.000000,0.006439,0.000072,2.283000,0.007023,0.000000,0.000000,0.000050,0,0
278700000000,279000000000,6283499093,978,318360092,0.000323,0.000565,0.001919,0.000001,0.000452,0.000782,0.000001,0.000000,0.004280,0.000357,2.320000,0.006661,0.000000,0.000000,0.000082,0,0
279000000000,279300000000,6283499093,978,318360092,0.000317,0.000547,0.001925,0.000001,0.000452,0.000554,0.000004,0.000000,0.004288,0.000786,2.325000,0.006529,0.000000,0.000000,0.000112,0,0
279300000000,279600000000,6283499093,978,318360092,0.000300,0.000557,0.001925,0.000001,0.000453,0.000596,0.000005,0.000000,0.003487,0.000428,2.126000,0.005542,0.000000,0.000000,0.000216,0,0
279600000000,279900000000,6283499093,978,318360092,0.000306,0.000562,0.001925,0.000001,0.000455,0.000595,0.000002,0.000000,0.004776,0.000143,2.232000,0.006017,0.000000,0.000000,0.000170,0,0
279900000000,280200000000,6283499093,978,318360092,0.000307,0.000567,0.001925,0.000001,0.000455,0.000596,0.000005,0.000000,0.005028,0.000999,2.207000,0.006020,0.000000,0.000000,0.005028,0,0
280200000000,280500000000,6283499093,978,318360092,0.000492,0.001011,0.001923,0.000002,0.000462,0.001141,0.000030,0.000000,0.007843,0.006142,2.273000,0.006534,0.000000,0.000000,0.000919,0,0
280500000000,280800000000,6283499093,978,318360092,0.000498,0.001072,0.001923,0.000002,0.000463,0.001129,0.000002,0.000000,0.005363,0.000143,2.558000,0.007563,0.000000,0.000000,0.000508,0,0
280800000000,281100000000,6283499093,978,318360092,0.000419,0.001125,0.001925,0.000002,0.000463,0.001135,0.000003,0.000000,0.004517,0.000571,2.521000,0.007657,0.000000,0.000000,0.000311,0,0
281100000000,281400000000,6283499093,978,318360092,0.000377,0.001123,0.001925,0.000002,0.000463,0.001154,0.000002,0.000000,0.004631,0.000357,2.484000,0.007605,0.000000,0.000000,0.000427,0,0
281400000000,281700000000,6283499093,978,318360092,0.000357,0.001120,0.001925,0.000002,0.000463,0.001154,0.000000,0.000000,0.004799,0.000024,2.713000,0.008496,0.000000,0.000000,0.000457,0,0
281700000000,282000000000,6283499093,978,318360092,0.000382,0.001101,0.001925,0.000002,0.000463,0.001122,0.000006,0.000000,0.005295,0.001215,2.536000,0.007410,0.000000,0.000000,0.000421,0,0
282000000000,282300000000,6283499093,978,318360092,0.000391,0.001127,0.001925,0.000002,0.000463,0.001158,0.000013,0.000000,0.005661,0.001499,2.578000,0.007703,0.000000,0.000000,0.000249,0,0
282300000000,282509000000,6283499093,978,318360092,0.002773,0.001160,0.001923,0.000007,0.000465,0.001389,0.000019,0.000000,0.081670,0.000929,2.446000,0.007098,0.000000,0.000000,0.000145,0,0
282509000000,282522000000,6283499093,978,318360092,0.000259,0.000000,0.000000,0.000000,0.000000,0.000000,0.000006,0.000000,0.003368,0.000072,0.713500,0.000533,0.000000,0.000000,0.000000,0,0
282522000000,282523000000,6283499093,978,318360092,0.000000,0.000000,0.000000,0.000000,0.000000,0.000000,0.000000,0.000000,0.000000,0.000000,0.710300,0.000521,0.000000,0.000000,0.000000,0,0
