278127000000,278400000000,6283499093,979,63625899,0.000181,0.000592,0.001917,0.000127,0.000427,0.000879,0.000492,0.000000,0.013150,0.043090,2.193000,0.007331,0.000000,0.000000,0.000001,0,0
278400000000,278700000000,6283499093,979,63625899,0.000209,0.000512,0.001923,0.000126,0.000429,0.000725,0.000007,0.000000,0.006721,0.001499,2.320000,0.006667,0.000000,0.000000,0.000082,0,0
278700000000,279000000000,6283499093,979,63625899,0.000300,0.000554,0.001921,0.000128,0.000421,0.000720,0.000004,0.000000,0.003815,0.001215,2.128000,0.005528,0.000000,0.000000,0.000181,0,0
279000000000,279300000000,6283499093,979,63625899,0.000294,0.000547,0.001919,0.000127,0.000413,0.000714,0.000001,0.000000,0.003593,0.000072,2.097000,0.005387,0.000000,0.000000,0.000155,0,0
279300000000,279600000000,6283499093,979,63625899,0.000391,0.001015,0.001919,0.000133,0.000419,0.001221,0.000034,0.000000,0.008392,0.005997,2.329000,0.006410,0.000000,0.000000,0.000111,0,0
279600000000,279900000000,6283499093,979,63625899,0.000354,0.001123,0.001923,0.000130,0.000501,0.001219,0.000002,0.000000,0.005615,0.000072,2.588000,0.007622,0.000000,0.000000,0.000403,0,0
279900000000,280200000000,6283499093,979,63625899,0.000351,0.001139,0.001923,0.000130,0.000505,0.001226,0.000002,0.000000,0.005493,0.000286,2.573000,0.007639,0.000000,0.000000,0.000488,0,0
280200000000,280500000000,6283499093,979,63625899,0.000364,0.001127,0.001923,0.000132,0.000489,0.001232,0.000011,0.000000,0.005417,0.001358,2.353000,0.006769,0.000000,0.000000,0.000096,0,0
280500000000,280800000000,6283499093,979,63625899,0.000326,0.001144,0.001923,0.000132,0.000506,0.001230,0.000001,0.000000,0.004509,0.000072,2.244000,0.006312,0.000000,0.000000,0.000403,0,0
280800000000,281100000000,6283499093,979,63625899,0.000332,0.001143,0.001923,0.000132,0.000503,0.001238,0.000004,0.000000,0.012600,0.000857,2.325000,0.006453,0.000000,0.000000,0.000157,0,0
281100000000,281400000000,6283499093,979,63625899,0.000341,0.001158,0.001923,0.000119,0.000497,0.001242,0.000006,0.000000,0.004257,0.000571,2.215000,0.005981,0.000000,0.000000,0.000182,0,0
281400000000,281700000000,6283499093,979,63625899,0.000363,0.001163,0.001923,0.000116,0.000496,0.001247,0.000000,0.000000,0.001850,0.000072,2.171000,0.005705,0.000000,0.000000,0.000124,0,0
281700000000,282000000000,6283499093,979,63625899,0.000336,0.001144,0.001923,0.000116,0.000475,0.001247,0.000000,0.000000,0.004868,0.000072,2.332000,0.006550,0.000000,0.000000,0.000109,0,0
282000000000,282300000000,6283499093,979,63625899,0.000396,0.001171,0.001923,0.000116,0.000495,0.001257,0.000010,0.000000,0.005165,0.001072,2.256000,0.006078,0.000000,0.000000,0.000170,0,0
282300000000,282349000000,6283499093,979,63625899,0.015260,0.001226,0.001919,0.000132,0.000418,0.001598,0.000582,0.000000,0.077880,0.010860,1.572000,0.003015,0.000000,0.000000,0.000181,0,0
282349000000,282363000000,6283499093,979,63625899,0.000269,0.000000,0.000000,0.000000,0.000000,0.000000,0.000357,0.000000,0.003765,0.002857,1.539000,0.002859,0.000000,0.000000,0.000000,0,0
282363000000,282364000000,6283499093,979,63625899,0.000000,0.000000,0.000000,0.000000,0.000000,0.000000,0.000000,0.000000,0.000000,0.000000,1.539000,0.002859,0.000000,0.000000,0.000000,0,0
