272495000000,272637000000,6283499093,98,2197178548,0.000000,0.000000,0.000000,0.000000,0.000000,0.000000,0.000000,0.000000,0.000000,0.000000,0.000000,0.000000,0.000000,0.000000,0.000000,0,0
272637000000,272700000000,6283499093,98,2197178548,0.001200,0.000800,0.001936,0.000194,0.000423,0.001530,0.006096,0.000000,0.014310,0.028560,1.387000,0.002190,0.000000,0.000000,0.000009,0,0
272700000000,273000000000,6283499093,98,2197178548,0.000610,0.001205,0.001930,0.000249,0.000686,0.001562,0.000029,0.000000,0.019230,0.004997,2.051000,0.005313,0.000000,0.000000,0.000691,0,0
273000000000,273300000000,6283499093,98,2197178548,0.000631,0.001034,0.001930,0.000247,0.000691,0.001059,0.000001,0.000000,0.005463,0.000072,4.144000,0.015260,0.000000,0.000000,0.000265,0,0
273300000000,273600000000,6283499093,98,2197178548,0.000567,0.001034,0.001930,0.000248,0.000693,0.001070,0.000031,0.000000,0.007248,0.006714,2.734000,0.008669,0.000000,0.000000,0.000353,0,0
273600000000,273900000000,6283499093,98,2197178548,0.000540,0.001049,0.001930,0.000248,0.000693,0.001074,0.000001,0.000000,0.003155,0.000072,2.627000,0.008345,0.000000,0.000000,0.000836,0,0
273900000000,274200000000,6283499093,98,2197178548,0.000485,0.001047,0.001930,0.000247,0.000692,0.001051,0.000003,0.000000,0.005486,0.000929,3.221000,0.011110,0.000000,0.000000,0.000171,0,0
274200000000,274500000000,6283499093,98,2197178548,0.000449,0.001043,0.001932,0.000247,0.000692,0.001057,0.000002,0.000000,0.004616,0.000286,2.426000,0.007405,0.000000,0.000000,0.000294,0,0
274500000000,274800000000,6283499093,98,2197178548,0.000372,0.001040,0.001932,0.000247,0.000692,0.001045,0.000000,0.000000,0.005074,0.000072,2.634000,0.008377,0.000000,0.000000,0.000298,0,0
274800000000,275100000000,6283499093,98,2197178548,0.000346,0.001045,0.001932,0.000247,0.000692,0.001066,0.000002,0.000000,0.004372,0.000571,2.427000,0.007275,0.000000,0.000000,0.000290,0,0
275100000000,275400000000,6283499093,98,2197178548,0.000395,0.001070,0.001932,0.000248,0.000693,0.001097,0.000033,0.000000,0.012300,0.003716,2.343000,0.006747,0.000000,0.000000,0.000187,0,0
275400000000,275700000000,6283499093,98,2197178548,0.000340,0.001059,0.001932,0.000248,0.000693,0.001089,0.000001,0.000000,0.004204,0.000143,3.132000,0.010150,0.000000,0.000000,0.000332,0,0
275700000000,276000000000,6283499093,98,2197178548,0.000372,0.001053,0.001932,0.000248,0.000693,0.001066,0.000006,0.000000,0.005447,0.001858,2.531000,0.007518,0.000000,0.000000,0.000239,0,0
276000000000,276300000000,6283499093,98,2197178548,0.000359,0.001051,0.001932,0.000247,0.000692,0.001062,0.000014,0.000000,0.004440,0.002857,3.267000,0.010830,0.000000,0.000000,0.000227,0,0
276300000000,276600000000,6283499093,98,2197178548,0.000357,0.001051,0.001932,0.000247,0.000692,0.001066,0.000000,0.000000,0.005531,0.000072,2.489000,0.007181,0.000000,0.000000,0.000175,0,0
276600000000,276900000000,6283499093,98,2197178548,0.000321,0.001059,0.001932,0.000248,0.000692,0.001066,0.000003,0.000000,0.005486,0.000571,2.013000,0.005022,0.000000,0.000000,0.000220,0,0
276900000000,277200000000,6283499093,98,2197178548,0.000315,0.001057,0.001932,0.000248,0.000693,0.001070,0.000001,0.000000,0.004288,0.000072,2.271000,0.006314,0.000000,0.000000,0.000149,0,0
277200000000,277500000000,6283499093,98,2197178548,0.000321,0.001059,0.001932,0.000248,0.000693,0.001074,0.000010,0.000000,0.005470,0.001286,2.380000,0.006626,0.000000,0.000000,0.000522,0,0
277500000000,277800000000,6283499093,98,2197178548,0.000324,0.001062,0.001932,0.000248,0.000693,0.001074,0.000010,0.000000,0.003990,0.001072,2.233000,0.006208,0.000000,0.000000,0.000168,0,0
277800000000,278100000000,6283499093,98,2197178548,0.000337,0.001057,0.001932,0.000248,0.000693,0.001072,0.000006,0.000000,0.008804,0.000500,2.506000,0.007282,0.000000,0.000000,0.000104,0,0
278100000000,278400000000,6283499093,98,2197178548,0.000397,0.001104,0.001932,0.000243,0.000695,0.001150,0.000015,0.000000,0.005394,0.001286,2.473000,0.007459,0.000000,0.000000,0.000112,0,0
278400000000,278700000000,6283499093,98,2197178548,0.000391,0.001083,0.001930,0.000238,0.000698,0.001104,0.000008,0.000000,0.005966,0.001143,2.602000,0.007982,0.000000,0.000000,0.000594,0,0
278700000000,279000000000,6283499093,98,2197178548,0.000339,0.001081,0.001932,0.000238,0.000698,0.001083,0.000020,0.000000,0.001347,0.001858,2.401000,0.006913,0.000000,0.000000,0.000733,0,0
279000000000,279300000000,6283499093,98,2197178548,0.000347,0.001089,0.001932,0.000238,0.000698,0.001112,0.000026,0.000000,0.005470,0.002144,2.048000,0.005378,0.000000,0.000000,0.000184,0,0
279300000000,279600000000,6283499093,98,2197178548,0.000332,0.001104,0.001932,0.000237,0.000699,0.001137,0.000017,0.000000,0.005150,0.001999,2.307000,0.006824,0.000000,0.000000,0.000178,0,0
279600000000,279900000000,6283499093,98,2197178548,0.000361,0.001091,0.001932,0.000237,0.000699,0.001116,0.000012,0.000000,0.005394,0.002571,2.343000,0.006932,0.000000,0.000000,0.000104,0,0
279900000000,280069000000,6283499093,98,2197178548,0.000370,0.001102,0.001932,0.000237,0.000699,0.001127,0.000031,0.000000,0.006203,0.002857,2.049000,0.005642,0.000000,0.000000,0.000217,0,0
280069000000,280081000000,6283499093,98,2197178548,0.000246,0.000000,0.000000,0.000000,0.000000,0.000000,0.000006,0.000000,0.002949,0.000072,1.693000,0.004016,0.000000,0.000000,0.000000,0,0
280081000000,280082000000,6283499093,98,2197178548,0.000000,0.000000,0.000000,0.000000,0.000000,0.000000,0.000000,0.000000,0.000000,0.000000,1.546000,0.003358,0.000000,0.000000,0.000000,0,0
