278128000000,278400000000,6283499093,980,1442994745,0.000193,0.000588,0.001930,0.000026,0.000412,0.000843,0.000116,0.000000,0.043820,0.029210,1.304000,0.001674,0.000000,0.000000,0.000033,0,0
278400000000,278700000000,6283499093,980,1442994745,0.000235,0.000512,0.001928,0.000032,0.000437,0.000655,0.000059,0.000000,0.008301,0.016780,2.503000,0.007290,0.000000,0.000000,0.000378,0,0
278700000000,279000000000,6283499093,980,1442994745,0.000326,0.000548,0.001925,0.000043,0.000446,0.000625,0.000002,0.000000,0.004532,0.000571,2.550000,0.006826,0.000000,0.000000,0.000345,0,0
279000000000,279300000000,6283499093,980,1442994745,0.000326,0.000545,0.001925,0.000044,0.000450,0.000592,0.000013,0.000000,0.004387,0.001572,2.407000,0.006196,0.000000,0.000000,0.000098,0,0
279300000000,279600000000,6283499093,980,1442994745,0.000302,0.000544,0.001926,0.000046,0.000452,0.000592,0.000008,0.000000,0.004494,0.001072,2.272000,0.005692,0.000000,0.000000,0.000609,0,0
279600000000,279900000000,6283499093,980,1442994745,0.000304,0.000561,0.001926,0.000046,0.000435,0.000629,0.000003,0.000000,0.025300,0.000571,2.476000,0.006359,0.000000,0.000000,0.000530,0,0
279900000000,280200000000,6283499093,980,1442994745,0.000320,0.000569,0.001926,0.000045,0.000440,0.000630,0.000002,0.000000,0.004570,0.000357,2.375000,0.005927,0.000000,0.000000,0.000298,0,0
280200000000,280500000000,6283499093,980,1442994745,0.000483,0.000982,0.001925,0.000047,0.000438,0.001143,0.000034,0.000000,0.014100,0.005432,2.651000,0.007420,0.000000,0.000000,0.000554,0,0
280500000000,280800000000,6283499093,980,1442994745,0.000453,0.001076,0.001926,0.000045,0.000455,0.001129,0.000003,0.000000,0.005844,0.000857,3.061000,0.009119,0.000000,0.000000,0.000355,0,0
280800000000,281100000000,6283499093,980,1442994745,0.000421,0.001034,0.001923,0.000045,0.000402,0.001144,0.000006,0.000000,0.004875,0.000857,2.836000,0.008289,0.000000,0.000000,0.000203,0,0
281100000000,281400000000,6283499093,980,1442994745,0.000443,0.001097,0.001926,0.000045,0.000458,0.001165,0.000002,0.000000,0.005798,0.000357,2.519000,0.006999,0.000000,0.000000,0.000270,0,0
281400000000,281700000000,6283499093,980,1442994745,0.000453,0.001076,0.001930,0.000045,0.000505,0.001091,0.000001,0.000000,0.005196,0.000215,3.021000,0.009115,0.000000,0.000000,0.000310,0,0
281700000000,282000000000,6283499093,980,1442994745,0.000452,0.001070,0.001930,0.000045,0.000505,0.001081,0.000001,0.000000,0.005638,0.000143,2.916000,0.008628,0.000000,0.000000,0.000424,0,0
282000000000,282300000000,6283499093,980,1442994745,0.000425,0.001099,0.001930,0.000045,0.000505,0.001125,0.000014,0.000000,0.005440,0.001928,2.646000,0.007591,0.000000,0.000000,0.000629,0,0
282300000000,282600000000,6283499093,980,1442994745,0.000410,0.001112,0.001930,0.000046,0.000506,0.001125,0.000009,0.000000,0.005211,0.000857,2.795000,0.007991,0.000000,0.000000,0.000398,0,0
282600000000,282629000000,6283499093,980,1442994745,0.000543,0.001081,0.001930,0.000045,0.000506,0.001122,0.000005,0.000000,0.005569,0.000072,2.808000,0.008018,0.000000,0.000000,0.005569,0,0
282629000000,282641000000,6283499093,980,1442994745,0.000251,0.000000,0.000000,0.000000,0.000000,0.000000,0.000256,0.000000,0.003010,0.002930,2.240000,0.004774,0.000000,0.000000,0.000000,0,0
282641000000,282642000000,6283499093,980,1442994745,0.000000,0.000000,0.000000,0.000000,0.000000,0.000000,0.000000,0.000000,0.000000,0.000000,2.219000,0.004658,0.000000,0.000000,0.000000,0,0
