278130000000,278400000000,6283499093,981,283823817,0.000211,0.000692,0.001928,0.000212,0.000606,0.000988,0.000732,0.000000,0.041930,0.054930,2.380000,0.008015,0.000000,0.000000,0.000093,0,0
278400000000,278700000000,6283499093,981,283823817,0.000224,0.000480,0.001930,0.000233,0.000651,0.000622,0.000130,0.000000,0.005409,0.035100,2.533000,0.007912,0.000000,0.000000,0.000169,0,0
278700000000,279000000000,6283499093,981,283823817,0.000318,0.000519,0.001928,0.000243,0.000692,0.000592,0.000002,0.000000,0.003769,0.000714,2.727000,0.008287,0.000000,0.000000,0.000120,0,0
279000000000,279300000000,6283499093,981,283823817,0.000315,0.000507,0.001928,0.000242,0.000692,0.000510,0.000002,0.000000,0.004288,0.000215,2.403000,0.007099,0.000000,0.000000,0.000150,0,0
279300000000,279600000000,6283499093,981,283823817,0.000292,0.000515,0.001928,0.000242,0.000693,0.000550,0.000008,0.000000,0.002213,0.001715,2.311000,0.006550,0.000000,0.000000,0.000066,0,0
279600000000,279900000000,6283499093,981,283823817,0.000300,0.000525,0.001928,0.000242,0.000695,0.000559,0.000002,0.000000,0.001286,0.000215,2.292000,0.006350,0.000000,0.000000,0.000095,0,0
279900000000,280200000000,6283499093,981,283823817,0.000312,0.000526,0.001928,0.000242,0.000695,0.000556,0.000002,0.000000,0.004005,0.000357,2.336000,0.006596,0.000000,0.000000,0.000139,0,0
280200000000,280500000000,6283499093,981,283823817,0.000436,0.000946,0.001926,0.000248,0.000706,0.001068,0.000044,0.000000,0.007843,0.010420,2.645000,0.008241,0.000000,0.000000,0.000358,0,0
280500000000,280800000000,6283499093,981,283823817,0.000452,0.001036,0.001926,0.000251,0.000709,0.001070,0.000011,0.000000,0.005249,0.002571,2.860000,0.009355,0.000000,0.000000,0.000622,0,0
280800000000,281100000000,6283499093,981,283823817,0.000446,0.001034,0.001926,0.000250,0.000711,0.001040,0.000002,0.000000,0.004868,0.000215,2.811000,0.009131,0.000000,0.000000,0.000380,0,0
281100000000,281400000000,6283499093,981,283823817,0.000441,0.001032,0.001926,0.000250,0.000711,0.001041,0.000002,0.000000,0.004883,0.000357,3.408000,0.011720,0.000000,0.000000,0.000281,0,0
281400000000,281700000000,6283499093,981,283823817,0.000409,0.001022,0.001926,0.000250,0.000711,0.001043,0.000001,0.000000,0.004463,0.000286,2.530000,0.007744,0.000000,0.000000,0.000201,0,0
281700000000,282000000000,6283499093,981,283823817,0.000344,0.001036,0.001928,0.000251,0.000711,0.001049,0.000004,0.000000,0.004509,0.001143,2.418000,0.007247,0.000000,0.000000,0.000592,0,0
282000000000,282300000000,6283499093,981,283823817,0.000362,0.001057,0.001928,0.000251,0.000711,0.001081,0.000014,0.000000,0.004616,0.001642,2.265000,0.006570,0.000000,0.000000,0.001240,0,0
282300000000,282499000000,6283499093,981,283823817,0.000355,0.001062,0.001928,0.000251,0.000711,0.001085,0.000029,0.000000,0.019200,0.003929,2.508000,0.007528,0.000000,0.000000,0.000147,0,0
282499000000,282515000000,6283499093,981,283823817,0.000170,0.000000,0.000000,0.000000,0.000000,0.000000,0.000013,0.000000,0.002708,0.000143,1.861000,0.004055,0.000000,0.000000,0.000000,0,0
282515000000,282516000000,6283499093,981,283823817,0.000000,0.000000,0.000000,0.000000,0.000000,0.000000,0.000000,0.000000,0.000000,0.000000,1.861000,0.004055,0.000000,0.000000,0.000000,0,0
