278127000000,278400000000,6283499093,982,1093692,0.000169,0.000702,0.001926,0.000005,0.000387,0.000747,0.000034,0.000000,0.016240,0.005569,2.444000,0.008906,0.000000,0.000000,0.000130,0,0
278400000000,278700000000,6283499093,982,1093692,0.000213,0.000659,0.001925,0.000005,0.000300,0.000868,0.000001,0.000000,0.006447,0.000072,2.086000,0.005520,0.000000,0.000000,0.000023,0,0
278700000000,279000000000,6283499093,982,1093692,0.000292,0.000732,0.001923,0.000005,0.000320,0.000870,0.000000,0.000000,0.003811,0.000072,2.392000,0.006967,0.000000,0.000000,0.000063,0,0
279000000000,279300000000,6283499093,982,1093692,0.000293,0.000778,0.001925,0.000005,0.000364,0.000871,0.000001,0.000000,0.003639,0.000072,2.076000,0.005393,0.000000,0.000000,0.000057,0,0
279300000000,279600000000,6283499093,982,1093692,0.000272,0.000692,0.001923,0.000005,0.000279,0.000870,0.000011,0.000000,0.003590,0.002857,2.004000,0.004995,0.000000,0.000000,0.000184,0,0
279600000000,279900000000,6283499093,982,1093692,0.000274,0.000606,0.001923,0.000006,0.000237,0.000863,0.000005,0.000000,0.004051,0.000999,2.007000,0.005084,0.000000,0.000000,0.000091,0,0
279900000000,280200000000,6283499093,982,1093692,0.000280,0.000497,0.001928,0.000008,0.000451,0.000527,0.000012,0.000000,0.004311,0.003502,1.899000,0.004783,0.000000,0.000000,0.000215,0,0
280200000000,280500000000,6283499093,982,1093692,0.000395,0.000934,0.001926,0.000034,0.000483,0.001072,0.000127,0.000000,0.007050,0.018010,1.516000,0.003774,0.000000,0.000000,0.000145,0,0
280500000000,280800000000,6283499093,982,1093692,0.000356,0.000986,0.001928,0.000036,0.000486,0.000994,0.000001,0.000000,0.004593,0.000072,2.426000,0.007174,0.000000,0.000000,0.000132,0,0
280800000000,281100000000,6283499093,982,1093692,0.000329,0.000994,0.001928,0.000036,0.000486,0.001007,0.000002,0.000000,0.003990,0.000215,2.327000,0.006644,0.000000,0.000000,0.000383,0,0
281100000000,281400000000,6283499093,982,1093692,0.000307,0.000997,0.001928,0.000037,0.000486,0.001001,0.000002,0.000000,0.004311,0.000215,2.150000,0.005977,0.000000,0.000000,0.000336,0,0
281400000000,281700000000,6283499093,982,1093692,0.000388,0.001009,0.001926,0.000037,0.000486,0.001020,0.000001,0.000000,0.005257,0.000072,1.903000,0.005027,0.000000,0.000000,0.000581,0,0
281700000000,282000000000,6283499093,982,1093692,0.000402,0.001011,0.001926,0.000036,0.000486,0.001047,0.000001,0.000000,0.010190,0.000072,2.400000,0.007128,0.000000,0.000000,0.000121,0,0
282000000000,282261000000,6283499093,982,1093692,0.002750,0.001051,0.002144,0.000141,0.000302,0.002110,0.000808,0.000000,0.092040,0.030640,1.806000,0.004183,0.000000,0.000000,0.000160,0,0
282261000000,282273000000,6283499093,982,1093692,0.000175,0.000000,0.000000,0.000000,0.000000,0.000000,0.000077,0.000000,0.002102,0.000714,2.512000,0.007758,0.000000,0.000000,0.000000,0,0
282273000000,282274000000,6283499093,982,1093692,0.000000,0.000000,0.000000,0.000000,0.000000,0.000000,0.000000,0.000000,0.000000,0.000000,2.512000,0.007758,0.000000,0.000000,0.000000,0,0
