278121000000,278145000000,6283499093,983,3233488263,0.000000,0.000000,0.000000,0.000000,0.000000,0.000000,0.000000,0.000000,0.000000,0.000000,0.000000,0.000000,0.000000,0.000000,0.000000,0,0
278145000000,278400000000,6283499093,983,3233488263,0.000193,0.000537,0.001926,0.000011,0.000227,0.000764,0.000011,0.000000,0.021880,0.001286,2.529000,0.007671,0.000000,0.000000,0.000004,0,0
278400000000,278700000000,6283499093,983,3233488263,0.000174,0.000569,0.001928,0.000007,0.000234,0.000868,0.000001,0.000000,0.008423,0.000072,3.846000,0.013260,0.000000,0.000000,0.000010,0,0
278700000000,279000000000,6283499093,983,3233488263,0.000293,0.000693,0.001925,0.000007,0.000282,0.000869,0.000000,0.000000,0.004578,0.000072,3.412000,0.010110,0.000000,0.000000,0.000155,0,0
279000000000,279300000000,6283499093,983,3233488263,0.000296,0.000718,0.001925,0.000007,0.000307,0.000871,0.000003,0.000000,0.004311,0.000571,2.623000,0.007081,0.000000,0.000000,0.000113,0,0
279300000000,279600000000,6283499093,983,3233488263,0.000268,0.000720,0.001926,0.000033,0.000318,0.000870,0.000175,0.000000,0.004539,0.026920,2.235000,0.005587,0.000000,0.000000,0.000056,0,0
279600000000,279900000000,6283499093,983,3233488263,0.000300,0.000737,0.001928,0.000049,0.000366,0.000791,0.000013,0.000000,0.005013,0.003857,2.394000,0.006262,0.000000,0.000000,0.000590,0,0
279900000000,280200000000,6283499093,983,3233488263,0.000302,0.000764,0.001930,0.000049,0.000393,0.000830,0.000009,0.000000,0.001928,0.002144,2.226000,0.005858,0.000000,0.000000,0.000156,0,0
280200000000,280500000000,6283499093,983,3233488263,0.000550,0.000961,0.001926,0.000046,0.000136,0.001329,0.000011,0.000000,0.014080,0.001715,2.359000,0.006505,0.000000,0.000000,0.000171,0,0
280500000000,280800000000,6283499093,983,3233488263,0.000483,0.001129,0.001928,0.000047,0.000211,0.001406,0.000010,0.000000,0.015750,0.001785,3.381000,0.011020,0.000000,0.000000,0.000196,0,0
280800000000,281100000000,6283499093,983,3233488263,0.000464,0.001379,0.001928,0.000047,0.000464,0.001421,0.000006,0.000000,0.004234,0.001286,3.172000,0.010030,0.000000,0.000000,0.000187,0,0
281100000000,281400000000,6283499093,983,3233488263,0.000441,0.001371,0.001928,0.000048,0.000451,0.001423,0.000005,0.000000,0.005005,0.001072,2.938000,0.008875,0.000000,0.000000,0.000255,0,0
281400000000,281700000000,6283499093,983,3233488263,0.000438,0.001347,0.001926,0.000048,0.000403,0.001429,0.000001,0.000000,0.002510,0.000215,2.463000,0.006770,0.000000,0.000000,0.000238,0,0
281700000000,282000000000,6283499093,983,3233488263,0.000396,0.001295,0.001926,0.000048,0.000350,0.001429,0.000003,0.000000,0.005844,0.000714,3.519000,0.010900,0.000000,0.000000,0.000624,0,0
282000000000,282300000000,6283499093,983,3233488263,0.000391,0.001122,0.001926,0.000093,0.000169,0.001429,0.000473,0.000000,0.006157,0.030580,2.712000,0.007821,0.000000,0.000000,0.000153,0,0
282300000000,282580000000,6283499093,983,3233488263,0.002026,0.001198,0.001930,0.000252,0.000413,0.001379,0.000204,0.000000,0.060360,0.018430,1.097000,0.002092,0.000000,0.000000,0.000138,0,0
282580000000,282591000000,6283499093,983,3233488263,0.000281,0.000000,0.000000,0.000000,0.000000,0.000000,0.000331,0.000000,0.003098,0.003357,2.889000,0.009133,0.000000,0.000000,0.000000,0,0
282591000000,282592000000,6283499093,983,3233488263,0.000000,0.000000,0.000000,0.000000,0.000000,0.000000,0.000000,0.000000,0.000000,0.000000,2.889000,0.009133,0.000000,0.000000,0.000000,0,0
282592000000,282600000000,6283499093,983,3233488263,0.000000,0.000000,0.000000,0.000000,0.000000,0.000000,0.000000,0.000000,0.000000,0.000000,0.000000,0.000000,0.000000,0.000000,0.000000,0,0
