278123000000,278400000000,6283499093,984,6565004,0.000207,0.000712,0.001936,0.000382,0.000800,0.001150,0.000736,0.000000,0.014540,0.065920,2.385000,0.007778,0.000000,0.000000,0.000002,0,0
278400000000,278700000000,6283499093,984,6565004,0.000128,0.000392,0.001936,0.000377,0.000800,0.000412,0.000004,0.000000,0.003483,0.000571,2.608000,0.008967,0.000000,0.000000,0.000001,0,0
278700000000,279000000000,6283499093,984,6565004,0.000117,0.000397,0.001936,0.000375,0.000800,0.000410,0.000000,0.000000,0.000662,0.000072,2.324000,0.007586,0.000000,0.000000,0.000062,0,0
279000000000,279300000000,6283499093,984,6565004,0.000123,0.000396,0.001936,0.000375,0.000800,0.000400,0.000001,0.000000,0.004181,0.000072,2.325000,0.007542,0.000000,0.000000,0.000053,0,0
279300000000,279600000000,6283499093,984,6565004,0.000205,0.000437,0.001934,0.000370,0.000802,0.000576,0.000016,0.000000,0.007355,0.003429,2.604000,0.008331,0.000000,0.000000,0.003357,0,0
279600000000,279900000000,6283499093,984,6565004,0.000346,0.000512,0.001932,0.000353,0.000806,0.000576,0.000002,0.000000,0.005432,0.000072,2.579000,0.007161,0.000000,0.000000,0.000236,0,0
279900000000,280200000000,6283499093,984,6565004,0.000344,0.000506,0.001932,0.000353,0.000806,0.000536,0.000002,0.000000,0.005394,0.000357,2.677000,0.007508,0.000000,0.000000,0.000138,0,0
280200000000,280500000000,6283499093,984,6565004,0.000436,0.000931,0.001930,0.000354,0.000812,0.001053,0.000030,0.000000,0.015300,0.004997,2.721000,0.007592,0.000000,0.000000,0.000095,0,0
280500000000,280800000000,6283499093,984,6565004,0.000385,0.000977,0.001930,0.000349,0.000809,0.000980,0.000005,0.000000,0.004372,0.001358,2.796000,0.008309,0.000000,0.000000,0.000540,0,0
280800000000,281100000000,6283499093,984,6565004,0.000400,0.001007,0.001930,0.000347,0.000808,0.001038,0.000001,0.000000,0.006104,0.000215,2.326000,0.006176,0.000000,0.000000,0.000234,0,0
281100000000,281400000000,6283499093,984,6565004,0.000396,0.000996,0.001930,0.000347,0.000808,0.001032,0.000001,0.000000,0.004623,0.000286,2.803000,0.008218,0.000000,0.000000,0.000727,0,0
281400000000,281700000000,6283499093,984,6565004,0.000414,0.001011,0.001930,0.000347,0.000808,0.001032,0.000003,0.000000,0.004593,0.000786,2.367000,0.006480,0.000000,0.000000,0.000219,0,0
281700000000,282000000000,6283499093,984,6565004,0.000403,0.001003,0.001930,0.000347,0.000808,0.001013,0.000001,0.000000,0.004852,0.000072,2.516000,0.007166,0.000000,0.000000,0.000209,0,0
282000000000,282300000000,6283499093,984,6565004,0.000397,0.001013,0.001932,0.000347,0.000809,0.001051,0.000013,0.000000,0.004845,0.001286,2.413000,0.006599,0.000000,0.000000,0.000360,0,0
282300000000,282600000000,6283499093,984,6565004,0.000430,0.001047,0.001930,0.000348,0.000809,0.001060,0.000010,0.000000,0.005608,0.001143,2.747000,0.007864,0.000000,0.000000,0.000638,0,0
282600000000,282900000000,6283499093,984,6565004,0.000447,0.001053,0.001930,0.000348,0.000809,0.001064,0.000011,0.000000,0.006790,0.001642,3.039000,0.009188,0.000000,0.000000,0.000298,0,0
282900000000,282989000000,6283499093,984,6565004,0.000448,0.000782,0.001930,0.000353,0.000809,0.001064,0.000008,0.000000,0.004845,0.000286,3.854000,0.012520,0.000000,0.000000,0.000780,0,0
282989000000,283001000000,6283499093,984,6565004,0.000247,0.000000,0.000000,0.000000,0.000000,0.000000,0.000060,0.000000,0.002968,0.000571,2.625000,0.007416,0.000000,0.000000,0.000000,0,0
283001000000,283003000000,6283499093,984,6565004,0.000000,0.000000,0.000000,0.000000,0.000000,0.000000,0.000000,0.000000,0.000000,0.000000,2.625000,0.007416,0.000000,0.000000,0.000000,0,0
