278133000000,278400000000,6283499093,985,3676408579,0.000194,0.000634,0.001928,0.000333,0.000578,0.001074,0.000759,0.000000,0.014100,0.053650,2.150000,0.006448,0.000000,0.000000,0.000020,0,0
278400000000,278700000000,6283499093,985,3676408579,0.000202,0.000421,0.001928,0.000346,0.000641,0.000586,0.000109,0.000000,0.013140,0.031560,3.911000,0.013470,0.000000,0.000000,0.000181,0,0
278700000000,279000000000,6283499093,985,3676408579,0.000300,0.000481,0.001925,0.000351,0.000676,0.000566,0.000000,0.000000,0.005386,0.000072,2.528000,0.006810,0.000000,0.000000,0.000183,0,0
279000000000,279300000000,6283499093,985,3676408579,0.000298,0.000476,0.001926,0.000349,0.000675,0.000515,0.000004,0.000000,0.004066,0.000857,2.475000,0.006574,0.000000,0.000000,0.003727,0,0
279300000000,279600000000,6283499093,985,3676408579,0.000278,0.000480,0.001926,0.000348,0.000676,0.000535,0.000007,0.000000,0.004417,0.000999,2.255000,0.005736,0.000000,0.000000,0.002888,0,0
279600000000,279900000000,6283499093,985,3676408579,0.000287,0.000504,0.001928,0.000349,0.000691,0.000544,0.000001,0.000000,0.005058,0.000072,2.358000,0.006113,0.000000,0.000000,0.000178,0,0
279900000000,280200000000,6283499093,985,3676408579,0.000301,0.000498,0.001932,0.000349,0.000715,0.000527,0.000001,0.000000,0.004562,0.000286,2.376000,0.006214,0.000000,0.000000,0.000188,0,0
280200000000,280500000000,6283499093,985,3676408579,0.000428,0.000923,0.001930,0.000365,0.000740,0.001057,0.000082,0.000000,0.008118,0.011780,3.435000,0.010600,0.000000,0.000000,0.000356,0,0
280500000000,280800000000,6283499093,985,3676408579,0.000509,0.001013,0.001930,0.000366,0.000743,0.001051,0.000004,0.000000,0.012500,0.000571,2.253000,0.005928,0.000000,0.000000,0.000266,0,0
280800000000,281100000000,6283499093,985,3676408579,0.000461,0.001036,0.001930,0.000366,0.000743,0.001062,0.000002,0.000000,0.012050,0.000286,2.735000,0.008086,0.000000,0.000000,0.000084,0,0
281100000000,281400000000,6283499093,985,3676408579,0.000452,0.001026,0.001930,0.000366,0.000743,0.001051,0.000002,0.000000,0.005318,0.000286,2.898000,0.008446,0.000000,0.000000,0.000234,0,0
281400000000,281700000000,6283499093,985,3676408579,0.000391,0.001038,0.001930,0.000367,0.000743,0.001051,0.000000,0.000000,0.009369,0.000000,2.844000,0.008481,0.000000,0.000000,0.000653,0,0
281700000000,282000000000,6283499093,985,3676408579,0.000389,0.000962,0.001930,0.000366,0.000744,0.001040,0.000001,0.000000,0.004616,0.000357,2.669000,0.007919,0.000000,0.000000,0.000519,0,0
282000000000,282300000000,6283499093,985,3676408579,0.000333,0.000589,0.001932,0.000366,0.000744,0.000608,0.000007,0.000000,0.004463,0.000786,2.490000,0.006933,0.000000,0.000000,0.000365,0,0
282300000000,282419000000,6283499093,985,3676408579,0.000335,0.000621,0.001932,0.000366,0.000745,0.000626,0.000135,0.000000,0.004997,0.015350,2.455000,0.006521,0.000000,0.000000,0.000066,0,0
282419000000,282428000000,6283499093,985,3676408579,0.000361,0.000000,0.000000,0.000000,0.000000,0.000000,0.000088,0.000000,0.003258,0.000714,2.447000,0.006367,0.000000,0.000000,0.000000,0,0
282428000000,282429000000,6283499093,985,3676408579,0.000000,0.000000,0.000000,0.000000,0.000000,0.000000,0.000000,0.000000,0.000000,0.000000,2.447000,0.006367,0.000000,0.000000,0.000000,0,0
