278130000000,278400000000,6283499093,986,257410096,0.000169,0.000508,0.001934,0.000010,0.000361,0.000730,0.000470,0.000000,0.028590,0.025510,4.497000,0.018210,0.000000,0.000000,0.000039,0,0
278400000000,278700000000,6283499093,986,257410096,0.000117,0.000391,0.001930,0.000007,0.000373,0.000566,0.000010,0.000000,0.003197,0.001999,3.486000,0.013090,0.000000,0.000000,0.000009,0,0
278700000000,279000000000,6283499093,986,257410096,0.000168,0.000483,0.001928,0.000007,0.000407,0.000579,0.000000,0.000000,0.003731,0.000072,15.990000,0.072060,0.000000,0.000000,0.000288,0,0
279000000000,279300000000,6283499093,986,257410096,0.000168,0.000478,0.001928,0.000007,0.000423,0.000517,0.000003,0.000000,0.006409,0.000571,6.230000,0.025840,0.000000,0.000000,0.000097,0,0
279300000000,279600000000,6283499093,986,257410096,0.000140,0.000495,0.001928,0.000007,0.000434,0.000523,0.000004,0.000000,0.000953,0.000643,14.920000,0.066660,0.000000,0.000000,0.000099,0,0
279600000000,279900000000,6283499093,986,257410096,0.000127,0.000457,0.001928,0.000007,0.000395,0.000523,0.000007,0.000000,0.002293,0.000857,15.160000,0.067060,0.000000,0.000000,0.000091,0,0
279900000000,280200000000,6283499093,986,257410096,0.000161,0.000489,0.001928,0.000007,0.000416,0.000550,0.000010,0.000000,0.003239,0.002071,3.407000,0.012880,0.000000,0.000000,0.000175,0,0
280200000000,280500000000,6283499093,986,257410096,0.000248,0.000874,0.001928,0.000012,0.000399,0.001043,0.000024,0.000000,0.006615,0.004646,3.813000,0.014380,0.000000,0.000000,0.000114,0,0
280500000000,280800000000,6283499093,986,257410096,0.000254,0.000970,0.001928,0.000015,0.000400,0.001060,0.000019,0.000000,0.002911,0.002285,5.421000,0.022700,0.000000,0.000000,0.000119,0,0
280800000000,281100000000,6283499093,986,257410096,0.000265,0.000974,0.001928,0.000014,0.000397,0.001055,0.000008,0.000000,0.006607,0.000929,3.590000,0.013460,0.000000,0.000000,0.000270,0,0
281100000000,281400000000,6283499093,986,257410096,0.000307,0.000965,0.001930,0.000010,0.000371,0.001040,0.000008,0.000000,0.008545,0.000786,2.359000,0.007250,0.000000,0.000000,0.000303,0,0
281400000000,281700000000,6283499093,986,257410096,0.000320,0.001007,0.001930,0.000010,0.000362,0.001083,0.000001,0.000000,0.012100,0.000072,2.353000,0.007293,0.000000,0.000000,0.000063,0,0
281700000000,282000000000,6283499093,986,257410096,0.000259,0.001040,0.001930,0.000028,0.000385,0.001158,0.000137,0.000000,0.001162,0.009506,5.880000,0.024700,0.000000,0.000000,0.000197,0,0
282000000000,282300000000,6283499093,986,257410096,0.000290,0.001106,0.001932,0.000108,0.000530,0.001143,0.000070,0.000000,0.005638,0.008362,7.248000,0.031230,0.000000,0.000000,0.000228,0,0
282300000000,282600000000,6283499093,986,257410096,0.000249,0.001097,0.001932,0.000108,0.000545,0.001112,0.000018,0.000000,0.004364,0.001358,4.284000,0.017350,0.000000,0.000000,0.000363,0,0
282600000000,282811000000,6283499093,986,257410096,0.000300,0.000921,0.001930,0.000108,0.000547,0.001101,0.000072,0.000000,0.004250,0.005432,14.700000,0.066870,0.000000,0.000000,0.000317,0,0
282811000000,282821000000,6283499093,986,257410096,0.000205,0.000000,0.000000,0.000000,0.000000,0.000000,0.000129,0.000000,0.002056,0.001286,14.740000,0.067200,0.000000,0.000000,0.000000,0,0
282821000000,282823000000,6283499093,986,257410096,0.000000,0.000000,0.000000,0.000000,0.000000,0.000000,0.000000,0.000000,0.000000,0.000000,14.740000,0.067200,0.000000,0.000000,0.000000,0,0
