278131000000,278400000000,6283499093,987,257504300,0.000188,0.000615,0.001858,0.000002,0.000254,0.000788,0.000015,0.000000,0.033200,0.003284,2.276000,0.007522,0.000000,0.000000,0.000098,0,0
278400000000,278700000000,6283499093,987,257504300,0.000213,0.000666,0.001856,0.000002,0.000268,0.000914,0.000001,0.000000,0.007011,0.000072,2.425000,0.007626,0.000000,0.000000,0.000105,0,0
278700000000,279000000000,6283499093,987,257504300,0.000307,0.000687,0.001921,0.000002,0.000267,0.000902,0.000000,0.000000,0.005028,0.000072,2.155000,0.005823,0.000000,0.000000,0.000297,0,0
279000000000,279300000000,6283499093,987,257504300,0.000304,0.000665,0.001923,0.000003,0.000247,0.000873,0.000001,0.000000,0.005081,0.000072,2.199000,0.005877,0.000000,0.000000,0.000082,0,0
279300000000,279600000000,6283499093,987,257504300,0.000284,0.000665,0.001925,0.000003,0.000246,0.000887,0.000010,0.000000,0.004242,0.002499,2.027000,0.005023,0.000000,0.000000,0.000075,0,0
279600000000,279900000000,6283499093,987,257504300,0.000288,0.000688,0.001925,0.000003,0.000264,0.000887,0.000002,0.000000,0.004311,0.000143,2.049000,0.005180,0.000000,0.000000,0.000120,0,0
279900000000,280200000000,6283499093,987,257504300,0.000293,0.000697,0.001925,0.000003,0.000272,0.000889,0.000001,0.000000,0.002663,0.000286,2.173000,0.005717,0.000000,0.000000,0.000295,0,0
280200000000,280500000000,6283499093,987,257504300,0.000382,0.001070,0.001923,0.000006,0.000240,0.001379,0.000022,0.000000,0.009033,0.005783,2.331000,0.006542,0.000000,0.000000,0.000431,0,0
280500000000,280800000000,6283499093,987,257504300,0.000427,0.001099,0.001926,0.000007,0.000467,0.001375,0.000004,0.000000,0.004425,0.000571,2.702000,0.008422,0.000000,0.000000,0.000428,0,0
280800000000,281100000000,6283499093,987,257504300,0.000404,0.001026,0.001926,0.000007,0.000467,0.001055,0.000003,0.000000,0.005951,0.000428,2.827000,0.009019,0.000000,0.000000,0.000642,0,0
281100000000,281400000000,6283499093,987,257504300,0.000375,0.001034,0.001928,0.000007,0.000467,0.001060,0.000004,0.000000,0.004700,0.000643,2.197000,0.006043,0.000000,0.000000,0.000413,0,0
281400000000,281700000000,6283499093,987,257504300,0.000346,0.001030,0.001928,0.000007,0.000467,0.001060,0.000000,0.000000,0.001627,0.000000,2.477000,0.007377,0.000000,0.000000,0.000478,0,0
281700000000,282000000000,6283499093,987,257504300,0.000347,0.001028,0.001928,0.000007,0.000468,0.001032,0.000000,0.000000,0.004784,0.000072,2.688000,0.007814,0.000000,0.000000,0.000315,0,0
282000000000,282300000000,6283499093,987,257504300,0.000352,0.001047,0.001928,0.000007,0.000468,0.001072,0.000006,0.000000,0.005539,0.000428,2.246000,0.006042,0.000000,0.000000,0.000183,0,0
282300000000,282600000000,6283499093,987,257504300,0.000352,0.001057,0.001928,0.000008,0.000468,0.001074,0.000010,0.000000,0.004257,0.001215,2.486000,0.007120,0.000000,0.000000,0.000450,0,0
282600000000,282900000000,6283499093,987,257504300,0.000357,0.001068,0.001928,0.000008,0.000468,0.001076,0.000006,0.000000,0.005592,0.000357,2.444000,0.007104,0.000000,0.000000,0.000434,0,0
282900000000,283200000000,6283499093,987,257504300,0.000350,0.001057,0.001928,0.000008,0.000468,0.001076,0.000012,0.000000,0.004669,0.001499,2.339000,0.006730,0.000000,0.000000,0.000353,0,0
283200000000,283500000000,6283499093,987,257504300,0.000335,0.001040,0.001928,0.000008,0.000468,0.001055,0.000008,0.000000,0.004578,0.000500,2.214000,0.006167,0.000000,0.000000,0.000160,0,0
283500000000,283800000000,6283499093,987,257504300,0.000333,0.001057,0.001928,0.000008,0.000468,0.001074,0.000014,0.000000,0.004227,0.001642,2.074000,0.005584,0.000000,0.000000,0.000080,0,0
283800000000,284100000000,6283499093,987,257504300,0.000308,0.001030,0.001928,0.000008,0.000468,0.001060,0.000010,0.000000,0.004272,0.002930,2.276000,0.006334,0.000000,0.000000,0.000237,0,0
284100000000,284278000000,6283499093,987,257504300,0.000362,0.001032,0.001928,0.000008,0.000468,0.001055,0.000012,0.000000,0.002949,0.000929,2.228000,0.006288,0.000000,0.000000,0.000132,0,0
284278000000,284288000000,6283499093,987,257504300,0.000201,0.000000,0.000000,0.000000,0.000000,0.000000,0.000000,0.000000,0.002014,0.000000,2.339000,0.006556,0.000000,0.000000,0.000000,0,0
284288000000,284289000000,6283499093,987,257504300,0.000000,0.000000,0.000000,0.000000,0.000000,0.000000,0.000000,0.000000,0.000000,0.000000,2.339000,0.006556,0.000000,0.000000,0.000000,0,0
