278133000000,278400000000,6283499093,988,317495530,0.000170,0.000505,0.001926,0.000056,0.000239,0.000797,0.000206,0.000000,0.011870,0.031860,3.147000,0.010990,0.000000,0.000000,0.000116,0,0
278400000000,278700000000,6283499093,988,317495530,0.000187,0.000479,0.001925,0.000050,0.000212,0.000839,0.000005,0.000000,0.007210,0.001286,2.694000,0.008990,0.000000,0.000000,0.000240,0,0
278700000000,279000000000,6283499093,988,317495530,0.000264,0.000557,0.001923,0.000046,0.000216,0.000838,0.000000,0.000000,0.003662,0.000072,2.530000,0.007635,0.000000,0.000000,0.000112,0,0
279000000000,279300000000,6283499093,988,317495530,0.000245,0.000516,0.001925,0.000064,0.000181,0.000838,0.000114,0.000000,0.004822,0.014790,3.801000,0.012840,0.000000,0.000000,0.000072,0,0
279300000000,279600000000,6283499093,988,317495530,0.000263,0.000483,0.001925,0.000079,0.000167,0.000586,0.000054,0.000000,0.003975,0.014010,2.381000,0.006732,0.000000,0.000000,0.000217,0,0
279600000000,279900000000,6283499093,988,317495530,0.000282,0.000487,0.001923,0.000110,0.000200,0.000580,0.000006,0.000000,0.004814,0.000929,2.493000,0.007329,0.000000,0.000000,0.000505,0,0
279900000000,280200000000,6283499093,988,317495530,0.000284,0.000485,0.001925,0.000110,0.000201,0.000549,0.000003,0.000000,0.005440,0.000357,2.296000,0.006433,0.000000,0.000000,0.000252,0,0
280200000000,280500000000,6283499093,988,317495530,0.000423,0.000948,0.001925,0.000136,0.000258,0.001127,0.000079,0.000000,0.008591,0.016300,2.689000,0.008363,0.000000,0.000000,0.000474,0,0
280500000000,280800000000,6283499093,988,317495530,0.000416,0.001028,0.001925,0.000140,0.000270,0.001089,0.000020,0.000000,0.005028,0.004570,3.251000,0.010910,0.000000,0.000000,0.000188,0,0
280800000000,281100000000,6283499093,988,317495530,0.000442,0.001104,0.001930,0.000205,0.000371,0.001177,0.000210,0.000000,0.011470,0.019230,3.090000,0.010240,0.000000,0.000000,0.000314,0,0
281100000000,281400000000,6283499093,988,317495530,0.000435,0.001089,0.001930,0.000219,0.000405,0.001116,0.000001,0.000000,0.005363,0.000215,2.765000,0.008806,0.000000,0.000000,0.000290,0,0
281400000000,281700000000,6283499093,988,317495530,0.000758,0.001099,0.001930,0.000220,0.000407,0.001116,0.000007,0.000000,0.036500,0.001215,1.352000,0.001893,0.000000,0.000000,0.000424,0,0
281700000000,282000000000,6283499093,988,317495530,0.000651,0.001125,0.001930,0.000220,0.000408,0.001139,0.000002,0.000000,0.037660,0.000072,1.596000,0.003191,0.000000,0.000000,0.000288,0,0
282000000000,282300000000,6283499093,988,317495530,0.000549,0.001150,0.001932,0.000220,0.000408,0.001181,0.000019,0.000000,0.023930,0.001499,1.575000,0.002823,0.000000,0.000000,0.000153,0,0
282300000000,282600000000,6283499093,988,317495530,0.000477,0.001163,0.001932,0.000225,0.000414,0.001184,0.000037,0.000000,0.024600,0.004646,1.894000,0.004591,0.000000,0.000000,0.000231,0,0
282600000000,282900000000,6283499093,988,317495530,0.000351,0.001163,0.001932,0.000225,0.000415,0.001177,0.000018,0.000000,0.003197,0.001642,2.741000,0.008807,0.000000,0.000000,0.000221,0,0
282900000000,283200000000,6283499093,988,317495530,0.000387,0.001167,0.001932,0.000227,0.000416,0.001188,0.000010,0.000000,0.014650,0.000571,2.845000,0.009069,0.000000,0.000000,0.004555,0,0
283200000000,283500000000,6283499093,988,317495530,0.001917,0.001160,0.001957,0.000226,0.000416,0.001766,0.000056,0.000000,0.086300,0.011350,1.546000,0.002952,0.000000,0.000000,0.000119,0,0
283500000000,283561000000,6283499093,988,317495530,0.003403,0.001343,0.002434,0.000140,0.000335,0.001740,0.001045,0.000000,0.061770,0.025730,1.916000,0.004875,0.000000,0.000000,0.000370,0,0
283561000000,283571000000,6283499093,988,317495530,0.000240,0.000000,0.000000,0.000000,0.000000,0.000000,0.000058,0.000000,0.002407,0.000500,2.151000,0.005904,0.000000,0.000000,0.000000,0,0
283571000000,283573000000,6283499093,988,317495530,0.000000,0.000000,0.000000,0.000000,0.000000,0.000000,0.000000,0.000000,0.000000,0.000000,2.151000,0.005904,0.000000,0.000000,0.000000,0,0
