272503000000,272594000000,6283499093,99,2595183881,0.000000,0.000000,0.000000,0.000000,0.000000,0.000000,0.000000,0.000000,0.000000,0.000000,0.000000,0.000000,0.000000,0.000000,0.000000,0,0
272594000000,272700000000,6283499093,99,2595183881,0.000666,0.001488,0.001911,0.000295,0.000718,0.001631,0.001905,0.000000,0.019380,0.062260,2.558000,0.007746,0.000000,0.000000,0.000100,0,0
272700000000,273000000000,6283499093,99,2595183881,0.000355,0.001003,0.001911,0.000290,0.000733,0.001358,0.000000,0.000000,0.004097,0.000000,2.264000,0.006298,0.000000,0.000000,0.000173,0,0
273000000000,273300000000,6283499093,99,2595183881,0.000357,0.000945,0.001911,0.000290,0.000733,0.000963,0.000011,0.000000,0.006386,0.002285,2.426000,0.006916,0.000000,0.000000,0.000223,0,0
273300000000,273600000000,6283499093,99,2595183881,0.000325,0.000948,0.001913,0.000292,0.000735,0.000963,0.000006,0.000000,0.003975,0.001642,2.677000,0.007853,0.000000,0.000000,0.000131,0,0
273600000000,273900000000,6283499093,99,2595183881,0.000320,0.000942,0.001913,0.000293,0.000737,0.000945,0.000000,0.000000,0.003902,0.000072,2.269000,0.006284,0.000000,0.000000,0.000204,0,0
273900000000,274200000000,6283499093,99,2595183881,0.000360,0.000969,0.001913,0.000293,0.000737,0.001001,0.000001,0.000000,0.004089,0.000143,2.414000,0.006755,0.000000,0.000000,0.000254,0,0
274200000000,274500000000,6283499093,99,2595183881,0.000380,0.000994,0.001913,0.000293,0.000737,0.001001,0.000005,0.000000,0.001282,0.000786,2.579000,0.007832,0.000000,0.000000,0.000224,0,0
274500000000,274800000000,6283499093,99,2595183881,0.000372,0.000984,0.001913,0.000293,0.000737,0.000996,0.000000,0.000000,0.004242,0.000000,2.997000,0.009388,0.000000,0.000000,0.000159,0,0
274800000000,275100000000,6283499093,99,2595183881,0.000349,0.000976,0.001917,0.000293,0.000737,0.000990,0.000001,0.000000,0.004433,0.000286,2.457000,0.006959,0.000000,0.000000,0.000123,0,0
275100000000,275400000000,6283499093,99,2595183881,0.000439,0.001007,0.001921,0.000298,0.000743,0.001038,0.000022,0.000000,0.008774,0.005997,2.650000,0.007994,0.000000,0.000000,0.000697,0,0
275400000000,275700000000,6283499093,99,2595183881,0.000386,0.000984,0.001932,0.000293,0.000739,0.001001,0.000001,0.000000,0.005165,0.000143,2.701000,0.008014,0.000000,0.000000,0.000329,0,0
275700000000,276000000000,6283499093,99,2595183881,0.000361,0.000999,0.001932,0.000293,0.000739,0.001011,0.000002,0.000000,0.004669,0.000428,2.527000,0.007169,0.000000,0.000000,0.000091,0,0
276000000000,276300000000,6283499093,99,2595183881,0.000402,0.001009,0.001932,0.000293,0.000739,0.001017,0.000002,0.000000,0.004173,0.000143,2.514000,0.007290,0.000000,0.000000,0.001347,0,0
276300000000,276600000000,6283499093,99,2595183881,0.000378,0.001005,0.001932,0.000294,0.000739,0.001013,0.000000,0.000000,0.004082,0.000072,2.601000,0.007865,0.000000,0.000000,0.000213,0,0
276600000000,276900000000,6283499093,99,2595183881,0.000343,0.000997,0.001932,0.000294,0.000739,0.001005,0.000001,0.000000,0.004028,0.000143,2.404000,0.006899,0.000000,0.000000,0.000371,0,0
276900000000,277200000000,6283499093,99,2595183881,0.000769,0.001127,0.001928,0.000291,0.000750,0.001230,0.000050,0.000000,0.055420,0.005783,2.427000,0.006970,0.000000,0.000000,0.000519,0,0
277200000000,277500000000,6283499093,99,2595183881,0.000513,0.001123,0.001930,0.000288,0.000752,0.001135,0.000004,0.000000,0.005753,0.000428,3.305000,0.011120,0.000000,0.000000,0.000463,0,0
277500000000,277639000000,6283499093,99,2595183881,0.000506,0.001114,0.001928,0.000286,0.000751,0.001123,0.000031,0.000000,0.004555,0.003857,2.638000,0.008008,0.000000,0.000000,0.000829,0,0
277639000000,277652000000,6283499093,99,2595183881,0.000232,0.000000,0.000000,0.000000,0.000000,0.000000,0.000072,0.000000,0.003006,0.000929,1.851000,0.004424,0.000000,0.000000,0.000000,0,0
277652000000,277654000000,6283499093,99,2595183881,0.000000,0.000000,0.000000,0.000000,0.000000,0.000000,0.000000,0.000000,0.000000,0.000000,1.851000,0.004424,0.000000,0.000000,0.000000,0,0
