937705000000,937742000000,6343946350,202,400468858,0.000000,0.000000,0.000000,0.000000,0.000000,0.000000,0.000000,0.000000,0.000000,0.000000,0.000000,0.000000,0.000000,0.000000,0.000000,0,0
937742000000,937800000000,6343946350,202,400468858,0.016510,0.001972,0.003418,0.000203,0.000578,0.002476,0.004585,0.000000,0.061830,0.049990,2.487000,0.004577,0.000000,0.000000,0.001207,0,0
937800000000,937809000000,6343946350,202,400468858,0.020320,0.002441,0.003849,0.000196,0.000595,0.002499,0.000008,0.000000,0.065060,0.000072,2.487000,0.004577,0.000000,0.000000,0.061520,0,0
937809000000,937813000000,6343946350,202,400468858,0.021450,0.002533,0.003849,0.000332,0.000631,0.002579,0.007767,0.000000,0.063960,0.015870,2.487000,0.004577,0.000000,0.000000,0.011430,0,0
937813000000,937826000000,6343946350,202,400468858,0.001999,0.000000,0.000000,0.000000,0.000000,0.000000,0.000149,0.000000,0.025970,0.001928,2.487000,0.004577,0.000000,0.000000,0.000000,1,0
937826000000,937828000000,6343946350,202,400468858,0.000000,0.000000,0.000000,0.000000,0.000000,0.000000,0.000000,0.000000,0.000000,0.000000,2.487000,0.004577,0.000000,0.000000,0.000000,0,0
937833000000,937857000000,6343946350,202,2754792714,0.000000,0.000000,0.000000,0.000000,0.000000,0.000000,0.000000,0.000000,0.000000,0.000000,0.000000,0.000000,0.000000,0.000000,0.000000,0,0
937857000000,938100000000,6343946350,202,2754792714,0.000274,0.000588,0.001925,0.000195,0.000474,0.000845,0.000586,0.000000,0.012820,0.031980,2.022000,0.006622,0.000000,0.000000,0.000135,0,0
938100000000,938143000000,6343946350,202,2754792714,0.000280,0.000485,0.001928,0.000199,0.000544,0.000523,0.000081,0.000000,0.001621,0.001499,2.916000,0.010700,0.000000,0.000000,0.000222,0,0
938143000000,938160000000,6343946350,202,2754792714,0.000150,0.000000,0.000000,0.000000,0.000000,0.000000,0.000020,0.000000,0.002548,0.000215,1.767000,0.005363,0.000000,0.000000,0.000000,0,0
938160000000,938162000000,6343946350,202,2754792714,0.000000,0.000000,0.000000,0.000000,0.000000,0.000000,0.000000,0.000000,0.000000,0.000000,1.767000,0.005363,0.000000,0.000000,0.000000,0,0
