937702000000,937752000000,6343946350,208,4820072458,0.000000,0.000000,0.000000,0.000000,0.000000,0.000000,0.000000,0.000000,0.000000,0.000000,0.000000,0.000000,0.000000,0.000000,0.000000,0,0
937752000000,937800000000,6343946350,208,4820072458,0.002460,0.000463,0.001928,0.000181,0.000357,0.001478,0.007904,0.000000,0.040950,0.033200,1.244000,0.000000,0.000000,0.000000,0.000000,0,0
937800000000,937809000000,6343946350,208,4820072458,0.020480,0.001652,0.002087,0.000243,0.000639,0.001890,0.000029,0.000000,0.050960,0.000215,1.244000,0.000000,0.000000,0.000000,0.000736,0,0
937809000000,937813000000,6343946350,208,4820072458,0.016750,0.002193,0.003822,0.000072,0.000468,0.002193,0.003380,0.000000,0.033510,0.010150,1.244000,0.000000,0.000000,0.000000,0.001562,0,0
937813000000,937834000000,6343946350,208,4820072458,0.002419,0.000000,0.000000,0.000006,0.000023,0.000000,0.000227,0.000000,0.024900,0.004715,1.244000,0.000000,0.000000,0.000000,0.000000,1,0
937834000000,937845000000,6343946350,208,4820072458,0.000000,0.000000,0.000000,0.000000,0.000000,0.000000,0.000008,0.000000,0.000000,0.000072,1.244000,0.000000,0.000000,0.000000,0.000000,0,0
937851000000,937877000000,6343946350,208,16915974,0.000000,0.000000,0.000000,0.000000,0.000000,0.000000,0.000000,0.000000,0.000000,0.000000,0.000000,0.000000,0.000000,0.000000,0.000000,0,0
937877000000,938100000000,6343946350,208,16915974,0.000314,0.000741,0.001934,0.000278,0.000648,0.001001,0.000823,0.000000,0.039060,0.049070,2.452000,0.008375,0.000000,0.000000,0.000059,0,0
938100000000,938143000000,6343946350,208,16915974,0.000334,0.000442,0.001932,0.000280,0.000660,0.000446,0.000045,0.000000,0.003349,0.000643,2.183000,0.006859,0.000000,0.000000,0.000090,0,0
938143000000,938161000000,6343946350,208,16915974,0.000173,0.000000,0.000000,0.000000,0.000000,0.000000,0.000035,0.000000,0.003109,0.000571,1.989000,0.005920,0.000000,0.000000,0.000000,0,0
938161000000,938162000000,6343946350,208,16915974,0.000000,0.000000,0.000000,0.000000,0.000000,0.000000,0.000000,0.000000,0.000000,0.000000,1.989000,0.005920,0.000000,0.000000,0.000000,0,0
