930049000000,930068000000,6343048076,0,565037823,0.000000,0.000000,0.000000,0.000000,0.000000,0.000000,0.000000,0.000000,0.000000,0.000000,0.000000,0.000000,0.000000,0.000000,0.000000,0,0
930068000000,930083000000,6343048076,0,565037823,0.018650,0.000812,0.001928,0.000107,0.000374,0.001354,0.004883,0.000000,0.058840,0.022160,0.000000,0.000000,0.000000,0.000000,0.002941,0,0
930083000000,930092000000,6343048076,0,565037823,0.030240,0.001120,0.001917,0.000124,0.000265,0.001354,0.001112,0.000000,0.066770,0.009506,1.227000,0.001242,0.000000,0.000000,0.013060,0,0
930092000000,930102000000,6343048076,0,565037823,0.005379,0.000000,0.000000,0.000000,0.000000,0.000000,0.000000,0.000000,0.053770,0.000000,1.227000,0.001242,0.000000,0.000000,0.000000,1,0
930102000000,930104000000,6343048076,0,565037823,0.000000,0.000000,0.000000,0.000000,0.000000,0.000000,0.000000,0.000000,0.000000,0.000000,1.227000,0.001242,0.000000,0.000000,0.000000,0,0
930118000000,930143000000,6343048076,0,5780326,0.000000,0.000000,0.000000,0.000000,0.000000,0.000000,0.000000,0.000000,0.000000,0.000000,0.000000,0.000000,0.000000,0.000000,0.000000,0,0
930143000000,930294000000,6343048076,0,5780326,0.000298,0.000793,0.001926,0.000235,0.000569,0.000961,0.001072,0.000000,0.011410,0.057130,1.976000,0.005673,0.000000,0.000000,0.000031,0,0
930294000000,930300000000,6343048076,0,5780326,0.000153,0.000000,0.000000,0.000000,0.000000,0.000000,0.000107,0.000000,0.000922,0.000571,1.589000,0.004404,0.000000,0.000000,0.000000,0,0
930300000000,930312000000,6343048076,0,5780326,0.000000,0.000000,0.000000,0.000000,0.000000,0.000000,0.000000,0.000000,0.000000,0.000000,1.589000,0.004404,0.000000,0.000000,0.000000,0,0
930312000000,930313000000,6343048076,0,5780326,0.000000,0.000000,0.000000,0.000000,0.000000,0.000000,0.000000,0.000000,0.000000,0.000000,1.589000,0.004404,0.000000,0.000000,0.000000,0,0
