930036000000,930052000000,6343048076,1,4302685900,0.000000,0.000000,0.000000,0.000000,0.000000,0.000000,0.000000,0.000000,0.000000,0.000000,0.000000,0.000000,0.000000,0.000000,0.000000,0,0
930052000000,930099000000,6343048076,1,4302685900,0.023070,0.000959,0.001921,0.000085,0.000280,0.001431,0.001226,0.000000,0.062070,0.047300,0.000000,0.000000,0.000000,0.000000,0.000982,0,0
930099000000,930103000000,6343048076,1,4302685900,0.028170,0.001122,0.001923,0.000111,0.000147,0.001127,0.001822,0.000000,0.083620,0.006714,0.000000,0.000000,0.000000,0.000000,0.073730,0,0
930103000000,930124000000,6343048076,1,4302685900,0.000511,0.000000,0.000000,0.000000,0.000000,0.000000,0.000174,0.000000,0.010730,0.002930,1.087000,0.001033,0.000000,0.000000,0.000000,1,0
930124000000,930126000000,6343048076,1,4302685900,0.000000,0.000000,0.000000,0.000000,0.000000,0.000000,0.000000,0.000000,0.000000,0.000000,1.087000,0.001033,0.000000,0.000000,0.000000,0,0
930137000000,930175000000,6343048076,1,3241995992,0.000000,0.000000,0.000000,0.000000,0.000000,0.000000,0.000000,0.000000,0.000000,0.000000,0.000000,0.000000,0.000000,0.000000,0.000000,0,0
930175000000,930300000000,6343048076,1,3241995992,0.000395,0.000903,0.001919,0.000265,0.000628,0.001015,0.001217,0.000000,0.014650,0.028290,1.736000,0.002888,0.000000,0.000000,0.000242,0,0
930300000000,930372000000,6343048076,1,3241995992,0.000243,0.000607,0.001919,0.000269,0.000648,0.000750,0.000027,0.000000,0.002167,0.000357,2.362000,0.007724,0.000000,0.000000,0.000093,0,0
930372000000,930391000000,6343048076,1,3241995992,0.000082,0.000000,0.000000,0.000000,0.000000,0.000000,0.000011,0.000000,0.001558,0.000143,2.184000,0.006602,0.000000,0.000000,0.000000,0,0
930391000000,930392000000,6343048076,1,3241995992,0.000000,0.000000,0.000000,0.000000,0.000000,0.000000,0.000000,0.000000,0.000000,0.000000,2.113000,0.006254,0.000000,0.000000,0.000000,0,0
