930042000000,930085000000,6343048076,106,1436375474,0.000000,0.000000,0.000000,0.000000,0.000000,0.000000,0.000000,0.000000,0.000000,0.000000,0.000000,0.000000,0.000000,0.000000,0.000000,0,0
930085000000,930104000000,6343048076,106,1436375474,0.022370,0.001049,0.001926,0.000239,0.000551,0.001534,0.010470,0.000000,0.056090,0.047850,0.000000,0.000000,0.000000,0.000000,0.001080,0,0
930104000000,930106000000,6343048076,106,1436375474,0.017550,0.001537,0.001923,0.000264,0.000661,0.001537,0.004822,0.000000,0.043700,0.009644,0.000000,0.000000,0.000000,0.000000,0.043700,0,0
930106000000,930132000000,6343048076,106,1436375474,0.001945,0.000000,0.000000,0.000000,0.000000,0.000000,0.000095,0.000000,0.050600,0.002213,0.000000,0.000000,0.000000,0.000000,0.000000,1,0
930132000000,930135000000,6343048076,106,1436375474,0.000000,0.000000,0.000000,0.000000,0.000000,0.000000,0.000000,0.000000,0.000000,0.000000,0.000000,0.000000,0.000000,0.000000,0.000000,0,0
930156000000,930175000000,6343048076,106,333295995,0.000000,0.000000,0.000000,0.000000,0.000000,0.000000,0.000000,0.000000,0.000000,0.000000,0.000000,0.000000,0.000000,0.000000,0.000000,0,0
930175000000,930300000000,6343048076,106,333295995,0.000327,0.001053,0.001823,0.000284,0.000652,0.001160,0.001190,0.000000,0.011610,0.058900,2.074000,0.006818,0.000000,0.000000,0.000054,0,0
930300000000,930372000000,6343048076,106,333295995,0.000197,0.000723,0.001822,0.000287,0.000666,0.000872,0.000019,0.000000,0.001575,0.000286,2.720000,0.010570,0.000000,0.000000,0.000225,0,0
930372000000,930390000000,6343048076,106,333295995,0.000071,0.000000,0.000000,0.000000,0.000000,0.000000,0.000083,0.000000,0.001268,0.001286,2.756000,0.010660,0.000000,0.000000,0.000000,0,0
930390000000,930391000000,6343048076,106,333295995,0.000000,0.000000,0.000000,0.000000,0.000000,0.000000,0.000072,0.000000,0.000000,0.000072,2.756000,0.010660,0.000000,0.000000,0.000000,0,0
