930041000000,930060000000,6343048076,113,82754886,0.000000,0.000000,0.000000,0.000000,0.000000,0.000000,0.000000,0.000000,0.000000,0.000000,0.000000,0.000000,0.000000,0.000000,0.000000,0,0
930060000000,930086000000,6343048076,113,82754886,0.026060,0.001190,0.001921,0.000255,0.000612,0.001532,0.005898,0.000000,0.059200,0.049380,0.000000,0.000000,0.000000,0.000000,0.054750,0,0
930086000000,930093000000,6343048076,113,82754886,0.030060,0.001532,0.001919,0.000275,0.000672,0.001541,0.002029,0.000000,0.072140,0.014140,1.022000,0.000762,0.000000,0.000000,0.054200,0,0
930093000000,930106000000,6343048076,113,82754886,0.002842,0.000000,0.000000,0.000000,0.000000,0.000000,0.000038,0.000000,0.036930,0.000500,1.022000,0.000762,0.000000,0.000000,0.000000,1,0
930106000000,930107000000,6343048076,113,82754886,0.000000,0.000000,0.000000,0.000000,0.000000,0.000000,0.000000,0.000000,0.000000,0.000000,1.022000,0.000762,0.000000,0.000000,0.000000,0,0
930124000000,930164000000,6343048076,113,6566435,0.000000,0.000000,0.000000,0.000000,0.000000,0.000000,0.000000,0.000000,0.000000,0.000000,0.000000,0.000000,0.000000,0.000000,0.000000,0,0
930164000000,930300000000,6343048076,113,6566435,0.000333,0.000898,0.001932,0.000268,0.000638,0.000997,0.000996,0.000000,0.012600,0.059880,1.884000,0.005590,0.000000,0.000000,0.000300,0,0
930300000000,930354000000,6343048076,113,6566435,0.000201,0.000574,0.001932,0.000276,0.000647,0.000691,0.000058,0.000000,0.001629,0.001215,3.029000,0.011630,0.000000,0.000000,0.000043,0,0
930354000000,930370000000,6343048076,113,6566435,0.000090,0.000000,0.000000,0.000000,0.000000,0.000000,0.000000,0.000000,0.001427,0.000000,2.513000,0.008745,0.000000,0.000000,0.000000,0,0
930370000000,930371000000,6343048076,113,6566435,0.000000,0.000000,0.000000,0.000000,0.000000,0.000000,0.000000,0.000000,0.000000,0.000000,2.322000,0.007676,0.000000,0.000000,0.000000,0,0
