930043000000,930071000000,6343048076,127,284757930,0.000000,0.000000,0.000000,0.000000,0.000000,0.000000,0.000000,0.000000,0.000000,0.000000,0.000000,0.000000,0.000000,0.000000,0.000000,0,0
930071000000,930100000000,6343048076,127,284757930,0.025270,0.001308,0.001915,0.000244,0.000613,0.001547,0.005310,0.000000,0.061160,0.055360,1.080000,0.000897,0.000000,0.000000,0.034790,0,0
930100000000,930104000000,6343048076,127,284757930,0.024750,0.001556,0.001915,0.000382,0.000681,0.001579,0.003784,0.000000,0.060790,0.015140,1.080000,0.000897,0.000000,0.000000,0.012390,0,0
930104000000,930122000000,6343048076,127,284757930,0.000242,0.000000,0.000000,0.000000,0.000000,0.000000,0.000035,0.000000,0.004364,0.000500,1.080000,0.000897,0.000000,0.000000,0.000000,1,0
930122000000,930123000000,6343048076,127,284757930,0.000000,0.000000,0.000000,0.000000,0.000000,0.000000,0.000000,0.000000,0.000000,0.000000,1.080000,0.000897,0.000000,0.000000,0.000000,0,0
930129000000,930168000000,6343048076,127,797629548,0.000000,0.000000,0.000000,0.000000,0.000000,0.000000,0.000000,0.000000,0.000000,0.000000,0.000000,0.000000,0.000000,0.000000,0.000000,0,0
930168000000,930300000000,6343048076,127,797629548,0.000323,0.000908,0.001934,0.000266,0.000632,0.001013,0.001169,0.000000,0.012190,0.054990,2.442000,0.008171,0.000000,0.000000,0.000047,0,0
930300000000,930372000000,6343048076,127,797629548,0.000211,0.000575,0.001934,0.000274,0.000647,0.000718,0.000024,0.000000,0.001530,0.000500,1.752000,0.004811,0.000000,0.000000,0.000045,0,0
930372000000,930393000000,6343048076,127,797629548,0.000051,0.000000,0.000000,0.000000,0.000000,0.000000,0.000007,0.000000,0.001060,0.000072,1.815000,0.005129,0.000000,0.000000,0.000000,0,0
930393000000,930394000000,6343048076,127,797629548,0.000000,0.000000,0.000000,0.000000,0.000000,0.000000,0.000000,0.000000,0.000000,0.000000,1.815000,0.005129,0.000000,0.000000,0.000000,0,0
