930039000000,930075000000,6343048076,141,17560833,0.000000,0.000000,0.000000,0.000000,0.000000,0.000000,0.000000,0.000000,0.000000,0.000000,0.000000,0.000000,0.000000,0.000000,0.000000,0,0
930075000000,930095000000,6343048076,141,17560833,0.026860,0.001001,0.001923,0.000001,0.000264,0.001253,0.000104,0.000000,0.060420,0.001572,1.025000,0.000756,0.000000,0.000000,0.024540,0,0
930095000000,930097000000,6343048076,141,17560833,0.015530,0.001255,0.001925,0.000201,0.000400,0.001255,0.000750,0.000000,0.031070,0.001499,1.025000,0.000756,0.000000,0.000000,0.007874,0,0
930097000000,930112000000,6343048076,141,17560833,0.001999,0.000000,0.000000,0.000000,0.000000,0.000000,0.000033,0.000000,0.030000,0.000357,1.025000,0.000756,0.000000,0.000000,0.000000,1,0
930112000000,930114000000,6343048076,141,17560833,0.000000,0.000000,0.000000,0.000000,0.000000,0.000000,0.000000,0.000000,0.000000,0.000000,1.025000,0.000756,0.000000,0.000000,0.000000,0,0
930123000000,930157000000,6343048076,141,8055690,0.000000,0.000000,0.000000,0.000000,0.000000,0.000000,0.000000,0.000000,0.000000,0.000000,0.000000,0.000000,0.000000,0.000000,0.000000,0,0
930157000000,930300000000,6343048076,141,8055690,0.000278,0.000630,0.001932,0.000023,0.000392,0.000738,0.000229,0.000000,0.014600,0.019870,2.510000,0.008463,0.000000,0.000000,0.000051,0,0
930300000000,930314000000,6343048076,141,8055690,0.000160,0.000473,0.001932,0.000033,0.000413,0.000474,0.001045,0.000000,0.000482,0.014570,2.048000,0.006206,0.000000,0.000000,0.000123,0,0
930314000000,930333000000,6343048076,141,8055690,0.000087,0.000000,0.000000,0.000000,0.000000,0.000000,0.000015,0.000000,0.001648,0.000215,2.048000,0.006206,0.000000,0.000000,0.000000,0,0
930333000000,930334000000,6343048076,141,8055690,0.000000,0.000000,0.000000,0.000000,0.000000,0.000000,0.000000,0.000000,0.000000,0.000000,2.048000,0.006206,0.000000,0.000000,0.000000,0,0
