930043000000,930100000000,6343048076,149,5015768050,0.000000,0.000000,0.000000,0.000000,0.000000,0.000000,0.000000,0.000000,0.000000,0.000000,0.000000,0.000000,0.000000,0.000000,0.000000,1,0
930098000000,930117000000,6343048076,149,2577461316,0.000000,0.000000,0.000000,0.000000,0.000000,0.000000,0.000000,0.000000,0.000000,0.000000,0.000000,0.000000,0.000000,0.000000,0.000000,0,0
930100000000,930107000000,6343048076,149,5015768050,0.000000,0.000000,0.000000,0.000000,0.000000,0.000000,0.000000,0.000000,0.000000,0.000000,0.000000,0.000000,0.000000,0.000000,0.000000,0,0
930117000000,930227000000,6343048076,149,2577461316,0.024660,0.001453,0.001919,0.000247,0.000634,0.001593,0.001692,0.000000,0.066410,0.054380,1.198000,0.001073,0.000000,0.000000,0.043700,0,0
930227000000,930234000000,6343048076,149,2577461316,0.000550,0.001244,0.001919,0.000256,0.000668,0.001293,0.001846,0.000000,0.001368,0.012860,1.162000,0.000941,0.000000,0.000000,0.000654,0,0
930234000000,930249000000,6343048076,149,2577461316,0.000789,0.000000,0.000000,0.000000,0.000000,0.000000,0.000095,0.000000,0.011830,0.001143,1.162000,0.000941,0.000000,0.000000,0.000000,1,0
930249000000,930253000000,6343048076,149,2577461316,0.000000,0.000000,0.000000,0.000000,0.000000,0.000000,0.000000,0.000000,0.000000,0.000000,1.162000,0.000941,0.000000,0.000000,0.000000,0,0
930271000000,930300000000,6343048076,149,82758762,0.000862,0.000877,0.001751,0.000257,0.000575,0.000997,0.005600,0.000000,0.020690,0.055110,1.301000,0.001702,0.000000,0.000000,0.005371,0,0
930300000000,930372000000,6343048076,149,82758762,0.000217,0.000988,0.001751,0.000282,0.000654,0.001034,0.000053,0.000000,0.003101,0.002213,1.298000,0.001825,0.000000,0.000000,0.000035,0,0
930372000000,930392000000,6343048076,149,82758762,0.000052,0.000000,0.000000,0.000000,0.000000,0.000000,0.000082,0.000000,0.001043,0.001715,1.278000,0.002840,0.000000,0.000000,0.000000,0,0
930392000000,930394000000,6343048076,149,82758762,0.000000,0.000000,0.000000,0.000000,0.000000,0.000000,0.000000,0.000000,0.000000,0.000000,1.278000,0.002840,0.000000,0.000000,0.000000,0,0
