930049000000,930066000000,6343048076,16,38698663,0.000000,0.000000,0.000000,0.000000,0.000000,0.000000,0.000000,0.000000,0.000000,0.000000,0.000000,0.000000,0.000000,0.000000,0.000000,0,0
930066000000,930102000000,6343048076,16,38698663,0.018460,0.001278,0.001919,0.000237,0.000605,0.001579,0.004776,0.000000,0.056340,0.049990,1.278000,0.001735,0.000000,0.000000,0.045040,0,0
930102000000,930105000000,6343048076,16,38698663,0.019470,0.001604,0.001921,0.000420,0.000692,0.001619,0.005356,0.000000,0.037350,0.010150,1.278000,0.001735,0.000000,0.000000,0.024510,0,0
930105000000,930128000000,6343048076,16,38698663,0.000977,0.000000,0.000000,0.000000,0.000000,0.000000,0.000012,0.000000,0.022490,0.000286,1.278000,0.001735,0.000000,0.000000,0.000000,1,0
930128000000,930130000000,6343048076,16,38698663,0.000000,0.000000,0.000000,0.000000,0.000000,0.000000,0.000000,0.000000,0.000000,0.000000,1.278000,0.001735,0.000000,0.000000,0.000000,0,0
930142000000,930171000000,6343048076,16,711354,0.000000,0.000000,0.000000,0.000000,0.000000,0.000000,0.000000,0.000000,0.000000,0.000000,0.000000,0.000000,0.000000,0.000000,0.000000,0,0
930171000000,930300000000,6343048076,16,711354,0.000394,0.000869,0.001934,0.000265,0.000632,0.000972,0.001476,0.000000,0.039610,0.049990,2.464000,0.007813,0.000000,0.000000,0.000072,0,0
930300000000,930372000000,6343048076,16,711354,0.000246,0.000536,0.001934,0.000269,0.000647,0.000697,0.000019,0.000000,0.002361,0.000357,1.884000,0.005423,0.000000,0.000000,0.000086,0,0
930372000000,930387000000,6343048076,16,711354,0.000084,0.000000,0.000000,0.000000,0.000000,0.000000,0.000019,0.000000,0.001259,0.000215,1.777000,0.005040,0.000000,0.000000,0.000000,0,0
930387000000,930388000000,6343048076,16,711354,0.000000,0.000000,0.000000,0.000000,0.000000,0.000000,0.000000,0.000000,0.000000,0.000000,1.777000,0.005040,0.000000,0.000000,0.000000,0,0
