930035000000,930054000000,6343048076,20,105885020,0.000000,0.000000,0.000000,0.000000,0.000000,0.000000,0.000000,0.000000,0.000000,0.000000,0.000000,0.000000,0.000000,0.000000,0.000000,0,0
930054000000,930099000000,6343048076,20,105885020,0.022400,0.001316,0.001921,0.000243,0.000618,0.001591,0.003277,0.000000,0.063600,0.051700,1.028000,0.000812,0.000000,0.000000,0.002632,0,0
930099000000,930103000000,6343048076,20,105885020,0.022980,0.001585,0.001921,0.000360,0.000668,0.001587,0.003178,0.000000,0.063960,0.010070,1.028000,0.000812,0.000000,0.000000,0.026250,0,0
930103000000,930136000000,6343048076,20,105885020,0.001051,0.000000,0.000000,0.000000,0.000000,0.000000,0.000017,0.000000,0.034730,0.000571,1.028000,0.000812,0.000000,0.000000,0.000000,1,0
930136000000,930137000000,6343048076,20,105885020,0.000000,0.000000,0.000000,0.000000,0.000000,0.000000,0.000000,0.000000,0.000000,0.000000,1.028000,0.000812,0.000000,0.000000,0.000000,0,0
930148000000,930177000000,6343048076,20,866746667,0.000000,0.000000,0.000000,0.000000,0.000000,0.000000,0.000000,0.000000,0.000000,0.000000,0.000000,0.000000,0.000000,0.000000,0.000000,0,0
930177000000,930300000000,6343048076,20,866746667,0.000304,0.000940,0.001925,0.000285,0.000655,0.001032,0.001665,0.000000,0.009995,0.066530,2.021000,0.006719,0.000000,0.000000,0.000022,0,0
930300000000,930372000000,6343048076,20,866746667,0.000197,0.000603,0.001925,0.000292,0.000667,0.000767,0.000029,0.000000,0.001463,0.000571,2.444000,0.009678,0.000000,0.000000,0.000230,0,0
930372000000,930392000000,6343048076,20,866746667,0.000056,0.000000,0.000000,0.000000,0.000000,0.000000,0.000007,0.000000,0.001131,0.000072,1.638000,0.004572,0.000000,0.000000,0.000000,0,0
930392000000,930394000000,6343048076,20,866746667,0.000000,0.000000,0.000000,0.000000,0.000000,0.000000,0.000000,0.000000,0.000000,0.000000,1.612000,0.004399,0.000000,0.000000,0.000000,0,0
