930045000000,930071000000,6343048076,21,927676540,0.000000,0.000000,0.000000,0.000000,0.000000,0.000000,0.000000,0.000000,0.000000,0.000000,0.000000,0.000000,0.000000,0.000000,0.000000,0,0
930071000000,930099000000,6343048076,21,927676540,0.025850,0.001247,0.001923,0.000238,0.000586,0.001562,0.008163,0.000000,0.062990,0.059630,1.108000,0.001515,0.000000,0.000000,0.024230,0,0
930099000000,930103000000,6343048076,21,927676540,0.025450,0.001537,0.001919,0.000268,0.000666,0.001541,0.004036,0.000000,0.070430,0.016140,1.108000,0.001515,0.000000,0.000000,0.014210,0,0
930103000000,930123000000,6343048076,21,927676540,0.002178,0.000000,0.000000,0.000000,0.000000,0.000000,0.000385,0.000000,0.043520,0.002930,1.108000,0.001515,0.000000,0.000000,0.000000,1,0
930123000000,930125000000,6343048076,21,927676540,0.000000,0.000000,0.000000,0.000000,0.000000,0.000000,0.000000,0.000000,0.000000,0.000000,1.108000,0.001515,0.000000,0.000000,0.000000,0,0
930139000000,930179000000,6343048076,21,8146608,0.000000,0.000000,0.000000,0.000000,0.000000,0.000000,0.000000,0.000000,0.000000,0.000000,0.000000,0.000000,0.000000,0.000000,0.000000,0,0
930179000000,930300000000,6343048076,21,8146608,0.000414,0.000882,0.001934,0.000265,0.000626,0.000992,0.001467,0.000000,0.012470,0.031220,2.636000,0.008396,0.000000,0.000000,0.000004,0,0
930300000000,930372000000,6343048076,21,8146608,0.000243,0.000591,0.001934,0.000277,0.000650,0.000736,0.000025,0.000000,0.002689,0.000428,3.109000,0.011210,0.000000,0.000000,0.000023,0,0
930372000000,930386000000,6343048076,21,8146608,0.000082,0.000000,0.000000,0.000000,0.000000,0.000000,0.000000,0.000000,0.001148,0.000000,3.115000,0.011190,0.000000,0.000000,0.000000,0,0
930386000000,930387000000,6343048076,21,8146608,0.000000,0.000000,0.000000,0.000000,0.000000,0.000000,0.000000,0.000000,0.000000,0.000000,3.115000,0.011190,0.000000,0.000000,0.000000,0,0
