930040000000,930059000000,6343048076,30,351613874,0.000000,0.000000,0.000000,0.000000,0.000000,0.000000,0.000000,0.000000,0.000000,0.000000,0.000000,0.000000,0.000000,0.000000,0.000000,0,0
930059000000,930105000000,6343048076,30,351613874,0.023070,0.001307,0.001925,0.000237,0.000599,0.001585,0.003250,0.000000,0.066160,0.036130,1.148000,0.001203,0.000000,0.000000,0.015400,0,0
930105000000,930107000000,6343048076,30,351613874,0.013490,0.001572,0.001923,0.000277,0.000675,0.001572,0.008926,0.000000,0.026980,0.017850,1.148000,0.001203,0.000000,0.000000,0.009827,0,0
930107000000,930130000000,6343048076,30,351613874,0.001684,0.000000,0.000000,0.000000,0.000000,0.000000,0.000000,0.000000,0.038700,0.000000,1.148000,0.001203,0.000000,0.000000,0.000000,1,0
930130000000,930133000000,6343048076,30,351613874,0.000000,0.000000,0.000000,0.000000,0.000000,0.000000,0.000000,0.000000,0.000000,0.000000,1.148000,0.001203,0.000000,0.000000,0.000000,0,0
930147000000,930166000000,6343048076,30,6567647,0.000000,0.000000,0.000000,0.000000,0.000000,0.000000,0.000000,0.000000,0.000000,0.000000,0.000000,0.000000,0.000000,0.000000,0.000000,0,0
930166000000,930300000000,6343048076,30,6567647,0.000373,0.000874,0.001930,0.000267,0.000635,0.000984,0.001415,0.000000,0.013570,0.067870,3.032000,0.009820,0.000000,0.000000,0.000256,0,0
930300000000,930364000000,6343048076,30,6567647,0.000209,0.000525,0.001930,0.000269,0.000647,0.000676,0.000021,0.000000,0.001667,0.000571,3.234000,0.010980,0.000000,0.000000,0.000119,0,0
930364000000,930384000000,6343048076,30,6567647,0.000069,0.000000,0.000000,0.000000,0.000000,0.000000,0.000007,0.000000,0.001373,0.000143,3.227000,0.011150,0.000000,0.000000,0.000000,0,0
930384000000,930385000000,6343048076,30,6567647,0.000000,0.000000,0.000000,0.000000,0.000000,0.000000,0.000000,0.000000,0.000000,0.000000,3.227000,0.011150,0.000000,0.000000,0.000000,0,0
