930045000000,930071000000,6343048076,41,7776630,0.000000,0.000000,0.000000,0.000000,0.000000,0.000000,0.000000,0.000000,0.000000,0.000000,0.000000,0.000000,0.000000,0.000000,0.000000,0,0
930071000000,930090000000,6343048076,41,7776630,0.024260,0.001122,0.001915,0.000237,0.000553,0.001558,0.010150,0.000000,0.064940,0.046510,0.000000,0.000000,0.000000,0.000000,0.038330,0,0
930090000000,930095000000,6343048076,41,7776630,0.029110,0.001625,0.001909,0.000371,0.000690,0.001654,0.004097,0.000000,0.066160,0.020420,1.151000,0.001263,0.000000,0.000000,0.050110,0,0
930095000000,930109000000,6343048076,41,7776630,0.000380,0.000000,0.000000,0.000000,0.000000,0.000000,0.000056,0.000000,0.005325,0.000714,1.151000,0.001263,0.000000,0.000000,0.000000,1,0
930109000000,930110000000,6343048076,41,7776630,0.000000,0.000000,0.000000,0.000000,0.000000,0.000000,0.000000,0.000000,0.000000,0.000000,1.151000,0.001263,0.000000,0.000000,0.000000,0,0
930118000000,930163000000,6343048076,41,1734526,0.000000,0.000000,0.000000,0.000000,0.000000,0.000000,0.000000,0.000000,0.000000,0.000000,0.000000,0.000000,0.000000,0.000000,0.000000,0,0
930163000000,930300000000,6343048076,41,1734526,0.000334,0.000917,0.001890,0.000269,0.000637,0.001036,0.001200,0.000000,0.011440,0.048950,1.927000,0.005969,0.000000,0.000000,0.000076,0,0
930300000000,930354000000,6343048076,41,1734526,0.000185,0.000586,0.001890,0.000272,0.000650,0.000702,0.000051,0.000000,0.003502,0.001072,1.642000,0.004953,0.000000,0.000000,0.000160,0,0
930354000000,930380000000,6343048076,41,1734526,0.000045,0.000000,0.000000,0.000000,0.000000,0.000000,0.000041,0.000000,0.001167,0.000714,1.653000,0.004987,0.000000,0.000000,0.000000,0,0
930380000000,930381000000,6343048076,41,1734526,0.000000,0.000000,0.000000,0.000000,0.000000,0.000000,0.000000,0.000000,0.000000,0.000000,1.653000,0.004987,0.000000,0.000000,0.000000,0,0
