930041000000,930068000000,6343048076,51,908319,0.000000,0.000000,0.000000,0.000000,0.000000,0.000000,0.000000,0.000000,0.000000,0.000000,0.000000,0.000000,0.000000,0.000000,0.000000,0,0
930068000000,930085000000,6343048076,51,908319,0.029020,0.000958,0.001921,0.000001,0.000261,0.001272,0.000009,0.000000,0.057920,0.000143,1.401000,0.001931,0.000000,0.000000,0.003208,0,0
930085000000,930098000000,6343048076,51,908319,0.027130,0.001284,0.001917,0.000001,0.000396,0.001299,0.000566,0.000000,0.062010,0.007141,1.401000,0.001931,0.000000,0.000000,0.017180,0,0
930098000000,930104000000,6343048076,51,908319,0.004784,0.000000,0.000000,0.000000,0.000000,0.000000,0.000011,0.000000,0.028690,0.000072,1.401000,0.001931,0.000000,0.000000,0.000000,1,0
930104000000,930105000000,6343048076,51,908319,0.000000,0.000000,0.000000,0.000000,0.000000,0.000000,0.000000,0.000000,0.000000,0.000000,1.401000,0.001931,0.000000,0.000000,0.000000,0,0
930122000000,930147000000,6343048076,51,4469325775,0.000000,0.000000,0.000000,0.000000,0.000000,0.000000,0.000000,0.000000,0.000000,0.000000,0.000000,0.000000,0.000000,0.000000,0.000000,0,0
930147000000,930300000000,6343048076,51,4469325775,0.000275,0.000863,0.001776,0.000278,0.000648,0.001011,0.000906,0.000000,0.020940,0.064330,1.744000,0.005172,0.000000,0.000000,0.000112,0,0
930300000000,930304000000,6343048076,51,4469325775,0.000067,0.000585,0.001776,0.000277,0.000656,0.000590,0.000428,0.000000,0.000284,0.001572,2.736000,0.010030,0.000000,0.000000,0.000221,0,0
930304000000,930323000000,6343048076,51,4469325775,0.000092,0.000000,0.000000,0.000000,0.000000,0.000000,0.000023,0.000000,0.001740,0.000357,2.736000,0.010030,0.000000,0.000000,0.000000,0,0
930323000000,930324000000,6343048076,51,4469325775,0.000000,0.000000,0.000000,0.000000,0.000000,0.000000,0.000000,0.000000,0.000000,0.000000,2.736000,0.010030,0.000000,0.000000,0.000000,0,0
