930037000000,930066000000,6343048076,52,1193864692,0.000000,0.000000,0.000000,0.000000,0.000000,0.000000,0.000000,0.000000,0.000000,0.000000,0.000000,0.000000,0.000000,0.000000,0.000000,0,0
930066000000,930101000000,6343048076,52,1193864692,0.026310,0.001244,0.001915,0.000250,0.000595,0.001572,0.004349,0.000000,0.072880,0.040830,1.221000,0.001128,0.000000,0.000000,0.002857,0,0
930101000000,930105000000,6343048076,52,1193864692,0.029820,0.001589,0.001909,0.000304,0.000707,0.001631,0.003571,0.000000,0.082760,0.009781,1.221000,0.001128,0.000000,0.000000,0.065670,0,0
930105000000,930126000000,6343048076,52,1193864692,0.001299,0.000000,0.000000,0.000000,0.000000,0.000000,0.000028,0.000000,0.027280,0.000357,1.221000,0.001128,0.000000,0.000000,0.000000,1,0
930126000000,930128000000,6343048076,52,1193864692,0.000000,0.000000,0.000000,0.000000,0.000000,0.000000,0.000000,0.000000,0.000000,0.000000,1.221000,0.001128,0.000000,0.000000,0.000000,0,0
930133000000,930171000000,6343048076,52,4304112836,0.000000,0.000000,0.000000,0.000000,0.000000,0.000000,0.000000,0.000000,0.000000,0.000000,0.000000,0.000000,0.000000,0.000000,0.000000,0,0
930171000000,930300000000,6343048076,52,4304112836,0.000361,0.000918,0.001934,0.000284,0.000656,0.001011,0.000830,0.000000,0.013060,0.048710,2.735000,0.009816,0.000000,0.000000,0.000067,0,0
930300000000,930372000000,6343048076,52,4304112836,0.000237,0.000573,0.001932,0.000284,0.000658,0.000721,0.000019,0.000000,0.003208,0.000286,6.252000,0.026890,0.000000,0.000000,0.000031,0,0
930372000000,930389000000,6343048076,52,4304112836,0.000078,0.000000,0.000000,0.000000,0.000000,0.000000,0.000004,0.000000,0.001322,0.000072,1.863000,0.005634,0.000000,0.000000,0.000000,0,0
930389000000,930390000000,6343048076,52,4304112836,0.000000,0.000000,0.000000,0.000000,0.000000,0.000000,0.000000,0.000000,0.000000,0.000000,1.863000,0.005634,0.000000,0.000000,0.000000,0,0
