930036000000,930052000000,6343048076,6,1331835,0.000000,0.000000,0.000000,0.000000,0.000000,0.000000,0.000000,0.000000,0.000000,0.000000,0.000000,0.000000,0.000000,0.000000,0.000000,0,0
930052000000,930099000000,6343048076,6,1331835,0.021640,0.001276,0.001812,0.000254,0.000628,0.001553,0.003559,0.000000,0.071410,0.059510,0.000000,0.000000,0.000000,0.000000,0.015840,0,0
930099000000,930102000000,6343048076,6,1331835,0.022030,0.001554,0.001810,0.000402,0.000673,0.001556,0.005615,0.000000,0.033080,0.015560,1.116000,0.000916,0.000000,0.000000,0.018800,0,0
930102000000,930123000000,6343048076,6,1331835,0.002029,0.000000,0.000000,0.000000,0.000000,0.000000,0.000000,0.000000,0.042600,0.000000,1.116000,0.000916,0.000000,0.000000,0.000000,1,0
930123000000,930125000000,6343048076,6,1331835,0.000000,0.000000,0.000000,0.000000,0.000000,0.000000,0.000000,0.000000,0.000000,0.000000,1.116000,0.000916,0.000000,0.000000,0.000000,0,0
930144000000,930180000000,6343048076,6,3938680714,0.000000,0.000000,0.000000,0.000000,0.000000,0.000000,0.000000,0.000000,0.000000,0.000000,0.000000,0.000000,0.000000,0.000000,0.000000,0,0
930180000000,930232000000,6343048076,6,3938680714,0.000596,0.000919,0.001934,0.000263,0.000613,0.000988,0.002934,0.000000,0.012410,0.056150,2.714000,0.009162,0.000000,0.000000,0.000011,0,0
930232000000,930235000000,6343048076,6,3938680714,0.003651,0.001028,0.001934,0.000434,0.000686,0.001049,0.004906,0.000000,0.010990,0.014710,2.714000,0.009162,0.000000,0.000000,0.000144,0,0
930235000000,930262000000,6343048076,6,3938680714,0.000021,0.000000,0.000000,0.000000,0.000000,0.000000,0.000013,0.000000,0.000562,0.000357,2.714000,0.009162,0.000000,0.000000,0.000000,1,0
930262000000,930264000000,6343048076,6,3938680714,0.000000,0.000000,0.000000,0.000000,0.000000,0.000000,0.000000,0.000000,0.000000,0.000000,2.714000,0.009162,0.000000,0.000000,0.000000,0,0
930281000000,930300000000,6343048076,6,766857101,0.001438,0.000863,0.001932,0.000262,0.000569,0.001009,0.007523,0.000000,0.016020,0.050050,0.000000,0.000000,0.000000,0.000000,0.000081,0,0
930300000000,930372000000,6343048076,6,766857101,0.000249,0.001020,0.001930,0.000286,0.000658,0.001049,0.000040,0.000000,0.002728,0.001999,2.701000,0.009415,0.000000,0.000000,0.000375,0,0
930372000000,930387000000,6343048076,6,766857101,0.000079,0.000000,0.000000,0.000000,0.000000,0.000000,0.000010,0.000000,0.001184,0.000143,2.057000,0.006145,0.000000,0.000000,0.000000,0,0
930387000000,930389000000,6343048076,6,766857101,0.000000,0.000000,0.000000,0.000000,0.000000,0.000000,0.000000,0.000000,0.000000,0.000000,1.806000,0.004874,0.000000,0.000000,0.000000,0,0
