930041000000,930070000000,6343048076,65,294847234,0.000000,0.000000,0.000000,0.000000,0.000000,0.000000,0.000000,0.000000,0.000000,0.000000,0.000000,0.000000,0.000000,0.000000,0.000000,0,0
930070000000,930106000000,6343048076,65,294847234,0.020690,0.001347,0.001919,0.000249,0.000622,0.001558,0.003922,0.000000,0.056210,0.044130,0.000000,0.000000,0.000000,0.000000,0.001110,0,0
930106000000,930108000000,6343048076,65,294847234,0.015490,0.001560,0.001917,0.000291,0.000690,0.001560,0.007179,0.000000,0.030980,0.009720,0.000000,0.000000,0.000000,0.000000,0.026490,0,0
930108000000,930131000000,6343048076,65,294847234,0.000782,0.000000,0.000000,0.000000,0.000000,0.000000,0.000025,0.000000,0.018010,0.000571,1.120000,0.001185,0.000000,0.000000,0.000000,1,0
930131000000,930133000000,6343048076,65,294847234,0.000000,0.000000,0.000000,0.000000,0.000000,0.000000,0.000000,0.000000,0.000000,0.000000,1.120000,0.001185,0.000000,0.000000,0.000000,0,0
930145000000,930164000000,6343048076,65,336026161,0.000000,0.000000,0.000000,0.000000,0.000000,0.000000,0.000000,0.000000,0.000000,0.000000,0.000000,0.000000,0.000000,0.000000,0.000000,0,0
930164000000,930300000000,6343048076,65,336026161,0.000323,0.000947,0.001896,0.000277,0.000646,0.001068,0.001326,0.000000,0.011490,0.061650,1.826000,0.005501,0.000000,0.000000,0.000021,0,0
930300000000,930364000000,6343048076,65,336026161,0.000179,0.000592,0.001898,0.000275,0.000648,0.000730,0.000037,0.000000,0.001427,0.000857,12.780000,0.062730,0.000000,0.000000,0.000035,0,0
930364000000,930379000000,6343048076,65,336026161,0.000164,0.000000,0.000000,0.000000,0.000000,0.000000,0.000200,0.000000,0.002464,0.002930,3.009000,0.011260,0.000000,0.000000,0.000000,0,0
930379000000,930380000000,6343048076,65,336026161,0.000000,0.000000,0.000000,0.000000,0.000000,0.000000,0.000000,0.000000,0.000000,0.000000,3.009000,0.011260,0.000000,0.000000,0.000000,0,0
