930046000000,930074000000,6343048076,69,2274466397,0.000000,0.000000,0.000000,0.000000,0.000000,0.000000,0.000000,0.000000,0.000000,0.000000,0.000000,0.000000,0.000000,0.000000,0.000000,0,0
930074000000,930093000000,6343048076,69,2274466397,0.023590,0.001163,0.001907,0.000203,0.000509,0.001526,0.006660,0.000000,0.046330,0.054080,0.745500,0.000393,0.000000,0.000000,0.033200,0,0
930093000000,930095000000,6343048076,69,2274466397,0.014940,0.001486,0.001902,0.000223,0.000561,0.001486,0.003822,0.000000,0.044980,0.006927,0.745500,0.000393,0.000000,0.000000,0.044980,0,0
930095000000,930112000000,6343048076,69,2274466397,0.003437,0.000000,0.000000,0.000000,0.000000,0.000000,0.000054,0.000000,0.058470,0.000929,0.745500,0.000393,0.000000,0.000000,0.000000,1,0
930112000000,930114000000,6343048076,69,2274466397,0.000000,0.000000,0.000000,0.000000,0.000000,0.000000,0.000000,0.000000,0.000000,0.000000,0.745500,0.000393,0.000000,0.000000,0.000000,0,0
930140000000,930189000000,6343048076,69,3539449173,0.000000,0.000000,0.000000,0.000000,0.000000,0.000000,0.000000,0.000000,0.000000,0.000000,0.000000,0.000000,0.000000,0.000000,0.000000,0,0
930189000000,930300000000,6343048076,69,3539449173,0.000341,0.000652,0.001934,0.000001,0.000368,0.000722,0.000034,0.000000,0.055050,0.001928,2.511000,0.007785,0.000000,0.000000,0.000127,0,0
930300000000,930372000000,6343048076,69,3539449173,0.000212,0.000456,0.001934,0.000002,0.000380,0.000509,0.000033,0.000000,0.005409,0.000643,2.894000,0.010270,0.000000,0.000000,0.000122,0,0
930372000000,930384000000,6343048076,69,3539449173,0.000106,0.000000,0.000000,0.000000,0.000000,0.000000,0.000000,0.000000,0.001266,0.000000,2.813000,0.010060,0.000000,0.000000,0.000000,0,0
930384000000,930386000000,6343048076,69,3539449173,0.000000,0.000000,0.000000,0.000000,0.000000,0.000000,0.000000,0.000000,0.000000,0.000000,2.813000,0.010060,0.000000,0.000000,0.000000,0,0
