930045000000,930066000000,6343048076,76,336068307,0.000000,0.000000,0.000000,0.000000,0.000000,0.000000,0.000000,0.000000,0.000000,0.000000,0.000000,0.000000,0.000000,0.000000,0.000000,0,0
930066000000,930101000000,6343048076,76,336068307,0.027980,0.001362,0.001919,0.000241,0.000614,0.001545,0.004234,0.000000,0.058170,0.059570,0.000000,0.000000,0.000000,0.000000,0.044010,0,0
930101000000,930104000000,6343048076,76,336068307,0.019840,0.001524,0.001917,0.000406,0.000671,0.001526,0.003952,0.000000,0.032350,0.011860,0.000000,0.000000,0.000000,0.000000,0.011350,0,0
930104000000,930126000000,6343048076,76,336068307,0.001438,0.000000,0.000000,0.000000,0.000000,0.000000,0.000263,0.000000,0.031620,0.005783,0.979600,0.000694,0.000000,0.000000,0.000000,1,0
930126000000,930128000000,6343048076,76,336068307,0.000000,0.000000,0.000000,0.000000,0.000000,0.000000,0.000000,0.000000,0.000000,0.000000,0.979600,0.000694,0.000000,0.000000,0.000000,0,0
930132000000,930154000000,6343048076,76,1436666971,0.000000,0.000000,0.000000,0.000000,0.000000,0.000000,0.000000,0.000000,0.000000,0.000000,0.000000,0.000000,0.000000,0.000000,0.000000,0,0
930154000000,930300000000,6343048076,76,1436666971,0.000334,0.000847,0.001934,0.000258,0.000609,0.001009,0.001436,0.000000,0.009674,0.021510,1.235000,0.002507,0.000000,0.000000,0.000099,0,0
930300000000,930372000000,6343048076,76,1436666971,0.000241,0.000547,0.001932,0.000274,0.000648,0.000688,0.000030,0.000000,0.003292,0.000428,2.964000,0.010490,0.000000,0.000000,0.000126,0,0
930372000000,930388000000,6343048076,76,1436666971,0.000070,0.000000,0.000000,0.000000,0.000000,0.000000,0.000009,0.000000,0.001120,0.000143,3.125000,0.011600,0.000000,0.000000,0.000000,0,0
930388000000,930389000000,6343048076,76,1436666971,0.000000,0.000000,0.000000,0.000000,0.000000,0.000000,0.000000,0.000000,0.000000,0.000000,3.125000,0.011600,0.000000,0.000000,0.000000,0,0
