930042000000,930070000000,6343048076,79,38728361,0.000000,0.000000,0.000000,0.000000,0.000000,0.000000,0.000000,0.000000,0.000000,0.000000,0.000000,0.000000,0.000000,0.000000,0.000000,0,0
930070000000,930099000000,6343048076,79,38728361,0.019100,0.001265,0.001921,0.000245,0.000599,0.001549,0.006844,0.000000,0.057070,0.050170,1.157000,0.001162,0.000000,0.000000,0.007332,0,0
930099000000,930101000000,6343048076,79,38728361,0.011920,0.001556,0.001919,0.000285,0.000683,0.001556,0.010930,0.000000,0.023830,0.021850,1.157000,0.001162,0.000000,0.000000,0.004837,0,0
930101000000,930118000000,6343048076,79,38728361,0.001629,0.000000,0.000000,0.000000,0.000000,0.000000,0.000080,0.000000,0.027710,0.000999,1.157000,0.001162,0.000000,0.000000,0.000000,1,0
930118000000,930120000000,6343048076,79,38728361,0.000000,0.000000,0.000000,0.000000,0.000000,0.000000,0.000000,0.000000,0.000000,0.000000,1.157000,0.001162,0.000000,0.000000,0.000000,0,0
930143000000,930189000000,6343048076,79,308511014,0.000000,0.000000,0.000000,0.000000,0.000000,0.000000,0.000000,0.000000,0.000000,0.000000,0.000000,0.000000,0.000000,0.000000,0.000000,0,0
930189000000,930300000000,6343048076,79,308511014,0.000373,0.000698,0.001932,0.000003,0.000338,0.000780,0.000043,0.000000,0.018400,0.001858,2.304000,0.007314,0.000000,0.000000,0.000108,0,0
930300000000,930372000000,6343048076,79,308511014,0.000272,0.000523,0.001934,0.000009,0.000382,0.000602,0.000030,0.000000,0.002319,0.000428,1.893000,0.005549,0.000000,0.000000,0.000142,0,0
930372000000,930388000000,6343048076,79,308511014,0.000072,0.000000,0.000000,0.000000,0.000000,0.000000,0.000013,0.000000,0.001156,0.000215,1.991000,0.005931,0.000000,0.000000,0.000000,0,0
930388000000,930389000000,6343048076,79,308511014,0.000000,0.000000,0.000000,0.000000,0.000000,0.000000,0.000000,0.000000,0.000000,0.000000,1.991000,0.005931,0.000000,0.000000,0.000000,0,0
