930047000000,930066000000,6343048076,82,16917232,0.000000,0.000000,0.000000,0.000000,0.000000,0.000000,0.000000,0.000000,0.000000,0.000000,0.000000,0.000000,0.000000,0.000000,0.000000,0,0
930066000000,930101000000,6343048076,82,16917232,0.028080,0.001343,0.001913,0.000238,0.000601,0.001568,0.004318,0.000000,0.061280,0.055050,0.000000,0.000000,0.000000,0.000000,0.020780,0,0
930101000000,930104000000,6343048076,82,16917232,0.023770,0.001589,0.001909,0.000271,0.000668,0.001591,0.005310,0.000000,0.037960,0.015870,0.000000,0.000000,0.000000,0.000000,0.027950,0,0
930104000000,930126000000,6343048076,82,16917232,0.001741,0.000000,0.000000,0.000000,0.000000,0.000000,0.000032,0.000000,0.038330,0.000500,0.000000,0.000000,0.000000,0.000000,0.000000,1,0
930126000000,930128000000,6343048076,82,16917232,0.000000,0.000000,0.000000,0.000000,0.000000,0.000000,0.000000,0.000000,0.000000,0.000000,0.000000,0.000000,0.000000,0.000000,0.000000,0,0
930131000000,930153000000,6343048076,82,4428349584,0.000000,0.000000,0.000000,0.000000,0.000000,0.000000,0.000000,0.000000,0.000000,0.000000,0.000000,0.000000,0.000000,0.000000,0.000000,0,0
930153000000,930300000000,6343048076,82,4428349584,0.000309,0.000833,0.001934,0.000265,0.000629,0.000978,0.001205,0.000000,0.010360,0.054810,1.152000,0.001947,0.000000,0.000000,0.000138,0,0
930300000000,930324000000,6343048076,82,4428349584,0.000195,0.000531,0.001934,0.000268,0.000647,0.000576,0.000024,0.000000,0.001152,0.000286,2.951000,0.010680,0.000000,0.000000,0.000081,0,0
930324000000,930339000000,6343048076,82,4428349584,0.000089,0.000000,0.000000,0.000000,0.000000,0.000000,0.000000,0.000000,0.001333,0.000000,2.951000,0.010680,0.000000,0.000000,0.000000,0,0
930339000000,930340000000,6343048076,82,4428349584,0.000000,0.000000,0.000000,0.000000,0.000000,0.000000,0.000000,0.000000,0.000000,0.000000,2.951000,0.010680,0.000000,0.000000,0.000000,0,0
