930041000000,930077000000,6343048076,88,381139,0.000000,0.000000,0.000000,0.000000,0.000000,0.000000,0.000000,0.000000,0.000000,0.000000,0.000000,0.000000,0.000000,0.000000,0.000000,0,0
930077000000,930096000000,6343048076,88,381139,0.027130,0.001266,0.001909,0.000234,0.000572,0.001606,0.007965,0.000000,0.071170,0.056340,0.000000,0.000000,0.000000,0.000000,0.015180,0,0
930096000000,930099000000,6343048076,88,381139,0.022890,0.001621,0.001905,0.000272,0.000670,0.001621,0.004738,0.000000,0.050170,0.009293,0.000000,0.000000,0.000000,0.000000,0.018650,0,0
930099000000,930116000000,6343048076,88,381139,0.001493,0.000000,0.000000,0.000000,0.000000,0.000000,0.000030,0.000000,0.025390,0.000357,1.169000,0.000984,0.000000,0.000000,0.000000,1,0
930116000000,930117000000,6343048076,88,381139,0.000000,0.000000,0.000000,0.000000,0.000000,0.000000,0.000000,0.000000,0.000000,0.000000,1.169000,0.000984,0.000000,0.000000,0.000000,0,0
930136000000,930174000000,6343048076,88,906880,0.000000,0.000000,0.000000,0.000000,0.000000,0.000000,0.000000,0.000000,0.000000,0.000000,0.000000,0.000000,0.000000,0.000000,0.000000,0,0
930174000000,930300000000,6343048076,88,906880,0.000391,0.000922,0.001934,0.000283,0.000651,0.001019,0.001265,0.000000,0.034420,0.043150,2.991000,0.010530,0.000000,0.000000,0.000569,0,0
930300000000,930372000000,6343048076,88,906880,0.000243,0.000582,0.001932,0.000277,0.000652,0.000740,0.000021,0.000000,0.001667,0.000286,3.627000,0.013900,0.000000,0.000000,0.000025,0,0
930372000000,930389000000,6343048076,88,906880,0.000072,0.000000,0.000000,0.000000,0.000000,0.000000,0.000017,0.000000,0.001219,0.000215,33.370000,0.154200,0.000000,0.000000,0.000000,0,0
930389000000,930390000000,6343048076,88,906880,0.000000,0.000000,0.000000,0.000000,0.000000,0.000000,0.000000,0.000000,0.000000,0.000000,33.370000,0.154200,0.000000,0.000000,0.000000,0,0
