930042000000,930075000000,6343048076,92,1093744,0.000000,0.000000,0.000000,0.000000,0.000000,0.000000,0.000000,0.000000,0.000000,0.000000,0.000000,0.000000,0.000000,0.000000,0.000000,0,0
930075000000,930095000000,6343048076,92,1093744,0.020690,0.000990,0.001926,0.000207,0.000499,0.001549,0.009491,0.000000,0.057980,0.056210,0.000000,0.000000,0.000000,0.000000,0.049620,0,0
930095000000,930103000000,6343048076,92,1093744,0.033140,0.001568,0.001917,0.000250,0.000659,0.001600,0.002052,0.000000,0.076420,0.016140,0.000000,0.000000,0.000000,0.000000,0.024440,0,0
930103000000,930117000000,6343048076,92,1093744,0.003117,0.000000,0.000000,0.000000,0.000000,0.000000,0.000026,0.000000,0.043640,0.000357,0.000000,0.000000,0.000000,0.000000,0.000000,1,0
930117000000,930119000000,6343048076,92,1093744,0.000000,0.000000,0.000000,0.000000,0.000000,0.000000,0.000000,0.000000,0.000000,0.000000,0.000000,0.000000,0.000000,0.000000,0.000000,0,0
930132000000,930173000000,6343048076,92,765906,0.000000,0.000000,0.000000,0.000000,0.000000,0.000000,0.000000,0.000000,0.000000,0.000000,0.000000,0.000000,0.000000,0.000000,0.000000,0,0
930173000000,930300000000,6343048076,92,765906,0.000347,0.000670,0.001932,0.000027,0.000373,0.000783,0.000320,0.000000,0.055050,0.020510,2.940000,0.010250,0.000000,0.000000,0.000007,0,0
930300000000,930373000000,6343048076,92,765906,0.000278,0.000477,0.001932,0.000056,0.000424,0.000523,0.000147,0.000000,0.001953,0.009003,2.786000,0.009733,0.000000,0.000000,0.001886,0,0
930373000000,930388000000,6343048076,92,765906,0.000065,0.000000,0.000000,0.000000,0.000000,0.000000,0.000043,0.000000,0.000974,0.000428,2.446000,0.008273,0.000000,0.000000,0.000000,0,0
930388000000,930389000000,6343048076,92,765906,0.000000,0.000000,0.000000,0.000000,0.000000,0.000000,0.000000,0.000000,0.000000,0.000000,2.446000,0.008273,0.000000,0.000000,0.000000,0,0
