930040000000,930066000000,6343048076,93,1436466633,0.000000,0.000000,0.000000,0.000000,0.000000,0.000000,0.000000,0.000000,0.000000,0.000000,0.000000,0.000000,0.000000,0.000000,0.000000,0,0
930066000000,930093000000,6343048076,93,1436466633,0.017910,0.001245,0.001921,0.000243,0.000611,0.001545,0.005249,0.000000,0.067990,0.057130,1.062000,0.000980,0.000000,0.000000,0.016360,0,0
930093000000,930096000000,6343048076,93,1436466633,0.009247,0.001526,0.001921,0.000405,0.000670,0.001535,0.003952,0.000000,0.019530,0.011860,1.062000,0.000980,0.000000,0.000000,0.019530,0,0
930096000000,930113000000,6343048076,93,1436466633,0.001526,0.000000,0.000000,0.000000,0.000000,0.000000,0.000033,0.000000,0.025940,0.000357,1.062000,0.000980,0.000000,0.000000,0.000000,1,0
930113000000,930114000000,6343048076,93,1436466633,0.000000,0.000000,0.000000,0.000000,0.000000,0.000000,0.000000,0.000000,0.000000,0.000000,1.062000,0.000980,0.000000,0.000000,0.000000,0,0
930140000000,930169000000,6343048076,93,1199483113,0.000000,0.000000,0.000000,0.000000,0.000000,0.000000,0.000000,0.000000,0.000000,0.000000,0.000000,0.000000,0.000000,0.000000,0.000000,0,0
930169000000,930300000000,6343048076,93,1199483113,0.011410,0.001167,0.001926,0.000255,0.000637,0.001493,0.001175,0.000000,0.065550,0.061340,1.171000,0.001236,0.000000,0.000000,0.000034,0,0
930300000000,930372000000,6343048076,93,1199483113,0.025450,0.001198,0.001919,0.000258,0.000660,0.001343,0.000021,0.000000,0.062740,0.000286,1.160000,0.001170,0.000000,0.000000,0.056520,0,0
930372000000,930384000000,6343048076,93,1199483113,0.000139,0.000000,0.000000,0.000000,0.000000,0.000000,0.000024,0.000000,0.001667,0.000286,1.165000,0.001178,0.000000,0.000000,0.000000,0,0
930384000000,930385000000,6343048076,93,1199483113,0.000000,0.000000,0.000000,0.000000,0.000000,0.000000,0.000000,0.000000,0.000000,0.000000,1.165000,0.001178,0.000000,0.000000,0.000000,0,0
