930040000000,930076000000,6343048076,97,38713774,0.000000,0.000000,0.000000,0.000000,0.000000,0.000000,0.000000,0.000000,0.000000,0.000000,0.000000,0.000000,0.000000,0.000000,0.000000,0,0
930076000000,930095000000,6343048076,97,38713774,0.025150,0.001034,0.001919,0.000001,0.000347,0.001245,0.000093,0.000000,0.051820,0.001286,0.938700,0.000557,0.000000,0.000000,0.048830,0,0
930095000000,930103000000,6343048076,97,38713774,0.029300,0.001280,0.001915,0.000001,0.000399,0.001299,0.000041,0.000000,0.072750,0.000286,0.938700,0.000557,0.000000,0.000000,0.020630,0,0
930103000000,930115000000,6343048076,97,38713774,0.002232,0.000000,0.000000,0.000000,0.000000,0.000000,0.000044,0.000000,0.026790,0.000428,0.938700,0.000557,0.000000,0.000000,0.000000,1,0
930115000000,930117000000,6343048076,97,38713774,0.000000,0.000000,0.000000,0.000000,0.000000,0.000000,0.000000,0.000000,0.000000,0.000000,0.938700,0.000557,0.000000,0.000000,0.000000,0,0
930143000000,930190000000,6343048076,97,228617354,0.000000,0.000000,0.000000,0.000000,0.000000,0.000000,0.000000,0.000000,0.000000,0.000000,0.000000,0.000000,0.000000,0.000000,0.000000,0,0
930190000000,930300000000,6343048076,97,228617354,0.000325,0.000690,0.001930,0.000009,0.000368,0.000760,0.000168,0.000000,0.016690,0.009567,2.679000,0.009897,0.000000,0.000000,0.000010,0,0
930300000000,930372000000,6343048076,97,228617354,0.000229,0.000492,0.001930,0.000025,0.000399,0.000559,0.000233,0.000000,0.001776,0.012360,2.891000,0.010930,0.000000,0.000000,0.000160,0,0
930372000000,930388000000,6343048076,97,228617354,0.000083,0.000000,0.000000,0.000000,0.000000,0.000000,0.000005,0.000000,0.001326,0.000072,2.977000,0.011250,0.000000,0.000000,0.000000,0,0
930388000000,930389000000,6343048076,97,228617354,0.000000,0.000000,0.000000,0.000000,0.000000,0.000000,0.001286,0.000000,0.000000,0.001286,2.977000,0.011250,0.000000,0.000000,0.000000,0,0
